[-100. -100.  -96.  -95.  -92.  -92.  -92.  -89.  -85.  -84.  -84.  -83.
  -81.  -81.  -80.  -75.  -74.  -72.  -72.  -69.  -68.  -68.  -67.  -67.
  -67.  -66.  -65.  -64.  -62.  -56.  -56.  -56.  -56.  -48.  -48.  -42.
  -42.  -42.  -41.  -41.  -36.  -36.  -34.  -33.  -32.  -31.  -31.  -29.
  -28.  -26.  -19.  -19.  -18.   -8.   -6.   -6.   -4.   -2.    1.    5.
    5.    6.   12.   12.   18.   27.   30.   31.   34.   41.   41.   44.
   46.   46.   52.   53.   54.   55.   55.   58.   59.   59.   63.   65.
   68.   69.   69.   69.   72.   78.   82.   87.   88.   91.   91.   92.
   93.   94.   98.   98.][-100.  -96.  -92.  -91.  -87.  -80.  -79.  -74.  -72.  -72.  -66.  -65.
  -65.  -64.  -63.  -60.  -57.  -54.  -51.  -47.  -46.  -40.  -39.  -34.
  -31.  -31.  -28.  -28.  -27.  -24.  -20.  -19.  -15.  -13.  -13.  -12.
  -11.  -11.  -10.   -8.   -6.   -5.   -4.   -1.    0.    0.    2.    2.
    4.    7.    8.    8.    9.   12.   13.   15.   15.   18.   19.   19.
   19.   20.   22.   23.   23.   25.   29.   32.   33.   34.   41.   44.
   44.   44.   44.   45.   47.   51.   53.   55.   55.   58.   63.   65.
   66.   69.   70.   70.   71.   77.   79.   86.   86.   89.   91.   92.
   94.   96.   97.  100.][-100.  -99.  -98.  -98.  -98.  -95.  -94.  -94.  -92.  -91.  -91.  -89.
  -83.  -77.  -74.  -68.  -66.  -66.  -63.  -59.  -58.  -52.  -52.  -49.
  -49.  -43.  -41.  -41.  -41.  -39.  -36.  -33.  -29.  -29.  -25.  -24.
  -23.  -21.  -19.  -17.  -17.  -16.  -14.  -12.  -11.  -11.  -10.   -6.
   -4.   -4.   -3.   -2.   -2.   -1.    2.    3.    7.   17.   24.   28.
   29.   30.   32.   34.   34.   35.   35.   36.   38.   39.   39.   42.
   44.   46.   46.   50.   50.   56.   61.   62.   62.   63.   65.   65.
   68.   69.   69.   75.   77.   78.   79.   85.   87.   91.   92.   92.
   96.   97.   97.  100.][-99. -96. -94. -94. -86. -76. -74. -73. -65. -64. -64. -62. -56. -54.
 -52. -50. -50. -48. -41. -41. -39. -38. -38. -36. -35. -34. -29. -27.
 -27. -26. -26. -24. -22. -17. -17. -15. -14. -14. -14. -13. -12. -11.
 -10.  -9.  -8.  -7.  -5.  -5.  -4.  -3.  -2.  -2.   3.   6.  10.  11.
  12.  13.  13.  18.  21.  23.  23.  24.  28.  28.  28.  29.  31.  31.
  32.  39.  42.  43.  49.  51.  52.  53.  54.  59.  61.  64.  64.  68.
  70.  71.  71.  72.  77.  78.  82.  82.  87.  88.  94.  94.  96.  98.
  99. 100.][-98. -93. -93. -92. -91. -91. -87. -84. -82. -81. -81. -80. -74. -73.
 -72. -71. -70. -64. -63. -60. -60. -58. -58. -50. -50. -47. -46. -46.
 -44. -43. -41. -41. -39. -37. -37. -34. -29. -28. -26. -25. -25. -21.
 -18. -18. -17. -13. -13.  -6.  -4.  -4.  -1.   6.   6.   8.   8.   9.
   9.  12.  12.  12.  16.  17.  18.  21.  26.  32.  34.  35.  36.  38.
  39.  39.  40.  43.  45.  51.  52.  54.  55.  57.  58.  58.  63.  66.
  68.  73.  80.  81.  82.  82.  86.  86.  91.  91.  91.  91.  93.  94.
  99.  99.][-97. -97. -95. -84. -80. -79. -78. -72. -68. -67. -67. -65. -64. -64.
 -62. -56. -52. -49. -44. -43. -40. -40. -39. -36. -36. -36. -35. -32.
 -32. -26. -25. -23. -18. -18. -17. -17. -17. -15. -15.  -4.  -4.  -1.
  -1.   0.   1.   1.   2.   4.   4.   8.  12.  16.  16.  17.  18.  19.
  21.  21.  23.  25.  26.  26.  29.  30.  31.  34.  35.  39.  42.  44.
  46.  48.  49.  50.  52.  52.  53.  54.  55.  57.  59.  61.  65.  66.
  69.  70.  71.  73.  73.  73.  75.  80.  83.  84.  88.  90.  96.  97.
  99.  99.][-98. -98. -96. -94. -92. -87. -86. -86. -85. -81. -79. -72. -68. -65.
 -55. -54. -52. -51. -47. -47. -46. -46. -44. -40. -38. -36. -33. -29.
 -26. -26. -23. -23. -21. -21. -18. -14. -14.  -8.  -8.  -5.  -5.  -5.
  -4.  -2.   0.   3.   3.   8.   9.  14.  15.  15.  18.  19.  20.  22.
  28.  28.  30.  31.  36.  36.  39.  42.  44.  45.  47.  54.  54.  55.
  56.  58.  58.  63.  67.  74.  74.  75.  76.  77.  78.  81.  81.  82.
  84.  84.  85.  87.  88.  89.  90.  90.  91.  95.  96.  96.  97.  98.
  99.  99.][-99. -98. -98. -97. -92. -88. -86. -85. -83. -82. -81. -80. -77. -77.
 -75. -69. -67. -62. -59. -58. -57. -52. -51. -49. -43. -41. -37. -34.
 -32. -32. -30. -30. -30. -28. -23. -20. -18. -17. -16. -12. -10. -10.
  -9.  -8.  -7.  -6.  -4.  -2.   1.   2.   5.   8.  12.  15.  16.  17.
  18.  26.  27.  28.  29.  29.  30.  32.  34.  37.  39.  40.  44.  47.
  47.  48.  49.  50.  54.  55.  56.  56.  58.  61.  62.  65.  65.  72.
  73.  75.  77.  77.  79.  79.  80.  81.  81.  81.  84.  85.  87.  95.
  98.  98.][-99. -99. -99. -95. -87. -85. -84. -83. -79. -79. -78. -76. -74. -73.
 -73. -71. -70. -70. -68. -68. -59. -57. -56. -56. -55. -53. -52. -52.
 -52. -49. -47. -47. -46. -46. -43. -42. -40. -40. -39. -37. -36. -34.
 -34. -34. -34. -32. -27. -25. -19. -15. -12. -10.  -9.  -9.  -8.  -5.
  -3.  -2.  -2.  -2.   3.   6.   7.   9.  10.  12.  13.  14.  14.  15.
  15.  19.  22.  24.  28.  31.  33.  33.  36.  36.  37.  42.  45.  51.
  56.  57.  61.  65.  66.  68.  69.  76.  78.  80.  88.  89.  89.  93.
  97. 100.][-100.  -99.  -98.  -97.  -97.  -92.  -86.  -85.  -84.  -83.  -83.  -83.
  -82.  -82.  -82.  -79.  -79.  -77.  -76.  -75.  -73.  -70.  -68.  -67.
  -65.  -61.  -60.  -59.  -58.  -58.  -53.  -51.  -48.  -46.  -45.  -45.
  -42.  -38.  -37.  -36.  -35.  -33.  -28.  -25.  -23.  -23.  -17.  -16.
  -15.  -15.  -14.   -7.   -3.   -2.    0.    2.    5.    6.    7.    8.
   10.   13.   19.   20.   20.   23.   25.   29.   30.   30.   31.   35.
   35.   36.   36.   37.   37.   38.   40.   40.   41.   45.   45.   49.
   51.   53.   57.   62.   65.   76.   76.   78.   79.   79.   80.   85.
   86.   89.   98.   99.][-100.  -91.  -90.  -90.  -88.  -88.  -88.  -83.  -82.  -81.  -81.  -80.
  -77.  -75.  -75.  -73.  -71.  -70.  -69.  -69.  -66.  -65.  -64.  -63.
  -62.  -59.  -59.  -54.  -52.  -52.  -49.  -48.  -46.  -44.  -43.  -41.
  -40.  -39.  -38.  -37.  -34.  -32.  -28.  -28.  -28.  -23.  -23.  -18.
  -15.  -14.  -10.   -8.   -3.   -1.    1.    3.    8.   10.   10.   18.
   20.   22.   24.   25.   25.   26.   30.   31.   34.   34.   35.   41.
   41.   43.   43.   43.   44.   47.   49.   52.   54.   63.   70.   71.
   71.   71.   73.   74.   75.   75.   76.   76.   78.   79.   81.   84.
   86.   89.   91.   96.][-96. -94. -94. -93. -92. -92. -91. -89. -89. -86. -83. -79. -78. -77.
 -77. -74. -72. -72. -71. -68. -68. -65. -65. -64. -57. -54. -51. -50.
 -43. -43. -39. -26. -21. -20. -20. -17. -16. -15. -14. -13. -12. -12.
 -11. -10.  -8.  -6.  -6.  -4.  -4.  -4.  -3.  -3.   0.   0.   1.   1.
   1.   3.   7.  13.  14.  15.  17.  20.  20.  24.  25.  27.  27.  32.
  33.  35.  36.  37.  39.  43.  52.  55.  57.  60.  66.  68.  68.  71.
  76.  77.  78.  78.  79.  85.  85.  86.  88.  88.  91.  93.  94.  94.
  99.  99.][-100.  -99.  -96.  -94.  -89.  -87.  -86.  -85.  -84.  -81.  -81.  -81.
  -75.  -74.  -71.  -69.  -68.  -67.  -66.  -64.  -62.  -61.  -55.  -53.
  -50.  -47.  -45.  -40.  -40.  -37.  -36.  -34.  -34.  -34.  -30.  -30.
  -28.  -27.  -26.  -24.  -23.  -23.  -22.  -21.  -21.  -20.  -20.  -20.
  -11.  -10.   -3.    2.    2.    2.    7.    8.   11.   12.   14.   16.
   17.   17.   18.   19.   20.   20.   23.   25.   29.   30.   33.   34.
   37.   41.   41.   43.   48.   52.   54.   54.   62.   63.   66.   67.
   70.   72.   73.   75.   75.   78.   78.   83.   83.   84.   92.   93.
   95.   97.   99.   99.][-99. -96. -96. -95. -94. -93. -92. -90. -87. -86. -84. -80. -80. -76.
 -71. -69. -66. -65. -65. -64. -64. -63. -63. -62. -60. -58. -54. -53.
 -53. -51. -49. -48. -47. -33. -28. -28. -25. -25. -24. -22. -19. -13.
 -12. -12. -12. -10. -10.  -8.  -6.  -4.  -4.  -4.  -3.   0.   1.   3.
   3.   9.  13.  14.  15.  23.  25.  26.  27.  27.  28.  31.  34.  35.
  37.  37.  40.  45.  45.  46.  49.  52.  57.  58.  58.  64.  67.  68.
  69.  69.  79.  80.  85.  85.  87.  89.  90.  91.  95.  96.  96.  97.
  98.  98.][-100.  -96.  -94.  -93.  -93.  -92.  -90.  -88.  -86.  -84.  -83.  -82.
  -80.  -78.  -77.  -74.  -73.  -66.  -65.  -62.  -56.  -56.  -55.  -54.
  -52.  -52.  -51.  -50.  -50.  -50.  -45.  -45.  -42.  -38.  -36.  -35.
  -35.  -32.  -30.  -28.  -28.  -27.  -24.  -18.  -17.  -16.  -16.  -15.
  -10.   -9.   -7.   -6.   -4.   -3.   -3.   -2.    9.   10.   11.   16.
   17.   18.   21.   25.   25.   30.   34.   37.   37.   38.   39.   39.
   39.   41.   46.   47.   49.   50.   55.   59.   61.   63.   65.   66.
   68.   74.   75.   75.   77.   81.   81.   90.   91.   94.   95.   95.
   99.  100.  100.  100.][-99. -97. -97. -95. -93. -90. -85. -82. -78. -76. -76. -75. -75. -75.
 -74. -72. -70. -69. -69. -63. -63. -62. -62. -61. -60. -59. -54. -53.
 -46. -45. -44. -44. -43. -43. -42. -41. -30. -30. -27. -26. -26. -26.
 -21. -15.  -8.  -7.  -7.  -6.  -3.  -2.  -1.   2.   5.   5.   8.  12.
  12.  14.  16.  17.  19.  19.  20.  22.  23.  24.  28.  31.  34.  35.
  37.  41.  42.  44.  46.  49.  49.  51.  51.  53.  57.  61.  62.  63.
  68.  68.  70.  71.  72.  75.  78.  80.  82.  83.  85.  86.  89.  89.
  96.  98.][-99. -98. -97. -96. -96. -96. -95. -94. -94. -90. -89. -89. -88. -79.
 -78. -78. -76. -73. -72. -70. -68. -63. -63. -62. -61. -61. -59. -58.
 -58. -55. -54. -54. -52. -49. -46. -45. -44. -44. -42. -37. -37. -36.
 -35. -29. -27. -27. -27. -25. -24. -22. -21. -18. -15. -14. -13. -13.
 -12. -11.  -9.  -6.  -1.   1.   4.   5.   6.   7.   8.   8.   9.  12.
  23.  25.  27.  37.  39.  41.  41.  45.  47.  51.  51.  53.  54.  57.
  58.  67.  71.  71.  77.  80.  81.  81.  84.  86.  86.  87.  93.  93.
  97.  98.][-100.  -99.  -99.  -98.  -93.  -90.  -89.  -88.  -87.  -86.  -79.  -75.
  -69.  -66.  -66.  -66.  -63.  -63.  -63.  -63.  -59.  -55.  -52.  -51.
  -50.  -47.  -44.  -41.  -41.  -39.  -37.  -36.  -35.  -34.  -32.  -32.
  -30.  -27.  -23.  -23.  -20.  -15.  -14.  -14.  -12.   -9.   -8.   -6.
   -5.   -5.   -2.    2.    4.    5.    5.   10.   11.   15.   16.   18.
   26.   33.   35.   40.   41.   43.   44.   45.   49.   49.   50.   51.
   52.   55.   57.   59.   62.   62.   63.   63.   63.   66.   66.   67.
   69.   75.   77.   82.   84.   84.   85.   87.   87.   91.   91.   91.
   92.   93.   95.   99.][-100.  -99.  -99.  -97.  -97.  -97.  -89.  -84.  -84.  -81.  -79.  -78.
  -75.  -75.  -73.  -73.  -69.  -66.  -65.  -64.  -62.  -61.  -56.  -55.
  -53.  -49.  -44.  -43.  -37.  -36.  -36.  -29.  -23.  -22.  -19.  -17.
  -13.   -6.   -5.   -4.   -2.   -1.    2.    2.    5.    6.   10.   12.
   12.   12.   12.   14.   18.   20.   22.   24.   29.   30.   31.   34.
   34.   38.   38.   38.   39.   39.   41.   43.   46.   48.   49.   50.
   51.   52.   52.   52.   53.   57.   58.   64.   65.   67.   68.   73.
   77.   80.   82.   82.   82.   85.   88.   88.   92.   92.   93.   93.
   98.  100.  100.  100.][-98. -96. -95. -94. -92. -90. -90. -89. -88. -88. -88. -86. -81. -80.
 -77. -76. -74. -73. -69. -66. -62. -59. -58. -52. -47. -46. -43. -36.
 -32. -31. -31. -14. -12.  -6.  -5.  -5.  -4.   4.   4.   6.   8.  10.
  10.  12.  13.  16.  17.  17.  18.  18.  20.  21.  24.  24.  24.  26.
  27.  29.  30.  34.  36.  38.  38.  39.  42.  43.  48.  49.  50.  52.
  53.  53.  54.  55.  56.  56.  56.  56.  58.  59.  60.  63.  63.  63.
  64.  69.  73.  75.  76.  76.  78.  78.  79.  85.  85.  85.  92.  93.
  96.  99.][-100. -100.  -99.  -99.  -99.  -98.  -97.  -97.  -96.  -93.  -91.  -87.
  -85.  -83.  -81.  -81.  -80.  -77.  -75.  -66.  -65.  -65.  -64.  -62.
  -62.  -61.  -59.  -57.  -56.  -51.  -50.  -49.  -44.  -44.  -42.  -39.
  -38.  -35.  -32.  -30.  -29.  -29.  -28.  -28.  -27.  -26.  -24.  -22.
  -21.  -21.  -20.  -17.  -17.  -15.  -13.  -11.  -10.   -4.   -2.    0.
    1.    4.    4.    6.    6.   10.   12.   13.   19.   20.   22.   22.
   27.   29.   30.   30.   40.   42.   43.   44.   49.   54.   55.   57.
   60.   60.   62.   67.   67.   75.   81.   83.   84.   84.   91.   92.
   92.   93.   95.   99.][-96. -91. -90. -89. -88. -84. -82. -80. -80. -79. -79. -78. -78. -77.
 -77. -71. -70. -69. -64. -63. -59. -58. -57. -57. -55. -53. -49. -47.
 -46. -45. -38. -37. -37. -36. -36. -35. -31. -31. -28. -25. -24. -23.
 -23. -17. -16. -15. -14. -13.  -8.  -6.  -5.  -3.  -1.   3.   5.   9.
   9.  10.  11.  12.  13.  14.  15.  20.  23.  27.  28.  31.  31.  33.
  34.  36.  39.  42.  45.  48.  52.  53.  58.  58.  59.  60.  66.  69.
  71.  75.  75.  76.  78.  81.  81.  81.  83.  90.  90.  92.  94.  96.
  99. 100.][-100.  -98.  -96.  -95.  -93.  -92.  -90.  -89.  -89.  -88.  -86.  -85.
  -85.  -81.  -80.  -79.  -79.  -78.  -78.  -78.  -66.  -66.  -65.  -62.
  -60.  -58.  -57.  -54.  -54.  -53.  -53.  -51.  -49.  -48.  -45.  -45.
  -43.  -42.  -35.  -30.  -29.  -26.  -25.  -25.  -23.  -23.  -22.  -20.
  -13.  -13.  -11.  -10.   -9.   -6.   -5.   -5.    1.    2.    2.    4.
    5.   11.   13.   19.   19.   19.   24.   25.   27.   27.   28.   29.
   30.   31.   34.   36.   40.   42.   42.   43.   47.   48.   48.   50.
   51.   56.   58.   59.   61.   61.   63.   65.   68.   69.   72.   72.
   74.   75.   89.   91.][-100.  -98.  -97.  -93.  -92.  -92.  -91.  -91.  -87.  -86.  -85.  -84.
  -83.  -79.  -74.  -72.  -69.  -69.  -67.  -61.  -60.  -55.  -53.  -50.
  -50.  -49.  -47.  -45.  -45.  -42.  -36.  -31.  -29.  -28.  -25.  -24.
  -22.  -22.  -19.  -19.  -18.  -16.  -13.  -12.   -9.   -6.   -3.   -2.
    0.    0.    2.    3.    6.    7.    7.    7.    8.    9.   10.   11.
   14.   15.   16.   28.   28.   29.   29.   29.   35.   37.   39.   41.
   44.   52.   52.   52.   54.   57.   58.   58.   59.   63.   65.   67.
   69.   69.   72.   72.   74.   74.   74.   80.   80.   85.   91.   92.
   92.   93.   93.   94.][-94. -92. -92. -92. -91. -90. -90. -90. -89. -88. -87. -86. -84. -82.
 -82. -81. -79. -75. -74. -64. -61. -59. -55. -55. -54. -48. -42. -41.
 -40. -38. -37. -33. -30. -30. -27. -27. -25. -23. -22. -21. -21. -19.
 -18. -18. -17. -16. -12.  -9.  -9.  -5.  -4.  -2.   5.   7.   9.  14.
  14.  24.  28.  29.  29.  30.  31.  33.  35.  37.  38.  39.  42.  43.
  46.  50.  53.  54.  55.  57.  57.  58.  60.  66.  66.  67.  68.  69.
  74.  74.  76.  77.  80.  80.  81.  82.  82.  87.  87.  87.  90.  90.
  95. 100.][-99. -97. -89. -85. -85. -82. -82. -81. -80. -75. -75. -69. -66. -66.
 -64. -63. -61. -59. -58. -56. -55. -53. -50. -50. -45. -41. -39. -37.
 -34. -30. -28. -26. -25. -24. -22. -22. -20. -20. -19. -17. -12. -11.
 -10.  -8.  -3.   2.   2.   6.   8.  10.  10.  11.  12.  16.  16.  18.
  18.  24.  25.  26.  29.  32.  33.  35.  35.  36.  46.  46.  47.  48.
  52.  52.  53.  54.  55.  55.  56.  58.  59.  64.  64.  64.  65.  66.
  69.  69.  73.  78.  78.  79.  79.  80.  85.  87.  90.  91.  92.  97.
  97.  98.][-100. -100.  -98.  -98.  -96.  -93.  -93.  -93.  -90.  -89.  -88.  -88.
  -85.  -85.  -84.  -82.  -78.  -75.  -69.  -61.  -56.  -55.  -54.  -50.
  -45.  -45.  -45.  -44.  -44.  -43.  -41.  -40.  -38.  -37.  -35.  -31.
  -30.  -28.  -23.  -22.  -20.  -19.  -17.  -17.  -15.  -14.  -14.  -13.
  -13.  -11.  -11.   -9.   -7.   -7.   -2.   -2.   -1.    0.    5.    6.
   12.   13.   13.   16.   18.   20.   22.   23.   26.   27.   30.   35.
   35.   37.   38.   39.   40.   40.   46.   47.   52.   53.   53.   54.
   58.   60.   61.   62.   63.   63.   64.   69.   74.   76.   79.   81.
   86.   88.   93.   99.][-98. -93. -92. -92. -91. -91. -83. -79. -76. -75. -74. -71. -71. -70.
 -69. -69. -66. -65. -58. -57. -53. -47. -47. -38. -36. -24. -24. -22.
 -21. -21. -19. -18. -18. -17. -15. -12. -12. -12.  -7.  -7.  -5.  -5.
   2.   2.   4.   4.   5.  10.  10.  12.  12.  14.  15.  16.  19.  21.
  24.  24.  26.  27.  27.  27.  28.  34.  35.  36.  37.  39.  41.  42.
  45.  50.  51.  51.  54.  54.  56.  56.  58.  59.  64.  64.  66.  67.
  68.  74.  78.  83.  84.  85.  87.  87.  90.  91.  93.  93.  93.  97.
  98. 100.][-100.  -98.  -95.  -94.  -91.  -87.  -87.  -86.  -85.  -84.  -80.  -79.
  -73.  -73.  -73.  -72.  -63.  -53.  -53.  -53.  -51.  -50.  -50.  -46.
  -45.  -45.  -44.  -44.  -42.  -42.  -41.  -35.  -34.  -29.  -28.  -24.
  -21.  -21.  -19.  -17.  -13.  -12.  -11.  -10.   -8.   -7.   -2.   -2.
   -2.    0.    9.   11.   15.   19.   20.   21.   22.   23.   23.   25.
   25.   25.   28.   28.   35.   37.   38.   44.   45.   49.   50.   51.
   52.   52.   57.   58.   59.   59.   66.   67.   67.   68.   70.   72.
   75.   76.   78.   79.   80.   80.   80.   80.   87.   88.   90.   96.
   98.  100.  100.  100.][-97. -94. -94. -93. -92. -89. -88. -88. -87. -83. -80. -76. -75. -75.
 -72. -63. -61. -60. -59. -58. -55. -50. -50. -48. -44. -39. -39. -37.
 -35. -35. -29. -28. -23. -21. -20. -19. -17. -15. -15. -12. -10. -10.
  -7.  -5.  -3.  -2.  -2.  -2.  -1.   1.   1.   2.   2.   3.   5.   5.
   6.   8.   8.   9.  12.  14.  17.  22.  32.  33.  34.  36.  38.  38.
  38.  43.  43.  44.  48.  51.  52.  52.  60.  60.  60.  61.  63.  67.
  72.  74.  76.  79.  79.  79.  83.  83.  86.  87.  88.  90.  98.  98.
  99. 100.][-98. -90. -85. -85. -84. -79. -78. -76. -74. -70. -70. -65. -64. -60.
 -59. -57. -57. -53. -53. -52. -52. -52. -51. -49. -45. -43. -42. -42.
 -40. -39. -28. -28. -27. -27. -26. -25. -21. -21. -18. -18. -14. -12.
 -11.  -6.  -5.  -2.   0.   1.   4.   7.  13.  19.  20.  20.  22.  23.
  24.  24.  25.  27.  27.  30.  30.  30.  31.  34.  37.  39.  39.  40.
  40.  40.  42.  47.  58.  60.  62.  64.  64.  65.  66.  68.  70.  72.
  73.  74.  76.  76.  78.  78.  84.  85.  86.  91.  91.  91.  93.  97.
  97. 100.][-100.  -94.  -94.  -90.  -88.  -87.  -87.  -83.  -83.  -82.  -82.  -81.
  -81.  -74.  -72.  -66.  -63.  -62.  -60.  -59.  -58.  -56.  -55.  -54.
  -53.  -53.  -52.  -52.  -51.  -50.  -50.  -44.  -39.  -38.  -36.  -36.
  -34.  -34.  -32.  -27.  -26.  -26.  -25.  -23.  -15.  -15.  -15.  -15.
  -14.  -12.   -8.   -6.   -5.   -3.   -2.   -2.    6.    6.    6.   10.
   13.   13.   17.   17.   17.   18.   20.   22.   23.   26.   26.   29.
   34.   39.   42.   43.   46.   49.   50.   52.   52.   52.   53.   53.
   57.   59.   62.   67.   72.   73.   74.   74.   76.   81.   86.   88.
   88.   90.   98.  100.][-98. -98. -90. -87. -86. -86. -85. -84. -82. -79. -78. -78. -77. -75.
 -73. -67. -64. -63. -58. -57. -47. -45. -44. -43. -41. -34. -34. -31.
 -30. -29. -22. -20. -17. -16. -12. -11.  -8.  -8.  -8.  -7.  -4.  -3.
   0.   3.   5.   6.   7.  10.  11.  11.  12.  16.  16.  16.  17.  19.
  20.  21.  23.  31.  32.  32.  33.  35.  36.  37.  39.  42.  43.  44.
  57.  57.  61.  61.  62.  63.  64.  65.  65.  65.  68.  69.  73.  73.
  76.  77.  78.  81.  82.  83.  85.  85.  86.  87.  90.  91.  93.  96.
  97.  99.][-100. -100.  -99.  -97.  -94.  -92.  -90.  -89.  -88.  -88.  -81.  -79.
  -79.  -76.  -74.  -74.  -73.  -70.  -66.  -63.  -63.  -62.  -62.  -59.
  -59.  -55.  -50.  -49.  -49.  -48.  -47.  -46.  -45.  -44.  -43.  -43.
  -40.  -36.  -33.  -28.  -26.  -24.  -24.  -23.  -22.  -20.  -19.  -17.
  -15.  -14.  -11.  -11.   -6.   -5.   -3.    0.    2.    4.    6.    7.
    8.   14.   14.   14.   16.   16.   21.   22.   30.   34.   36.   37.
   39.   39.   41.   42.   43.   43.   51.   52.   52.   52.   55.   55.
   58.   58.   61.   62.   71.   75.   76.   76.   77.   79.   81.   87.
   91.   92.   94.   97.][-99. -95. -95. -94. -93. -92. -92. -91. -90. -90. -83. -80. -77. -75.
 -74. -69. -69. -68. -66. -64. -63. -60. -60. -50. -46. -45. -41. -38.
 -36. -35. -31. -31. -29. -28. -23. -23. -23. -22. -22. -20. -19. -15.
 -14. -14. -14. -10.  -7.   0.   2.   3.  10.  12.  13.  15.  18.  20.
  21.  22.  23.  24.  24.  25.  27.  27.  28.  30.  33.  36.  36.  41.
  42.  46.  47.  53.  54.  59.  63.  63.  63.  64.  65.  67.  70.  76.
  77.  77.  78.  78.  84.  86.  89.  91.  94.  95.  96.  97. 100. 100.
 100. 100.][-100.  -99.  -97.  -91.  -91.  -88.  -87.  -87.  -84.  -83.  -80.  -79.
  -72.  -71.  -70.  -69.  -64.  -63.  -63.  -63.  -62.  -61.  -59.  -58.
  -57.  -51.  -48.  -47.  -45.  -42.  -41.  -38.  -35.  -35.  -29.  -28.
  -26.  -25.  -24.  -20.  -19.  -13.  -13.  -12.  -10.  -10.  -10.  -10.
   -6.   -2.    3.    3.    6.    8.   12.   13.   15.   17.   19.   24.
   24.   25.   27.   28.   28.   31.   31.   38.   39.   40.   40.   41.
   43.   44.   45.   51.   54.   57.   57.   61.   61.   61.   61.   63.
   65.   67.   73.   76.   76.   80.   82.   82.   83.   87.   96.   97.
   97.   98.   99.  100.][-97. -93. -89. -89. -89. -83. -69. -68. -66. -65. -64. -63. -63. -60.
 -59. -59. -57. -55. -54. -54. -53. -53. -51. -47. -46. -44. -40. -40.
 -37. -35. -34. -33. -28. -25. -25. -24. -24. -24. -23. -20. -19. -16.
 -16. -12. -12. -12. -11.  -6.  -5.  -5.  -3.  -1.   3.   4.   4.   5.
  17.  18.  22.  23.  28.  33.  33.  34.  34.  35.  35.  36.  39.  39.
  39.  43.  43.  44.  47.  47.  49.  52.  53.  56.  58.  59.  66.  69.
  72.  73.  74.  76.  79.  79.  80.  82.  82.  83.  86.  88.  89.  93.
  94.  99.][-100. -100.  -99.  -98.  -97.  -96.  -95.  -93.  -93.  -92.  -91.  -91.
  -89.  -79.  -77.  -77.  -75.  -72.  -66.  -66.  -64.  -61.  -57.  -55.
  -49.  -46.  -45.  -43.  -42.  -39.  -39.  -38.  -36.  -28.  -28.  -27.
  -26.  -25.  -24.  -22.  -21.  -19.  -16.  -16.  -15.  -13.  -13.  -11.
   -7.   -6.   -4.    2.    3.    3.    6.    8.   10.   11.   11.   14.
   14.   15.   16.   17.   20.   23.   24.   32.   34.   36.   36.   37.
   38.   46.   46.   46.   55.   58.   59.   59.   61.   61.   63.   63.
   66.   67.   68.   68.   69.   70.   71.   71.   72.   77.   89.   91.
   91.   95.   95.   97.][-98. -91. -90. -88. -87. -85. -80. -80. -78. -77. -75. -75. -74. -72.
 -70. -68. -67. -66. -66. -65. -64. -60. -59. -52. -51. -46. -46. -44.
 -41. -41. -41. -35. -29. -24. -23. -19. -18. -17. -17. -14. -13.  -9.
  -2.  -1.   1.   2.   3.   5.   5.   7.   7.  10.  10.  11.  19.  23.
  24.  27.  29.  29.  31.  33.  36.  39.  42.  42.  45.  46.  49.  50.
  55.  56.  59.  61.  62.  64.  72.  75.  75.  76.  78.  80.  81.  83.
  85.  85.  88.  89.  90.  91.  92.  93.  93.  93.  94.  95.  97.  97.
  99. 100.][-96. -96. -93. -90. -90. -89. -88. -82. -77. -75. -73. -68. -66. -66.
 -60. -59. -56. -54. -52. -50. -49. -49. -47. -46. -46. -43. -39. -38.
 -36. -34. -34. -34. -32. -29. -29. -27. -25. -23. -22. -20. -20. -18.
 -14. -12. -11.  -9.  -8.  -1.   3.   6.   7.   7.   9.  18.  19.  21.
  23.  31.  32.  33.  39.  39.  40.  43.  43.  43.  43.  49.  51.  52.
  57.  58.  60.  63.  65.  65.  66.  67.  68.  68.  71.  73.  75.  78.
  81.  82.  84.  87.  90.  92.  92.  94.  95.  98.  98.  99.  99.  99.
 100. 100.][-98. -96. -94. -93. -93. -92. -90. -88. -85. -84. -83. -83. -83. -80.
 -79. -76. -76. -75. -67. -67. -65. -62. -62. -61. -61. -59. -57. -53.
 -52. -52. -51. -50. -48. -47. -44. -41. -39. -35. -33. -32. -31. -28.
 -27. -25. -20. -15. -14. -13. -11.  -9.  -9.  -8.  -6.  -3.  -1.   1.
   3.   3.   4.   5.   6.  12.  16.  19.  26.  27.  28.  29.  29.  31.
  36.  42.  43.  45.  49.  50.  51.  60.  60.  62.  64.  66.  66.  68.
  75.  78.  79.  79.  87.  88.  90.  91.  92.  92.  94.  95.  98.  99.
 100. 100.][-100. -100.  -97.  -97.  -87.  -83.  -83.  -82.  -78.  -71.  -71.  -68.
  -67.  -62.  -61.  -57.  -52.  -52.  -50.  -49.  -49.  -46.  -45.  -44.
  -42.  -41.  -41.  -37.  -37.  -36.  -34.  -34.  -32.  -30.  -29.  -28.
  -26.  -26.  -24.  -17.  -16.  -12.  -12.  -11.  -11.  -10.  -10.   -6.
   -5.   -4.   -4.    0.    1.    6.   10.   13.   14.   14.   15.   17.
   20.   21.   26.   27.   28.   33.   33.   35.   38.   42.   42.   48.
   50.   56.   57.   62.   65.   69.   70.   74.   74.   74.   75.   77.
   78.   78.   78.   78.   81.   83.   84.   84.   87.   88.   92.   94.
   94.   95.   97.  100.][-99. -97. -95. -94. -94. -91. -91. -87. -85. -84. -84. -75. -74. -72.
 -66. -66. -65. -64. -64. -57. -56. -54. -51. -49. -49. -48. -41. -38.
 -38. -37. -33. -33. -33. -30. -25. -21. -20. -19. -18. -10.  -9.  -5.
  -2.  -1.   0.   2.   3.   6.   6.   7.   9.  13.  17.  18.  20.  22.
  23.  25.  26.  28.  28.  29.  30.  33.  33.  34.  35.  36.  36.  37.
  37.  42.  45.  50.  50.  53.  53.  54.  56.  59.  62.  66.  74.  78.
  78.  79.  80.  81.  81.  82.  83.  83.  86.  88.  89.  92.  93.  96.
  98. 100.][-100.  -99.  -97.  -97.  -85.  -82.  -77.  -77.  -74.  -72.  -69.  -69.
  -68.  -66.  -63.  -63.  -63.  -61.  -59.  -56.  -55.  -51.  -49.  -47.
  -47.  -45.  -45.  -41.  -38.  -34.  -34.  -33.  -32.  -32.  -32.  -31.
  -28.  -28.  -26.  -26.  -25.  -25.  -25.  -21.  -20.  -16.  -14.  -12.
  -12.   -8.   -5.    1.    9.    9.    9.   10.   10.   15.   18.   20.
   23.   26.   28.   29.   30.   32.   37.   41.   43.   46.   46.   46.
   48.   49.   49.   50.   50.   54.   54.   54.   57.   60.   66.   69.
   70.   70.   70.   71.   74.   75.   75.   77.   80.   82.   83.   88.
   92.   93.   98.  100.][-94. -91. -89. -85. -84. -82. -81. -81. -80. -79. -77. -77. -76. -65.
 -58. -56. -48. -47. -46. -46. -44. -41. -39. -36. -35. -35. -34. -32.
 -31. -31. -31. -30. -28. -27. -26. -26. -23. -21. -21. -20. -18. -16.
 -15.  -9.  -8.  -7.  -7.  -5.  -3.   1.   1.   2.   3.   4.   4.   5.
   6.   9.  10.  17.  19.  20.  28.  33.  33.  38.  41.  42.  47.  47.
  48.  49.  51.  55.  55.  55.  56.  61.  62.  63.  65.  66.  67.  67.
  73.  77.  82.  84.  86.  87.  87.  87.  87.  88.  88.  88.  91.  93.
  97. 100.][-98. -96. -91. -86. -77. -75. -73. -72. -69. -68. -67. -67. -60. -56.
 -54. -51. -48. -45. -44. -43. -43. -43. -42. -37. -36. -34. -32. -30.
 -27. -25. -25. -25. -24. -22. -22. -21. -21. -20. -19. -18. -16. -12.
  -7.   1.   2.   3.   3.   4.   5.   8.  11.  15.  18.  18.  18.  19.
  22.  24.  29.  31.  31.  32.  35.  37.  39.  40.  42.  42.  42.  43.
  44.  45.  47.  47.  48.  48.  49.  49.  56.  56.  64.  64.  66.  69.
  72.  73.  73.  73.  77.  79.  79.  80.  81.  84.  88.  91.  94.  97.
  99. 100.][-100.  -99.  -98.  -96.  -90.  -87.  -81.  -79.  -78.  -74.  -73.  -70.
  -68.  -67.  -64.  -63.  -62.  -61.  -59.  -58.  -56.  -52.  -50.  -49.
  -47.  -46.  -38.  -36.  -35.  -32.  -28.  -28.  -20.  -19.  -18.  -17.
  -11.   -8.   -6.   -6.   -5.   -5.   -5.   -3.   -2.    3.    5.    7.
    7.   12.   16.   17.   18.   20.   22.   24.   25.   28.   29.   30.
   30.   34.   34.   35.   41.   42.   48.   50.   51.   56.   59.   60.
   61.   64.   65.   66.   68.   69.   69.   72.   72.   73.   74.   75.
   75.   77.   78.   80.   85.   86.   88.   88.   88.   88.   90.   91.
   93.   99.  100.  100.][-98. -98. -97. -93. -89. -89. -87. -86. -85. -85. -84. -82. -79. -79.
 -78. -78. -68. -66. -66. -62. -62. -62. -61. -59. -59. -58. -52. -52.
 -50. -44. -41. -40. -38. -37. -36. -35. -29. -26. -25. -25. -21. -20.
 -18. -17. -16. -10.  -6.  -3.   0.   4.   4.   5.   6.   6.   9.  17.
  17.  26.  27.  31.  32.  32.  33.  33.  34.  34.  38.  42.  42.  43.
  44.  44.  47.  48.  50.  58.  60.  61.  61.  63.  67.  68.  69.  70.
  73.  75.  76.  77.  77.  78.  78.  81.  82.  82.  85.  86.  86.  88.
  91.  99.][-99. -97. -95. -91. -91. -90. -77. -76. -76. -73. -72. -71. -69. -69.
 -69. -68. -63. -62. -60. -58. -57. -55. -54. -51. -47. -44. -44. -42.
 -40. -39. -37. -36. -36. -34. -33. -30. -30. -29. -25. -23. -20. -18.
 -18. -17. -17. -16. -15. -11.  -9.  -8.  -8.  -7.  -6.  -6.  -5.  -4.
  -3.  -2.  -1.   1.   6.   8.  14.  14.  16.  17.  18.  23.  25.  27.
  34.  34.  37.  40.  40.  44.  44.  47.  48.  50.  50.  51.  52.  54.
  63.  65.  67.  71.  71.  71.  72.  78.  78.  81.  88.  89.  90.  91.
  92.  93.][-100. -100. -100.  -95.  -90.  -87.  -83.  -83.  -82.  -78.  -72.  -71.
  -68.  -67.  -67.  -65.  -63.  -62.  -60.  -59.  -58.  -58.  -57.  -56.
  -55.  -54.  -50.  -49.  -44.  -41.  -35.  -35.  -34.  -32.  -31.  -23.
  -23.  -19.  -16.  -14.  -14.  -13.   -7.   -6.   -6.   -4.    2.    4.
    6.    7.    8.   13.   17.   17.   19.   20.   22.   25.   29.   31.
   31.   33.   34.   36.   37.   38.   39.   40.   43.   44.   47.   47.
   55.   57.   58.   60.   61.   62.   62.   65.   66.   68.   69.   69.
   70.   70.   72.   74.   75.   76.   77.   77.   77.   79.   89.   90.
   93.   94.   96.   97.][-98. -92. -89. -88. -87. -83. -82. -82. -78. -77. -76. -74. -73. -72.
 -69. -68. -68. -63. -63. -62. -60. -59. -51. -51. -50. -50. -50. -47.
 -46. -45. -44. -44. -42. -42. -41. -40. -38. -36. -35. -33. -30. -28.
 -26. -25. -25. -25. -23. -22. -18. -18. -18. -15. -10.  -1.  -1.   0.
   2.   3.   4.   5.  10.  12.  13.  18.  21.  24.  25.  27.  29.  32.
  32.  33.  34.  39.  42.  45.  45.  47.  54.  58.  60.  65.  66.  66.
  67.  70.  72.  74.  79.  79.  80.  82.  83.  84.  85.  92.  94.  95.
  98. 100.][-100.  -97.  -97.  -97.  -94.  -93.  -88.  -87.  -85.  -84.  -83.  -82.
  -78.  -75.  -74.  -72.  -71.  -70.  -68.  -68.  -67.  -64.  -61.  -56.
  -52.  -51.  -49.  -48.  -46.  -45.  -44.  -44.  -44.  -43.  -43.  -36.
  -36.  -34.  -33.  -33.  -31.  -30.  -28.  -22.  -14.  -11.   -5.   -4.
   -4.    1.    2.    2.    5.    8.    9.    9.   11.   11.   12.   16.
   17.   19.   20.   22.   31.   32.   33.   34.   37.   37.   38.   40.
   40.   40.   40.   42.   44.   48.   50.   53.   55.   55.   55.   60.
   62.   63.   68.   70.   72.   72.   73.   77.   83.   86.   86.   88.
   90.   94.   95.   95.][-100.  -96.  -93.  -89.  -89.  -87.  -83.  -82.  -80.  -79.  -78.  -75.
  -74.  -73.  -73.  -71.  -69.  -69.  -68.  -65.  -63.  -62.  -59.  -58.
  -56.  -51.  -50.  -48.  -48.  -46.  -43.  -43.  -40.  -39.  -37.  -37.
  -34.  -33.  -33.  -30.  -29.  -28.  -27.  -22.  -16.  -15.  -14.  -14.
  -14.  -10.  -10.   -7.   -3.   -2.    3.    4.    5.   11.   11.   12.
   12.   20.   25.   25.   26.   26.   31.   35.   39.   45.   46.   46.
   46.   49.   51.   52.   54.   56.   62.   63.   64.   67.   69.   69.
   71.   72.   73.   78.   81.   82.   89.   90.   90.   92.   92.   94.
   94.   97.   99.   99.][-97. -97. -96. -93. -93. -91. -89. -88. -85. -85. -83. -83. -82. -82.
 -80. -77. -74. -74. -70. -70. -69. -62. -61. -57. -57. -54. -54. -54.
 -53. -53. -52. -52. -51. -50. -48. -45. -32. -31. -29. -28. -25. -23.
 -21. -17. -16. -16. -16. -14. -13. -12.  -8.  -7.  -3.   4.   6.   7.
  14.  19.  20.  22.  25.  29.  29.  30.  32.  33.  36.  36.  40.  40.
  46.  49.  50.  51.  52.  52.  54.  63.  67.  72.  75.  79.  79.  79.
  80.  83.  85.  86.  87.  90.  92.  93.  93.  93.  94.  95.  95.  96.
  97.  98.][-99. -98. -97. -96. -93. -91. -91. -90. -89. -88. -86. -86. -82. -82.
 -82. -82. -81. -80. -78. -71. -69. -69. -69. -64. -62. -57. -54. -50.
 -49. -47. -47. -43. -41. -33. -31. -30. -25. -22. -22. -22. -21. -20.
 -19. -18. -15. -13. -12. -11. -10.  -6.  -6.  -5.  -5.  -2.  -2.   2.
   5.  10.  12.  17.  17.  18.  19.  21.  23.  24.  31.  31.  36.  36.
  36.  37.  38.  38.  39.  42.  42.  49.  52.  53.  54.  56.  57.  62.
  64.  64.  68.  69.  73.  74.  78.  81.  86.  86.  87.  88.  90.  92.
  94. 100.][-100.  -99.  -96.  -92.  -90.  -90.  -88.  -82.  -81.  -80.  -76.  -73.
  -70.  -70.  -66.  -63.  -63.  -62.  -62.  -60.  -54.  -51.  -50.  -45.
  -44.  -43.  -41.  -38.  -34.  -34.  -29.  -28.  -27.  -26.  -25.  -25.
  -23.  -22.  -22.  -21.  -21.  -21.  -20.  -19.  -13.   -9.   -5.   -4.
   -3.   -3.   -3.   -2.   -2.   -2.   -1.    0.    0.    1.    2.    4.
    6.    9.    9.   10.   12.   13.   13.   13.   15.   15.   21.   22.
   24.   28.   37.   39.   42.   44.   46.   55.   56.   59.   62.   67.
   67.   68.   69.   69.   69.   72.   72.   80.   88.   94.   94.   95.
   95.   98.   99.  100.][-96. -93. -92. -90. -90. -80. -78. -75. -73. -70. -70. -65. -63. -62.
 -62. -57. -55. -54. -51. -48. -45. -43. -43. -42. -39. -39. -37. -36.
 -36. -35. -29. -26. -26. -23. -19. -18. -18. -13. -11. -10. -10.  -9.
  -9.  -7.  -4.  -1.   1.   3.  12.  15.  15.  16.  20.  20.  20.  23.
  23.  24.  25.  27.  28.  28.  33.  36.  36.  36.  37.  40.  41.  41.
  41.  45.  47.  48.  48.  49.  52.  53.  55.  60.  66.  73.  75.  76.
  78.  81.  83.  85.  87.  87.  90.  91.  91.  91.  93.  93.  97.  98.
  98. 100.][-100. -100.  -97.  -97.  -96.  -95.  -93.  -92.  -92.  -92.  -91.  -88.
  -83.  -82.  -78.  -77.  -76.  -75.  -73.  -69.  -67.  -61.  -55.  -55.
  -52.  -51.  -50.  -50.  -45.  -45.  -42.  -42.  -42.  -37.  -35.  -34.
  -34.  -33.  -32.  -31.  -31.  -30.  -29.  -29.  -29.  -28.  -28.  -23.
  -20.  -19.  -19.  -12.  -10.   -9.   -5.   -5.   -4.   -4.   -3.   -1.
    4.    6.    9.   10.   12.   21.   25.   31.   35.   36.   36.   37.
   42.   46.   46.   47.   49.   49.   49.   49.   52.   53.   53.   55.
   58.   58.   61.   61.   63.   65.   73.   75.   75.   82.   85.   88.
   91.   92.   96.   98.][-99. -98. -96. -95. -92. -92. -88. -84. -81. -72. -72. -67. -66. -66.
 -65. -65. -63. -62. -62. -59. -59. -57. -56. -55. -53. -50. -50. -45.
 -44. -44. -43. -42. -41. -39. -36. -36. -35. -31. -31. -28. -28. -27.
 -25. -25. -19. -17. -17. -15. -11.  -8.  -8.  -6.  -4.  -4.  -3.   5.
  11.  14.  17.  17.  19.  22.  23.  25.  29.  29.  30.  31.  37.  42.
  46.  46.  47.  47.  54.  54.  57.  59.  62.  63.  67.  70.  70.  72.
  72.  73.  74.  74.  75.  83.  83.  85.  86.  87.  87.  94.  94.  95.
  97. 100.][-99. -98. -96. -95. -95. -94. -93. -91. -87. -87. -86. -85. -83. -77.
 -73. -70. -66. -60. -56. -52. -52. -51. -51. -48. -48. -47. -42. -36.
 -32. -32. -26. -19. -19. -18. -18. -17. -16. -11. -11.  -7.  -6.  -5.
  -4.  -2.  -1.   1.   3.   4.   7.  16.  17.  18.  22.  25.  26.  30.
  30.  31.  32.  34.  35.  37.  38.  39.  40.  40.  42.  43.  45.  45.
  46.  48.  51.  56.  57.  57.  58.  59.  60.  66.  67.  68.  73.  75.
  79.  84.  87.  87.  88.  88.  90.  91.  94.  94.  94.  94.  95.  95.
  96.  98.][-100.  -98.  -97.  -96.  -96.  -94.  -93.  -92.  -91.  -90.  -89.  -87.
  -81.  -78.  -76.  -75.  -74.  -73.  -68.  -68.  -63.  -61.  -58.  -57.
  -52.  -52.  -50.  -49.  -49.  -47.  -46.  -41.  -38.  -34.  -32.  -31.
  -31.  -22.  -19.  -18.  -18.  -17.  -14.   -8.   -7.   -3.   -2.   -2.
   -1.   -1.    7.    7.    7.    8.   10.   10.   11.   12.   12.   13.
   13.   13.   15.   20.   21.   22.   23.   24.   33.   33.   36.   36.
   47.   47.   50.   51.   53.   57.   60.   63.   64.   65.   70.   71.
   74.   77.   79.   82.   82.   86.   90.   90.   90.   92.   94.   94.
   95.   96.   97.   99.][-98. -92. -90. -90. -89. -85. -83. -82. -81. -78. -75. -72. -71. -71.
 -71. -70. -70. -65. -62. -60. -56. -52. -49. -49. -49. -46. -43. -41.
 -38. -37. -37. -35. -34. -31. -30. -27. -26. -25. -20. -20. -20. -18.
 -17. -15. -10. -10.  -5.  -3.  -1.   7.   8.  10.  11.  14.  14.  14.
  17.  17.  19.  21.  22.  26.  26.  26.  30.  36.  37.  42.  42.  43.
  43.  44.  45.  45.  46.  47.  49.  49.  49.  51.  52.  53.  54.  55.
  56.  60.  61.  62.  63.  66.  70.  71.  71.  74.  83.  84.  90.  91.
  91.  99.][-99. -96. -95. -92. -91. -89. -85. -79. -76. -72. -71. -69. -68. -67.
 -66. -64. -62. -60. -60. -58. -58. -54. -54. -51. -51. -51. -48. -45.
 -44. -43. -41. -38. -36. -35. -33. -32. -31. -30. -28. -27. -24. -21.
 -19. -18. -16. -15. -13.  -7.  -5.  -2.   3.   4.   4.   6.   8.   9.
  12.  13.  14.  16.  20.  21.  27.  30.  33.  40.  40.  43.  44.  47.
  48.  49.  49.  50.  51.  52.  53.  54.  58.  63.  66.  70.  74.  78.
  79.  80.  83.  87.  89.  89.  89.  89.  91.  91.  92.  94.  98.  98.
  99. 100.][-100.  -99.  -96.  -95.  -95.  -93.  -87.  -83.  -80.  -79.  -78.  -74.
  -73.  -71.  -71.  -70.  -70.  -68.  -68.  -67.  -61.  -58.  -57.  -56.
  -56.  -55.  -55.  -55.  -54.  -54.  -49.  -47.  -46.  -46.  -41.  -36.
  -34.  -34.  -32.  -32.  -31.  -28.  -26.  -25.  -22.  -22.  -19.  -17.
  -16.  -16.  -15.  -15.  -14.  -13.  -11.   -6.   -5.   -4.   -2.   -1.
    4.   10.   12.   14.   17.   21.   23.   23.   24.   29.   32.   33.
   33.   34.   37.   39.   40.   41.   41.   48.   48.   50.   51.   52.
   53.   57.   58.   58.   59.   59.   63.   63.   71.   72.   78.   85.
   85.   88.   89.   98.][-100.  -98.  -97.  -94.  -89.  -88.  -84.  -82.  -82.  -82.  -81.  -79.
  -77.  -73.  -72.  -70.  -70.  -69.  -69.  -64.  -64.  -62.  -57.  -53.
  -53.  -52.  -52.  -51.  -51.  -49.  -49.  -48.  -45.  -43.  -42.  -40.
  -38.  -33.  -26.  -22.  -21.  -20.  -19.  -16.  -14.  -10.   -6.   -4.
   -2.    0.    1.    2.    3.    5.    8.    9.   10.   12.   14.   19.
   21.   22.   26.   29.   30.   31.   33.   41.   43.   43.   43.   45.
   48.   50.   52.   56.   57.   61.   62.   62.   63.   64.   67.   70.
   73.   73.   73.   80.   83.   83.   84.   85.   89.   90.   91.   93.
   96.  100.  100.  100.][-99. -94. -93. -91. -91. -88. -87. -85. -80. -79. -77. -73. -65. -65.
 -64. -63. -63. -60. -57. -55. -54. -52. -50. -47. -47. -46. -44. -44.
 -43. -41. -39. -39. -36. -35. -33. -31. -27. -27. -26. -25. -25. -25.
 -21. -18. -16. -14. -12. -11.  -8.  -6.  -5.   0.   1.   4.   7.   8.
   8.  10.  13.  13.  15.  16.  18.  19.  19.  24.  30.  31.  38.  40.
  41.  49.  55.  58.  59.  60.  61.  61.  65.  69.  69.  69.  71.  73.
  74.  76.  76.  78.  79.  79.  80.  82.  87.  87.  88.  89.  89.  95.
  97.  99.][-98. -94. -94. -94. -92. -92. -91. -89. -89. -88. -88. -85. -80. -79.
 -78. -77. -77. -73. -72. -67. -66. -66. -64. -61. -60. -56. -55. -54.
 -53. -52. -52. -51. -51. -49. -49. -48. -43. -43. -40. -37. -37. -36.
 -36. -34. -33. -30. -28. -27. -27. -14. -12. -10.  -9.  -8.  -6.  -5.
  -3.   4.   8.  18.  19.  24.  30.  30.  36.  36.  38.  40.  47.  49.
  49.  53.  53.  54.  55.  56.  58.  64.  64.  65.  67.  70.  71.  72.
  72.  77.  78.  82.  83.  83.  86.  87.  90.  93.  95.  96.  97.  97.
 100. 100.][-100.  -98.  -94.  -92.  -90.  -88.  -85.  -84.  -83.  -83.  -81.  -80.
  -79.  -76.  -76.  -76.  -74.  -74.  -72.  -71.  -68.  -68.  -67.  -65.
  -63.  -60.  -56.  -56.  -55.  -55.  -54.  -52.  -50.  -49.  -46.  -45.
  -44.  -43.  -43.  -42.  -41.  -26.  -25.  -25.  -23.  -21.  -21.  -12.
  -11.   -8.   -4.   -1.    0.    5.    9.   12.   12.   13.   14.   14.
   16.   16.   17.   19.   25.   35.   35.   37.   40.   42.   47.   51.
   51.   55.   56.   57.   58.   60.   60.   64.   69.   69.   70.   75.
   75.   76.   78.   81.   81.   81.   85.   85.   89.   89.   95.   96.
   98.   99.   99.  100.][-96. -96. -94. -91. -90. -90. -90. -85. -85. -84. -80. -80. -71. -71.
 -71. -68. -63. -61. -61. -59. -58. -58. -56. -55. -52. -52. -48. -46.
 -44. -44. -41. -41. -39. -38. -38. -38. -36. -28. -28. -28. -27. -22.
 -22. -21. -20. -17. -17. -14. -13. -12.  -9.  -4.  -2.   0.   1.   3.
   4.   5.   7.  11.  22.  25.  30.  31.  31.  36.  38.  39.  42.  43.
  48.  48.  50.  54.  56.  59.  59.  60.  62.  64.  65.  66.  69.  72.
  75.  75.  78.  79.  82.  82.  85.  86.  86.  90.  91.  92.  92.  94.
  96.  96.][-97. -96. -93. -92. -89. -85. -83. -82. -82. -82. -81. -77. -76. -73.
 -73. -71. -67. -64. -63. -62. -59. -57. -57. -56. -55. -55. -53. -52.
 -49. -48. -47. -45. -43. -42. -40. -38. -32. -30. -28. -26. -25. -25.
 -22. -18. -10. -10.  -8.  -7.  -6.  -6.  -6.  -5.  -1.   0.   2.   3.
   6.   8.   8.  10.  11.  13.  13.  19.  21.  21.  21.  25.  26.  27.
  29.  29.  30.  30.  31.  40.  43.  44.  44.  49.  51.  56.  57.  58.
  70.  71.  72.  73.  73.  74.  75.  78.  83.  85.  87.  88.  88.  95.
  97.  98.][-100.  -96.  -93.  -92.  -92.  -92.  -90.  -89.  -88.  -86.  -84.  -81.
  -77.  -70.  -67.  -67.  -66.  -65.  -62.  -62.  -60.  -59.  -56.  -55.
  -52.  -50.  -48.  -43.  -39.  -38.  -35.  -33.  -32.  -29.  -28.  -25.
  -24.  -23.  -21.  -21.  -14.  -13.  -11.  -11.  -10.   -6.   -1.   -1.
    0.    0.    1.    3.    3.    7.   14.   14.   16.   16.   23.   26.
   27.   30.   31.   31.   31.   34.   37.   38.   41.   42.   42.   43.
   43.   50.   50.   52.   54.   55.   61.   61.   61.   64.   67.   67.
   69.   74.   79.   79.   83.   84.   84.   88.   90.   94.   95.   96.
   97.   97.   99.  100.][-99. -97. -93. -93. -92. -90. -88. -87. -86. -85. -83. -83. -79. -79.
 -78. -77. -76. -76. -76. -72. -68. -67. -66. -62. -61. -59. -58. -55.
 -52. -45. -44. -44. -41. -36. -26. -26. -19. -18. -16. -15. -15. -15.
 -14. -12. -11.  -9.  -4.  -4.  -3.  -2.  -2.   0.   0.   2.   3.   4.
   6.  10.  11.  15.  16.  26.  32.  33.  36.  36.  37.  38.  41.  47.
  48.  49.  54.  57.  58.  58.  62.  63.  65.  65.  65.  65.  66.  66.
  67.  67.  71.  71.  75.  75.  78.  83.  86.  88.  89.  89.  91.  96.
  98.  98.][-97. -95. -94. -90. -89. -87. -85. -83. -77. -76. -72. -72. -69. -68.
 -67. -66. -65. -62. -60. -59. -55. -54. -54. -49. -47. -47. -47. -45.
 -44. -44. -43. -40. -39. -38. -37. -36. -36. -31. -30. -28. -28. -26.
 -24. -22. -21. -20. -17. -14. -14.  -6.  -4.  -3.   4.   5.  11.  12.
  13.  18.  24.  26.  28.  32.  32.  32.  33.  35.  37.  38.  39.  46.
  49.  49.  52.  52.  54.  55.  56.  56.  56.  58.  61.  62.  64.  67.
  68.  70.  71.  73.  74.  76.  80.  82.  83.  84.  85.  90.  92.  93.
  94.  96.][-100.  -96.  -96.  -95.  -94.  -92.  -90.  -89.  -88.  -83.  -82.  -81.
  -80.  -80.  -77.  -70.  -68.  -67.  -66.  -63.  -63.  -61.  -59.  -57.
  -57.  -53.  -51.  -47.  -46.  -46.  -43.  -43.  -36.  -35.  -31.  -27.
  -23.  -21.  -16.  -14.  -13.  -12.  -12.   -7.   -2.   -2.   -2.   -1.
    1.    2.   11.   12.   14.   15.   16.   20.   22.   23.   23.   26.
   27.   28.   32.   33.   34.   38.   40.   44.   46.   46.   46.   46.
   48.   49.   51.   51.   52.   53.   56.   59.   65.   66.   69.   71.
   72.   74.   75.   77.   77.   77.   80.   80.   80.   90.   90.   90.
   96.   97.   98.   98.][-100.  -97.  -94.  -93.  -93.  -92.  -89.  -87.  -87.  -86.  -81.  -78.
  -77.  -75.  -74.  -72.  -69.  -69.  -68.  -67.  -63.  -59.  -58.  -57.
  -56.  -55.  -55.  -51.  -51.  -51.  -50.  -50.  -46.  -44.  -43.  -42.
  -40.  -39.  -35.  -32.  -30.  -28.  -27.  -26.  -22.  -20.  -18.  -17.
  -14.  -13.  -11.  -10.   -8.   -8.   -7.   -7.   -4.   -3.   -1.    0.
    2.    3.    7.    8.    8.   13.   17.   25.   33.   34.   35.   36.
   38.   39.   43.   46.   48.   51.   51.   53.   57.   60.   64.   65.
   65.   67.   68.   69.   73.   74.   78.   80.   80.   80.   84.   86.
   91.   96.   97.  100.][-99. -99. -98. -96. -95. -94. -90. -89. -87. -84. -84. -79. -77. -75.
 -74. -71. -68. -66. -65. -64. -64. -64. -62. -54. -53. -50. -48. -43.
 -39. -39. -38. -36. -36. -33. -30. -26. -25. -24. -21. -20. -15. -14.
 -13. -12. -10. -10.  -5.  -4.  -1.   1.   4.   6.   9.  11.  18.  19.
  20.  21.  23.  24.  30.  34.  39.  42.  43.  43.  44.  45.  45.  46.
  47.  47.  47.  49.  52.  55.  62.  64.  64.  64.  66.  67.  67.  71.
  71.  71.  75.  77.  81.  84.  85.  85.  87.  88.  88.  91.  94.  97.
  98.  99.][-97. -97. -95. -88. -87. -86. -85. -81. -80. -80. -80. -80. -79. -78.
 -75. -75. -72. -71. -66. -61. -52. -52. -51. -49. -49. -47. -46. -38.
 -36. -36. -33. -29. -26. -24. -22. -21. -18. -16. -14. -13.  -9.  -7.
  -6.  -5.  -4.  -4.   0.   2.   5.   5.   8.   8.  10.  11.  13.  14.
  16.  17.  20.  22.  23.  28.  32.  33.  35.  36.  37.  42.  44.  44.
  49.  53.  53.  57.  57.  57.  57.  59.  60.  60.  60.  61.  65.  65.
  68.  68.  69.  71.  72.  75.  76.  76.  77.  77.  84.  88.  91.  92.
  96. 100.][-100.  -99.  -95.  -95.  -94.  -85.  -85.  -84.  -80.  -80.  -77.  -77.
  -75.  -67.  -64.  -63.  -63.  -63.  -60.  -60.  -60.  -57.  -53.  -51.
  -50.  -49.  -47.  -43.  -40.  -40.  -40.  -36.  -33.  -32.  -32.  -31.
  -29.  -28.  -25.  -25.  -22.  -16.  -16.  -14.  -10.  -10.  -10.   -7.
   -5.   -2.   -2.    0.    3.    5.    6.   10.   11.   12.   12.   13.
   13.   14.   18.   20.   25.   27.   28.   29.   30.   32.   36.   37.
   38.   42.   43.   52.   53.   55.   56.   60.   62.   64.   65.   66.
   68.   70.   71.   71.   75.   75.   76.   77.   80.   84.   85.   86.
   89.   90.   97.  100.][-99. -97. -96. -95. -94. -93. -85. -81. -78. -76. -76. -73. -73. -72.
 -70. -68. -64. -63. -59. -57. -57. -56. -49. -42. -40. -39. -37. -37.
 -37. -34. -33. -33. -32. -32. -32. -32. -32. -30. -27. -26. -25. -17.
 -16. -14. -13. -11. -10.  -8.  -7.  -7.  -4.  -3.  -1.   5.   6.   6.
   7.   8.  10.  15.  17.  19.  20.  20.  23.  23.  24.  27.  29.  31.
  32.  35.  36.  38.  40.  40.  42.  46.  46.  49.  53.  55.  57.  61.
  62.  62.  66.  69.  72.  75.  75.  79.  80.  86.  87.  88.  88.  88.
  89.  90.][-99. -96. -92. -92. -92. -86. -85. -85. -79. -78. -78. -77. -68. -68.
 -66. -62. -61. -49. -48. -45. -38. -35. -32. -29. -28. -24. -23. -22.
 -19. -16. -16. -16. -12. -11. -11. -11. -10.  -5.  -3.  -2.   6.   8.
  11.  13.  13.  13.  13.  19.  20.  21.  24.  25.  30.  33.  33.  42.
  43.  44.  45.  49.  52.  53.  53.  53.  54.  55.  55.  55.  57.  57.
  58.  59.  60.  61.  64.  64.  66.  68.  69.  70.  71.  72.  72.  74.
  80.  80.  80.  80.  84.  84.  85.  88.  89.  90.  90.  91.  92.  93.
  99.  99.][-99. -97. -97. -96. -96. -94. -87. -86. -86. -85. -84. -82. -81. -81.
 -81. -79. -78. -67. -67. -66. -65. -65. -64. -64. -62. -61. -60. -58.
 -54. -54. -52. -47. -46. -44. -44. -43. -42. -41. -37. -28. -27. -23.
 -23. -22. -20. -17. -17. -14. -13. -13. -10.  -3.   0.   2.   3.   3.
   3.   6.   6.   8.   8.  24.  24.  24.  26.  26.  28.  28.  30.  30.
  33.  45.  49.  51.  52.  55.  57.  58.  61.  61.  62.  64.  64.  71.
  77.  77.  78.  79.  80.  80.  82.  82.  84.  88.  89.  91.  91.  92.
  93.  94.][-99. -97. -92. -90. -89. -82. -78. -75. -74. -73. -71. -68. -66. -66.
 -62. -60. -57. -51. -49. -43. -38. -33. -32. -31. -28. -28. -22. -22.
 -21. -20. -19. -19. -18. -18. -14. -10. -10.  -9.  -8.  -5.  -4.  -4.
  -3.  -2.  -2.   0.   0.   1.   1.   1.   2.   2.   5.   6.   7.   8.
  14.  16.  16.  21.  23.  27.  28.  28.  30.  31.  37.  38.  43.  44.
  47.  48.  50.  51.  51.  53.  54.  54.  54.  55.  57.  62.  65.  70.
  71.  71.  74.  76.  77.  78.  79.  81.  86.  87.  88.  90.  90.  91.
  92. 100.][-100.  -97.  -96.  -93.  -91.  -90.  -90.  -89.  -84.  -84.  -79.  -78.
  -75.  -74.  -73.  -72.  -71.  -70.  -69.  -66.  -66.  -61.  -59.  -54.
  -53.  -51.  -49.  -47.  -47.  -45.  -44.  -42.  -41.  -34.  -33.  -33.
  -29.  -28.  -25.  -25.  -20.  -17.  -15.  -10.  -10.   -9.   -5.   -3.
   -3.   -3.   -2.    0.    1.    2.    2.    9.   11.   11.   11.   14.
   24.   25.   25.   26.   28.   28.   30.   32.   34.   34.   40.   45.
   47.   47.   48.   49.   52.   52.   54.   55.   55.   55.   57.   59.
   61.   62.   65.   66.   68.   82.   82.   84.   84.   84.   85.   87.
   90.   94.   94.   97.][-100.  -99.  -98.  -96.  -92.  -90.  -87.  -84.  -84.  -80.  -80.  -73.
  -67.  -66.  -65.  -65.  -62.  -61.  -61.  -60.  -60.  -59.  -50.  -50.
  -47.  -47.  -39.  -37.  -33.  -33.  -29.  -27.  -25.  -25.  -22.  -22.
  -20.  -18.  -14.  -12.  -11.  -11.  -10.   -9.   -7.   -5.   -4.   -3.
   -2.   -1.    2.    3.    4.    7.    8.    9.   10.   10.   11.   15.
   15.   17.   17.   18.   19.   20.   25.   27.   28.   30.   31.   33.
   33.   34.   35.   38.   40.   41.   44.   46.   47.   47.   48.   51.
   51.   52.   58.   61.   63.   69.   69.   71.   74.   75.   81.   92.
   94.   96.   96.   97.][-97. -97. -93. -91. -91. -89. -89. -85. -77. -77. -76. -76. -75. -74.
 -73. -67. -65. -64. -60. -59. -55. -55. -49. -47. -46. -43. -37. -36.
 -35. -33. -29. -28. -26. -25. -25. -24. -24. -23. -21. -17. -13. -12.
 -12. -10.   1.   2.   2.   2.   4.   4.  15.  18.  18.  19.  19.  21.
  22.  23.  23.  24.  26.  26.  28.  30.  31.  33.  33.  36.  36.  40.
  40.  41.  42.  50.  54.  55.  57.  58.  58.  59.  59.  61.  62.  65.
  66.  70.  73.  74.  74.  76.  83.  83.  84.  85.  89.  91.  96.  98.
  98.  99.][-97. -95. -95. -95. -94. -93. -92. -85. -81. -79. -79. -79. -76. -66.
 -66. -64. -63. -56. -55. -52. -50. -50. -49. -47. -40. -39. -31. -31.
 -29. -26. -25. -22. -21. -20. -20. -18. -17. -14. -14. -13. -10.  -9.
  -9.  -8.  -6.  -5.  -4.  -4.   0.   0.   1.   1.   2.   3.   5.   5.
   7.  12.  14.  18.  19.  26.  29.  35.  36.  36.  40.  43.  55.  55.
  57.  57.  57.  58.  60.  61.  62.  62.  63.  64.  64.  64.  65.  68.
  68.  73.  79.  80.  85.  87.  88.  88.  89.  90.  90.  91.  93.  94.
  95.  95.][-100.  -96.  -94.  -93.  -92.  -91.  -90.  -89.  -77.  -76.  -75.  -73.
  -70.  -63.  -62.  -61.  -58.  -58.  -54.  -53.  -48.  -42.  -40.  -34.
  -32.  -31.  -31.  -29.  -27.  -27.  -27.  -26.  -22.  -21.  -20.  -20.
  -18.  -18.  -17.  -14.  -13.   -7.    0.    1.    2.    5.    7.    7.
    7.    7.    8.   10.   12.   12.   15.   18.   19.   20.   22.   22.
   24.   24.   29.   30.   35.   37.   39.   41.   44.   48.   48.   48.
   51.   52.   53.   53.   60.   60.   61.   62.   65.   66.   66.   68.
   69.   70.   70.   70.   71.   74.   74.   75.   78.   78.   79.   80.
   81.   83.   88.   89.][-100.  -99.  -99.  -97.  -97.  -94.  -91.  -90.  -89.  -88.  -88.  -81.
  -80.  -78.  -78.  -78.  -76.  -73.  -64.  -64.  -64.  -64.  -64.  -61.
  -56.  -54.  -54.  -49.  -47.  -46.  -45.  -43.  -42.  -40.  -37.  -34.
  -33.  -33.  -27.  -26.  -22.  -21.  -16.  -11.  -10.   -6.   -6.   -4.
   -3.   -2.    0.   11.   12.   13.   14.   21.   21.   22.   24.   29.
   29.   32.   32.   33.   40.   42.   46.   49.   50.   51.   56.   59.
   59.   64.   65.   65.   66.   67.   67.   69.   69.   70.   73.   73.
   73.   75.   76.   78.   78.   82.   86.   87.   88.   93.   95.   96.
   97.  100.  100.  100.][-99. -91. -86. -86. -86. -85. -83. -83. -82. -79. -74. -73. -72. -68.
 -67. -67. -61. -59. -58. -58. -57. -57. -53. -53. -44. -41. -36. -31.
 -30. -28. -26. -23. -23. -18. -16. -16. -15. -12. -11.  -9.  -8.  -8.
  -5.  -3.  -1.   2.   3.   4.   4.   6.   7.   7.   8.  12.  15.  17.
  22.  24.  24.  27.  29.  29.  30.  32.  35.  39.  39.  40.  41.  44.
  44.  47.  49.  52.  60.  61.  61.  63.  66.  67.  69.  69.  69.  75.
  76.  76.  79.  79.  80.  80.  84.  84.  85.  91.  92.  93.  93.  93.
  95.  96.][-100.  -96.  -92.  -92.  -89.  -88.  -86.  -84.  -81.  -81.  -80.  -79.
  -78.  -76.  -75.  -74.  -73.  -66.  -66.  -65.  -64.  -60.  -55.  -54.
  -53.  -51.  -51.  -50.  -49.  -48.  -47.  -45.  -44.  -44.  -41.  -39.
  -38.  -35.  -30.  -26.  -24.  -17.   -9.   -6.    0.    4.    5.    6.
    8.   12.   13.   13.   13.   14.   15.   20.   22.   22.   27.   28.
   30.   35.   36.   38.   38.   41.   41.   43.   45.   46.   49.   50.
   52.   52.   53.   55.   59.   62.   64.   65.   65.   66.   69.   70.
   70.   71.   75.   75.   76.   77.   79.   80.   85.   88.   91.   92.
   92.   93.   94.   97.][-100.  -95.  -91.  -83.  -82.  -82.  -78.  -77.  -77.  -74.  -73.  -71.
  -70.  -69.  -68.  -65.  -61.  -61.  -60.  -59.  -59.  -58.  -57.  -55.
  -54.  -51.  -50.  -49.  -44.  -44.  -43.  -39.  -38.  -38.  -34.  -33.
  -32.  -28.  -28.  -27.  -27.  -24.  -23.  -18.  -16.  -13.  -10.  -10.
   -7.   -7.   -7.   -4.   -2.   -1.    0.    2.    4.    7.    7.    7.
   10.   19.   24.   27.   29.   37.   40.   41.   43.   47.   47.   50.
   51.   52.   55.   57.   59.   61.   62.   63.   65.   67.   67.   68.
   74.   76.   77.   79.   85.   85.   89.   89.   89.   90.   91.   92.
   94.   94.   95.  100.][-98. -98. -97. -94. -91. -88. -87. -87. -86. -85. -85. -81. -79. -72.
 -71. -68. -68. -67. -67. -64. -60. -57. -55. -54. -54. -50. -49. -48.
 -47. -45. -42. -39. -36. -34. -34. -33. -29. -24. -23. -20. -17. -15.
 -15. -10.  -8.  -7.  -5.  -3.  -2.  -1.   2.   5.   9.  10.  11.  14.
  15.  16.  17.  17.  19.  21.  24.  24.  27.  29.  32.  36.  38.  39.
  40.  42.  43.  43.  44.  44.  46.  49.  53.  55.  57.  59.  61.  61.
  65.  65.  67.  67.  71.  76.  76.  80.  82.  86.  86.  95.  97.  98.
  98. 100.][-98. -96. -94. -93. -90. -90. -89. -88. -86. -83. -77. -76. -74. -73.
 -71. -70. -69. -65. -65. -54. -54. -53. -50. -49. -47. -46. -44. -42.
 -38. -37. -37. -36. -33. -30. -28. -26. -26. -25. -22. -21. -20. -20.
 -17. -13. -10. -10.  -8.  -7.  -3.  -2.  -2.  -1.  -1.   1.   1.   4.
   4.   5.  12.  17.  18.  21.  21.  24.  29.  30.  33.  35.  35.  37.
  41.  45.  47.  52.  54.  55.  58.  59.  59.  61.  61.  65.  67.  68.
  68.  71.  72.  72.  73.  74.  81.  81.  81.  86.  88.  89.  95.  96.
  98. 100.][-100.  -98.  -97.  -93.  -93.  -92.  -92.  -90.  -90.  -88.  -87.  -87.
  -82.  -78.  -77.  -73.  -72.  -71.  -69.  -68.  -67.  -66.  -65.  -63.
  -62.  -62.  -58.  -57.  -57.  -54.  -51.  -50.  -49.  -49.  -47.  -47.
  -47.  -44.  -41.  -40.  -39.  -38.  -33.  -33.  -31.  -31.  -28.  -25.
  -22.  -21.  -20.  -17.  -14.  -10.   -3.   -2.    0.    5.    7.   10.
   11.   15.   16.   16.   18.   26.   26.   27.   28.   29.   29.   31.
   38.   38.   41.   46.   47.   50.   53.   53.   60.   61.   64.   67.
   72.   74.   74.   76.   80.   86.   89.   89.   91.   92.   95.   96.
   96.   96.   97.  100.][-98. -96. -95. -93. -92. -91. -87. -86. -83. -81. -80. -79. -78. -78.
 -78. -77. -75. -73. -70. -68. -66. -63. -61. -60. -58. -57. -56. -56.
 -52. -51. -50. -50. -48. -48. -47. -46. -44. -43. -41. -40. -36. -35.
 -34. -34. -33. -27. -26. -26. -25. -24. -19. -14. -14. -14. -13. -12.
  -8.  -4.   2.   7.   9.  10.  11.  13.  17.  21.  24.  25.  26.  26.
  27.  29.  32.  36.  38.  41.  43.  47.  48.  48.  50.  54.  54.  54.
  55.  56.  57.  57.  57.  59.  62.  65.  68.  73.  76.  80.  88.  90.
  99.  99.][-99. -98. -97. -95. -94. -89. -86. -86. -86. -83. -78. -76. -71. -68.
 -68. -67. -65. -63. -62. -59. -58. -57. -53. -52. -50. -45. -45. -43.
 -43. -40. -32. -27. -27. -22. -19. -19. -17. -17. -16. -15. -15. -13.
 -13. -11. -10.  -9.  -7.  -6.  -6.  -4.  -2.  -2.   0.   2.   3.   3.
   4.   5.   6.   6.   8.  15.  18.  20.  29.  30.  31.  31.  37.  42.
  43.  44.  45.  45.  45.  52.  54.  57.  58.  58.  58.  65.  67.  70.
  71.  72.  79.  80.  81.  84.  87.  87.  89.  89.  91.  91.  96.  97.
  99. 100.][-99. -98. -96. -95. -93. -91. -90. -88. -85. -84. -84. -84. -83. -83.
 -80. -80. -74. -70. -70. -67. -64. -64. -64. -62. -60. -58. -58. -55.
 -54. -52. -47. -41. -40. -39. -38. -37. -37. -35. -34. -31. -29. -28.
 -28. -27. -27. -21. -20. -16.  -9.  -5.  -5.   0.   1.   7.   8.  10.
  12.  12.  14.  18.  20.  23.  24.  27.  27.  27.  27.  28.  31.  31.
  34.  36.  39.  41.  47.  52.  59.  60.  60.  62.  63.  63.  64.  67.
  68.  71.  73.  77.  78.  78.  78.  79.  79.  85.  85.  87.  87.  89.
  95.  98.][-100. -100.  -98.  -95.  -93.  -92.  -89.  -89.  -86.  -83.  -81.  -75.
  -74.  -73.  -71.  -71.  -67.  -65.  -64.  -63.  -63.  -61.  -61.  -60.
  -59.  -56.  -53.  -51.  -50.  -48.  -44.  -43.  -42.  -38.  -38.  -35.
  -28.  -28.  -27.  -24.  -21.  -20.  -13.  -13.  -10.   -8.   -7.   -4.
   -2.    0.    3.   10.   10.   14.   18.   19.   19.   21.   23.   25.
   26.   31.   32.   34.   36.   37.   37.   47.   47.   50.   51.   52.
   52.   53.   56.   56.   57.   62.   64.   64.   65.   66.   67.   68.
   68.   72.   73.   75.   75.   75.   76.   78.   80.   81.   86.   88.
   89.   95.   99.  100.][-96. -91. -91. -91. -90. -86. -82. -77. -76. -76. -75. -75. -75. -73.
 -71. -69. -68. -67. -65. -64. -58. -55. -55. -55. -54. -52. -51. -50.
 -49. -48. -43. -41. -40. -39. -39. -36. -35. -35. -35. -34. -33. -33.
 -32. -30. -30. -30. -28. -26. -24. -22. -21. -16. -11. -10.  -7.   0.
   1.   3.   4.   4.   4.   5.   8.  13.  16.  16.  23.  28.  29.  31.
  32.  35.  37.  37.  38.  40.  43.  45.  46.  48.  50.  51.  55.  55.
  55.  57.  57.  59.  60.  61.  64.  65.  66.  81.  82.  83.  84.  91.
  93.  98.][-100.  -99.  -99.  -94.  -94.  -92.  -91.  -90.  -89.  -88.  -83.  -83.
  -83.  -79.  -76.  -75.  -74.  -74.  -73.  -70.  -66.  -65.  -60.  -56.
  -55.  -54.  -54.  -54.  -53.  -51.  -50.  -46.  -45.  -41.  -37.  -32.
  -30.  -30.  -29.  -28.  -24.  -20.  -19.  -18.  -11.   -7.   -6.   -4.
   -4.   -1.    2.    5.    6.    6.    7.   14.   17.   23.   24.   27.
   29.   30.   30.   30.   32.   33.   33.   35.   36.   36.   36.   37.
   38.   42.   45.   47.   49.   54.   56.   57.   57.   59.   63.   67.
   70.   71.   76.   77.   78.   80.   81.   84.   87.   88.   90.   91.
   92.   92.   94.  100.]