[-100.  -98.  -96.  -93.  -92.  -90.  -90.  -88.  -81.  -81.  -80.  -80.
  -77.  -75.  -75.  -74.  -70.  -69.  -68.  -68.  -65.  -65.  -54.  -52.
  -51.  -47.  -46.  -42.  -40.  -40.  -37.  -37.  -37.  -34.  -26.  -25.
  -16.  -12.  -11.   -9.   -6.   -4.   -2.   -1.   -1.    2.    4.    6.
    7.   11.   13.   21.   24.   24.   29.   31.   33.   35.   35.   38.
   40.   41.   48.   48.   49.   52.   53.   54.   58.   58.   59.   61.
   61.   62.   64.   67.   67.   67.   67.   71.   74.   76.   77.   77.
   78.   79.   79.   80.   83.   85.   86.   89.   90.   91.   94.   95.
   96.   97.   98.  100.][-100.  -96.  -95.  -93.  -91.  -90.  -90.  -79.  -76.  -76.  -74.  -74.
  -73.  -72.  -72.  -71.  -69.  -67.  -64.  -63.  -59.  -56.  -56.  -55.
  -55.  -47.  -47.  -44.  -43.  -40.  -34.  -34.  -33.  -32.  -31.  -31.
  -29.  -29.  -25.  -23.  -23.  -22.  -20.  -19.  -18.  -18.  -17.  -17.
  -16.  -14.  -12.   -9.   -8.   -7.   -2.   -1.    0.    2.    4.    6.
    8.   10.   10.   12.   13.   16.   23.   23.   29.   30.   32.   36.
   40.   42.   42.   44.   44.   46.   52.   54.   55.   55.   55.   57.
   62.   62.   69.   72.   76.   76.   78.   83.   88.   90.   96.   96.
   96.   98.   99.   99.][-99. -98. -98. -93. -88. -86. -85. -82. -82. -80. -80. -79. -76. -74.
 -74. -73. -68. -66. -65. -65. -64. -63. -60. -59. -58. -57. -57. -55.
 -53. -46. -43. -43. -39. -35. -33. -28. -27. -26. -21. -18. -18. -17.
 -16. -14.  -9.  -8.  -7.   0.   0.   1.   2.   4.  10.  15.  17.  18.
  19.  22.  22.  23.  27.  27.  32.  32.  34.  37.  42.  50.  52.  56.
  56.  56.  57.  64.  64.  69.  71.  71.  71.  74.  74.  79.  82.  82.
  82.  82.  82.  83.  84.  87.  88.  88.  89.  93.  96.  96.  97.  98.
  99. 100.][-97. -97. -94. -94. -94. -93. -93. -83. -82. -81. -77. -76. -76. -72.
 -66. -65. -63. -62. -60. -58. -56. -53. -53. -52. -51. -48. -48. -46.
 -41. -40. -37. -36. -28. -20. -20. -20. -20. -15. -14. -12.  -4.  -3.
   1.   1.   2.   6.   7.   9.  10.  12.  13.  14.  14.  15.  17.  20.
  21.  22.  26.  30.  30.  32.  33.  34.  35.  37.  48.  51.  52.  52.
  53.  55.  57.  62.  63.  64.  64.  65.  65.  66.  68.  70.  70.  70.
  74.  77.  77.  81.  82.  82.  85.  86.  87.  88.  88.  91.  94.  94.
  98.  99.][-96. -94. -91. -87. -83. -83. -81. -79. -72. -71. -70. -69. -69. -67.
 -65. -63. -58. -53. -47. -46. -46. -42. -41. -33. -33. -32. -31. -30.
 -28. -26. -26. -26. -26. -26. -24. -23. -22. -22. -18. -13. -13. -12.
 -11.  -3.   1.   1.   2.   3.   4.   6.   7.   8.  11.  17.  19.  21.
  22.  23.  26.  26.  28.  30.  32.  33.  33.  34.  34.  34.  35.  36.
  39.  41.  43.  45.  48.  49.  49.  51.  56.  60.  67.  69.  69.  71.
  71.  72.  72.  77.  81.  82.  84.  88.  88.  89.  90.  94.  95.  99.
 100. 100.][-100.  -99.  -99.  -94.  -91.  -91.  -91.  -89.  -89.  -87.  -83.  -83.
  -81.  -81.  -80.  -78.  -76.  -76.  -74.  -74.  -71.  -64.  -63.  -61.
  -56.  -56.  -55.  -50.  -50.  -50.  -45.  -44.  -44.  -38.  -32.  -31.
  -27.  -26.  -23.  -23.  -22.  -21.  -15.  -12.   -4.   -4.   -3.   -2.
    0.    1.    1.    1.    2.   12.   15.   18.   26.   26.   26.   26.
   32.   38.   39.   39.   42.   43.   48.   52.   52.   53.   53.   58.
   58.   58.   59.   59.   59.   63.   64.   72.   74.   78.   79.   83.
   84.   84.   86.   87.   87.   88.   91.   92.   94.   95.   96.   97.
   98.   99.   99.  100.][-98. -96. -96. -89. -87. -87. -87. -85. -84. -83. -82. -82. -81. -79.
 -79. -75. -75. -63. -60. -54. -49. -46. -46. -44. -41. -40. -39. -33.
 -33. -29. -27. -21. -20. -19. -18. -16. -14. -13. -12. -11. -11. -10.
  -7.  -7.  -6.  -6.  -6.   2.   7.   8.   8.   9.  11.  11.  14.  14.
  16.  16.  17.  17.  20.  22.  23.  25.  27.  27.  32.  34.  37.  42.
  42.  45.  45.  49.  52.  52.  56.  58.  60.  63.  67.  69.  69.  71.
  71.  72.  74.  74.  76.  82.  85.  86.  90.  90.  93.  97.  98.  99.
  99. 100.][-100.  -99.  -97.  -95.  -95.  -95.  -94.  -93.  -90.  -87.  -86.  -86.
  -85.  -84.  -83.  -75.  -72.  -71.  -70.  -70.  -68.  -68.  -67.  -65.
  -64.  -61.  -59.  -58.  -57.  -57.  -57.  -55.  -53.  -51.  -50.  -48.
  -46.  -41.  -40.  -38.  -34.  -33.  -33.  -32.  -26.  -26.  -21.  -21.
  -17.  -12.  -12.  -12.  -11.   -8.   -5.   -2.   -1.   -1.    3.    4.
    4.    6.    7.    8.   12.   12.   15.   16.   21.   21.   25.   29.
   35.   35.   43.   44.   48.   52.   53.   53.   53.   54.   58.   59.
   59.   61.   66.   67.   68.   72.   72.   73.   75.   78.   80.   83.
   91.   93.   94.   99.][-98. -97. -97. -97. -97. -92. -91. -89. -89. -85. -83. -81. -79. -75.
 -74. -72. -66. -61. -60. -59. -59. -58. -57. -50. -49. -48. -46. -46.
 -45. -41. -40. -38. -36. -34. -32. -31. -31. -30. -29. -25. -23. -23.
 -22. -20. -20. -17. -13. -13. -13.  -6.  -4.   3.   4.   6.  11.  11.
  12.  21.  22.  22.  25.  27.  29.  31.  32.  35.  36.  36.  37.  38.
  40.  40.  42.  44.  45.  46.  47.  48.  50.  50.  56.  58.  59.  63.
  64.  67.  70.  71.  76.  77.  77.  79.  82.  84.  89.  92.  93.  93.
  95.  98.][-99. -99. -96. -92. -92. -91. -89. -86. -85. -85. -83. -82. -81. -77.
 -76. -76. -73. -72. -69. -68. -68. -68. -68. -65. -52. -52. -52. -52.
 -51. -50. -46. -45. -41. -36. -30. -29. -26. -24. -22. -21. -20. -19.
 -16. -15. -14. -13. -12. -12. -11.  -9.  -9.  -3.  -1.   5.   7.   8.
  10.  14.  15.  19.  20.  24.  25.  26.  27.  29.  30.  33.  36.  38.
  44.  45.  47.  52.  53.  58.  61.  61.  62.  63.  69.  69.  75.  76.
  81.  82.  82.  84.  85.  89.  90.  91.  92.  92.  93.  95.  98.  98.
  99. 100.][-97. -95. -90. -90. -86. -84. -83. -82. -82. -81. -80. -79. -75. -71.
 -71. -70. -68. -67. -67. -65. -61. -60. -59. -58. -54. -52. -51. -47.
 -45. -44. -37. -35. -34. -31. -31. -30. -26. -26. -25. -20. -20. -19.
 -17. -16. -11. -10. -10. -10. -10.  -9.  -9.  -7.  -5.  -4.  -2.  -2.
   1.   3.   6.   9.  11.  15.  16.  18.  19.  19.  21.  22.  23.  23.
  25.  31.  32.  33.  38.  41.  42.  45.  45.  48.  54.  62.  63.  67.
  68.  69.  71.  72.  73.  75.  76.  77.  77.  79.  81.  85.  87.  93.
 100. 100.][-100.  -99.  -98.  -97.  -96.  -93.  -90.  -89.  -88.  -87.  -87.  -84.
  -84.  -82.  -82.  -80.  -78.  -72.  -68.  -64.  -63.  -63.  -59.  -56.
  -56.  -47.  -47.  -46.  -44.  -41.  -39.  -38.  -37.  -37.  -31.  -30.
  -30.  -28.  -27.  -26.  -22.  -21.  -20.  -19.  -18.  -12.  -11.  -10.
   -9.   -6.   -5.   -4.   -2.    3.    3.    3.    7.    8.    9.    9.
   10.   11.   13.   15.   15.   18.   19.   20.   21.   22.   30.   32.
   35.   35.   40.   42.   45.   50.   52.   53.   62.   64.   67.   69.
   71.   71.   76.   79.   83.   83.   85.   88.   88.   88.   89.   89.
   94.   97.   98.  100.][-97. -97. -95. -95. -87. -83. -82. -78. -77. -75. -74. -72. -69. -68.
 -66. -66. -62. -62. -49. -49. -47. -46. -46. -45. -44. -43. -42. -39.
 -37. -36. -33. -32. -32. -32. -32. -32. -31. -29. -24. -18.  -9.  -8.
  -4.  -3.   3.   5.   6.   8.   9.  10.  11.  12.  14.  16.  19.  20.
  24.  25.  25.  26.  26.  27.  30.  34.  34.  35.  37.  39.  40.  40.
  41.  41.  42.  46.  48.  49.  57.  57.  60.  61.  62.  64.  64.  66.
  70.  71.  74.  75.  77.  83.  86.  88.  88.  94.  94.  95.  95.  95.
  99.  99.][-97. -96. -96. -95. -93. -91. -90. -90. -90. -89. -89. -83. -82. -82.
 -79. -79. -76. -76. -75. -71. -66. -62. -61. -59. -55. -55. -52. -51.
 -51. -48. -48. -46. -45. -42. -42. -41. -40. -40. -39. -37. -34. -28.
 -27. -27. -26. -25. -22. -22. -15. -11. -11.  -4.   4.   7.   8.  12.
  13.  19.  21.  21.  24.  24.  26.  29.  29.  31.  35.  36.  37.  39.
  39.  39.  42.  42.  44.  44.  46.  47.  48.  52.  54.  56.  58.  62.
  68.  70.  72.  73.  78.  80.  84.  85.  89.  91.  92.  92.  92.  94.
  95.  98.][-96. -92. -92. -90. -90. -89. -86. -82. -82. -79. -77. -74. -72. -72.
 -67. -66. -66. -64. -61. -56. -51. -47. -42. -37. -36. -36. -35. -34.
 -30. -25. -24. -24. -22. -21. -21. -20. -17. -16. -16. -15. -15. -14.
 -14. -14. -13. -11. -10. -10.  -6.  -2.   0.   2.   5.   6.  11.  13.
  16.  20.  22.  22.  24.  29.  31.  37.  42.  42.  42.  43.  44.  44.
  49.  49.  50.  51.  53.  55.  56.  59.  60.  61.  61.  62.  67.  80.
  81.  82.  83.  84.  84.  86.  86.  89.  91.  92.  93.  94.  98.  99.
 100. 100.][-96. -96. -96. -95. -92. -91. -91. -86. -82. -81. -79. -78. -76. -75.
 -71. -70. -70. -70. -70. -67. -65. -65. -63. -61. -59. -57. -54. -54.
 -53. -52. -52. -52. -51. -51. -48. -39. -37. -37. -36. -31. -19. -18.
 -12. -10.  -8.  -5.  -5.  -5.  -4.  -4.  -2.  -1.   4.   5.   6.   7.
  10.  11.  14.  19.  25.  27.  28.  29.  29.  31.  31.  36.  37.  38.
  38.  40.  41.  42.  46.  52.  53.  54.  56.  58.  59.  62.  65.  69.
  73.  76.  77.  77.  77.  78.  81.  84.  85.  85.  87.  88.  89.  94.
  97. 100.][-94. -93. -92. -91. -90. -90. -84. -83. -83. -79. -77. -75. -73. -72.
 -71. -68. -66. -64. -62. -61. -59. -57. -57. -57. -56. -55. -54. -54.
 -50. -50. -49. -48. -47. -46. -42. -38. -38. -29. -26. -24. -23. -23.
 -22. -22. -21. -21. -15. -11.  -7.   1.   1.   4.   9.  13.  14.  16.
  16.  18.  18.  23.  24.  24.  24.  25.  27.  28.  34.  35.  38.  45.
  50.  54.  54.  56.  57.  60.  61.  63.  63.  64.  64.  66.  67.  67.
  69.  73.  74.  74.  80.  80.  84.  85.  86.  92.  94.  94.  97.  98.
  99.  99.][-99. -98. -97. -96. -93. -93. -92. -92. -89. -84. -72. -68. -64. -64.
 -59. -58. -54. -53. -53. -51. -51. -51. -50. -47. -47. -43. -42. -38.
 -33. -32. -30. -26. -26. -25. -24. -22. -17. -14. -13.  -8.  -8.  -7.
  -6.  -4.  -1.  -1.   4.  10.  10.  12.  22.  26.  27.  27.  29.  30.
  31.  32.  36.  37.  39.  41.  41.  41.  43.  43.  45.  47.  50.  50.
  54.  54.  55.  55.  55.  56.  58.  59.  60.  60.  63.  63.  67.  69.
  69.  70.  72.  76.  79.  81.  81.  84.  86.  88.  88.  89.  92.  95.
  97. 100.][-100. -100.  -98.  -97.  -92.  -91.  -89.  -87.  -86.  -85.  -84.  -83.
  -81.  -78.  -78.  -77.  -77.  -75.  -73.  -71.  -68.  -66.  -66.  -64.
  -62.  -57.  -55.  -55.  -53.  -53.  -52.  -51.  -50.  -50.  -48.  -46.
  -46.  -45.  -39.  -39.  -39.  -38.  -36.  -35.  -35.  -33.  -31.  -30.
  -26.  -22.  -22.  -15.  -13.  -12.   -8.   -7.   -5.   -4.    0.    0.
    4.    4.    5.   10.   11.   13.   13.   16.   18.   22.   24.   28.
   35.   40.   40.   41.   41.   42.   44.   47.   49.   52.   52.   55.
   60.   61.   67.   73.   79.   79.   81.   83.   88.   89.   92.   92.
   93.   96.   98.  100.][-98. -95. -93. -87. -86. -85. -82. -82. -82. -76. -76. -75. -73. -72.
 -72. -71. -68. -68. -68. -65. -65. -62. -60. -53. -45. -44. -43. -43.
 -40. -36. -32. -31. -31. -30. -30. -30. -28. -24. -22. -20. -13. -10.
  -7.  -6.  -6.  -6.  -5.  -5.  -3.  -3.  -1.  -1.  -1.   6.   7.   8.
  10.  10.  11.  13.  13.  16.  18.  19.  19.  23.  28.  28.  31.  31.
  37.  41.  42.  42.  46.  48.  52.  53.  53.  54.  54.  58.  62.  65.
  67.  69.  72.  80.  81.  86.  87.  88.  89.  90.  91.  91.  92.  94.
  96.  98.][-100. -100.  -99.  -98.  -95.  -94.  -93.  -93.  -88.  -86.  -86.  -80.
  -77.  -75.  -73.  -72.  -72.  -70.  -69.  -66.  -66.  -65.  -65.  -57.
  -53.  -51.  -48.  -48.  -46.  -45.  -40.  -39.  -38.  -35.  -34.  -33.
  -29.  -29.  -28.  -24.  -24.  -23.  -21.  -20.  -17.  -14.  -13.  -10.
  -10.   -2.    0.    1.    3.    3.    6.   10.   11.   13.   14.   14.
   18.   18.   19.   21.   21.   22.   23.   23.   34.   35.   38.   38.
   39.   39.   41.   42.   43.   45.   47.   48.   51.   52.   53.   53.
   54.   54.   60.   61.   65.   65.   68.   69.   83.   84.   87.   89.
   89.   90.   97.   97.][-98. -98. -98. -95. -95. -94. -90. -87. -86. -85. -84. -84. -83. -83.
 -81. -80. -78. -77. -76. -74. -72. -72. -71. -70. -62. -61. -60. -58.
 -54. -54. -53. -52. -45. -42. -38. -35. -35. -32. -31. -31. -30. -28.
 -19. -18. -18. -13. -12. -12. -11.  -7.  -7.  -4.   5.   5.  10.  12.
  12.  14.  14.  17.  17.  18.  21.  22.  24.  26.  27.  27.  29.  31.
  31.  31.  34.  35.  36.  38.  38.  38.  41.  42.  47.  52.  52.  53.
  54.  54.  55.  58.  63.  63.  68.  73.  78.  80.  87.  91.  94.  96.
  97. 100.][-99. -98. -98. -92. -91. -89. -87. -83. -80. -79. -79. -76. -73. -72.
 -71. -69. -68. -67. -66. -61. -60. -60. -59. -59. -58. -57. -57. -54.
 -52. -47. -46. -44. -41. -40. -39. -38. -37. -34. -34. -32. -32. -32.
 -32. -29. -29. -28. -24. -22. -22. -19. -19. -19. -18. -18. -15. -13.
 -10.  -7.  -5.  -1.   0.   0.   4.   5.   8.  10.  11.  13.  18.  19.
  26.  31.  38.  47.  47.  51.  51.  56.  58.  61.  64.  64.  65.  65.
  66.  70.  71.  74.  79.  82.  83.  86.  86.  88.  90.  92.  93.  93.
  94. 100.][-93. -89. -85. -83. -76. -72. -71. -70. -70. -68. -63. -63. -62. -62.
 -61. -60. -58. -55. -53. -53. -53. -51. -44. -42. -41. -39. -36. -36.
 -35. -34. -32. -32. -28. -27. -27. -20. -19. -18. -15. -13. -11. -10.
  -1.   2.   3.   7.   7.   8.   8.   9.  11.  13.  13.  14.  15.  16.
  17.  17.  17.  22.  23.  23.  28.  29.  31.  31.  32.  36.  37.  39.
  40.  41.  46.  48.  54.  56.  61.  61.  63.  64.  66.  71.  75.  77.
  80.  82.  83.  84.  86.  87.  88.  88.  90.  91.  91.  91.  94.  96.
  99. 100.][-100.  -94.  -93.  -90.  -90.  -89.  -89.  -89.  -86.  -82.  -75.  -74.
  -73.  -72.  -69.  -69.  -69.  -67.  -66.  -65.  -65.  -63.  -57.  -56.
  -53.  -49.  -49.  -48.  -46.  -46.  -46.  -45.  -44.  -43.  -42.  -42.
  -39.  -39.  -37.  -37.  -33.  -31.  -31.  -30.  -30.  -28.  -25.  -20.
  -18.  -17.  -16.  -14.  -14.  -12.  -11.   -7.   -3.   -1.   -1.   -1.
    0.    2.    4.    9.   16.   18.   18.   19.   19.   21.   23.   23.
   27.   28.   33.   34.   40.   40.   43.   44.   46.   47.   49.   50.
   50.   51.   61.   61.   63.   67.   67.   69.   75.   81.   83.   84.
   86.   89.   92.   98.][-99. -91. -85. -85. -85. -84. -77. -76. -71. -70. -70. -67. -65. -65.
 -63. -61. -60. -59. -58. -56. -55. -54. -53. -50. -43. -40. -37. -33.
 -32. -29. -29. -25. -21. -18. -15. -14. -10.  -4.  -3.  -2.   0.   1.
   3.   4.  11.  11.  11.  12.  13.  20.  22.  22.  26.  33.  33.  33.
  34.  36.  38.  38.  39.  40.  40.  41.  43.  43.  46.  46.  51.  52.
  54.  54.  56.  56.  58.  59.  61.  65.  67.  70.  70.  71.  71.  73.
  74.  76.  76.  77.  78.  78.  79.  80.  82.  83.  85.  86.  89.  90.
  97.  97.][-94. -94. -93. -92. -92. -86. -81. -79. -78. -76. -70. -70. -66. -66.
 -62. -62. -58. -58. -57. -57. -56. -54. -51. -50. -49. -48. -47. -46.
 -45. -45. -44. -43. -39. -34. -33. -33. -32. -32. -32. -29. -27. -27.
 -25. -20. -15. -11. -10.  -6.  -5.  -5.  -4.   1.   2.   3.   3.   4.
   8.   9.  12.  12.  14.  17.  18.  18.  20.  21.  23.  23.  24.  25.
  26.  30.  34.  35.  36.  37.  37.  39.  40.  41.  42.  44.  47.  50.
  52.  54.  56.  66.  71.  71.  72.  79.  81.  81.  85.  86.  87.  91.
  95.  97.][-100.  -98.  -97.  -96.  -95.  -93.  -93.  -92.  -91.  -91.  -91.  -84.
  -83.  -82.  -80.  -79.  -77.  -75.  -73.  -67.  -66.  -64.  -63.  -62.
  -60.  -59.  -58.  -55.  -49.  -44.  -34.  -34.  -32.  -29.  -29.  -28.
  -24.  -24.  -22.  -15.  -14.  -12.  -10.   -9.   -7.   -6.   -6.   -5.
   -3.   -3.    2.    2.    3.    7.    8.    8.    9.   10.   11.   14.
   16.   18.   21.   21.   26.   28.   28.   36.   38.   39.   47.   48.
   49.   53.   60.   61.   62.   67.   67.   68.   69.   70.   72.   77.
   79.   80.   81.   82.   83.   84.   88.   88.   91.   93.   93.   94.
   95.   95.   97.   98.][-100.  -97.  -96.  -96.  -90.  -90.  -89.  -89.  -89.  -88.  -86.  -83.
  -81.  -75.  -74.  -74.  -72.  -68.  -63.  -62.  -61.  -60.  -58.  -54.
  -51.  -50.  -50.  -50.  -37.  -37.  -29.  -26.  -25.  -23.  -21.  -20.
  -20.  -18.  -16.  -14.  -13.  -10.  -10.   -8.   -6.   -6.   -3.   -2.
   -1.   -1.    0.    4.    7.   10.   11.   11.   11.   13.   13.   15.
   15.   17.   17.   18.   19.   23.   26.   28.   33.   33.   39.   42.
   46.   47.   48.   48.   49.   51.   54.   57.   59.   60.   63.   64.
   65.   65.   70.   72.   76.   77.   77.   78.   79.   83.   84.   91.
   94.   97.   97.   97.][-93. -92. -92. -91. -90. -84. -79. -78. -78. -76. -76. -74. -72. -70.
 -70. -66. -61. -60. -59. -59. -57. -56. -56. -56. -52. -51. -47. -45.
 -43. -42. -42. -41. -39. -36. -36. -32. -30. -28. -24. -23. -23. -19.
  -8.  -8.  -4.  -1.   0.   1.   2.   2.   4.   5.   5.   7.   7.   9.
  11.  11.  13.  13.  18.  23.  27.  33.  34.  35.  35.  35.  36.  40.
  45.  48.  48.  48.  49.  50.  55.  55.  55.  57.  57.  58.  59.  62.
  69.  71.  73.  74.  75.  77.  79.  79.  84.  86.  90.  92.  93.  94.
 100. 100.][-98. -97. -97. -96. -94. -91. -89. -89. -87. -84. -83. -79. -78. -72.
 -69. -67. -64. -64. -63. -60. -59. -59. -57. -56. -54. -54. -53. -53.
 -53. -51. -50. -48. -47. -45. -42. -40. -26. -25. -17. -16. -13. -13.
 -10.  -6.  -5.  -4.  -3.   0.   2.   5.  10.  11.  11.  11.  12.  14.
  14.  20.  20.  21.  21.  22.  22.  25.  26.  27.  28.  31.  31.  34.
  36.  49.  51.  52.  53.  61.  65.  66.  70.  71.  73.  80.  80.  83.
  85.  85.  86.  86.  86.  86.  87.  88.  88.  88.  90.  91.  94.  98.
  98. 100.][-100.  -98.  -98.  -97.  -96.  -95.  -94.  -94.  -89.  -88.  -86.  -82.
  -81.  -79.  -77.  -75.  -75.  -69.  -68.  -68.  -65.  -64.  -60.  -59.
  -59.  -58.  -53.  -49.  -49.  -47.  -46.  -44.  -39.  -37.  -35.  -34.
  -31.  -31.  -30.  -26.  -25.  -23.  -21.  -20.  -20.  -17.  -17.  -15.
  -13.   -7.   -6.   -6.   -5.   -4.   -2.    3.    7.    9.   10.   13.
   15.   15.   16.   16.   17.   25.   25.   33.   33.   39.   43.   43.
   45.   45.   46.   47.   48.   50.   50.   55.   59.   59.   61.   62.
   65.   70.   70.   72.   76.   77.   81.   81.   90.   90.   92.   92.
   92.   93.   95.   97.][-100.  -99.  -93.  -92.  -90.  -89.  -89.  -89.  -87.  -85.  -84.  -80.
  -80.  -79.  -78.  -76.  -76.  -75.  -73.  -72.  -71.  -67.  -66.  -66.
  -65.  -64.  -64.  -62.  -61.  -60.  -57.  -57.  -56.  -53.  -53.  -42.
  -42.  -29.  -27.  -26.  -25.  -24.  -23.  -23.  -23.  -23.  -21.  -17.
  -17.  -16.  -12.  -11.  -11.   -8.   -8.    2.    4.    6.    7.   10.
   13.   15.   16.   16.   18.   20.   24.   25.   27.   27.   30.   35.
   35.   41.   44.   49.   50.   52.   54.   56.   59.   59.   60.   64.
   70.   71.   73.   73.   75.   76.   77.   79.   81.   87.   90.   90.
   91.   91.   92.   97.][-95. -95. -90. -90. -89. -85. -83. -83. -82. -82. -78. -77. -77. -76.
 -75. -73. -71. -71. -66. -64. -62. -60. -56. -55. -54. -54. -52. -51.
 -51. -50. -49. -49. -48. -47. -47. -42. -40. -36. -34. -29. -28. -28.
 -27. -21. -21. -19. -17. -13. -12. -12. -12.  -8.  -6.  -6.  -5.  -3.
  -2.   1.   1.   5.   7.   8.   9.  12.  13.  13.  18.  25.  30.  31.
  34.  38.  42.  44.  45.  47.  49.  53.  56.  57.  58.  58.  59.  60.
  62.  63.  70.  72.  76.  77.  86.  86.  87.  92.  93.  94.  94.  95.
  97.  98.][-100.  -99.  -99.  -96.  -93.  -92.  -91.  -91.  -86.  -86.  -86.  -85.
  -84.  -81.  -73.  -65.  -62.  -56.  -53.  -53.  -52.  -52.  -52.  -50.
  -40.  -39.  -38.  -37.  -33.  -29.  -25.  -25.  -24.  -23.  -20.  -20.
  -19.  -18.  -13.  -13.  -10.  -10.   -9.   -5.   -4.   -2.   -1.    0.
    1.    2.    2.    2.    5.    6.    6.    9.   11.   12.   14.   15.
   16.   16.   19.   19.   22.   23.   24.   25.   27.   30.   35.   35.
   36.   40.   43.   44.   44.   48.   50.   55.   55.   57.   57.   59.
   61.   62.   66.   70.   70.   77.   77.   79.   85.   93.   94.   94.
   95.   97.   98.   99.][-100.  -98.  -93.  -93.  -93.  -91.  -89.  -86.  -86.  -85.  -81.  -79.
  -78.  -77.  -76.  -75.  -73.  -73.  -73.  -71.  -70.  -69.  -62.  -47.
  -47.  -46.  -46.  -46.  -45.  -43.  -42.  -41.  -41.  -40.  -38.  -36.
  -32.  -31.  -29.  -23.  -23.  -22.  -18.  -17.  -16.  -14.  -13.  -13.
  -11.   -5.   -3.   -3.    1.    2.    4.    4.    5.    5.   10.   11.
   13.   15.   17.   17.   18.   18.   21.   21.   24.   24.   24.   28.
   29.   30.   30.   34.   36.   37.   40.   41.   42.   43.   48.   59.
   62.   62.   64.   67.   67.   68.   68.   71.   76.   76.   76.   78.
   86.   89.   91.  100.][-95. -94. -91. -85. -81. -80. -78. -73. -71. -71. -71. -66. -65. -64.
 -59. -55. -55. -55. -53. -47. -46. -46. -45. -45. -44. -41. -34. -33.
 -31. -25. -23. -20. -18. -18. -18. -17. -15. -13. -11. -11. -10.  -5.
  -4.  -3.  -3.   4.   4.   4.   7.  12.  16.  16.  17.  17.  21.  25.
  25.  27.  28.  28.  29.  31.  34.  35.  36.  36.  40.  42.  43.  48.
  49.  49.  52.  54.  54.  62.  63.  64.  65.  65.  67.  68.  68.  69.
  72.  72.  73.  77.  80.  87.  87.  91.  92.  94.  96.  98.  98.  99.
 100. 100.][-98. -98. -98. -91. -90. -88. -85. -83. -83. -82. -82. -78. -77. -76.
 -74. -68. -65. -65. -65. -65. -62. -60. -55. -46. -43. -40. -38. -34.
 -34. -32. -30. -28. -26. -25. -25. -23. -22. -21. -13. -12. -10.  -8.
  -6.  -1.   3.   5.   7.  10.  10.  14.  14.  16.  17.  19.  19.  20.
  27.  28.  29.  30.  33.  35.  36.  37.  37.  37.  39.  40.  41.  42.
  47.  48.  48.  49.  51.  56.  57.  59.  59.  61.  62.  67.  68.  70.
  70.  74.  75.  77.  77.  78.  80.  81.  82.  84.  84.  86.  88.  97.
  99. 100.][-99. -99. -97. -95. -94. -92. -91. -89. -88. -88. -82. -79. -78. -77.
 -71. -68. -65. -60. -59. -59. -54. -53. -52. -50. -47. -46. -39. -38.
 -37. -34. -33. -30. -28. -24. -24. -24. -23. -22. -20. -17. -17. -15.
 -15. -14.  -9.  -9.  -7.  -7.  -6.  -5.  -4.   0.   1.   1.   3.   3.
   5.   5.   5.   5.   7.  12.  15.  15.  17.  20.  21.  24.  32.  34.
  38.  39.  39.  42.  44.  46.  47.  49.  50.  53.  56.  58.  60.  62.
  62.  68.  69.  74.  76.  86.  86.  86.  86.  86.  88.  88.  91.  93.
  94.  96.][-100.  -99.  -99.  -95.  -86.  -80.  -70.  -70.  -63.  -59.  -55.  -50.
  -49.  -47.  -46.  -44.  -38.  -37.  -34.  -34.  -33.  -32.  -31.  -28.
  -27.  -26.  -23.  -21.  -20.  -16.  -11.   -6.   -6.   -4.   -3.   -1.
   -1.   -1.    0.    2.    2.    2.    5.    9.   10.   11.   12.   12.
   12.   12.   21.   24.   28.   29.   30.   32.   33.   35.   35.   37.
   38.   41.   43.   43.   44.   44.   46.   47.   49.   49.   52.   53.
   59.   59.   63.   64.   67.   68.   68.   71.   74.   76.   78.   78.
   81.   83.   84.   85.   87.   88.   89.   89.   90.   92.   92.   92.
   93.   94.   96.   97.][-99. -97. -95. -93. -93. -85. -84. -83. -82. -80. -80. -74. -71. -70.
 -69. -68. -67. -66. -66. -62. -62. -57. -57. -57. -56. -55. -50. -47.
 -45. -43. -37. -35. -35. -32. -31. -28. -28. -28. -26. -24. -24. -21.
 -20. -19. -18. -18. -17. -16. -15. -12. -12. -10.  -9.  -6.  -4.  -4.
  -4.  -3.  -2.   0.   2.   4.   6.   9.  16.  17.  23.  32.  32.  35.
  35.  47.  49.  52.  55.  59.  61.  63.  63.  64.  65.  71.  72.  73.
  73.  75.  75.  76.  79.  81.  84.  85.  87.  89.  90.  93.  96.  97.
  98. 100.][-100.  -99.  -98.  -96.  -96.  -95.  -94.  -85.  -82.  -82.  -82.  -81.
  -76.  -76.  -71.  -71.  -69.  -68.  -68.  -62.  -62.  -60.  -58.  -57.
  -54.  -54.  -53.  -52.  -52.  -51.  -50.  -46.  -45.  -44.  -44.  -42.
  -41.  -38.  -32.  -31.  -31.  -29.  -17.  -16.  -15.  -12.  -11.   -9.
   -8.   -7.   -6.   -4.   -2.   -2.   -2.    0.    4.    5.    5.    6.
    7.   14.   14.   15.   15.   17.   18.   25.   29.   31.   31.   40.
   40.   44.   46.   54.   57.   60.   61.   63.   63.   64.   64.   67.
   68.   68.   71.   73.   73.   73.   78.   79.   80.   81.   82.   90.
   90.   93.   94.   98.][-97. -96. -91. -87. -85. -85. -84. -84. -83. -83. -80. -79. -78. -74.
 -73. -73. -72. -72. -70. -61. -59. -57. -57. -57. -53. -51. -50. -49.
 -47. -46. -45. -45. -45. -44. -42. -39. -39. -39. -36. -36. -30. -30.
 -28. -25. -24. -23. -21. -20. -17. -15. -15. -13. -13.  -7.  -4.  -3.
  -1.   2.   9.  12.  14.  17.  21.  22.  24.  26.  28.  36.  37.  38.
  38.  42.  42.  44.  44.  44.  46.  46.  47.  47.  51.  52.  55.  59.
  60.  60.  65.  70.  73.  74.  74.  76.  76.  76.  80.  82.  83.  98.
  98.  99.][-99. -98. -94. -91. -87. -84. -80. -79. -78. -77. -77. -74. -74. -69.
 -66. -63. -62. -61. -58. -57. -56. -55. -53. -50. -49. -48. -45. -42.
 -41. -40. -40. -39. -34. -33. -31. -30. -29. -28. -27. -27. -26. -25.
 -25. -21. -19.   1.   1.   3.   4.   6.   9.  11.  12.  21.  22.  31.
  31.  31.  32.  33.  35.  39.  41.  41.  45.  47.  48.  48.  50.  51.
  52.  54.  54.  57.  57.  58.  61.  62.  62.  64.  68.  68.  70.  72.
  74.  75.  79.  82.  84.  86.  87.  87.  87.  88.  90.  93.  96.  96.
  97.  99.][-99. -96. -86. -82. -82. -82. -80. -80. -79. -79. -78. -76. -75. -71.
 -68. -60. -59. -51. -49. -48. -46. -45. -44. -42. -41. -37. -37. -36.
 -34. -34. -34. -33. -33. -30. -25. -24. -24. -19. -19. -18. -16. -11.
  -8.  -6.  -4.  -4.  -3.  -3.  -3.  -2.  -1.   1.   2.   2.   3.   6.
   6.   7.   7.   9.  15.  15.  15.  15.  15.  20.  21.  21.  21.  23.
  27.  28.  29.  30.  34.  35.  40.  47.  49.  57.  65.  66.  66.  68.
  70.  74.  74.  76.  77.  80.  83.  84.  84.  85.  91.  92.  95.  98.
  98.  98.][-99. -99. -99. -98. -97. -94. -93. -92. -91. -89. -86. -83. -81. -76.
 -75. -74. -72. -65. -61. -60. -59. -59. -56. -55. -55. -55. -53. -52.
 -50. -44. -44. -43. -43. -39. -37. -35. -34. -33. -33. -30. -29. -29.
 -27. -25. -23. -16. -15. -12. -11. -11.  -5.   6.   7.   8.   8.   9.
  12.  15.  16.  21.  22.  24.  25.  25.  25.  26.  29.  30.  31.  32.
  34.  38.  40.  40.  42.  48.  50.  51.  52.  52.  67.  72.  73.  73.
  73.  77.  77.  79.  80.  85.  86.  87.  88.  93.  93.  96.  96.  96.
  98. 100.][-100. -100.  -97.  -94.  -93.  -93.  -89.  -87.  -86.  -86.  -84.  -83.
  -83.  -80.  -80.  -79.  -76.  -74.  -74.  -72.  -68.  -66.  -62.  -62.
  -62.  -58.  -57.  -56.  -54.  -46.  -46.  -46.  -45.  -44.  -44.  -41.
  -41.  -40.  -40.  -40.  -35.  -35.  -34.  -34.  -28.  -27.  -26.  -25.
  -18.  -18.  -15.  -14.  -13.  -12.   -6.   -3.    0.    1.    2.    3.
    6.    8.    9.   12.   14.   14.   17.   17.   17.   19.   21.   26.
   30.   31.   34.   35.   38.   42.   42.   43.   52.   54.   56.   57.
   63.   67.   68.   70.   72.   72.   74.   78.   81.   89.   93.   94.
   97.   97.   98.   98.][-99. -98. -95. -92. -86. -82. -81. -80. -77. -77. -76. -74. -70. -68.
 -67. -66. -61. -57. -57. -56. -54. -54. -52. -51. -48. -48. -47. -45.
 -45. -43. -42. -41. -40. -39. -35. -35. -35. -28. -20. -19. -16. -15.
 -14.  -9.  -8.  -6.  -6.  -5.  -3.  -2.  -2.  -1.  -1.  -1.   1.   2.
   2.   5.   7.   8.  10.  11.  13.  15.  18.  19.  19.  20.  24.  28.
  29.  30.  31.  33.  35.  36.  44.  46.  47.  49.  55.  60.  62.  65.
  66.  66.  68.  72.  73.  73.  81.  84.  84.  87.  88.  91.  94.  94.
  97.  99.][-100.  -99.  -98.  -98.  -95.  -90.  -89.  -89.  -88.  -87.  -83.  -82.
  -80.  -78.  -76.  -75.  -72.  -67.  -66.  -65.  -62.  -61.  -61.  -61.
  -60.  -60.  -56.  -55.  -55.  -55.  -55.  -53.  -53.  -51.  -50.  -47.
  -44.  -44.  -41.  -41.  -38.  -37.  -35.  -33.  -29.  -27.  -27.  -26.
  -22.  -21.  -21.  -20.  -19.  -18.  -18.  -16.  -13.  -11.   -9.   -9.
   -7.   -4.   -3.   -1.    4.    9.   10.   13.   13.   14.   15.   15.
   16.   16.   16.   23.   26.   29.   29.   31.   33.   35.   38.   39.
   41.   47.   62.   67.   78.   81.   82.   84.   85.   87.   93.   95.
   95.   97.   98.   99.][-100.  -99.  -94.  -93.  -91.  -90.  -90.  -84.  -79.  -76.  -70.  -69.
  -61.  -59.  -59.  -57.  -56.  -51.  -51.  -48.  -47.  -46.  -44.  -43.
  -41.  -37.  -35.  -33.  -33.  -32.  -31.  -30.  -19.  -17.  -16.  -15.
  -15.  -12.  -10.   -8.   -6.   -6.   -4.    0.    1.    1.    3.    4.
    5.    5.   18.   20.   22.   25.   26.   27.   28.   28.   31.   31.
   32.   34.   35.   38.   39.   42.   43.   44.   45.   48.   50.   51.
   53.   54.   57.   62.   62.   64.   64.   70.   71.   73.   76.   76.
   77.   80.   82.   83.   84.   86.   90.   90.   91.   91.   92.   92.
   93.   93.   98.   99.][-98. -96. -95. -94. -93. -91. -85. -82. -81. -81. -79. -74. -74. -73.
 -73. -73. -70. -64. -63. -63. -60. -60. -56. -56. -56. -55. -54. -51.
 -51. -43. -39. -37. -37. -36. -30. -30. -28. -26. -23. -17. -16. -15.
 -15. -11. -11. -10.  -7.  -7.  -7.  -6.  -5.   0.   0.   3.   4.   4.
   6.   7.   8.  13.  16.  19.  20.  22.  22.  24.  25.  28.  29.  37.
  37.  41.  41.  41.  42.  53.  54.  57.  57.  62.  64.  69.  71.  72.
  74.  75.  75.  83.  84.  86.  87.  87.  90.  93.  95.  95.  96.  96.
  97.  97.][-100.  -99.  -99.  -98.  -98.  -93.  -92.  -92.  -91.  -87.  -84.  -82.
  -80.  -80.  -78.  -76.  -70.  -65.  -65.  -64.  -62.  -62.  -62.  -60.
  -57.  -57.  -56.  -56.  -55.  -52.  -49.  -48.  -47.  -47.  -46.  -43.
  -43.  -42.  -38.  -36.  -36.  -32.  -28.  -27.  -20.  -19.  -19.  -19.
  -14.  -14.  -13.  -10.   -5.    0.    1.    3.    4.    7.    8.   11.
   11.   13.   14.   17.   18.   20.   28.   29.   30.   32.   32.   34.
   36.   37.   39.   40.   41.   47.   52.   52.   59.   64.   66.   68.
   71.   71.   72.   75.   75.   81.   82.   87.   90.   91.   92.   96.
   96.   97.   99.   99.][-100. -100. -100.  -92.  -92.  -88.  -78.  -77.  -76.  -75.  -75.  -75.
  -72.  -69.  -59.  -58.  -56.  -56.  -54.  -52.  -48.  -47.  -47.  -46.
  -45.  -43.  -41.  -33.  -33.  -32.  -32.  -27.  -26.  -23.  -20.  -12.
  -11.   -9.   -8.   -8.   -7.   -7.   -6.   -5.   -4.   -4.   -1.    0.
    0.    3.    5.    7.    8.    9.   10.   10.   11.   13.   15.   17.
   18.   18.   19.   21.   24.   25.   25.   26.   27.   31.   33.   39.
   40.   43.   48.   48.   51.   55.   57.   58.   59.   61.   64.   68.
   71.   72.   73.   74.   77.   78.   80.   83.   84.   85.   91.   92.
   96.   97.  100.  100.][-100. -100. -100.  -99.  -98.  -98.  -95.  -94.  -94.  -92.  -91.  -89.
  -89.  -88.  -86.  -84.  -83.  -81.  -80.  -77.  -76.  -73.  -70.  -67.
  -64.  -63.  -59.  -56.  -53.  -49.  -48.  -48.  -43.  -43.  -41.  -40.
  -34.  -29.  -25.  -23.  -20.  -17.  -16.  -16.  -15.  -15.  -10.   -9.
   -7.   -7.   -5.   -1.    2.    2.    2.    2.    2.    8.   13.   25.
   25.   27.   28.   29.   30.   30.   36.   37.   38.   41.   41.   43.
   43.   48.   48.   49.   53.   54.   55.   56.   56.   56.   68.   68.
   69.   70.   74.   75.   76.   77.   79.   80.   83.   88.   89.   91.
   93.   95.   97.   99.][-98. -98. -97. -91. -90. -89. -87. -83. -82. -80. -79. -78. -78. -76.
 -76. -75. -73. -72. -71. -69. -68. -64. -62. -61. -61. -61. -59. -59.
 -57. -56. -51. -50. -47. -46. -46. -45. -44. -41. -40. -40. -39. -37.
 -35. -31. -30. -30. -29. -28. -24. -16. -14. -14. -13. -12. -10. -10.
  -3.   2.   6.   8.  11.  14.  14.  14.  19.  20.  22.  22.  29.  29.
  30.  31.  34.  38.  39.  39.  42.  42.  43.  45.  46.  51.  52.  53.
  57.  58.  59.  64.  65.  66.  76.  76.  77.  80.  80.  83.  86.  91.
  91.  92.][-98. -96. -96. -95. -93. -85. -83. -82. -81. -80. -79. -79. -77. -76.
 -75. -74. -72. -71. -71. -69. -68. -68. -63. -59. -58. -58. -58. -58.
 -55. -54. -50. -48. -47. -45. -44. -42. -38. -38. -36. -35. -34. -34.
 -33. -33. -31. -31. -30. -29. -28. -21. -20. -19. -13. -12. -10.  -7.
  -6.  -2.   3.   4.   5.   6.   6.  11.  13.  19.  19.  19.  23.  23.
  24.  25.  25.  32.  33.  34.  35.  36.  37.  45.  46.  52.  53.  53.
  54.  55.  57.  60.  67.  75.  75.  80.  81.  88.  91.  93.  96.  96.
  97. 100.][-99. -98. -97. -95. -93. -88. -84. -81. -80. -78. -74. -73. -71. -69.
 -67. -61. -60. -57. -55. -50. -50. -49. -49. -44. -42. -42. -40. -38.
 -35. -31. -31. -26. -26. -23. -21. -18. -14. -11. -10.  -9.  -9.  -8.
  -7.  -4.  -4.  -1.   6.   7.  10.  11.  12.  12.  15.  15.  16.  17.
  19.  21.  23.  27.  28.  29.  30.  30.  33.  33.  34.  34.  35.  36.
  42.  47.  47.  48.  50.  50.  51.  53.  54.  57.  62.  63.  63.  64.
  70.  71.  71.  71.  72.  73.  75.  75.  80.  81.  82.  82.  86.  91.
  92.  98.][-96. -95. -95. -95. -88. -85. -85. -83. -83. -81. -81. -79. -78. -78.
 -77. -77. -73. -70. -68. -66. -64. -63. -58. -57. -54. -52. -48. -42.
 -40. -39. -34. -32. -32. -28. -28. -26. -21. -17. -15. -15. -15. -14.
 -12. -11. -10. -10.  -9.  -8.  -6.  -6.   0.   1.   2.   3.   5.   8.
  12.  13.  14.  15.  23.  27.  28.  29.  31.  32.  33.  39.  41.  43.
  45.  45.  48.  52.  56.  57.  57.  58.  58.  58.  60.  66.  74.  76.
  77.  77.  80.  80.  80.  80.  82.  82.  82.  85.  88.  89.  90.  91.
  95. 100.][-99. -97. -94. -92. -92. -92. -88. -87. -87. -87. -87. -87. -87. -86.
 -86. -84. -81. -78. -77. -77. -76. -76. -74. -70. -69. -69. -67. -62.
 -60. -53. -52. -51. -50. -48. -46. -45. -43. -43. -37. -35. -27. -25.
 -22. -15. -14. -14. -13. -13. -10.  -9.  -8.  -8.  -7.  -7.  -6.  -2.
  -2.   0.   7.   8.   9.   9.  14.  16.  17.  22.  34.  35.  35.  37.
  39.  39.  41.  44.  46.  48.  48.  53.  54.  58.  59.  60.  65.  69.
  70.  77.  77.  79.  81.  82.  83.  83.  84.  86.  87.  87.  88.  90.
  93.  98.][-100.  -98.  -97.  -97.  -94.  -84.  -82.  -78.  -77.  -76.  -74.  -73.
  -72.  -72.  -71.  -70.  -69.  -67.  -65.  -64.  -64.  -63.  -63.  -61.
  -60.  -58.  -56.  -54.  -46.  -45.  -45.  -34.  -33.  -31.  -31.  -31.
  -31.  -29.  -26.  -25.  -20.  -18.  -17.  -10.   -7.   -7.   -6.   -6.
   -5.   -4.    0.    0.    1.    3.    9.   15.   15.   17.   19.   20.
   20.   24.   27.   27.   27.   32.   34.   35.   39.   39.   46.   56.
   57.   58.   58.   58.   59.   59.   60.   70.   71.   71.   74.   76.
   77.   78.   82.   83.   83.   85.   87.   88.   89.   89.   91.   91.
   92.   95.   97.   99.][-98. -94. -90. -90. -89. -84. -82. -80. -77. -74. -70. -70. -70. -68.
 -66. -66. -66. -65. -63. -57. -57. -56. -56. -55. -53. -49. -49. -48.
 -48. -48. -45. -43. -43. -42. -41. -40. -39. -37. -33. -32. -30. -28.
 -27. -22. -17. -16. -16. -16. -13. -13. -12.  -5.  -2.   2.   3.   5.
   5.  12.  13.  14.  14.  16.  16.  17.  17.  27.  31.  32.  32.  33.
  35.  36.  37.  38.  39.  39.  41.  45.  53.  56.  58.  60.  64.  65.
  67.  75.  79.  81.  82.  83.  85.  86.  86.  89.  92.  95.  95.  97.
  98. 100.][-99. -98. -97. -96. -94. -92. -91. -88. -82. -81. -80. -76. -74. -74.
 -73. -72. -72. -69. -69. -68. -67. -67. -62. -62. -61. -53. -52. -52.
 -50. -50. -49. -43. -43. -41. -38. -37. -36. -31. -31. -29. -24. -21.
 -11. -11. -11.  -6.  -4.   1.   2.   2.   6.  14.  17.  18.  18.  18.
  27.  28.  30.  32.  32.  34.  35.  35.  38.  41.  45.  50.  51.  54.
  57.  58.  59.  60.  62.  63.  64.  64.  65.  66.  67.  68.  72.  72.
  72.  74.  74.  75.  75.  77.  80.  84.  85.  86.  92.  94.  97.  98.
  98.  99.][-100.  -98.  -97.  -96.  -93.  -92.  -91.  -89.  -86.  -85.  -84.  -82.
  -82.  -75.  -73.  -71.  -69.  -68.  -65.  -63.  -62.  -58.  -58.  -57.
  -52.  -48.  -46.  -45.  -44.  -41.  -41.  -39.  -38.  -34.  -31.  -29.
  -18.  -16.  -16.  -15.  -14.  -11.  -10.  -10.  -10.   -6.   -4.   -3.
   -1.    0.    2.    2.    3.    4.    7.    9.   16.   17.   18.   23.
   30.   32.   32.   33.   34.   35.   39.   39.   41.   41.   46.   47.
   50.   51.   52.   52.   52.   53.   53.   56.   57.   60.   61.   62.
   64.   69.   73.   74.   78.   79.   83.   84.   84.   85.   91.   92.
   94.   95.   95.   96.][-100.  -99.  -99.  -96.  -95.  -92.  -91.  -90.  -90.  -89.  -89.  -87.
  -84.  -84.  -80.  -78.  -77.  -76.  -74.  -73.  -71.  -69.  -66.  -64.
  -62.  -62.  -61.  -58.  -55.  -55.  -54.  -53.  -42.  -40.  -39.  -36.
  -33.  -33.  -29.  -28.  -26.  -23.  -19.  -17.  -17.  -16.  -10.  -10.
   -9.   -9.   -7.   -7.   -6.   -4.   -4.    7.   10.   11.   17.   19.
   24.   26.   31.   33.   35.   37.   43.   44.   46.   46.   47.   50.
   51.   54.   54.   55.   55.   56.   56.   61.   61.   62.   66.   66.
   68.   69.   70.   75.   77.   79.   82.   83.   83.   86.   87.   90.
   94.   98.  100.  100.][-100.  -99.  -96.  -94.  -81.  -78.  -77.  -75.  -72.  -70.  -68.  -68.
  -67.  -66.  -61.  -61.  -58.  -56.  -54.  -53.  -52.  -51.  -47.  -47.
  -45.  -45.  -44.  -42.  -39.  -37.  -34.  -33.  -32.  -30.  -26.  -26.
  -25.  -21.  -18.  -17.  -13.  -10.   -8.   -8.   -4.    0.    0.    1.
    1.    3.    4.    4.    4.   15.   17.   23.   26.   31.   32.   32.
   33.   35.   41.   43.   43.   46.   46.   49.   51.   51.   52.   52.
   53.   55.   57.   57.   58.   60.   61.   65.   69.   71.   72.   74.
   76.   80.   81.   83.   84.   85.   87.   88.   90.   90.   94.   95.
   96.   96.   98.   98.][-99. -96. -94. -94. -93. -91. -90. -90. -89. -83. -82. -81. -80. -79.
 -77. -74. -73. -72. -71. -70. -69. -67. -67. -66. -66. -66. -65. -64.
 -62. -61. -57. -56. -55. -55. -39. -39. -39. -36. -34. -34. -34. -31.
 -24. -23. -23. -21. -19. -19. -18. -18.  -9.  -6.  -6.  -1.   2.   5.
   7.  10.  14.  14.  15.  22.  23.  28.  28.  29.  30.  32.  32.  34.
  37.  38.  39.  39.  43.  48.  52.  54.  55.  61.  70.  71.  76.  77.
  77.  80.  80.  81.  83.  83.  85.  86.  89.  92.  92.  93.  94.  98.
  98.  99.][-98. -95. -94. -89. -89. -83. -80. -80. -77. -76. -74. -74. -73. -71.
 -70. -69. -66. -60. -58. -57. -55. -54. -52. -51. -50. -50. -48. -45.
 -44. -43. -41. -41. -36. -33. -32. -32. -27. -25. -23. -23. -19. -18.
 -14. -14. -13. -12. -11.  -8.  -7.  -5.   0.   2.  11.  11.  15.  22.
  24.  25.  28.  30.  32.  32.  32.  32.  34.  39.  39.  40.  41.  43.
  44.  45.  48.  48.  49.  61.  64.  68.  68.  69.  69.  71.  73.  74.
  74.  75.  76.  77.  78.  81.  88.  88.  90.  90.  90.  92.  94.  96.
  99. 100.][-99. -98. -95. -89. -88. -87. -83. -82. -81. -77. -77. -75. -73. -69.
 -66. -66. -65. -65. -61. -59. -59. -58. -58. -57. -54. -54. -52. -51.
 -49. -48. -45. -34. -32. -32. -30. -28. -24. -23. -22. -20. -18. -17.
 -17. -17. -17. -16. -13. -12.  -6.  -2.   1.   2.   3.   5.   6.   8.
  14.  14.  16.  18.  22.  23.  27.  28.  31.  35.  37.  37.  38.  38.
  41.  43.  43.  44.  46.  48.  49.  51.  53.  54.  55.  59.  61.  61.
  65.  69.  73.  80.  80.  82.  82.  83.  83.  88.  91.  92.  92.  92.
  94.  94.][-98. -96. -93. -91. -89. -89. -86. -82. -80. -79. -79. -78. -75. -71.
 -65. -64. -63. -61. -60. -57. -56. -55. -48. -45. -44. -43. -43. -42.
 -40. -40. -40. -39. -34. -33. -32. -31. -29. -28. -26. -26. -23. -20.
 -20. -19. -19. -16. -14. -12. -11.   1.   1.   5.   6.  12.  15.  17.
  19.  19.  20.  21.  26.  29.  33.  33.  35.  37.  42.  43.  45.  46.
  46.  47.  48.  50.  50.  52.  52.  52.  53.  56.  57.  59.  64.  64.
  64.  64.  66.  69.  71.  76.  78.  79.  80.  83.  87.  89.  89.  90.
  90.  90.][-97. -96. -95. -92. -91. -86. -85. -84. -84. -79. -77. -76. -72. -70.
 -69. -67. -67. -66. -65. -63. -63. -61. -56. -54. -53. -47. -43. -41.
 -41. -41. -40. -36. -36. -31. -26. -25. -24. -20. -16. -15. -10.  -8.
  -6.  -1.  -1.   2.   2.   5.   5.   7.   8.  12.  13.  14.  14.  16.
  17.  18.  19.  22.  22.  24.  24.  29.  29.  35.  35.  35.  37.  39.
  40.  41.  42.  44.  45.  45.  48.  50.  51.  52.  60.  62.  64.  66.
  67.  69.  71.  72.  72.  73.  74.  81.  81.  87.  87.  90.  94.  94.
  95.  95.][-96. -93. -93. -92. -91. -91. -90. -89. -88. -86. -86. -85. -84. -82.
 -82. -81. -81. -76. -71. -71. -66. -58. -57. -54. -52. -52. -48. -46.
 -46. -46. -42. -37. -36. -35. -32. -29. -26. -26. -21. -19. -15.  -8.
  -7.  -6.  -6.  -5.  -2.  -1.   1.   1.   2.   3.   5.   5.  10.  10.
  11.  13.  14.  14.  17.  21.  22.  24.  33.  34.  34.  36.  44.  44.
  45.  47.  48.  50.  52.  54.  55.  56.  64.  66.  67.  70.  72.  72.
  73.  77.  77.  80.  81.  82.  83.  86.  87.  89.  91.  91.  91.  92.
  93.  94.][-100. -100.  -97.  -94.  -92.  -92.  -92.  -91.  -88.  -85.  -83.  -81.
  -76.  -75.  -73.  -73.  -73.  -69.  -69.  -68.  -67.  -66.  -65.  -63.
  -60.  -58.  -55.  -54.  -48.  -47.  -47.  -46.  -44.  -44.  -37.  -36.
  -35.  -35.  -34.  -30.  -29.  -24.  -24.  -18.  -17.  -14.  -14.  -10.
   -9.   -3.   -1.    3.    4.    4.    6.   16.   19.   19.   19.   20.
   22.   24.   27.   28.   35.   35.   40.   41.   42.   42.   43.   43.
   45.   47.   48.   48.   48.   50.   50.   51.   58.   62.   62.   63.
   68.   72.   76.   76.   76.   78.   80.   82.   83.   88.   89.   90.
   94.   96.   96.   99.][-100.  -99.  -99.  -98.  -97.  -94.  -94.  -91.  -90.  -89.  -87.  -87.
  -81.  -79.  -79.  -78.  -75.  -73.  -72.  -71.  -70.  -67.  -55.  -52.
  -51.  -46.  -41.  -39.  -38.  -38.  -38.  -32.  -32.  -29.  -29.  -27.
  -27.  -26.  -25.  -25.  -24.  -23.  -22.  -22.  -15.  -15.  -12.  -12.
   -6.   -2.   -2.   -2.   -1.   -1.    8.   11.   12.   14.   14.   15.
   15.   16.   18.   21.   22.   23.   23.   24.   26.   32.   40.   44.
   46.   46.   48.   52.   55.   56.   57.   58.   63.   64.   66.   67.
   67.   70.   72.   73.   74.   75.   82.   89.   91.   91.   97.   98.
   99.   99.  100.  100.][-97. -97. -96. -90. -89. -81. -80. -78. -78. -74. -69. -69. -68. -66.
 -65. -64. -60. -60. -59. -57. -56. -56. -54. -54. -54. -53. -53. -52.
 -50. -49. -47. -45. -43. -43. -38. -36. -34. -32. -31. -29. -28. -26.
 -26. -21. -20. -18. -15. -15.  -9.  -9.  -8.  -7.  -4.  -4.   1.   6.
   6.   6.   7.   9.  13.  14.  14.  20.  23.  35.  35.  35.  36.  36.
  38.  38.  43.  49.  50.  50.  52.  60.  63.  64.  67.  69.  69.  71.
  71.  75.  76.  81.  83.  83.  85.  86.  88.  88.  89.  89.  89.  93.
  94.  95.][-100.  -99.  -99.  -94.  -93.  -90.  -89.  -89.  -88.  -86.  -86.  -84.
  -81.  -80.  -76.  -76.  -75.  -73.  -73.  -71.  -69.  -68.  -68.  -67.
  -67.  -63.  -62.  -59.  -58.  -54.  -52.  -50.  -47.  -45.  -41.  -40.
  -38.  -38.  -38.  -38.  -38.  -33.  -32.  -32.  -31.  -31.  -29.  -28.
  -27.  -25.  -22.  -16.  -15.  -14.  -11.   -7.   -3.   -2.   -2.    4.
    9.   10.   11.   14.   14.   18.   26.   28.   29.   31.   32.   32.
   33.   33.   33.   34.   37.   38.   40.   41.   41.   44.   46.   52.
   52.   54.   57.   60.   68.   69.   71.   72.   73.   81.   85.   86.
   94.   97.   97.  100.][-97. -95. -95. -90. -88. -87. -81. -80. -78. -77. -77. -75. -75. -74.
 -72. -70. -69. -69. -69. -65. -64. -63. -62. -52. -50. -48. -47. -45.
 -37. -36. -32. -32. -31. -28. -27. -27. -26. -23. -23. -23. -21. -18.
 -16. -16. -13. -12.  -9.  -4.   0.   4.   6.   7.   7.   9.  14.  14.
  19.  21.  22.  24.  25.  25.  28.  31.  32.  35.  40.  40.  41.  42.
  44.  44.  46.  48.  51.  57.  58.  61.  64.  65.  66.  66.  69.  69.
  70.  76.  76.  76.  77.  78.  79.  83.  84.  84.  88.  89.  91.  91.
  98. 100.][-98. -96. -95. -94. -94. -90. -88. -88. -86. -85. -81. -80. -77. -75.
 -73. -72. -70. -70. -67. -65. -64. -64. -62. -61. -60. -58. -56. -55.
 -55. -52. -51. -48. -48. -47. -46. -40. -37. -33. -33. -33. -31. -30.
 -29. -28. -22. -21. -19. -19. -18. -15. -15. -14. -14. -13. -12.  -8.
  -8.  -4.   1.   1.   3.   6.  19.  19.  20.  22.  26.  26.  27.  27.
  29.  31.  40.  44.  47.  48.  53.  57.  57.  58.  60.  70.  71.  72.
  74.  75.  75.  79.  81.  81.  81.  82.  86.  90.  92.  93.  95.  98.
  99. 100.][-96. -95. -94. -94. -91. -89. -88. -86. -84. -83. -79. -78. -77. -76.
 -74. -70. -70. -64. -63. -62. -54. -53. -53. -49. -49. -43. -42. -41.
 -40. -35. -34. -32. -32. -31. -29. -28. -27. -26. -25. -24. -20. -15.
 -15. -15. -12. -12. -10.  -9.  -6.  -4.   1.   9.  14.  14.  14.  17.
  18.  20.  20.  21.  26.  27.  35.  41.  46.  47.  47.  47.  48.  53.
  53.  54.  57.  59.  61.  63.  64.  64.  65.  68.  69.  74.  75.  75.
  77.  77.  81.  86.  92.  93.  93.  93.  93.  95.  95.  95.  96.  96.
  97. 100.][-100.  -99.  -99.  -96.  -95.  -94.  -91.  -91.  -90.  -89.  -88.  -88.
  -86.  -81.  -80.  -79.  -73.  -70.  -70.  -67.  -65.  -55.  -53.  -44.
  -43.  -42.  -42.  -41.  -39.  -33.  -32.  -32.  -28.  -28.  -27.  -27.
  -26.  -25.  -24.  -23.  -20.  -19.  -16.  -10.   -8.   -3.    7.   13.
   14.   14.   16.   16.   18.   19.   20.   21.   21.   24.   27.   27.
   30.   31.   36.   37.   37.   37.   38.   43.   45.   45.   47.   48.
   48.   49.   52.   66.   67.   69.   70.   71.   72.   72.   72.   73.
   75.   75.   75.   80.   85.   85.   87.   89.   91.   93.   95.   95.
   96.   97.   99.  100.][-93. -91. -90. -89. -88. -87. -85. -82. -80. -77. -76. -76. -76. -69.
 -69. -56. -55. -51. -47. -45. -45. -39. -39. -37. -37. -31. -31. -28.
 -27. -25. -24. -24. -23. -19. -19. -12. -11.  -9.  -8.  -8.  -7.  -6.
  -5.  -3.   1.  12.  13.  14.  16.  16.  17.  17.  19.  20.  21.  21.
  28.  30.  34.  37.  38.  38.  42.  44.  45.  46.  50.  51.  52.  53.
  54.  57.  59.  59.  61.  61.  65.  67.  70.  71.  71.  73.  76.  77.
  79.  80.  83.  84.  87.  88.  88.  91.  92.  94.  94.  94.  96.  96.
  96. 100.][-98. -98. -96. -92. -90. -88. -87. -87. -87. -86. -85. -84. -84. -82.
 -81. -74. -71. -71. -64. -63. -60. -54. -52. -50. -50. -49. -48. -43.
 -43. -41. -38. -36. -34. -34. -32. -26. -24. -20. -17. -13. -12.  -8.
  -8.   0.   3.   4.   5.   5.   6.   7.   9.   9.   9.  11.  13.  14.
  16.  23.  26.  28.  30.  30.  31.  31.  35.  37.  37.  38.  38.  40.
  42.  45.  46.  50.  50.  51.  55.  61.  61.  71.  74.  76.  79.  80.
  83.  84.  84.  86.  86.  88.  88.  88.  90.  91.  92.  95.  98.  98.
 100. 100.][-100.  -99.  -97.  -96.  -95.  -94.  -94.  -93.  -92.  -89.  -88.  -87.
  -87.  -87.  -84.  -80.  -80.  -74.  -73.  -72.  -71.  -67.  -65.  -63.
  -60.  -57.  -57.  -56.  -51.  -48.  -46.  -46.  -45.  -41.  -40.  -39.
  -39.  -39.  -37.  -36.  -36.  -34.  -33.  -32.  -30.  -28.  -27.  -26.
  -23.  -20.  -19.  -18.  -16.   -9.   -8.   -7.   -6.   -6.   -3.   -1.
   -1.    6.    6.    7.   14.   19.   21.   22.   22.   27.   28.   31.
   31.   33.   34.   35.   36.   37.   45.   46.   48.   53.   55.   55.
   56.   60.   60.   63.   64.   64.   66.   71.   73.   74.   77.   84.
   90.   93.   96.  100.][-99. -94. -93. -89. -88. -87. -83. -81. -80. -78. -77. -77. -77. -71.
 -70. -68. -68. -68. -67. -67. -65. -58. -56. -55. -55. -53. -51. -48.
 -46. -44. -41. -40. -36. -32. -32. -31. -30. -29. -27. -26. -26. -25.
 -21. -21. -19. -18. -13.  -9.  -4.  -2.  -1.  -1.   4.   5.   7.  11.
  16.  18.  18.  18.  20.  21.  21.  28.  29.  35.  36.  38.  39.  39.
  41.  44.  46.  47.  47.  48.  48.  48.  49.  51.  52.  52.  53.  56.
  57.  58.  59.  60.  70.  74.  76.  77.  78.  78.  84.  92.  94.  97.
  99. 100.][-99. -99. -97. -94. -94. -88. -86. -80. -78. -74. -73. -72. -72. -71.
 -66. -64. -64. -60. -60. -58. -58. -56. -50. -47. -46. -46. -46. -45.
 -44. -37. -35. -33. -33. -32. -30. -26. -25. -23. -22. -19. -16. -12.
 -12. -12.  -8.  -6.  -6.  -5.  -4.  -1.   6.   6.   6.   7.   8.  11.
  12.  15.  15.  18.  22.  23.  23.  28.  29.  33.  34.  36.  38.  38.
  40.  41.  41.  42.  44.  47.  47.  48.  49.  51.  55.  58.  61.  62.
  63.  68.  68.  72.  74.  75.  77.  79.  79.  81.  83.  87.  93.  95.
  95.  98.][-97. -92. -92. -91. -87. -87. -86. -84. -84. -83. -83. -83. -80. -79.
 -79. -79. -76. -74. -73. -73. -69. -67. -55. -55. -54. -54. -51. -44.
 -44. -43. -43. -42. -40. -37. -35. -31. -27. -21. -19. -19. -18. -18.
 -16.  -9.  -9.  -9.  -5.  -4.  -4.  -3.  -2.  -2.   1.   4.   4.   6.
   6.   8.   8.   9.  10.  10.  14.  16.  21.  22.  24.  29.  35.  36.
  36.  38.  38.  41.  41.  43.  44.  49.  49.  54.  55.  56.  56.  58.
  64.  65.  70.  71.  74.  74.  79.  82.  85.  86.  86.  88.  95.  95.
  98.  99.][-98. -98. -97. -96. -96. -95. -92. -89. -89. -88. -87. -86. -84. -81.
 -80. -77. -73. -67. -65. -63. -62. -61. -61. -58. -56. -54. -53. -53.
 -50. -47. -43. -43. -42. -40. -38. -37. -37. -35. -33. -33. -30. -24.
 -23. -22. -17. -15.  -9.  -9.  -5.  -4.  -2.  -1.  -1.  -1.   0.   1.
   3.   7.   8.   9.  11.  11.  13.  16.  17.  19.  19.  21.  21.  28.
  31.  31.  35.  37.  40.  44.  52.  55.  56.  57.  58.  58.  60.  61.
  61.  62.  64.  68.  70.  72.  72.  75.  75.  79.  83.  86.  87.  90.
  98.  99.][-95. -94. -93. -92. -89. -85. -83. -83. -83. -82. -81. -79. -75. -74.
 -69. -69. -68. -68. -65. -64. -62. -61. -57. -57. -56. -50. -49. -43.
 -43. -43. -35. -35. -30. -28. -27. -24. -24. -23. -20. -18. -18. -15.
 -14. -13.  -7.  -7.  -4.   6.   8.   9.  11.  12.  16.  18.  19.  21.
  22.  23.  24.  27.  27.  29.  31.  32.  34.  35.  36.  36.  39.  39.
  44.  47.  49.  51.  52.  53.  59.  67.  68.  71.  71.  72.  72.  72.
  73.  73.  76.  79.  80.  80.  83.  83.  85.  87.  88.  89.  94.  94.
  98.  99.][-97. -97. -96. -92. -91. -86. -78. -75. -72. -70. -68. -67. -67. -67.
 -66. -65. -64. -64. -59. -56. -52. -49. -48. -48. -48. -42. -37. -36.
 -35. -33. -33. -30. -30. -29. -24. -24. -20. -19. -19. -18. -17. -11.
 -11.  -9.  -4.  -3.  -3.  -1.   1.   3.   4.   4.   7.   9.  10.  12.
  12.  15.  17.  18.  18.  23.  27.  28.  29.  34.  35.  36.  37.  37.
  40.  50.  53.  56.  58.  58.  63.  64.  65.  66.  67.  68.  70.  70.
  70.  70.  74.  76.  77.  78.  79.  79.  80.  85.  85.  86.  88.  88.
  92.  98.][-97. -93. -92. -91. -90. -85. -82. -81. -77. -77. -77. -73. -72. -72.
 -68. -64. -64. -57. -56. -53. -52. -51. -49. -49. -48. -47. -47. -47.
 -45. -42. -40. -38. -35. -32. -32. -31. -31. -30. -28. -27. -26. -25.
 -14. -12. -12. -11.  -9.  -8.  -8.  -6.  -4.  -3.  -1.   4.   5.   6.
  10.  13.  14.  16.  16.  16.  28.  30.  30.  31.  32.  35.  37.  39.
  39.  42.  48.  49.  50.  51.  52.  53.  55.  59.  59.  62.  63.  63.
  64.  64.  69.  71.  71.  77.  77.  78.  82.  86.  86.  91.  96.  98.
  99.  99.][-100.  -96.  -93.  -92.  -90.  -90.  -89.  -83.  -78.  -77.  -75.  -75.
  -72.  -70.  -69.  -69.  -63.  -60.  -58.  -57.  -50.  -48.  -46.  -44.
  -42.  -41.  -40.  -38.  -38.  -38.  -35.  -25.  -22.  -22.  -21.  -15.
  -10.   -8.   -5.   -4.   -2.   -1.    1.    2.    7.    8.    9.   11.
   13.   15.   18.   21.   23.   23.   25.   26.   26.   29.   30.   31.
   32.   36.   37.   37.   38.   40.   44.   45.   46.   46.   49.   50.
   53.   55.   56.   57.   58.   59.   61.   62.   65.   67.   74.   78.
   81.   82.   83.   86.   86.   87.   89.   90.   92.   92.   93.   93.
   96.   96.   96.   99.][-100. -100. -100.  -98.  -91.  -89.  -88.  -87.  -87.  -86.  -84.  -73.
  -72.  -71.  -69.  -69.  -67.  -65.  -64.  -63.  -63.  -62.  -61.  -61.
  -61.  -60.  -59.  -54.  -53.  -52.  -50.  -48.  -48.  -47.  -45.  -43.
  -43.  -38.  -37.  -36.  -32.  -30.  -30.  -29.  -27.  -19.  -18.  -18.
   -8.   -6.   -4.   -2.    0.    2.    2.    5.    9.    9.   10.   13.
   14.   20.   23.   23.   24.   24.   30.   34.   37.   37.   38.   42.
   42.   45.   46.   47.   47.   54.   55.   57.   57.   62.   70.   71.
   73.   77.   80.   80.   84.   84.   88.   89.   90.   93.   94.   96.
   97.   97.  100.  100.][-97. -96. -95. -91. -91. -90. -90. -86. -82. -82. -78. -77. -76. -76.
 -75. -75. -74. -74. -72. -71. -67. -67. -66. -64. -63. -62. -49. -46.
 -46. -43. -43. -42. -42. -40. -39. -35. -34. -34. -33. -31. -31. -31.
 -28. -27. -27. -25. -25. -24. -20. -17. -16. -16. -13. -13. -12.  -7.
  -6.  -2.   3.   7.  10.  13.  16.  17.  18.  21.  24.  27.  29.  32.
  33.  36.  36.  38.  40.  41.  41.  42.  47.  50.  50.  50.  50.  61.
  65.  68.  70.  74.  82.  82.  84.  85.  86.  88.  90.  91.  95.  95.
  96. 100.][-98. -95. -94. -93. -93. -91. -88. -88. -87. -85. -84. -81. -81. -77.
 -75. -75. -75. -72. -72. -71. -67. -65. -63. -61. -61. -57. -57. -55.
 -55. -48. -41. -34. -33. -28. -26. -25. -25. -24. -18. -18. -11.  -9.
  -4.  -1.   0.   3.   5.   7.  10.  13.  14.  14.  16.  18.  18.  24.
  27.  28.  29.  33.  35.  36.  39.  40.  40.  41.  45.  45.  46.  47.
  47.  49.  49.  52.  53.  57.  61.  62.  66.  67.  67.  70.  71.  72.
  75.  75.  76.  77.  80.  81.  82.  83.  84.  85.  86.  88.  89.  89.
  91.  96.][-94. -94. -93. -90. -88. -82. -82. -80. -79. -79. -77. -76. -76. -74.
 -70. -68. -65. -63. -58. -57. -57. -54. -53. -51. -50. -48. -47. -46.
 -42. -42. -40. -30. -29. -29. -26. -19. -18. -16. -16. -15. -15. -14.
 -12. -11.  -9.  -5.  -4.  -3.  -3.  -2.  -1.   0.   4.   5.  13.  14.
  16.  16.  17.  19.  24.  26.  26.  30.  30.  32.  39.  39.  44.  47.
  49.  52.  53.  53.  54.  58.  60.  61.  63.  64.  65.  67.  71.  74.
  75.  77.  79.  82.  86.  87.  88.  88.  89.  89.  89.  92.  96.  96.
  98. 100.][-100. -100.  -99.  -99.  -99.  -99.  -98.  -93.  -90.  -83.  -80.  -77.
  -77.  -74.  -71.  -70.  -70.  -69.  -68.  -67.  -63.  -57.  -54.  -53.
  -52.  -50.  -48.  -47.  -40.  -39.  -39.  -37.  -33.  -33.  -33.  -32.
  -26.  -23.  -21.  -20.  -20.  -19.  -19.  -18.  -18.  -14.  -12.  -10.
  -10.   -8.   -8.   -6.   -4.   -3.    1.   11.   12.   15.   21.   28.
   28.   29.   30.   37.   37.   38.   41.   42.   45.   46.   46.   47.
   47.   47.   48.   48.   49.   49.   50.   53.   54.   54.   56.   59.
   59.   60.   63.   64.   66.   71.   73.   79.   83.   87.   90.   91.
   96.   97.   98.  100.][-100.  -95.  -95.  -95.  -93.  -91.  -87.  -86.  -84.  -77.  -71.  -66.
  -62.  -59.  -57.  -56.  -53.  -48.  -48.  -48.  -48.  -47.  -43.  -41.
  -37.  -36.  -33.  -31.  -30.  -29.  -29.  -25.  -24.  -23.  -22.  -15.
  -15.  -11.  -10.  -10.   -9.   -5.   -2.   -1.    2.    2.    3.    4.
    6.    7.    9.   10.   11.   13.   13.   14.   16.   16.   17.   24.
   26.   30.   32.   35.   36.   37.   44.   45.   45.   47.   51.   52.
   53.   56.   59.   59.   59.   63.   65.   66.   69.   71.   71.   73.
   75.   76.   76.   76.   76.   78.   81.   81.   85.   87.   89.   91.
   97.   97.   98.   99.][-99. -98. -97. -96. -92. -90. -89. -88. -86. -84. -81. -78. -76. -76.
 -72. -66. -66. -66. -65. -64. -63. -63. -63. -60. -55. -54. -52. -52.
 -52. -52. -50. -49. -45. -43. -40. -38. -36. -36. -33. -23. -21. -20.
 -17. -15. -14.  -6.  -6.  -4.  -1.  -1.   3.   5.   7.  15.  15.  16.
  17.  17.  18.  19.  19.  19.  24.  26.  27.  27.  29.  33.  38.  41.
  42.  45.  50.  51.  51.  52.  54.  55.  58.  58.  59.  61.  61.  63.
  65.  68.  70.  72.  76.  78.  79.  84.  87.  89.  90.  92.  98.  98.
  98. 100.][-92. -91. -90. -87. -86. -84. -84. -82. -80. -75. -70. -69. -68. -67.
 -67. -60. -59. -56. -53. -50. -50. -49. -49. -47. -42. -41. -39. -38.
 -37. -37. -36. -35. -31. -29. -29. -24. -18. -16. -12. -10.  -9.  -8.
  -8.  -6.  -4.  -2.  -2.   1.   2.   3.   4.   5.   8.  12.  12.  13.
  15.  15.  17.  17.  23.  28.  30.  31.  31.  32.  32.  33.  36.  36.
  40.  43.  44.  44.  46.  46.  48.  50.  50.  52.  52.  61.  62.  62.
  65.  65.  68.  69.  69.  70.  75.  76.  76.  80.  90.  90.  91.  97.
  97.  99.][-98. -94. -89. -87. -84. -83. -83. -82. -81. -76. -75. -73. -73. -72.
 -72. -69. -69. -67. -66. -64. -64. -63. -63. -63. -55. -47. -42. -38.
 -34. -33. -32. -32. -32. -30. -27. -27. -26. -24. -23. -21. -19. -14.
 -14. -10. -10.  -7.  -5.  -4.  -1.   3.   5.   6.   6.  10.  11.  18.
  22.  23.  25.  25.  26.  26.  27.  28.  28.  33.  33.  34.  35.  37.
  39.  40.  42.  42.  43.  46.  47.  50.  51.  52.  63.  64.  68.  72.
  73.  75.  75.  77.  77.  77.  83.  83.  85.  89.  90.  94.  98.  98.
  98.  98.][-99. -99. -96. -93. -92. -92. -89. -84. -83. -81. -76. -75. -74. -73.
 -72. -70. -67. -67. -65. -62. -58. -56. -54. -53. -52. -49. -48. -46.
 -46. -46. -42. -40. -39. -37. -35. -32. -29. -29. -28. -28. -23. -22.
 -18. -11. -11.  -8.  -8.  -7.  -7.  -7.   3.   4.  11.  17.  17.  17.
  19.  19.  22.  25.  28.  32.  37.  39.  40.  42.  44.  46.  47.  47.
  50.  53.  54.  56.  57.  58.  58.  59.  64.  65.  70.  72.  74.  75.
  75.  75.  81.  82.  82.  83.  84.  85.  87.  89.  90.  91.  91.  93.
  93.  98.]