[-100.  -90.  -88.  -83.  -83.  -79.  -78.  -75.  -74.  -73.  -71.  -70.
  -69.  -68.  -68.  -67.  -65.  -64.  -63.  -63.  -62.  -62.  -58.  -56.
  -55.  -55.  -55.  -54.  -54.  -44.  -43.  -39.  -34.  -33.  -31.  -31.
  -28.  -28.  -27.  -24.  -24.  -22.  -21.  -19.  -18.  -15.  -10.   -9.
   -7.   -6.   -6.   -1.    5.    7.    8.   16.   18.   18.   24.   25.
   27.   28.   28.   30.   32.   33.   35.   38.   40.   41.   41.   45.
   46.   47.   55.   55.   56.   58.   60.   61.   64.   65.   65.   67.
   68.   75.   76.   77.   78.   84.   87.   87.   89.   90.   94.   97.
   97.   98.  100.  100.][-99. -97. -94. -88. -87. -85. -82. -80. -78. -76. -72. -72. -71. -71.
 -71. -65. -65. -63. -62. -57. -54. -54. -54. -53. -52. -50. -48. -48.
 -47. -45. -44. -42. -37. -33. -31. -24. -19. -19. -18. -15. -12.  -6.
  -6.  -4.  -3.  -1.   0.   1.   8.  10.  13.  17.  18.  20.  21.  28.
  29.  30.  30.  32.  34.  39.  43.  43.  44.  44.  45.  46.  47.  49.
  50.  52.  53.  53.  61.  64.  67.  69.  69.  72.  73.  74.  76.  79.
  80.  82.  82.  83.  87.  88.  90.  90.  91.  92.  94.  94.  97.  97.
  98.  99.][-100. -100.  -98.  -98.  -97.  -96.  -91.  -90.  -90.  -89.  -86.  -85.
  -81.  -80.  -74.  -69.  -60.  -59.  -55.  -54.  -54.  -53.  -53.  -52.
  -50.  -49.  -48.  -48.  -47.  -46.  -44.  -43.  -38.  -37.  -36.  -28.
  -22.  -16.  -13.  -11.  -11.   -7.   -6.   -5.   -3.   -2.    0.    0.
    1.    3.    6.   10.   14.   14.   14.   18.   20.   21.   21.   21.
   22.   23.   26.   32.   33.   42.   42.   43.   43.   45.   45.   46.
   46.   47.   48.   49.   49.   50.   51.   53.   54.   54.   55.   60.
   63.   65.   65.   65.   69.   72.   75.   76.   81.   90.   92.   93.
   94.   96.  100.  100.][-99. -98. -98. -97. -96. -95. -93. -90. -85. -85. -85. -83. -81. -80.
 -79. -79. -78. -76. -74. -74. -73. -73. -72. -72. -71. -66. -63. -62.
 -55. -53. -50. -47. -46. -44. -40. -39. -39. -38. -37. -35. -32. -32.
 -30. -28. -27. -27. -26. -22. -21. -16. -15. -14.  -9.  -9.  -6.  -5.
   0.   2.   3.   4.   4.   9.  10.  12.  12.  15.  17.  20.  20.  22.
  23.  24.  26.  29.  31.  31.  32.  32.  34.  36.  43.  44.  47.  51.
  55.  57.  58.  61.  64.  69.  70.  70.  73.  76.  82.  84.  84.  86.
  86.  90.][-99. -98. -97. -95. -94. -93. -92. -87. -85. -78. -78. -77. -77. -76.
 -75. -74. -70. -68. -67. -66. -64. -63. -63. -61. -60. -59. -59. -54.
 -49. -47. -45. -35. -34. -33. -27. -15. -15. -13. -11. -11. -10.  -8.
  -6.   1.   1.   3.   3.   5.   7.   8.   9.  10.  11.  15.  19.  20.
  21.  25.  27.  28.  28.  33.  34.  46.  47.  51.  51.  52.  56.  56.
  57.  58.  58.  59.  61.  62.  62.  69.  71.  72.  72.  73.  73.  74.
  87.  87.  89.  90.  92.  92.  93.  93.  94.  96.  96.  96.  97.  97.
  97.  99.][-100.  -99.  -99.  -97.  -92.  -89.  -80.  -79.  -78.  -76.  -75.  -75.
  -74.  -68.  -67.  -62.  -61.  -61.  -60.  -59.  -57.  -57.  -50.  -50.
  -49.  -48.  -46.  -46.  -46.  -45.  -45.  -42.  -40.  -37.  -34.  -33.
  -32.  -31.  -25.  -22.  -20.  -20.  -19.  -18.  -14.  -13.  -13.  -11.
  -11.   -3.    0.    0.    1.    2.    4.    6.    8.   13.   15.   16.
   16.   16.   19.   19.   22.   22.   27.   30.   32.   33.   36.   38.
   38.   39.   39.   42.   43.   44.   45.   46.   50.   53.   59.   60.
   64.   67.   67.   68.   68.   71.   72.   73.   77.   78.   80.   80.
   85.   90.   96.   96.][-99. -99. -98. -97. -91. -91. -88. -85. -85. -85. -83. -82. -82. -80.
 -79. -78. -78. -76. -75. -74. -73. -72. -69. -68. -68. -66. -65. -63.
 -53. -45. -44. -41. -40. -36. -31. -28. -27. -19. -19. -13. -13. -10.
  -8.  -4.   2.   2.   7.   8.   8.   9.  11.  14.  14.  15.  16.  16.
  19.  19.  24.  25.  26.  27.  28.  30.  31.  31.  32.  32.  33.  35.
  36.  37.  38.  40.  41.  43.  43.  44.  54.  56.  56.  57.  58.  59.
  62.  62.  63.  63.  67.  68.  75.  78.  79.  86.  88.  89.  92.  94.
  97.  99.][-100.  -98.  -95.  -94.  -91.  -91.  -88.  -87.  -87.  -84.  -82.  -81.
  -79.  -76.  -73.  -70.  -69.  -67.  -65.  -65.  -64.  -61.  -60.  -60.
  -53.  -53.  -52.  -51.  -50.  -44.  -44.  -43.  -43.  -39.  -39.  -37.
  -35.  -31.  -30.  -28.  -28.  -26.  -24.  -23.  -23.  -16.  -10.   -9.
   -4.   -3.   -2.    1.   10.   10.   11.   11.   13.   14.   16.   17.
   18.   20.   20.   21.   25.   27.   27.   27.   27.   28.   35.   41.
   42.   45.   46.   52.   52.   54.   56.   57.   57.   59.   61.   67.
   67.   72.   72.   72.   74.   75.   76.   82.   84.   86.   87.   87.
   87.   88.   91.   99.][-100.  -97.  -97.  -97.  -95.  -94.  -84.  -81.  -78.  -77.  -75.  -75.
  -75.  -72.  -72.  -71.  -70.  -64.  -62.  -56.  -51.  -51.  -50.  -47.
  -45.  -42.  -34.  -31.  -30.  -30.  -28.  -26.  -26.  -25.  -25.  -24.
  -23.  -22.  -16.  -15.  -12.  -12.   -3.    0.    4.    5.    9.   10.
   10.   13.   14.   16.   16.   23.   23.   25.   28.   30.   30.   32.
   34.   36.   39.   40.   41.   41.   43.   45.   49.   50.   56.   57.
   58.   62.   63.   63.   66.   67.   68.   71.   72.   72.   74.   76.
   78.   83.   83.   84.   85.   88.   89.   90.   90.   91.   93.   94.
   95.   98.   98.  100.][-95. -88. -84. -83. -80. -80. -75. -75. -71. -70. -68. -66. -61. -59.
 -59. -59. -56. -54. -50. -50. -50. -49. -47. -46. -46. -45. -41. -36.
 -35. -35. -34. -30. -27. -21. -20. -17. -16. -16. -16. -14. -14. -14.
 -13. -12. -10.  -6.  -6.   1.   3.   4.   4.   6.   9.   9.  14.  18.
  18.  20.  21.  22.  27.  28.  30.  32.  33.  35.  40.  42.  43.  45.
  45.  45.  46.  47.  50.  51.  56.  59.  60.  64.  66.  66.  67.  70.
  70.  71.  71.  75.  75.  77.  80.  82.  83.  83.  87.  88.  88.  89.
  98.  99.][-96. -94. -87. -86. -85. -85. -78. -73. -70. -68. -67. -63. -60. -59.
 -57. -57. -56. -56. -55. -53. -51. -49. -48. -47. -46. -46. -45. -44.
 -43. -42. -42. -41. -41. -39. -39. -39. -39. -36. -34. -34. -30. -24.
 -24. -23. -23. -19. -14. -14. -12. -11. -10.  -1.   1.   6.   7.  13.
  13.  14.  17.  17.  18.  23.  24.  24.  25.  26.  28.  28.  30.  31.
  31.  31.  33.  34.  37.  37.  41.  46.  52.  53.  59.  61.  61.  64.
  67.  69.  72.  72.  81.  84.  84.  84.  89.  90.  91.  93.  94.  94.
  95. 100.][-98. -97. -97. -95. -94. -94. -92. -91. -90. -78. -78. -74. -71. -70.
 -70. -66. -65. -64. -62. -58. -55. -50. -49. -47. -44. -38. -37. -33.
 -32. -30. -30. -30. -28. -26. -16. -15. -15. -11. -11. -10.  -4.   0.
   1.   4.   4.   6.   6.   7.   8.  12.  13.  16.  16.  16.  17.  19.
  19.  20.  21.  24.  26.  27.  29.  29.  32.  33.  34.  38.  41.  46.
  47.  48.  49.  49.  49.  51.  53.  53.  56.  56.  59.  61.  61.  66.
  68.  68.  69.  72.  77.  79.  80.  83.  88.  89.  90.  93.  96.  96.
  99. 100.][-98. -98. -93. -91. -88. -87. -86. -84. -83. -81. -79. -78. -78. -76.
 -75. -72. -71. -70. -69. -66. -65. -64. -62. -59. -57. -51. -51. -49.
 -44. -44. -41. -41. -38. -36. -34. -29. -28. -27. -27. -26. -21. -21.
 -20. -20. -18. -18. -17. -16.  -6.  -6.  -4.  -2.  -2.  -1.   0.   0.
   2.   2.   8.   9.   9.   9.   9.  12.  19.  22.  26.  27.  29.  31.
  33.  37.  38.  39.  40.  41.  41.  42.  49.  49.  52.  53.  54.  62.
  63.  68.  78.  80.  80.  82.  82.  83.  84.  89.  89.  92.  93.  94.
  97.  99.][-100.  -95.  -90.  -89.  -86.  -86.  -81.  -80.  -78.  -76.  -74.  -72.
  -71.  -70.  -67.  -66.  -66.  -61.  -56.  -54.  -50.  -48.  -48.  -39.
  -38.  -36.  -35.  -35.  -32.  -32.  -32.  -31.  -31.  -29.  -28.  -28.
  -28.  -24.  -23.  -21.  -21.  -20.  -16.  -15.  -12.   -9.   -7.   -6.
   -6.   -2.   -2.    1.    4.    6.    7.   15.   17.   17.   18.   18.
   18.   22.   25.   27.   28.   30.   30.   33.   34.   40.   40.   43.
   43.   44.   45.   45.   49.   51.   52.   53.   57.   61.   62.   63.
   65.   67.   67.   67.   70.   71.   72.   75.   75.   76.   76.   77.
   78.   84.   94.   97.][-97. -96. -96. -95. -94. -94. -87. -87. -84. -81. -81. -77. -73. -73.
 -72. -71. -70. -66. -66. -66. -65. -63. -62. -61. -60. -59. -57. -57.
 -55. -53. -47. -46. -43. -41. -37. -36. -35. -34. -32. -28. -26. -19.
 -19. -16. -16. -11. -11.  -7.  -6.  -5.  -1.   0.   1.   2.   2.   4.
   8.  16.  19.  19.  21.  23.  24.  24.  24.  25.  27.  27.  27.  28.
  30.  30.  31.  37.  38.  48.  49.  53.  55.  55.  59.  61.  64.  67.
  67.  68.  69.  74.  75.  76.  79.  79.  82.  82.  83.  86.  86.  87.
  93.  98.][-99. -96. -96. -95. -92. -92. -89. -89. -85. -84. -78. -77. -76. -76.
 -76. -76. -72. -67. -64. -63. -63. -61. -54. -49. -47. -47. -47. -46.
 -45. -44. -42. -42. -37. -35. -31. -31. -31. -21. -19. -18. -17. -17.
 -13. -13. -10.  -8.  -3.  -2.   0.   4.   5.   7.  10.  11.  14.  14.
  17.  23.  23.  24.  28.  28.  29.  41.  42.  42.  44.  48.  51.  52.
  52.  52.  57.  57.  58.  64.  65.  65.  67.  68.  70.  71.  74.  77.
  77.  77.  77.  80.  83.  84.  87.  88.  88.  88.  89.  89.  91.  94.
  96.  96.][-97. -94. -93. -93. -92. -91. -90. -89. -83. -81. -81. -79. -73. -68.
 -68. -67. -60. -58. -57. -55. -54. -54. -52. -46. -45. -44. -42. -40.
 -39. -38. -38. -37. -36. -29. -29. -27. -23. -18. -18. -17. -12. -10.
 -10. -10.  -8.  -6.  -4.  -3.  -3.   3.   5.   9.   9.  11.  11.  14.
  14.  16.  19.  20.  20.  21.  26.  27.  32.  34.  37.  39.  47.  48.
  49.  51.  51.  51.  52.  55.  58.  64.  65.  69.  70.  71.  72.  72.
  75.  76.  76.  78.  79.  84.  85.  86.  86.  88.  91.  96.  98.  98.
  99. 100.][-100. -100.  -98.  -96.  -96.  -91.  -82.  -81.  -81.  -77.  -76.  -76.
  -74.  -74.  -71.  -71.  -68.  -66.  -63.  -58.  -57.  -56.  -51.  -50.
  -49.  -49.  -49.  -48.  -44.  -42.  -41.  -40.  -38.  -36.  -35.  -33.
  -31.  -29.  -26.  -25.  -25.  -23.  -23.  -22.  -19.  -18.  -15.  -14.
  -14.  -13.  -12.  -10.   -7.   -5.    0.    1.   11.   11.   11.   19.
   23.   24.   27.   28.   30.   30.   31.   31.   31.   33.   34.   34.
   36.   38.   41.   41.   44.   45.   57.   57.   61.   62.   68.   70.
   70.   72.   72.   73.   73.   73.   74.   74.   82.   82.   88.   89.
   91.   93.   95.   99.][-99. -86. -80. -79. -77. -76. -76. -74. -73. -70. -64. -57. -55. -53.
 -50. -48. -41. -41. -40. -40. -30. -29. -29. -27. -27. -26. -23. -23.
 -21. -21. -20. -17. -15. -14. -14. -13. -11. -11. -10.  -8.  -7.  -4.
  -3.  -2.  -1.   3.   4.   6.   6.   8.  10.  10.  15.  15.  15.  24.
  24.  27.  27.  29.  30.  34.  34.  35.  35.  35.  37.  37.  40.  45.
  50.  52.  54.  54.  58.  61.  62.  63.  68.  69.  70.  73.  75.  77.
  78.  79.  79.  80.  81.  82.  82.  84.  87.  88.  88.  89.  90.  91.
  94. 100.][-95. -89. -89. -88. -88. -84. -84. -79. -76. -73. -72. -72. -71. -70.
 -68. -65. -63. -61. -60. -56. -53. -52. -50. -50. -49. -49. -48. -48.
 -46. -44. -43. -40. -38. -38. -36. -35. -28. -26. -19. -18. -15. -11.
  -7.  -5.  -1.  -1.   2.   7.   7.   7.   8.  12.  14.  14.  14.  18.
  18.  20.  27.  28.  29.  31.  36.  38.  42.  43.  44.  46.  53.  53.
  56.  57.  58.  59.  64.  65.  66.  66.  67.  69.  70.  73.  74.  76.
  77.  78.  79.  81.  86.  86.  86.  87.  88.  88.  88.  89.  94.  95.
  96.  97.][-98. -97. -96. -94. -92. -92. -86. -85. -82. -80. -79. -79. -77. -76.
 -74. -74. -74. -74. -72. -71. -71. -70. -69. -66. -65. -61. -61. -59.
 -59. -56. -55. -54. -54. -54. -53. -52. -51. -50. -47. -45. -44. -42.
 -42. -34. -28. -27. -27. -26. -23. -21. -19. -18. -13. -11.  -8.  -5.
  -3.  -1.  -1.   4.  10.  10.  12.  18.  24.  28.  29.  30.  30.  34.
  44.  46.  47.  48.  54.  57.  57.  60.  61.  62.  66.  67.  67.  68.
  79.  79.  80.  81.  82.  83.  84.  86.  87.  92.  92.  95.  97.  97.
  97.  98.][-99. -94. -91. -84. -84. -84. -83. -79. -79. -78. -76. -75. -75. -75.
 -72. -70. -68. -65. -65. -64. -62. -61. -61. -56. -55. -53. -53. -52.
 -50. -49. -49. -45. -44. -43. -38. -36. -31. -30. -27. -27. -26. -25.
 -22. -22. -20. -17. -17. -15. -14. -13. -13. -12. -11.  -9.  -6.   1.
   8.  11.  23.  29.  29.  31.  32.  32.  34.  34.  35.  35.  36.  36.
  43.  44.  44.  47.  49.  49.  50.  51.  54.  54.  58.  60.  62.  64.
  65.  65.  66.  76.  77.  85.  91.  93.  94.  96.  97.  98. 100. 100.
 100. 100.][-100.  -99.  -97.  -95.  -93.  -92.  -92.  -91.  -90.  -86.  -85.  -85.
  -84.  -76.  -75.  -71.  -71.  -69.  -68.  -62.  -60.  -59.  -58.  -56.
  -55.  -53.  -50.  -38.  -38.  -37.  -35.  -35.  -30.  -29.  -27.  -27.
  -27.  -18.  -16.  -15.  -13.  -13.  -13.  -11.   -9.   -9.   -9.   -8.
    0.    2.    2.    3.    6.    7.    7.   12.   14.   14.   15.   17.
   17.   17.   21.   21.   22.   22.   25.   26.   29.   30.   33.   33.
   35.   35.   40.   41.   48.   53.   59.   61.   62.   63.   66.   70.
   72.   74.   74.   75.   80.   82.   82.   86.   88.   90.   91.   91.
   96.   98.   98.  100.][-100.  -99.  -98.  -96.  -95.  -91.  -89.  -88.  -85.  -80.  -79.  -78.
  -76.  -75.  -72.  -71.  -71.  -70.  -66.  -64.  -64.  -62.  -60.  -59.
  -57.  -57.  -53.  -53.  -50.  -48.  -45.  -44.  -43.  -42.  -28.  -23.
  -22.  -19.  -18.  -17.  -17.  -16.  -16.  -15.  -14.   -8.   -8.   -8.
   -7.   -5.   -4.   -1.    0.    7.    9.    9.   12.   13.   13.   15.
   15.   15.   17.   22.   22.   26.   26.   26.   30.   33.   34.   35.
   36.   36.   38.   38.   41.   43.   43.   49.   49.   50.   51.   54.
   56.   57.   58.   60.   61.   63.   65.   66.   78.   88.   89.   90.
   94.   94.   95.   96.][-98. -94. -94. -91. -89. -87. -84. -83. -83. -82. -81. -81. -80. -78.
 -78. -74. -73. -70. -65. -65. -65. -63. -62. -60. -58. -57. -54. -51.
 -42. -41. -39. -34. -33. -30. -30. -19. -19. -18. -16. -16. -14. -11.
  -9.  -6.   4.   5.   5.   5.   7.   8.  11.  12.  16.  16.  18.  20.
  20.  21.  25.  29.  29.  31.  32.  32.  34.  34.  36.  38.  39.  41.
  41.  41.  42.  43.  46.  46.  50.  51.  53.  55.  56.  57.  59.  66.
  66.  67.  69.  69.  70.  71.  76.  77.  79.  82.  87.  88.  89.  89.
  92.  93.][-100.  -99.  -98.  -96.  -96.  -93.  -92.  -91.  -89.  -88.  -87.  -85.
  -83.  -83.  -78.  -78.  -77.  -76.  -76.  -75.  -65.  -63.  -59.  -56.
  -52.  -50.  -50.  -49.  -49.  -47.  -47.  -46.  -46.  -41.  -40.  -38.
  -37.  -37.  -35.  -34.  -33.  -31.  -26.  -25.  -24.  -24.  -15.  -14.
  -12.  -12.   -9.   -9.   -9.   -6.   -4.    2.    4.    7.    8.    8.
    8.    9.   14.   15.   19.   20.   20.   26.   28.   28.   31.   32.
   34.   39.   39.   39.   41.   44.   47.   50.   50.   53.   59.   59.
   59.   62.   67.   73.   73.   73.   74.   78.   79.   82.   85.   87.
   88.   91.   95.  100.][-99. -99. -93. -93. -93. -92. -84. -81. -78. -76. -74. -73. -73. -72.
 -72. -72. -71. -66. -63. -62. -61. -56. -52. -52. -50. -49. -48. -44.
 -42. -41. -40. -35. -34. -33. -33. -27. -26. -25. -24. -24. -22. -18.
 -17. -17. -16. -15. -13. -13. -12. -12.  -4.  -3.  -2.  -1.   4.  10.
  15.  17.  18.  22.  24.  26.  27.  33.  33.  34.  35.  36.  36.  37.
  42.  42.  44.  46.  47.  49.  52.  58.  59.  59.  60.  61.  64.  64.
  67.  72.  76.  77.  78.  81.  81.  81.  82.  83.  85.  85.  87.  89.
  94.  97.][-99. -99. -94. -93. -92. -92. -90. -83. -82. -80. -80. -79. -73. -71.
 -69. -62. -57. -52. -52. -50. -50. -47. -46. -44. -43. -40. -39. -39.
 -38. -36. -35. -34. -33. -32. -32. -32. -31. -30. -30. -29. -22. -21.
 -20. -20. -18. -16. -16. -14. -13. -12. -12.  -7.  -3.   0.   1.   2.
   3.  10.  12.  12.  14.  17.  19.  21.  23.  26.  26.  27.  32.  33.
  35.  35.  36.  36.  38.  39.  42.  44.  44.  44.  46.  49.  50.  52.
  52.  53.  56.  58.  60.  63.  70.  76.  84.  86.  88.  90.  91.  91.
  99. 100.][-94. -94. -87. -86. -84. -83. -82. -79. -77. -77. -77. -75. -75. -72.
 -70. -70. -64. -62. -59. -55. -55. -50. -50. -48. -47. -47. -46. -46.
 -46. -45. -44. -44. -43. -41. -41. -40. -39. -36. -34. -31. -31. -26.
 -21. -20. -14. -14. -13. -12. -11. -10.  -8.  -3.   0.   0.   1.   4.
   8.  18.  21.  27.  29.  30.  31.  31.  35.  37.  39.  42.  43.  45.
  47.  51.  52.  53.  53.  54.  54.  55.  55.  56.  59.  61.  61.  62.
  63.  66.  70.  74.  77.  77.  78.  79.  84.  87.  89.  92.  93.  95.
  95.  99.][-99. -97. -89. -89. -88. -87. -86. -85. -82. -81. -80. -80. -79. -78.
 -77. -74. -62. -61. -60. -59. -53. -44. -44. -42. -34. -31. -29. -25.
 -25. -24. -23. -23. -20. -18. -18. -18. -18. -17. -17. -16. -15. -13.
 -12.  -8.  -6.  -5.  -4.  -2.  -1.   0.   5.   8.  10.  11.  11.  11.
  14.  14.  15.  17.  19.  20.  22.  22.  24.  24.  24.  35.  36.  37.
  41.  43.  51.  56.  57.  59.  61.  66.  66.  68.  69.  69.  69.  71.
  72.  72.  76.  76.  76.  77.  78.  79.  81.  83.  83.  83.  85.  86.
  88. 100.][-99. -99. -97. -96. -92. -91. -88. -87. -85. -83. -83. -81. -77. -73.
 -72. -71. -66. -65. -64. -63. -60. -58. -56. -54. -54. -54. -54. -53.
 -53. -53. -48. -48. -44. -37. -35. -32. -30. -28. -27. -27. -26. -26.
 -25. -21. -20. -17. -15. -15. -14. -14. -12. -11. -11. -11.  -9.  -7.
  -6.  -5.   2.   4.   9.  10.  17.  18.  18.  26.  26.  28.  30.  31.
  36.  37.  39.  39.  44.  48.  59.  64.  69.  70.  71.  72.  76.  76.
  77.  78.  79.  80.  80.  81.  81.  82.  82.  86.  87.  91.  94.  96.
  99.  99.][-100.  -99.  -98.  -97.  -94.  -89.  -87.  -84.  -83.  -82.  -81.  -80.
  -77.  -77.  -77.  -77.  -76.  -76.  -73.  -73.  -72.  -71.  -68.  -67.
  -65.  -62.  -56.  -56.  -55.  -52.  -49.  -46.  -45.  -44.  -44.  -36.
  -34.  -33.  -26.  -26.  -24.  -23.  -22.  -20.  -17.  -13.  -13.  -11.
  -10.   -8.   -7.   -4.   -1.    0.    1.    4.    4.    6.    8.   11.
   12.   15.   18.   24.   24.   28.   28.   34.   39.   40.   41.   42.
   43.   43.   45.   48.   49.   51.   51.   54.   56.   59.   62.   63.
   67.   69.   70.   71.   72.   79.   80.   81.   83.   87.   94.   96.
   98.   98.   99.  100.][-98. -97. -92. -92. -92. -86. -86. -85. -84. -83. -83. -81. -80. -80.
 -79. -78. -76. -76. -63. -63. -62. -62. -61. -60. -56. -54. -52. -52.
 -51. -49. -47. -47. -47. -43. -36. -33. -29. -27. -24. -20. -17. -10.
  -8.  -7.  -7.  -6.  -5.  -4.  -2.   0.   0.   3.  11.  15.  18.  23.
  23.  25.  25.  26.  27.  28.  28.  28.  30.  31.  32.  33.  34.  38.
  42.  42.  42.  44.  44.  46.  50.  51.  52.  55.  55.  58.  59.  62.
  63.  66.  68.  70.  71.  75.  79.  80.  83.  83.  84.  84.  97.  98.
  98.  99.][-99. -93. -90. -84. -80. -78. -78. -76. -72. -71. -70. -68. -64. -64.
 -60. -60. -58. -58. -57. -56. -54. -53. -47. -46. -46. -38. -34. -34.
 -30. -28. -25. -23. -22. -20. -19. -16. -15. -14. -14. -10.  -8.  -5.
  -4.  -2.  -2.  -1.   0.   4.   4.   6.  10.  14.  15.  15.  15.  15.
  16.  17.  17.  18.  21.  23.  27.  28.  29.  35.  36.  36.  38.  47.
  50.  52.  54.  56.  61.  62.  62.  64.  68.  70.  75.  75.  77.  78.
  78.  79.  80.  81.  81.  81.  85.  87.  87.  87.  88.  89.  93.  97.
  98. 100.][-100. -100.  -98.  -96.  -96.  -94.  -93.  -91.  -90.  -88.  -87.  -86.
  -84.  -79.  -77.  -75.  -72.  -70.  -70.  -70.  -69.  -63.  -60.  -51.
  -47.  -46.  -45.  -44.  -44.  -42.  -39.  -33.  -33.  -31.  -31.  -26.
  -24.  -20.  -19.  -17.  -16.  -16.  -15.  -10.  -10.   -8.   -6.   -3.
   -3.    3.    5.    5.    6.    6.    9.   10.   11.   13.   15.   15.
   17.   17.   20.   20.   22.   24.   28.   31.   31.   31.   35.   39.
   41.   43.   44.   46.   51.   53.   59.   59.   60.   61.   63.   67.
   69.   71.   73.   73.   74.   77.   82.   82.   84.   86.   88.   89.
   92.   96.   96.   98.][-100. -100.  -98.  -96.  -96.  -92.  -90.  -89.  -88.  -86.  -85.  -84.
  -81.  -80.  -73.  -73.  -73.  -71.  -69.  -67.  -64.  -60.  -57.  -56.
  -56.  -50.  -48.  -46.  -42.  -40.  -39.  -37.  -35.  -34.  -33.  -30.
  -28.  -26.  -24.  -23.  -20.  -16.  -15.  -14.  -11.   -8.   -4.   -3.
    0.    1.    2.    3.    3.    4.    6.    6.    7.    8.    9.   12.
   12.   13.   21.   23.   25.   25.   29.   32.   33.   33.   36.   40.
   41.   45.   45.   52.   62.   62.   63.   64.   64.   67.   67.   68.
   70.   70.   72.   73.   81.   81.   84.   84.   87.   89.   93.   94.
   95.   98.   98.   99.][-98. -98. -88. -87. -86. -84. -83. -78. -76. -73. -71. -71. -70. -70.
 -66. -66. -65. -64. -63. -60. -60. -55. -54. -53. -51. -47. -47. -46.
 -45. -43. -42. -40. -39. -36. -29. -26. -26. -18. -15. -14. -12.  -8.
  -5.  -4.  -2.  -1.   1.   8.  14.  14.  14.  16.  18.  19.  19.  20.
  25.  27.  28.  28.  28.  33.  33.  35.  36.  36.  39.  39.  42.  43.
  43.  46.  46.  51.  52.  59.  65.  65.  66.  70.  70.  74.  74.  75.
  77.  77.  80.  86.  88.  91.  93.  95.  97.  97.  97.  98.  98.  98.
  98. 100.][-96. -95. -94. -92. -92. -90. -89. -89. -87. -87. -78. -71. -71. -70.
 -66. -65. -63. -62. -58. -56. -55. -54. -49. -47. -45. -43. -43. -43.
 -41. -41. -39. -37. -36. -33. -29. -26. -25. -25. -18. -17. -12. -11.
  -9.  -9.  -7.  -4.  -1.  -1.   4.   7.   7.  10.  11.  12.  13.  14.
  14.  15.  16.  19.  19.  22.  23.  23.  27.  28.  31.  31.  32.  35.
  38.  40.  43.  46.  54.  57.  57.  62.  62.  64.  67.  68.  69.  71.
  73.  74.  76.  76.  78.  83.  83.  86.  90.  91.  92.  94.  95.  97.
  98.  99.][-97. -89. -87. -86. -85. -82. -82. -82. -78. -75. -75. -75. -74. -73.
 -73. -69. -68. -68. -68. -68. -62. -55. -53. -51. -50. -46. -45. -44.
 -39. -39. -37. -36. -33. -31. -29. -27. -25. -24. -22. -18. -14. -14.
 -13. -12. -12. -11.  -9.  -9.  -5.  -4.  -2.  -2.   1.   7.  12.  14.
  18.  20.  22.  24.  24.  28.  28.  31.  31.  32.  33.  35.  40.  43.
  44.  45.  47.  48.  50.  51.  53.  53.  55.  58.  60.  64.  65.  65.
  66.  67.  68.  77.  78.  81.  85.  86.  88.  88.  93.  93.  95.  96.
  97. 100.][-96. -95. -92. -92. -91. -90. -88. -87. -85. -85. -84. -81. -74. -73.
 -72. -71. -70. -68. -67. -64. -63. -61. -59. -58. -57. -56. -52. -52.
 -51. -49. -47. -47. -45. -39. -39. -35. -28. -27. -21. -18. -16. -15.
 -14.  -4.  -4.  -1.   1.   1.   2.   5.   7.   8.  12.  13.  13.  16.
  18.  20.  21.  21.  24.  28.  28.  29.  31.  32.  32.  34.  35.  36.
  40.  43.  43.  44.  47.  48.  50.  51.  59.  59.  61.  62.  62.  64.
  65.  67.  69.  70.  71.  71.  72.  72.  83.  83.  85.  86.  93.  94.
  95.  98.][-100.  -96.  -94.  -93.  -92.  -90.  -89.  -87.  -85.  -83.  -82.  -78.
  -78.  -75.  -70.  -67.  -66.  -64.  -63.  -61.  -61.  -59.  -58.  -58.
  -56.  -55.  -50.  -45.  -44.  -41.  -40.  -39.  -36.  -36.  -35.  -35.
  -35.  -33.  -32.  -31.  -23.  -21.  -17.  -16.  -14.  -13.  -13.  -12.
  -11.   -4.    4.    6.    6.   11.   11.   16.   17.   19.   22.   22.
   22.   25.   28.   29.   37.   37.   38.   38.   38.   38.   39.   40.
   46.   46.   51.   59.   61.   62.   62.   65.   66.   66.   66.   68.
   69.   69.   70.   71.   71.   72.   74.   76.   77.   80.   80.   83.
   92.   96.   96.   99.][-100.  -98.  -97.  -97.  -96.  -94.  -92.  -91.  -87.  -84.  -78.  -78.
  -77.  -71.  -68.  -67.  -66.  -65.  -61.  -57.  -55.  -55.  -54.  -54.
  -51.  -43.  -42.  -36.  -33.  -30.  -29.  -28.  -27.  -27.  -24.  -24.
  -20.  -19.  -19.  -18.  -17.  -17.  -13.   -7.   -5.    0.    1.    3.
    3.    4.    5.   13.   24.   26.   26.   29.   31.   31.   35.   36.
   37.   38.   38.   40.   42.   44.   45.   48.   53.   53.   54.   55.
   56.   56.   56.   59.   60.   64.   70.   71.   73.   74.   78.   79.
   79.   80.   80.   82.   82.   83.   84.   85.   86.   89.   90.   91.
   92.   92.   94.   97.][-99. -93. -91. -85. -85. -83. -81. -78. -76. -73. -71. -69. -65. -64.
 -57. -56. -50. -47. -46. -46. -44. -44. -42. -42. -42. -41. -36. -36.
 -35. -35. -34. -33. -33. -31. -29. -25. -22. -20. -20. -20. -13. -13.
  -9.  -7.  -3.  -1.   0.   1.   3.   4.   5.   6.   7.   8.   9.   9.
  10.  10.  12.  12.  14.  17.  19.  20.  27.  28.  28.  31.  31.  37.
  37.  42.  45.  45.  46.  52.  53.  53.  56.  56.  58.  62.  65.  65.
  67.  68.  68.  74.  79.  80.  80.  80.  81.  83.  83.  88.  90.  91.
  94.  99.][-100.  -98.  -95.  -95.  -91.  -90.  -88.  -86.  -86.  -84.  -83.  -74.
  -71.  -71.  -62.  -56.  -56.  -50.  -48.  -46.  -45.  -45.  -44.  -43.
  -42.  -41.  -38.  -38.  -38.  -38.  -33.  -33.  -28.  -27.  -26.  -25.
  -22.  -21.  -20.  -19.  -19.  -18.  -18.  -15.  -13.  -12.  -11.  -11.
  -10.  -10.   -9.   -8.   -1.    0.    2.    6.    9.   10.   11.   11.
   12.   13.   15.   16.   16.   17.   23.   28.   31.   32.   33.   33.
   36.   37.   38.   42.   48.   48.   48.   49.   50.   54.   58.   61.
   62.   65.   67.   67.   70.   76.   77.   81.   88.   89.   90.   96.
   98.   98.   98.   99.][-99. -99. -98. -96. -92. -90. -89. -88. -76. -74. -73. -70. -69. -69.
 -63. -62. -58. -55. -54. -54. -48. -45. -44. -43. -42. -37. -35. -35.
 -33. -31. -31. -30. -26. -26. -23. -21. -21. -20. -19. -18. -18. -14.
 -14. -12. -11. -10.  -9.  -2.   0.   1.   1.   3.   3.   5.   5.   8.
   8.  10.  10.  11.  16.  17.  19.  24.  24.  25.  28.  32.  33.  36.
  36.  37.  41.  45.  46.  48.  54.  56.  57.  59.  61.  62.  65.  66.
  68.  71.  71.  71.  80.  82.  83.  83.  84.  85.  86.  87.  88.  91.
  94.  96.][-93. -92. -90. -86. -80. -78. -74. -71. -70. -67. -67. -65. -65. -61.
 -59. -57. -57. -56. -53. -51. -49. -43. -39. -38. -37. -36. -34. -34.
 -34. -33. -33. -32. -31. -29. -26. -25. -19. -18. -17. -16. -15. -15.
 -14. -13.  -7.  -6.  -4.  -1.   0.   1.   1.   6.   8.  10.  15.  18.
  20.  21.  24.  27.  28.  31.  37.  39.  39.  40.  41.  43.  43.  44.
  47.  50.  55.  56.  58.  58.  59.  65.  65.  65.  66.  67.  68.  68.
  72.  74.  74.  75.  77.  79.  83.  83.  83.  90.  90.  91.  91.  95.
  97. 100.][-100.  -99.  -98.  -96.  -95.  -94.  -84.  -84.  -80.  -79.  -79.  -74.
  -74.  -72.  -68.  -65.  -59.  -59.  -55.  -55.  -53.  -49.  -45.  -44.
  -43.  -43.  -41.  -39.  -35.  -33.  -30.  -29.  -23.  -20.  -15.  -13.
  -13.  -11.  -10.   -9.   -6.   -5.   -5.   -2.   -1.    1.    3.    5.
    6.    9.    9.   10.   10.   14.   15.   17.   20.   23.   23.   24.
   29.   29.   29.   30.   32.   37.   41.   42.   44.   47.   48.   50.
   53.   56.   58.   59.   61.   62.   63.   64.   67.   67.   68.   69.
   73.   74.   74.   76.   77.   78.   78.   79.   81.   84.   92.   93.
   93.   94.   97.   97.][-100.  -91.  -87.  -86.  -85.  -84.  -83.  -82.  -80.  -72.  -70.  -70.
  -70.  -69.  -68.  -66.  -65.  -57.  -57.  -56.  -55.  -53.  -51.  -50.
  -50.  -46.  -46.  -42.  -40.  -39.  -35.  -33.  -32.  -30.  -29.  -28.
  -25.  -20.  -18.  -18.  -18.   -8.   -7.   -7.    3.    4.    7.    7.
    9.   10.   13.   14.   16.   17.   17.   18.   20.   21.   24.   26.
   28.   30.   31.   32.   34.   34.   36.   37.   38.   39.   44.   45.
   49.   53.   53.   55.   58.   59.   59.   60.   60.   61.   62.   63.
   67.   69.   71.   72.   73.   76.   78.   78.   81.   84.   89.   90.
   92.   94.   95.   97.][-100.  -96.  -94.  -91.  -91.  -90.  -90.  -90.  -89.  -88.  -87.  -84.
  -83.  -78.  -75.  -72.  -68.  -67.  -65.  -63.  -63.  -60.  -57.  -55.
  -44.  -43.  -41.  -38.  -38.  -37.  -35.  -33.  -32.  -29.  -28.  -27.
  -26.  -24.  -23.  -22.  -18.  -18.  -17.  -17.  -16.  -12.  -12.  -12.
  -11.  -11.   -1.    1.    1.    1.    1.    3.    6.   11.   14.   16.
   16.   18.   21.   22.   26.   30.   31.   44.   48.   49.   49.   51.
   55.   56.   56.   60.   60.   64.   65.   68.   69.   75.   76.   78.
   79.   85.   86.   88.   88.   89.   91.   92.   93.   96.   96.   97.
   98.   99.  100.  100.][-97. -97. -95. -94. -90. -89. -89. -88. -87. -84. -83. -82. -82. -82.
 -76. -76. -75. -75. -74. -73. -69. -61. -59. -56. -52. -49. -49. -44.
 -41. -40. -40. -40. -40. -36. -35. -34. -32. -27. -21. -19. -19. -16.
 -15. -14. -10. -10.  -9.  -4.  -3.  -2.  -1.   3.   3.   4.   4.  14.
  14.  15.  17.  17.  18.  19.  22.  23.  26.  29.  32.  33.  39.  41.
  43.  47.  48.  54.  55.  63.  65.  65.  68.  70.  73.  74.  75.  76.
  77.  79.  81.  82.  82.  83.  83.  84.  87.  87.  88.  89.  92.  95.
  96.  97.][-99. -93. -91. -89. -89. -88. -84. -84. -82. -76. -72. -72. -71. -70.
 -67. -60. -60. -59. -59. -55. -50. -48. -47. -47. -45. -44. -40. -35.
 -32. -30. -30. -27. -25. -22. -22. -22. -18. -17. -17. -16. -14. -11.
 -10. -10.  -7.  -7.  -5.   2.   3.   5.   5.   5.   6.  13.  13.  18.
  20.  28.  30.  31.  31.  31.  32.  32.  33.  35.  36.  36.  37.  37.
  37.  38.  38.  39.  44.  46.  48.  53.  55.  57.  59.  62.  65.  70.
  76.  78.  79.  79.  84.  84.  84.  86.  90.  90.  90.  94.  95.  96.
  99. 100.][-100.  -98.  -96.  -96.  -93.  -93.  -90.  -87.  -86.  -81.  -81.  -80.
  -78.  -78.  -70.  -70.  -69.  -69.  -65.  -63.  -63.  -61.  -61.  -56.
  -56.  -56.  -52.  -52.  -51.  -51.  -44.  -43.  -42.  -39.  -39.  -37.
  -37.  -36.  -35.  -30.  -28.  -28.  -26.  -26.  -24.  -20.  -20.  -18.
  -15.  -11.  -11.  -10.   -9.   -3.   -1.   -1.    0.    3.    4.    4.
    9.   13.   13.   13.   14.   18.   19.   19.   23.   24.   24.   27.
   30.   31.   33.   36.   41.   44.   46.   47.   51.   56.   58.   59.
   61.   66.   68.   73.   76.   80.   81.   83.   84.   84.   84.   90.
   92.   93.   94.   95.][-100.  -99.  -99.  -92.  -84.  -79.  -74.  -72.  -68.  -68.  -63.  -62.
  -58.  -53.  -52.  -52.  -50.  -48.  -48.  -46.  -43.  -39.  -39.  -36.
  -34.  -32.  -32.  -31.  -31.  -29.  -26.  -25.  -25.  -21.  -16.  -15.
  -11.  -10.  -10.   -7.   -5.   -1.   -1.    2.    4.    4.    6.    8.
    9.   10.   11.   11.   12.   13.   13.   15.   15.   16.   19.   21.
   22.   22.   23.   23.   29.   31.   35.   35.   46.   46.   50.   51.
   52.   52.   52.   54.   56.   56.   59.   61.   63.   63.   69.   71.
   72.   75.   76.   82.   84.   87.   90.   91.   93.   93.   95.   97.
   98.   98.  100.  100.][-98. -97. -96. -96. -96. -93. -85. -83. -79. -77. -72. -71. -69. -68.
 -63. -60. -59. -59. -58. -56. -55. -54. -53. -53. -46. -41. -40. -39.
 -38. -37. -37. -33. -31. -30. -26. -22. -21. -18. -13. -13. -12. -11.
 -11. -10. -10. -10.  -9.  -4.  -3.   3.   4.   7.   9.  10.  11.  13.
  16.  19.  20.  23.  26.  27.  33.  34.  36.  41.  42.  43.  45.  47.
  50.  60.  66.  67.  67.  70.  70.  71.  72.  73.  74.  74.  78.  78.
  78.  79.  80.  80.  81.  82.  85.  88.  88.  89.  89.  90.  90.  94.
  95.  98.][-98. -97. -94. -93. -90. -90. -89. -88. -85. -84. -84. -83. -81. -80.
 -75. -73. -71. -64. -64. -63. -63. -62. -62. -60. -59. -58. -57. -57.
 -57. -55. -51. -48. -47. -46. -45. -43. -40. -38. -37. -37. -34. -31.
 -31. -29. -29. -28. -24. -15. -15. -11. -10.  -8.  -8.  -7.  -5.  -3.
  -1.   0.   1.   2.   4.   8.  11.  13.  13.  16.  16.  21.  22.  22.
  23.  26.  26.  29.  31.  33.  37.  37.  42.  43.  43.  46.  49.  51.
  52.  53.  65.  71.  74.  75.  80.  80.  83.  84.  88.  88.  91.  91.
  99. 100.][-99. -98. -98. -91. -91. -90. -87. -86. -86. -85. -85. -85. -83. -81.
 -80. -79. -79. -77. -76. -76. -76. -75. -67. -66. -63. -59. -58. -56.
 -53. -53. -53. -52. -51. -50. -48. -47. -46. -45. -43. -40. -35. -30.
 -28. -26. -24. -22. -17. -14. -12. -11. -10.  -8.  -2.   2.   2.   3.
   3.   4.   6.   6.  15.  16.  17.  24.  32.  33.  34.  37.  38.  38.
  39.  40.  44.  45.  46.  48.  52.  54.  58.  60.  62.  68.  69.  70.
  72.  74.  78.  81.  82.  83.  84.  87.  89.  91.  91.  92.  97.  97.
  97. 100.][-95. -95. -94. -90. -89. -87. -84. -81. -81. -77. -75. -75. -73. -71.
 -69. -69. -69. -66. -64. -61. -52. -52. -52. -52. -50. -49. -49. -49.
 -48. -48. -48. -48. -45. -43. -40. -37. -32. -32. -31. -28. -27. -26.
 -26. -25. -18. -11. -10. -10. -10.  -9.  -8.  -7.  -6.   0.   1.   4.
   6.   7.   7.   8.  11.  13.  15.  18.  21.  22.  22.  28.  30.  34.
  38.  42.  44.  44.  44.  45.  48.  54.  56.  59.  60.  61.  61.  72.
  72.  74.  74.  76.  81.  83.  87.  89.  89.  89.  91.  93.  94.  95.
  96.  98.][-98. -97. -96. -94. -94. -90. -86. -84. -83. -83. -77. -77. -76. -74.
 -71. -70. -69. -66. -66. -63. -60. -55. -55. -50. -43. -42. -41. -37.
 -36. -34. -33. -33. -33. -30. -24. -18. -15. -13. -11. -10.  -6.  -6.
  -5.  -4.  -3.   3.   4.   8.  10.  11.  14.  16.  17.  17.  18.  19.
  23.  23.  27.  28.  29.  29.  30.  30.  32.  32.  39.  39.  40.  44.
  48.  49.  49.  52.  57.  61.  63.  65.  65.  67.  68.  68.  69.  70.
  73.  73.  74.  82.  82.  85.  88.  90.  93.  94.  94.  94.  95.  95.
  96.  99.][-97. -91. -87. -85. -78. -77. -76. -75. -72. -71. -70. -69. -65. -64.
 -61. -61. -58. -57. -56. -54. -50. -45. -41. -40. -39. -38. -34. -33.
 -32. -31. -29. -26. -22. -20. -20. -19. -18. -13. -13.  -9.  -6.  -6.
  -6.  -5.  -5.  -4.  -4.   0.   1.   2.   4.   7.   9.   9.   9.  14.
  16.  16.  17.  19.  19.  24.  26.  26.  27.  30.  35.  36.  36.  40.
  40.  43.  43.  43.  43.  44.  44.  47.  49.  50.  52.  55.  57.  60.
  60.  66.  69.  72.  76.  77.  79.  83.  84.  85.  85.  87.  88.  92.
  94.  99.][-100. -100.  -97.  -96.  -94.  -93.  -93.  -91.  -91.  -90.  -88.  -84.
  -81.  -76.  -74.  -74.  -71.  -71.  -70.  -67.  -65.  -63.  -61.  -60.
  -59.  -57.  -57.  -56.  -56.  -51.  -51.  -49.  -45.  -39.  -39.  -35.
  -34.  -34.  -34.  -32.  -30.  -29.  -28.  -27.  -22.  -20.  -19.  -18.
  -17.  -12.   -1.   -1.    4.    6.    6.    7.    9.   10.   13.   14.
   16.   18.   19.   19.   21.   21.   22.   24.   25.   26.   30.   30.
   31.   32.   32.   35.   35.   36.   39.   39.   39.   40.   40.   52.
   55.   56.   58.   59.   62.   63.   64.   67.   68.   69.   74.   75.
   79.   82.   85.   88.][-100.  -97.  -95.  -89.  -89.  -88.  -87.  -86.  -84.  -82.  -82.  -80.
  -78.  -78.  -77.  -76.  -75.  -73.  -70.  -63.  -62.  -59.  -56.  -49.
  -48.  -41.  -36.  -36.  -33.  -31.  -24.  -22.  -21.  -19.  -18.  -17.
  -13.  -10.   -8.   -5.    0.    1.    1.    2.    2.    3.    5.    8.
    8.    9.   12.   13.   13.   15.   15.   17.   18.   23.   25.   26.
   29.   31.   33.   34.   36.   36.   37.   40.   42.   42.   44.   45.
   46.   46.   50.   52.   53.   59.   62.   63.   63.   64.   64.   64.
   66.   67.   69.   70.   73.   74.   75.   76.   78.   81.   82.   82.
   86.   93.   94.   97.][-99. -98. -98. -97. -96. -96. -93. -90. -89. -83. -83. -82. -79. -79.
 -70. -70. -69. -68. -64. -64. -61. -61. -58. -57. -57. -55. -55. -53.
 -44. -43. -42. -39. -34. -33. -30. -23. -21. -19. -19. -17. -15. -13.
 -12. -12. -11.  -7.  -5.  -5.  -3.  -3.  -3.  -2.  -1.   2.   3.   4.
   5.   5.   5.   9.   9.   9.  14.  20.  20.  22.  23.  26.  29.  32.
  35.  39.  40.  41.  45.  45.  46.  56.  57.  57.  59.  68.  68.  68.
  70.  71.  72.  78.  78.  78.  80.  81.  82.  86.  87.  91.  96.  98.
  99. 100.][-96. -94. -93. -91. -85. -82. -82. -78. -74. -73. -70. -70. -69. -68.
 -67. -66. -65. -62. -62. -60. -60. -59. -58. -57. -55. -53. -49. -49.
 -49. -48. -48. -47. -46. -42. -41. -40. -39. -38. -37. -35. -30. -28.
 -25. -22. -21. -20. -20. -18. -14. -12.  -7.  -4.   3.   4.   9.  11.
  12.  12.  14.  14.  16.  23.  26.  29.  31.  36.  36.  39.  39.  41.
  44.  45.  48.  48.  50.  50.  53.  56.  58.  60.  60.  60.  61.  63.
  67.  69.  69.  71.  72.  78.  80.  83.  83.  84.  86.  88.  91.  96.
  98.  99.][-99. -89. -88. -85. -84. -82. -79. -75. -74. -69. -66. -62. -61. -60.
 -60. -59. -59. -58. -54. -54. -53. -53. -52. -48. -47. -45. -44. -41.
 -40. -39. -38. -37. -35. -33. -28. -26. -25. -23. -20. -19. -18. -17.
 -17. -17. -12.  -9.  -7.  -5.  -4.  -3.  -1.   0.   2.   3.   8.  10.
  12.  15.  17.  18.  22.  24.  26.  30.  30.  36.  36.  37.  39.  41.
  42.  44.  45.  47.  47.  48.  51.  53.  54.  54.  57.  59.  59.  60.
  60.  62.  65.  68.  71.  74.  75.  76.  80.  84.  86.  87.  89.  93.
  95.  95.][-100.  -99.  -97.  -96.  -96.  -93.  -91.  -88.  -88.  -87.  -86.  -83.
  -82.  -81.  -81.  -80.  -79.  -76.  -75.  -74.  -73.  -71.  -68.  -66.
  -64.  -63.  -63.  -61.  -55.  -53.  -51.  -51.  -48.  -46.  -45.  -37.
  -34.  -33.  -31.  -26.  -20.  -14.  -14.  -12.  -10.   -9.   -5.   -3.
   -1.    0.    3.   10.   13.   14.   16.   17.   18.   20.   21.   25.
   27.   30.   31.   35.   36.   39.   39.   39.   40.   42.   43.   44.
   45.   46.   49.   50.   50.   50.   55.   56.   59.   61.   66.   68.
   68.   70.   72.   77.   77.   81.   84.   84.   84.   86.   93.   95.
   95.   96.   97.   97.][-100.  -94.  -94.  -89.  -87.  -86.  -84.  -83.  -79.  -79.  -78.  -75.
  -72.  -72.  -72.  -70.  -69.  -66.  -60.  -55.  -54.  -54.  -52.  -51.
  -49.  -45.  -43.  -43.  -42.  -41.  -29.  -26.  -24.  -20.  -20.  -18.
  -18.  -17.  -14.   -9.   -8.   -7.   -7.   -6.   -2.   -2.    4.    8.
   11.   13.   15.   15.   17.   17.   21.   22.   22.   22.   23.   25.
   27.   31.   32.   36.   39.   39.   41.   46.   47.   47.   53.   55.
   56.   56.   58.   58.   60.   64.   69.   72.   73.   73.   76.   77.
   77.   80.   80.   82.   85.   87.   88.   93.   94.   94.   96.   97.
   98.   99.   99.   99.][-99. -96. -92. -87. -85. -84. -76. -70. -66. -66. -65. -65. -62. -62.
 -62. -60. -60. -60. -56. -52. -50. -50. -48. -47. -47. -44. -44. -43.
 -41. -40. -39. -34. -32. -32. -28. -24. -21. -17. -17. -15. -13. -11.
  -5.  -5.  -3.   0.   2.   7.   8.   9.  11.  12.  12.  13.  13.  19.
  21.  29.  34.  34.  40.  42.  42.  43.  48.  48.  49.  49.  50.  51.
  54.  54.  56.  57.  58.  59.  63.  67.  70.  70.  71.  72.  72.  74.
  76.  79.  79.  79.  79.  80.  81.  84.  87.  89.  90.  91.  92.  93.
  98. 100.][-100.  -99.  -98.  -97.  -96.  -96.  -92.  -92.  -90.  -89.  -89.  -88.
  -84.  -82.  -81.  -80.  -77.  -76.  -75.  -74.  -73.  -72.  -65.  -63.
  -62.  -62.  -59.  -58.  -54.  -52.  -44.  -43.  -42.  -37.  -36.  -33.
  -32.  -32.  -29.  -26.  -25.  -25.  -25.  -23.  -18.  -18.  -16.  -12.
  -10.   -8.   -7.   -7.   -2.   -2.   -2.    0.    1.    2.    5.    5.
   12.   12.   15.   16.   19.   21.   21.   22.   23.   26.   26.   29.
   30.   32.   33.   33.   36.   44.   45.   49.   49.   49.   50.   56.
   57.   69.   69.   77.   79.   79.   79.   81.   83.   88.   88.   89.
   92.   94.   95.   97.][-93. -90. -89. -88. -86. -84. -84. -84. -79. -78. -77. -68. -64. -62.
 -61. -53. -53. -51. -46. -44. -43. -41. -41. -37. -36. -36. -35. -31.
 -30. -26. -25. -23. -22. -20. -19. -19. -17.  -9.  -9.  -6.  -6.  -3.
  -2.  -2.  -1.   0.   2.   8.  11.  12.  12.  18.  20.  20.  27.  28.
  29.  29.  33.  33.  33.  33.  38.  38.  41.  43.  43.  45.  47.  48.
  49.  50.  51.  53.  55.  56.  62.  64.  64.  70.  71.  72.  73.  77.
  80.  81.  82.  84.  84.  86.  87.  89.  90.  91.  94.  96.  96.  99.
 100. 100.][-100.  -99.  -99.  -99.  -98.  -98.  -96.  -96.  -95.  -94.  -92.  -84.
  -84.  -84.  -83.  -76.  -76.  -75.  -73.  -73.  -70.  -69.  -69.  -66.
  -65.  -65.  -58.  -57.  -54.  -53.  -52.  -51.  -50.  -48.  -44.  -43.
  -43.  -43.  -41.  -34.  -31.  -28.  -25.  -25.  -24.  -24.  -21.  -21.
  -20.  -15.   -9.   -8.   -3.    0.    1.    2.    6.   10.   12.   14.
   15.   16.   19.   21.   22.   23.   26.   30.   33.   38.   44.   45.
   50.   50.   51.   51.   55.   58.   58.   58.   60.   64.   73.   76.
   77.   78.   79.   80.   80.   84.   88.   89.   90.   91.   91.   92.
   93.   94.   95.  100.][-97. -95. -94. -89. -83. -82. -81. -80. -79. -75. -74. -68. -67. -65.
 -64. -64. -64. -62. -61. -55. -55. -53. -52. -45. -44. -43. -41. -39.
 -36. -33. -33. -31. -28. -26. -25. -25. -22. -20. -20. -17. -17. -15.
 -13. -11.  -9.  -9.  -7.   1.   4.   5.   8.   9.  11.  12.  12.  16.
  17.  19.  22.  25.  28.  29.  31.  35.  38.  39.  39.  39.  44.  45.
  47.  47.  48.  53.  55.  56.  59.  63.  64.  66.  68.  68.  69.  72.
  74.  75.  75.  79.  83.  84.  88.  90.  90.  92.  94.  97.  98.  99.
 100. 100.][-98. -98. -97. -95. -94. -93. -90. -87. -86. -85. -85. -84. -83. -83.
 -80. -79. -75. -75. -75. -68. -65. -61. -60. -59. -58. -55. -53. -50.
 -49. -48. -47. -44. -37. -36. -36. -34. -33. -30. -24. -23. -21. -21.
 -16. -15. -15. -13. -12.  -9.  -6.  -5.  -4.  -3.  -2.  -1.  -1.   0.
   6.   6.  11.  12.  15.  17.  18.  23.  24.  25.  25.  29.  31.  34.
  36.  36.  37.  37.  39.  40.  44.  46.  47.  48.  54.  59.  65.  66.
  67.  70.  72.  73.  74.  74.  85.  86.  86.  87.  88.  92.  93.  94.
  97.  99.][-100.  -96.  -94.  -93.  -92.  -90.  -89.  -86.  -84.  -84.  -84.  -80.
  -79.  -70.  -63.  -61.  -61.  -55.  -53.  -51.  -51.  -48.  -44.  -43.
  -39.  -38.  -35.  -35.  -34.  -33.  -27.  -20.  -16.  -12.  -11.   -7.
   -5.   -5.   -5.   -4.   -3.   -2.   -2.    1.    3.    5.    7.    8.
    8.   13.   17.   23.   25.   26.   26.   27.   28.   29.   30.   32.
   33.   34.   35.   38.   39.   39.   41.   42.   44.   46.   47.   50.
   52.   55.   56.   58.   59.   59.   59.   62.   62.   64.   65.   65.
   70.   71.   71.   73.   74.   75.   75.   78.   82.   82.   85.   88.
   89.   90.   92.   98.][-96. -96. -96. -88. -83. -82. -82. -81. -79. -79. -76. -74. -72. -70.
 -67. -67. -66. -64. -59. -57. -53. -53. -52. -51. -50. -50. -49. -47.
 -45. -45. -42. -39. -37. -32. -32. -32. -30. -29. -28. -27. -25. -20.
 -18. -17. -14. -14.  -9.  -8.  -7.  -7.  -5.  -4.  -3.   0.   4.   7.
  16.  17.  19.  23.  24.  28.  29.  29.  30.  32.  36.  37.  37.  38.
  43.  44.  44.  45.  46.  50.  55.  55.  58.  60.  62.  62.  64.  66.
  67.  67.  70.  73.  74.  74.  82.  87.  94.  95.  96.  97.  98.  98.
  98. 100.][-100.  -98.  -97.  -96.  -96.  -94.  -94.  -93.  -93.  -87.  -86.  -76.
  -75.  -72.  -63.  -62.  -61.  -61.  -60.  -60.  -58.  -53.  -52.  -51.
  -50.  -47.  -46.  -44.  -42.  -40.  -39.  -39.  -32.  -31.  -26.  -25.
  -18.  -16.  -12.   -8.   -3.   -1.    2.    2.    3.    3.    4.    5.
    6.    6.    8.   11.   12.   12.   15.   15.   17.   18.   18.   20.
   21.   21.   22.   24.   27.   27.   27.   28.   29.   32.   33.   35.
   36.   36.   37.   42.   42.   46.   56.   58.   59.   60.   61.   62.
   63.   73.   75.   75.   75.   76.   77.   78.   78.   79.   79.   79.
   84.   93.   94.   96.][-99. -99. -98. -94. -91. -88. -88. -88. -87. -87. -87. -86. -86. -80.
 -76. -75. -73. -71. -69. -63. -61. -61. -60. -59. -59. -57. -55. -52.
 -50. -45. -45. -44. -44. -44. -39. -32. -28. -24. -23. -18. -16. -16.
 -14. -14. -13. -11.  -7.  -5.  -2.   0.   0.   4.   8.   9.  10.  11.
  13.  14.  17.  21.  22.  24.  26.  27.  29.  29.  31.  31.  36.  39.
  39.  41.  41.  41.  43.  46.  49.  53.  55.  55.  55.  58.  63.  63.
  66.  69.  77.  77.  79.  80.  80.  86.  93.  95.  95.  96.  98.  99.
  99. 100.][-100.  -95.  -94.  -94.  -92.  -89.  -88.  -85.  -83.  -83.  -82.  -82.
  -78.  -78.  -77.  -77.  -77.  -73.  -70.  -69.  -67.  -65.  -65.  -57.
  -56.  -54.  -48.  -47.  -45.  -44.  -43.  -43.  -41.  -41.  -38.  -36.
  -33.  -33.  -31.  -31.  -28.  -26.  -26.  -23.  -21.  -20.  -20.  -18.
  -15.  -14.  -11.  -10.   -9.   -9.   -8.   -8.   -5.   -1.    0.    3.
    4.    4.    8.   11.   11.   13.   14.   16.   17.   19.   21.   26.
   32.   34.   38.   39.   39.   45.   49.   49.   50.   54.   57.   59.
   60.   61.   65.   65.   68.   70.   72.   72.   73.   77.   78.   79.
   91.   93.   95.  100.][-98. -97. -94. -94. -92. -88. -85. -81. -75. -75. -72. -69. -66. -60.
 -60. -58. -58. -54. -47. -47. -46. -46. -46. -42. -41. -40. -37. -37.
 -36. -34. -33. -33. -31. -31. -26. -26. -25. -22. -22. -20. -20. -20.
 -19. -18. -18. -16. -15. -11. -10.  -4.   1.   1.   5.   5.   9.  11.
  13.  14.  15.  20.  22.  23.  25.  27.  31.  32.  32.  32.  33.  34.
  36.  40.  42.  44.  46.  47.  51.  51.  54.  56.  62.  63.  66.  68.
  70.  71.  72.  72.  79.  81.  83.  86.  86.  87.  89.  92.  93.  94.
  95.  99.][-99. -97. -96. -89. -87. -87. -85. -85. -84. -83. -81. -80. -77. -77.
 -75. -74. -68. -67. -66. -66. -61. -59. -58. -52. -52. -50. -50. -49.
 -47. -44. -42. -38. -38. -38. -32. -27. -27. -27. -27. -22. -22. -20.
 -16. -15. -13. -12.  -7.  -5.  -5.  -5.  -4.  -3.  -3.   2.   7.  10.
  15.  15.  16.  16.  19.  23.  23.  23.  24.  24.  24.  25.  26.  36.
  38.  47.  50.  50.  51.  51.  52.  53.  57.  58.  60.  61.  67.  73.
  75.  76.  76.  83.  84.  84.  87.  87.  89.  90.  93.  94.  94.  94.
  95.  99.][-98. -96. -94. -94. -84. -83. -80. -80. -79. -77. -76. -76. -76. -74.
 -73. -72. -72. -71. -66. -65. -64. -64. -58. -52. -51. -49. -48. -47.
 -44. -43. -43. -39. -38. -37. -34. -30. -28. -27. -21. -20. -14. -11.
 -10. -10.  -7.  -5.  -1.   0.   0.   0.   2.   4.   6.   8.   9.  10.
  11.  14.  16.  16.  16.  16.  20.  23.  25.  25.  27.  28.  28.  30.
  33.  35.  40.  44.  49.  49.  49.  51.  52.  53.  58.  60.  60.  63.
  67.  69.  70.  80.  82.  83.  83.  85.  85.  85.  85.  88.  88.  89.
  91.  91.][-100.  -99.  -98.  -97.  -97.  -93.  -92.  -92.  -91.  -90.  -88.  -86.
  -82.  -80.  -80.  -78.  -78.  -78.  -78.  -77.  -76.  -76.  -72.  -67.
  -67.  -66.  -66.  -63.  -63.  -62.  -60.  -60.  -59.  -57.  -56.  -53.
  -50.  -50.  -47.  -44.  -44.  -37.  -35.  -35.  -30.  -29.  -28.  -26.
  -25.  -24.  -23.  -23.  -22.  -22.  -21.  -14.   -8.    3.    4.    5.
    6.   13.   18.   19.   20.   21.   24.   29.   29.   33.   42.   44.
   44.   45.   48.   49.   50.   55.   57.   59.   62.   65.   65.   66.
   67.   68.   69.   69.   73.   76.   79.   82.   84.   88.   90.   92.
   93.   94.   97.   99.][-99. -99. -98. -97. -97. -92. -92. -86. -86. -85. -82. -82. -82. -78.
 -76. -74. -73. -73. -71. -70. -70. -70. -66. -56. -53. -49. -47. -43.
 -42. -39. -36. -36. -34. -28. -27. -27. -25. -25. -24. -23. -23. -22.
 -18. -18. -17. -10.  -8.  -3.  -1.   2.   3.   5.   6.   7.   7.   8.
   9.  10.  13.  14.  20.  20.  22.  26.  27.  28.  28.  29.  30.  30.
  31.  32.  33.  33.  38.  43.  44.  45.  47.  49.  49.  51.  52.  54.
  56.  57.  68.  72.  72.  73.  75.  87.  89.  89.  91.  93.  97.  99.
 100. 100.][-100.  -98.  -94.  -94.  -86.  -86.  -82.  -81.  -80.  -78.  -77.  -77.
  -76.  -75.  -72.  -66.  -65.  -63.  -63.  -62.  -62.  -61.  -60.  -56.
  -55.  -50.  -48.  -46.  -44.  -40.  -40.  -40.  -38.  -37.  -33.  -32.
  -29.  -29.  -26.  -23.  -23.  -22.  -21.  -21.  -21.  -17.  -15.  -13.
  -12.   -8.   -7.   -6.   -6.   -3.    7.    7.   10.   13.   19.   20.
   24.   28.   29.   33.   35.   36.   37.   38.   39.   40.   40.   40.
   41.   42.   50.   57.   59.   59.   62.   64.   67.   68.   70.   73.
   73.   74.   75.   75.   75.   75.   79.   84.   85.   87.   88.   90.
   97.   97.   99.  100.][-100.  -99.  -99.  -98.  -96.  -96.  -94.  -94.  -92.  -91.  -89.  -86.
  -83.  -76.  -74.  -74.  -73.  -70.  -69.  -68.  -67.  -64.  -63.  -61.
  -61.  -60.  -57.  -51.  -51.  -50.  -46.  -46.  -43.  -42.  -41.  -40.
  -40.  -36.  -32.  -30.  -27.  -25.  -24.  -23.  -22.  -19.  -18.  -16.
  -15.  -15.   -9.   -9.   -8.   -8.   -7.   -6.   -4.   -3.   -3.   -1.
    1.    2.    2.    9.   14.   17.   19.   20.   25.   28.   33.   33.
   34.   42.   43.   48.   50.   54.   55.   62.   67.   67.   68.   74.
   74.   74.   77.   78.   82.   84.   85.   86.   86.   88.   90.   93.
   95.   95.   96.  100.][-99. -97. -90. -86. -85. -84. -82. -78. -77. -77. -75. -74. -74. -74.
 -65. -64. -61. -60. -60. -60. -59. -58. -53. -51. -51. -51. -44. -40.
 -39. -37. -36. -34. -33. -33. -31. -29. -25. -25. -23. -22. -21. -21.
 -20. -20. -17. -16. -15. -12. -11. -11.  -8.  -7.  -7.  -3.  -1.  -1.
   0.   0.   3.   8.   9.  11.  13.  13.  14.  16.  21.  21.  21.  25.
  29.  32.  33.  34.  34.  37.  39.  40.  44.  52.  56.  57.  63.  66.
  68.  68.  69.  69.  70.  71.  79.  83.  84.  84.  86.  93.  94.  96.
 100. 100.][-100.  -97.  -94.  -94.  -93.  -91.  -90.  -90.  -87.  -85.  -84.  -80.
  -75.  -74.  -70.  -70.  -68.  -67.  -66.  -61.  -61.  -60.  -57.  -57.
  -55.  -52.  -49.  -48.  -47.  -46.  -41.  -41.  -39.  -37.  -36.  -30.
  -27.  -26.  -23.  -22.  -20.  -20.  -19.  -15.  -13.  -13.  -12.  -12.
  -10.  -10.   -9.   -7.   -6.   -6.    1.    4.    6.    9.   15.   21.
   33.   34.   37.   40.   43.   45.   45.   46.   46.   46.   47.   48.
   49.   49.   49.   50.   52.   53.   53.   58.   58.   59.   60.   64.
   68.   69.   71.   73.   75.   76.   78.   81.   82.   83.   86.   92.
   93.   93.   95.   96.][-100.  -97.  -96.  -94.  -90.  -89.  -89.  -83.  -82.  -80.  -78.  -77.
  -76.  -75.  -73.  -72.  -71.  -68.  -64.  -58.  -55.  -55.  -53.  -51.
  -45.  -39.  -36.  -36.  -34.  -34.  -33.  -29.  -28.  -26.  -25.  -25.
  -23.  -23.  -18.  -15.  -15.  -12.  -11.  -10.  -10.  -10.   -3.   -1.
    1.    1.    2.    4.    5.    8.    8.   12.   13.   14.   15.   18.
   23.   24.   24.   26.   31.   32.   33.   39.   39.   48.   49.   52.
   54.   61.   64.   69.   70.   70.   71.   75.   76.   78.   78.   80.
   81.   82.   82.   83.   86.   88.   88.   89.   89.   89.   91.   92.
   94.   95.   96.   99.][-95. -95. -94. -91. -88. -87. -85. -84. -83. -83. -82. -81. -80. -78.
 -71. -62. -59. -57. -54. -53. -50. -49. -48. -45. -45. -43. -43. -38.
 -33. -33. -29. -29. -28. -28. -25. -16. -12. -11.  -8.  -3.  -3.   1.
   1.   2.   3.   4.   4.   7.   8.   9.  11.  12.  13.  13.  18.  24.
  26.  26.  30.  32.  33.  33.  37.  38.  39.  40.  41.  44.  48.  49.
  49.  50.  51.  55.  55.  55.  60.  61.  61.  65.  69.  70.  71.  74.
  75.  78.  78.  82.  83.  87.  91.  93.  94.  94.  94.  95.  96.  98.
 100. 100.][-100. -100. -100. -100.  -98.  -95.  -94.  -90.  -88.  -87.  -85.  -84.
  -80.  -78.  -76.  -75.  -74.  -71.  -68.  -66.  -63.  -62.  -60.  -59.
  -59.  -57.  -57.  -55.  -54.  -51.  -49.  -48.  -47.  -46.  -44.  -42.
  -42.  -40.  -38.  -32.  -31.  -30.  -29.  -27.  -24.  -21.  -19.  -18.
  -12.  -12.  -11.  -11.   -2.    1.    2.    2.    4.   11.   14.   14.
   20.   23.   24.   34.   34.   36.   36.   39.   43.   43.   45.   46.
   48.   50.   52.   54.   54.   55.   61.   61.   68.   69.   69.   70.
   76.   77.   79.   81.   81.   82.   87.   90.   90.   93.   95.   96.
   97.   97.   98.   98.][-100.  -99.  -99.  -96.  -94.  -93.  -92.  -91.  -89.  -87.  -86.  -78.
  -78.  -77.  -77.  -76.  -75.  -70.  -68.  -66.  -65.  -65.  -62.  -61.
  -58.  -56.  -55.  -54.  -54.  -53.  -52.  -51.  -50.  -34.  -30.  -30.
  -27.  -27.  -27.  -23.  -20.  -14.  -14.  -10.  -10.  -10.   -9.   -8.
   -7.   -7.   -3.   -2.   -1.    0.    1.    1.    1.    2.    5.    7.
    9.   16.   17.   18.   21.   25.   26.   27.   33.   33.   36.   36.
   45.   45.   46.   47.   48.   51.   53.   56.   57.   58.   58.   59.
   60.   63.   69.   69.   72.   75.   75.   76.   80.   81.   85.   87.
   92.   93.   95.   97.][-99. -95. -94. -94. -89. -87. -87. -86. -85. -84. -84. -83. -83. -82.
 -81. -80. -79. -76. -74. -72. -65. -63. -60. -60. -56. -48. -44. -40.
 -40. -40. -40. -39. -36. -34. -32. -32. -31. -30. -25. -23. -23. -20.
 -20. -20. -19. -17. -15. -10.  -8.  -8.  -6.   1.   4.   5.   6.   7.
   7.  13.  14.  14.  17.  19.  21.  30.  37.  39.  48.  50.  50.  50.
  51.  51.  53.  54.  60.  60.  61.  67.  68.  69.  70.  72.  75.  76.
  77.  79.  79.  81.  82.  84.  87.  87.  92.  93.  93.  94.  95.  95.
  96.  99.][-100.  -93.  -90.  -89.  -77.  -77.  -76.  -71.  -71.  -70.  -70.  -67.
  -67.  -63.  -63.  -62.  -59.  -57.  -56.  -53.  -51.  -50.  -48.  -46.
  -44.  -40.  -38.  -38.  -37.  -36.  -34.  -34.  -34.  -25.  -23.  -20.
  -20.  -19.  -19.  -14.  -13.  -13.  -12.  -11.   -9.   -8.   -7.   -6.
   -5.   -3.   -2.    5.    9.   11.   12.   16.   19.   22.   22.   23.
   24.   32.   39.   39.   45.   45.   47.   48.   53.   56.   58.   59.
   59.   60.   60.   63.   64.   71.   72.   74.   77.   77.   77.   81.
   82.   83.   84.   84.   84.   86.   87.   87.   88.   88.   89.   90.
   94.   97.   99.  100.][-100. -100.  -98.  -98.  -98.  -94.  -90.  -88.  -84.  -83.  -81.  -80.
  -76.  -72.  -72.  -72.  -71.  -70.  -67.  -63.  -62.  -60.  -59.  -57.
  -56.  -56.  -55.  -48.  -41.  -41.  -38.  -34.  -33.  -28.  -26.  -25.
  -25.  -24.  -22.  -20.  -15.  -14.  -10.  -10.   -8.   -8.    1.    2.
    3.    4.    4.    8.    8.    8.   11.   11.   14.   15.   15.   15.
   17.   19.   21.   23.   25.   26.   28.   34.   39.   40.   40.   44.
   46.   48.   51.   54.   54.   56.   58.   61.   62.   66.   68.   70.
   72.   78.   79.   79.   81.   83.   84.   84.   84.   85.   85.   87.
   88.   90.   95.   98.][-100.  -97.  -95.  -95.  -94.  -94.  -90.  -90.  -87.  -85.  -84.  -80.
  -74.  -73.  -72.  -72.  -72.  -70.  -67.  -64.  -64.  -60.  -58.  -53.
  -52.  -52.  -50.  -49.  -49.  -45.  -43.  -39.  -38.  -36.  -36.  -31.
  -31.  -29.  -28.  -27.  -25.  -20.  -20.  -18.  -16.  -11.  -10.   -7.
   -4.   -1.   -1.   -1.    0.    7.    8.   22.   23.   25.   26.   28.
   29.   30.   30.   36.   37.   43.   43.   44.   47.   50.   53.   54.
   55.   58.   58.   58.   60.   60.   63.   65.   69.   69.   69.   70.
   72.   73.   75.   75.   75.   76.   79.   83.   84.   91.   93.   95.
   98.   99.  100.  100.][-98. -97. -94. -91. -91. -90. -90. -89. -86. -84. -82. -75. -74. -71.
 -69. -69. -67. -66. -61. -60. -60. -59. -57. -56. -53. -53. -49. -45.
 -45. -43. -43. -43. -40. -40. -34. -34. -29. -27. -26. -25. -25. -22.
 -20. -19. -16. -15. -15. -14. -13. -10.  -8.  -7.  -6.   5.   7.  12.
  16.  21.  23.  23.  25.  28.  29.  29.  31.  32.  35.  38.  40.  40.
  43.  44.  44.  44.  45.  51.  51.  53.  55.  58.  58.  60.  68.  72.
  75.  77.  77.  78.  79.  80.  82.  82.  83.  86.  91.  91.  91.  96.
  97.  98.][-100.  -98.  -98.  -97.  -97.  -95.  -94.  -92.  -91.  -91.  -89.  -86.
  -86.  -82.  -81.  -80.  -79.  -76.  -75.  -72.  -68.  -66.  -66.  -63.
  -61.  -60.  -58.  -56.  -54.  -54.  -54.  -47.  -47.  -47.  -46.  -45.
  -43.  -38.  -33.  -31.  -29.  -23.  -11.   -8.   -6.   -4.    0.    2.
    2.    3.    6.    9.    9.   10.   11.   12.   12.   13.   16.   16.
   18.   19.   20.   21.   21.   23.   25.   27.   28.   29.   30.   33.
   34.   37.   50.   50.   51.   51.   52.   52.   53.   54.   58.   59.
   60.   62.   63.   65.   69.   73.   76.   76.   77.   78.   80.   84.
   91.   92.   97.   97.][-100. -100.  -99.  -98.  -94.  -92.  -89.  -89.  -85.  -83.  -83.  -82.
  -82.  -81.  -81.  -73.  -73.  -70.  -70.  -68.  -64.  -62.  -55.  -55.
  -45.  -43.  -42.  -37.  -33.  -33.  -32.  -30.  -29.  -28.  -27.  -19.
  -19.  -18.  -16.  -14.  -14.  -14.  -13.  -11.  -10.   -5.   -4.    1.
    3.    3.    3.    4.    6.   10.   11.   13.   14.   15.   15.   17.
   19.   20.   24.   25.   26.   28.   28.   28.   37.   38.   46.   47.
   47.   52.   55.   56.   58.   60.   63.   65.   65.   67.   70.   71.
   71.   73.   74.   74.   77.   77.   82.   83.   84.   85.   87.   92.
   94.   96.   97.   99.][-100.  -99.  -98.  -98.  -97.  -96.  -96.  -94.  -91.  -91.  -89.  -83.
  -81.  -80.  -74.  -74.  -72.  -62.  -58.  -55.  -55.  -54.  -49.  -48.
  -48.  -43.  -41.  -39.  -38.  -38.  -38.  -37.  -36.  -34.  -34.  -29.
  -29.  -26.  -22.  -22.  -22.  -20.  -18.  -14.  -13.  -11.   -7.   -7.
   -6.   -5.   -4.   -3.   -2.   -1.    0.    3.    4.   10.   10.   10.
   11.   15.   15.   16.   20.   22.   23.   29.   31.   32.   35.   37.
   40.   47.   47.   51.   52.   53.   55.   56.   59.   59.   60.   61.
   67.   72.   74.   76.   79.   81.   82.   86.   86.   88.   89.   90.
   91.   92.   96.   97.][-93. -91. -84. -84. -83. -83. -83. -81. -81. -79. -79. -76. -69. -68.
 -67. -66. -59. -57. -55. -54. -54. -54. -51. -50. -49. -46. -46. -32.
 -32. -28. -27. -26. -25. -25. -23. -23. -21. -14. -13. -12. -12.  -8.
  -1.   3.  10.  11.  12.  15.  19.  22.  26.  26.  28.  32.  32.  34.
  34.  35.  35.  36.  37.  39.  39.  41.  41.  45.  46.  46.  46.  52.
  53.  54.  55.  56.  56.  58.  60.  62.  62.  66.  67.  68.  72.  78.
  79.  81.  83.  85.  86.  87.  87.  88.  88.  88.  88.  89.  91.  91.
  95.  96.][-94. -93. -90. -90. -89. -88. -87. -80. -78. -78. -77. -77. -75. -73.
 -71. -69. -67. -64. -64. -62. -58. -56. -56. -53. -49. -49. -48. -41.
 -39. -36. -36. -31. -28. -28. -23. -22. -21. -21. -18. -18. -16. -15.
 -13. -11.   1.   2.   3.   4.   4.   6.   7.   9.  16.  16.  26.  28.
  29.  35.  35.  36.  37.  37.  37.  39.  45.  48.  50.  51.  51.  54.
  55.  55.  55.  58.  58.  60.  63.  64.  69.  70.  71.  73.  76.  78.
  81.  82.  84.  84.  86.  89.  90.  91.  92.  95.  96.  98.  98.  99.
  99.  99.]