[-100.  -98.  -97.  -97.  -97.  -94.  -90.  -87.  -84.  -84.  -84.  -83.
  -80.  -79.  -79.  -75.  -75.  -74.  -71.  -70.  -70.  -69.  -66.  -64.
  -62.  -59.  -56.  -55.  -55.  -54.  -54.  -53.  -51.  -49.  -46.  -40.
  -38.  -31.  -31.  -28.  -22.  -21.  -17.  -15.  -13.  -13.  -11.   -8.
   -7.   -7.   -6.   -2.    3.    7.    7.    8.   13.   17.   18.   21.
   23.   24.   26.   27.   29.   33.   34.   35.   35.   37.   39.   39.
   40.   42.   43.   45.   49.   49.   56.   57.   63.   67.   71.   73.
   73.   77.   78.   81.   82.   82.   86.   86.   86.   88.   88.   93.
   94.   97.   98.   98.][-99. -98. -97. -92. -92. -92. -91. -88. -86. -83. -82. -74. -70. -68.
 -66. -66. -58. -55. -53. -53. -51. -50. -49. -48. -47. -43. -42. -40.
 -32. -30. -30. -29. -29. -27. -19. -18. -15. -14. -13. -12. -10.  -9.
  -8.  -7.  -6.  -3.  -2.   1.   1.   1.   2.   6.   7.  12.  14.  15.
  22.  25.  27.  29.  30.  31.  31.  36.  37.  38.  39.  40.  40.  45.
  45.  46.  46.  47.  56.  56.  57.  59.  62.  65.  69.  69.  72.  74.
  75.  75.  76.  78.  83.  86.  89.  91.  92.  94.  95.  96.  97.  97.
  98.  99.][-98. -97. -97. -96. -96. -95. -94. -93. -93. -93. -92. -88. -87. -87.
 -84. -81. -80. -79. -76. -75. -75. -68. -68. -64. -61. -61. -57. -55.
 -55. -52. -50. -48. -48. -47. -45. -37. -35. -34. -34. -23. -23. -23.
 -22. -19. -19. -16. -13. -13. -10.  -8.  -7.   1.   2.   5.   6.   6.
   9.  14.  14.  15.  22.  22.  23.  28.  33.  35.  36.  42.  44.  44.
  46.  50.  51.  54.  56.  57.  58.  58.  60.  65.  67.  67.  68.  70.
  73.  74.  74.  76.  76.  78.  80.  82.  83.  88.  90.  91.  92.  95.
  96.  99.][-100.  -99.  -95.  -95.  -94.  -93.  -93.  -91.  -89.  -89.  -88.  -82.
  -82.  -81.  -81.  -78.  -78.  -78.  -71.  -69.  -62.  -55.  -54.  -53.
  -48.  -40.  -40.  -39.  -38.  -36.  -34.  -32.  -31.  -30.  -29.  -29.
  -23.  -19.  -19.  -17.  -16.  -13.  -12.  -10.   -1.    1.    2.    4.
    8.    8.    8.    8.   10.   10.   10.   12.   15.   17.   18.   18.
   22.   23.   27.   30.   34.   34.   37.   38.   39.   44.   47.   49.
   54.   56.   58.   61.   62.   63.   68.   68.   69.   69.   69.   70.
   72.   72.   75.   78.   78.   79.   79.   79.   86.   86.   87.   89.
   95.   95.   97.  100.][-96. -92. -88. -87. -84. -84. -84. -84. -78. -75. -74. -72. -72. -72.
 -71. -70. -69. -68. -65. -65. -65. -64. -60. -56. -55. -54. -49. -49.
 -48. -44. -44. -43. -39. -34. -33. -32. -29. -29. -29. -21. -20. -19.
 -18. -13. -11. -11.  -9.  -7.   1.   5.   7.   7.   7.   8.  10.  11.
  15.  15.  24.  30.  30.  30.  32.  35.  37.  40.  40.  42.  44.  45.
  46.  47.  48.  49.  52.  55.  58.  59.  59.  60.  61.  68.  74.  81.
  82.  83.  83.  84.  86.  88.  91.  92.  93.  94.  95.  95.  95.  99.
  99.  99.][-99. -98. -97. -96. -94. -89. -88. -85. -75. -75. -71. -70. -69. -68.
 -67. -66. -66. -64. -62. -61. -61. -58. -57. -45. -43. -42. -40. -37.
 -33. -24. -21. -20. -17. -16. -15. -14. -13. -13. -11. -11. -10.  -7.
  -2.  -1.  -1.   0.   1.   3.   3.   4.   5.   6.  11.  12.  14.  16.
  17.  19.  20.  20.  20.  21.  26.  27.  29.  33.  34.  35.  35.  37.
  39.  40.  43.  46.  51.  54.  54.  54.  57.  58.  58.  59.  60.  67.
  68.  70.  73.  74.  75.  86.  86.  90.  93.  93.  94.  95.  96.  96.
  97.  99.][-99. -99. -97. -96. -92. -89. -88. -87. -87. -84. -84. -82. -81. -78.
 -77. -75. -75. -74. -72. -68. -66. -62. -60. -54. -54. -53. -53. -52.
 -45. -42. -40. -39. -37. -35. -33. -30. -30. -29. -24. -21. -19. -14.
 -11. -11.  -7.  -5.  -5.  -5.  -3.  -3.  -2.   0.   4.   6.   9.  12.
  14.  16.  16.  18.  18.  19.  23.  26.  29.  30.  32.  32.  33.  33.
  36.  39.  40.  40.  42.  42.  43.  48.  52.  57.  60.  62.  62.  63.
  64.  71.  80.  82.  83.  84.  85.  86.  86.  90.  92.  94.  95.  96.
  98. 100.][-99. -98. -97. -97. -95. -93. -92. -91. -89. -88. -88. -77. -75. -74.
 -73. -70. -67. -66. -66. -63. -62. -62. -59. -57. -56. -53. -52. -51.
 -50. -48. -47. -43. -42. -39. -38. -36. -34. -30. -28. -26. -26. -26.
 -23. -22. -21. -21. -19. -18. -16. -13. -10.  -8.  -7.  -5.  -4.  -4.
  10.  11.  14.  16.  18.  18.  22.  23.  23.  23.  24.  24.  27.  27.
  30.  31.  36.  39.  41.  44.  45.  49.  50.  50.  50.  55.  61.  65.
  66.  69.  70.  72.  74.  76.  76.  82.  86.  87.  88.  90.  95.  99.
 100. 100.][-100.  -98.  -95.  -93.  -93.  -93.  -90.  -86.  -82.  -81.  -81.  -79.
  -74.  -71.  -70.  -69.  -67.  -64.  -64.  -62.  -60.  -49.  -46.  -37.
  -37.  -36.  -33.  -31.  -28.  -27.  -25.  -21.  -14.  -11.   -9.   -9.
   -9.   -8.   -8.   -6.   -4.   -4.   -3.   -2.    4.    5.    6.    8.
   10.   12.   13.   14.   15.   16.   17.   20.   23.   23.   23.   25.
   29.   32.   33.   34.   36.   36.   39.   41.   43.   44.   45.   45.
   46.   47.   50.   51.   52.   54.   55.   57.   58.   59.   59.   60.
   60.   64.   66.   71.   71.   75.   75.   78.   79.   83.   86.   86.
   86.   87.   90.   98.][-98. -98. -97. -97. -96. -94. -90. -88. -84. -79. -70. -70. -70. -69.
 -66. -62. -62. -61. -58. -57. -55. -54. -51. -50. -47. -46. -43. -42.
 -42. -42. -41. -36. -29. -28. -24. -24. -17. -16.  -9.  -9.  -6.  -4.
  -1.   2.   7.   7.   8.   9.  11.  13.  16.  20.  20.  25.  27.  29.
  29.  34.  39.  41.  41.  41.  43.  45.  46.  46.  47.  49.  50.  50.
  53.  53.  54.  61.  62.  64.  66.  67.  68.  70.  71.  72.  74.  74.
  74.  78.  78.  78.  78.  80.  80.  80.  82.  91.  92.  94.  95.  96.
  97.  98.][-100. -100. -100.  -98.  -97.  -96.  -96.  -93.  -91.  -87.  -85.  -85.
  -85.  -84.  -84.  -81.  -78.  -77.  -75.  -75.  -73.  -70.  -65.  -59.
  -58.  -58.  -58.  -57.  -48.  -48.  -47.  -47.  -46.  -43.  -42.  -39.
  -37.  -35.  -32.  -31.  -29.  -28.  -26.  -24.  -23.  -22.  -20.  -17.
  -14.  -13.  -12.   -7.    0.    5.    7.   11.   13.   15.   16.   22.
   22.   24.   26.   27.   28.   30.   32.   32.   34.   37.   39.   41.
   42.   44.   48.   51.   52.   55.   55.   59.   62.   64.   66.   67.
   67.   67.   73.   73.   74.   77.   80.   81.   82.   85.   88.   88.
   96.   97.   98.   98.][-99. -98. -93. -92. -92. -90. -89. -86. -84. -82. -81. -79. -75. -73.
 -71. -71. -70. -69. -68. -68. -66. -62. -58. -56. -53. -52. -49. -48.
 -46. -46. -45. -44. -43. -42. -40. -32. -31. -30. -27. -27. -26. -26.
 -23. -15. -14. -13. -13. -12. -12. -11. -10.  -9.  -9.  -8.   0.   1.
   3.   3.   3.   4.   9.  10.  11.  11.  12.  16.  22.  25.  32.  38.
  40.  51.  51.  52.  58.  58.  61.  61.  62.  65.  66.  66.  67.  68.
  69.  75.  76.  80.  82.  83.  85.  85.  85.  88.  89.  90.  91.  91.
  92.  98.][-100. -100.  -98.  -96.  -93.  -90.  -86.  -85.  -82.  -77.  -76.  -75.
  -73.  -70.  -69.  -67.  -66.  -62.  -61.  -60.  -60.  -59.  -53.  -53.
  -51.  -48.  -48.  -46.  -44.  -44.  -44.  -44.  -43.  -38.  -33.  -33.
  -31.  -29.  -26.  -25.  -25.  -24.  -20.  -20.  -20.  -19.  -16.  -13.
  -11.    0.    5.    6.   10.   11.   12.   14.   21.   22.   23.   23.
   23.   25.   28.   29.   29.   29.   32.   32.   38.   38.   40.   44.
   53.   54.   57.   64.   66.   69.   69.   69.   70.   72.   72.   72.
   75.   75.   77.   77.   77.   80.   82.   83.   86.   88.   88.   93.
   94.   95.   97.   97.][-94. -90. -82. -82. -80. -78. -76. -74. -73. -70. -70. -68. -62. -61.
 -58. -55. -54. -54. -53. -53. -53. -51. -49. -48. -47. -46. -43. -41.
 -39. -38. -38. -36. -34. -33. -20. -20. -15. -14. -14. -12. -11.  -8.
  -6.  -3.  -2.   5.   6.   8.   9.  19.  23.  24.  24.  25.  25.  27.
  28.  31.  31.  34.  36.  39.  42.  43.  44.  46.  46.  49.  51.  52.
  53.  54.  58.  58.  59.  63.  65.  65.  66.  71.  75.  79.  82.  82.
  82.  83.  85.  86.  90.  90.  91.  92.  93.  93.  94.  95.  95.  96.
  97.  99.][-100.  -97.  -96.  -96.  -93.  -87.  -87.  -86.  -80.  -73.  -73.  -72.
  -70.  -68.  -66.  -65.  -63.  -62.  -57.  -57.  -56.  -51.  -48.  -47.
  -44.  -43.  -43.  -42.  -38.  -36.  -35.  -34.  -31.  -30.  -30.  -28.
  -28.  -26.  -22.  -21.  -18.  -17.  -14.  -14.  -13.  -10.   -8.   -8.
   -8.   -5.   -3.    1.    4.    7.   10.   12.   13.   14.   15.   16.
   16.   19.   20.   21.   28.   29.   31.   33.   36.   37.   39.   40.
   40.   42.   43.   44.   47.   50.   52.   53.   54.   55.   61.   62.
   63.   64.   66.   69.   72.   72.   73.   75.   76.   86.   86.   94.
   96.   97.   97.   98.][-98. -98. -96. -95. -94. -93. -91. -89. -86. -86. -82. -79. -74. -73.
 -72. -72. -72. -71. -71. -71. -70. -70. -67. -61. -57. -56. -56. -52.
 -50. -49. -44. -43. -43. -43. -41. -41. -40. -39. -38. -35. -34. -26.
 -26. -25. -25. -23. -22. -20. -14. -12.  -9.  -7.  -6.  -3.  -3.  -2.
  -1.   0.   4.   7.   8.   8.  11.  20.  21.  23.  26.  28.  30.  31.
  31.  35.  38.  41.  51.  52.  53.  57.  57.  57.  58.  58.  64.  72.
  72.  75.  75.  76.  78.  78.  79.  81.  81.  83.  87.  93.  94.  98.
 100. 100.][-100. -100.  -99.  -99.  -98.  -94.  -91.  -90.  -84.  -83.  -72.  -71.
  -66.  -62.  -60.  -57.  -54.  -53.  -52.  -52.  -50.  -49.  -49.  -48.
  -48.  -48.  -47.  -44.  -38.  -37.  -34.  -28.  -23.  -22.  -21.  -17.
  -16.  -12.   -8.   -5.   -5.   -4.   -4.   -3.   -3.    1.    1.    9.
   10.   17.   20.   20.   20.   21.   27.   29.   32.   33.   34.   35.
   38.   39.   39.   41.   43.   43.   44.   44.   44.   46.   47.   48.
   48.   48.   50.   52.   52.   55.   57.   63.   65.   68.   70.   71.
   77.   79.   80.   82.   83.   85.   85.   85.   90.   95.   95.   96.
   96.   96.   99.  100.][-98. -96. -95. -95. -89. -85. -81. -81. -80. -74. -73. -73. -72. -71.
 -65. -64. -63. -63. -61. -61. -56. -56. -54. -53. -53. -50. -49. -44.
 -38. -35. -31. -25. -23. -22. -18. -15. -14. -14. -13. -13. -12. -11.
  -7.  -5.  -5.  -2.  -1.   0.   2.   4.   5.   5.   8.   8.  12.  13.
  17.  18.  19.  20.  21.  23.  23.  23.  24.  25.  26.  32.  32.  34.
  38.  38.  38.  43.  43.  46.  48.  51.  52.  52.  54.  55.  56.  56.
  59.  60.  64.  70.  75.  76.  76.  78.  80.  82.  82.  85.  91.  95.
  96.  97.][-100.  -98.  -96.  -92.  -88.  -88.  -87.  -86.  -85.  -77.  -74.  -73.
  -70.  -70.  -67.  -64.  -60.  -59.  -57.  -56.  -56.  -55.  -54.  -54.
  -54.  -53.  -51.  -49.  -48.  -47.  -41.  -38.  -38.  -38.  -35.  -29.
  -26.  -25.  -25.  -23.  -17.  -17.  -16.  -14.  -14.  -10.   -9.   -7.
   -6.   -3.    0.    3.    4.    4.    5.    5.    8.    9.   10.   11.
   12.   16.   16.   18.   20.   22.   24.   25.   29.   29.   31.   31.
   37.   38.   41.   42.   43.   47.   47.   55.   56.   58.   63.   65.
   68.   71.   72.   73.   73.   80.   89.   89.   90.   93.   94.   95.
   96.   97.   98.   99.][-99. -98. -97. -93. -92. -89. -85. -84. -82. -82. -81. -79. -78. -78.
 -78. -77. -76. -75. -74. -73. -72. -70. -70. -68. -67. -64. -62. -58.
 -57. -49. -45. -43. -42. -40. -40. -39. -34. -33. -33. -30. -29. -26.
 -25. -21. -17. -15. -11. -10.  -8.  -7.  -6.  -6.  -5.   1.   3.   5.
   9.  12.  12.  14.  18.  21.  26.  28.  31.  34.  35.  36.  37.  38.
  39.  44.  46.  46.  47.  48.  49.  51.  52.  58.  58.  59.  59.  61.
  61.  61.  62.  63.  64.  64.  67.  68.  71.  76.  85.  86.  89.  94.
  98. 100.][-100.  -96.  -92.  -92.  -90.  -87.  -85.  -83.  -83.  -81.  -80.  -79.
  -77.  -75.  -69.  -67.  -67.  -56.  -54.  -50.  -48.  -47.  -46.  -43.
  -42.  -42.  -38.  -34.  -27.  -26.  -26.  -25.  -24.  -24.  -23.  -22.
  -22.  -20.  -17.  -12.  -12.  -12.  -11.    1.    3.    4.    5.    6.
    9.   11.   13.   15.   16.   16.   20.   23.   25.   25.   27.   30.
   32.   33.   33.   34.   35.   37.   39.   39.   41.   43.   43.   44.
   45.   47.   51.   52.   53.   55.   58.   59.   60.   62.   62.   63.
   64.   66.   67.   71.   73.   74.   74.   78.   84.   88.   90.   91.
   96.   96.   98.   99.][-100.  -99.  -96.  -94.  -94.  -92.  -89.  -88.  -88.  -84.  -84.  -80.
  -72.  -66.  -65.  -64.  -63.  -61.  -61.  -58.  -57.  -57.  -56.  -56.
  -54.  -54.  -54.  -52.  -51.  -48.  -46.  -46.  -44.  -44.  -41.  -40.
  -37.  -31.  -26.  -24.  -23.  -21.  -21.  -18.  -17.  -16.  -11.   -6.
   -4.   -4.   -3.   -3.   -3.   -1.    4.    6.    7.    8.    9.    9.
   11.   11.   12.   13.   15.   15.   19.   25.   26.   29.   33.   36.
   37.   39.   41.   46.   46.   47.   47.   49.   52.   55.   56.   65.
   69.   70.   75.   75.   79.   81.   85.   91.   97.   98.   98.   99.
   99.   99.   99.  100.][-98. -88. -78. -76. -75. -74. -72. -72. -70. -67. -67. -65. -63. -61.
 -58. -57. -56. -52. -45. -43. -43. -42. -42. -40. -39. -39. -39. -38.
 -37. -34. -32. -31. -31. -31. -30. -27. -26. -24. -23. -23. -21. -15.
 -15. -11.  -9.  -9.  -9.  -8.  -3.  -2.  -1.  -1.  -1.   0.   2.   2.
   3.   4.   8.  10.  11.  11.  17.  18.  20.  22.  25.  25.  26.  28.
  32.  32.  36.  38.  39.  41.  42.  42.  51.  52.  53.  54.  56.  57.
  57.  59.  60.  60.  70.  80.  80.  81.  82.  83.  86.  89.  98.  98.
  99.  99.][-99. -97. -97. -96. -96. -95. -91. -88. -88. -86. -86. -82. -82. -81.
 -74. -73. -71. -63. -60. -60. -59. -58. -56. -55. -54. -52. -51. -49.
 -47. -44. -43. -42. -42. -38. -37. -37. -35. -35. -33. -29. -29. -20.
 -20. -19. -17. -16. -16. -14. -14.  -6.  -4.  -4.   0.   7.  14.  15.
  16.  19.  23.  26.  29.  31.  31.  32.  36.  38.  40.  40.  41.  44.
  47.  49.  50.  50.  50.  50.  53.  54.  55.  56.  58.  58.  61.  62.
  63.  64.  67.  67.  68.  69.  73.  76.  77.  78.  80.  86.  89.  91.
  92.  93.][-99. -98. -95. -93. -92. -91. -91. -90. -88. -88. -86. -83. -82. -80.
 -73. -71. -71. -70. -67. -67. -63. -60. -58. -56. -56. -55. -55. -51.
 -49. -47. -44. -40. -40. -39. -39. -36. -35. -35. -33. -28. -26. -25.
 -25. -24. -24. -23. -22. -20. -17. -15. -13. -12.  -2.  -2.  -1.   0.
   4.   4.   5.  11.  13.  14.  16.  17.  18.  20.  25.  30.  31.  33.
  35.  43.  44.  45.  46.  47.  52.  53.  54.  55.  55.  59.  61.  62.
  62.  64.  64.  69.  70.  80.  80.  80.  81.  88.  90.  90.  91.  92.
  93.  94.][-99. -99. -98. -98. -96. -95. -94. -94. -91. -87. -87. -84. -84. -83.
 -80. -76. -76. -72. -70. -68. -68. -63. -62. -58. -56. -56. -54. -54.
 -52. -49. -40. -38. -37. -31. -29. -25. -24. -21. -21. -15. -11.  -8.
  -6.  -5.  -5.  -5.  -5.  -5.  -4.  -4.  -2.  -2.   2.   7.  10.  11.
  13.  14.  14.  14.  16.  17.  18.  19.  21.  23.  29.  31.  32.  34.
  36.  41.  42.  44.  47.  49.  50.  56.  61.  63.  64.  65.  68.  68.
  69.  69.  73.  75.  77.  80.  89.  91.  92.  94.  96.  96.  97.  99.
 100. 100.][-100. -100.  -99.  -99.  -98.  -98.  -96.  -95.  -93.  -93.  -89.  -87.
  -81.  -79.  -78.  -77.  -70.  -70.  -69.  -68.  -64.  -63.  -62.  -61.
  -59.  -58.  -58.  -57.  -55.  -54.  -53.  -52.  -48.  -46.  -41.  -40.
  -34.  -33.  -31.  -31.  -31.  -25.  -25.  -25.  -25.  -25.  -24.  -21.
  -20.  -16.  -14.  -10.   -8.   -8.   -6.   -6.   -4.   -1.    4.    6.
    6.    9.    9.   11.   11.   11.   15.   20.   21.   22.   25.   33.
   33.   42.   43.   43.   43.   49.   50.   51.   52.   61.   64.   67.
   68.   75.   78.   79.   80.   81.   83.   85.   90.   90.   90.   92.
   96.   96.   98.   99.][-96. -94. -94. -94. -88. -87. -84. -83. -80. -79. -78. -78. -77. -73.
 -71. -66. -61. -60. -58. -57. -55. -53. -53. -52. -51. -47. -46. -43.
 -42. -40. -39. -36. -33. -32. -29. -25. -21. -19. -19. -17. -13. -13.
  -6.  -3.  -1.   0.   0.   3.   3.   7.  14.  15.  17.  17.  17.  18.
  20.  24.  24.  25.  26.  27.  32.  33.  33.  35.  43.  43.  43.  43.
  47.  48.  50.  50.  50.  52.  55.  56.  63.  63.  66.  68.  73.  75.
  76.  77.  77.  79.  79.  79.  82.  84.  86.  86.  86.  93.  94.  96.
  96.  98.][-96. -92. -91. -88. -87. -87. -85. -83. -82. -80. -80. -77. -74. -72.
 -72. -70. -70. -68. -68. -65. -62. -60. -59. -57. -52. -51. -47. -46.
 -45. -44. -41. -38. -32. -31. -28. -27. -26. -24. -24. -22. -22. -20.
 -18. -18. -18. -12. -12. -11.  -5.  -5.   0.   1.   1.   4.   8.  11.
  11.  13.  14.  15.  17.  19.  19.  21.  21.  24.  24.  26.  31.  32.
  36.  41.  42.  43.  46.  54.  57.  58.  59.  61.  61.  62.  62.  64.
  66.  68.  72.  76.  78.  84.  86.  86.  90.  92.  93.  94.  94.  96.
  99. 100.][-98. -97. -88. -86. -85. -84. -83. -82. -79. -79. -79. -76. -73. -66.
 -66. -66. -62. -60. -59. -49. -49. -49. -47. -39. -37. -36. -34. -31.
 -27. -20. -18. -18. -15. -15. -15. -13. -12. -12. -11.  -9.  -7.  -5.
  -5.  -4.  -3.   0.   1.   8.   9.  11.  13.  14.  17.  19.  21.  23.
  26.  27.  27.  29.  29.  30.  32.  35.  44.  50.  52.  52.  53.  59.
  61.  62.  63.  63.  68.  68.  74.  77.  77.  78.  78.  80.  81.  81.
  83.  83.  84.  84.  84.  85.  85.  87.  89.  92.  93.  93.  94.  95.
 100. 100.][-98. -97. -97. -97. -94. -94. -90. -86. -84. -84. -83. -79. -77. -76.
 -75. -74. -72. -70. -70. -67. -62. -62. -58. -57. -51. -50. -46. -41.
 -38. -38. -37. -36. -36. -34. -34. -34. -33. -27. -26. -25. -24. -21.
 -20. -17. -17. -17. -17. -15. -14. -12. -11. -10.  -7.  -4.  -1.   0.
   5.   7.  10.  10.  10.  11.  12.  12.  15.  16.  16.  22.  25.  25.
  25.  25.  30.  35.  35.  37.  41.  45.  48.  50.  51.  53.  55.  56.
  58.  58.  67.  67.  74.  76.  81.  84.  86.  86.  90.  93.  93.  94.
  96.  99.][-99. -98. -93. -91. -90. -90. -87. -86. -84. -83. -83. -79. -78. -77.
 -75. -74. -74. -72. -69. -69. -67. -66. -65. -62. -59. -57. -56. -54.
 -53. -52. -51. -48. -48. -47. -45. -44. -42. -40. -38. -37. -35. -33.
 -33. -32. -29. -28. -27. -14. -12. -12. -10. -10.  -7.  -6.  -6.  -6.
  -1.  -1.   4.   5.   6.   6.   7.  11.  12.  12.  14.  19.  19.  22.
  25.  26.  27.  27.  31.  35.  39.  47.  48.  51.  52.  56.  58.  60.
  63.  75.  80.  81.  81.  87.  87.  89.  90.  92.  93.  96.  97.  97.
  97. 100.][-99. -97. -94. -93. -85. -85. -85. -83. -82. -78. -77. -71. -71. -68.
 -67. -66. -65. -65. -65. -64. -64. -63. -59. -56. -55. -54. -52. -49.
 -43. -42. -39. -39. -38. -36. -33. -29. -29. -26. -24. -20. -18. -17.
 -16. -13. -13. -10.  -7.  -7.  -5.  -4.   0.   1.   1.   1.   2.   8.
   9.  11.  13.  14.  14.  14.  16.  16.  17.  26.  32.  33.  35.  42.
  49.  50.  51.  51.  52.  53.  59.  62.  64.  65.  67.  67.  67.  69.
  70.  73.  74.  77.  78.  84.  84.  85.  89.  90.  92.  93.  94.  94.
  94.  98.][-99. -98. -97. -97. -95. -93. -92. -90. -88. -85. -84. -82. -77. -76.
 -74. -73. -73. -72. -71. -65. -64. -59. -57. -54. -54. -53. -53. -51.
 -50. -47. -46. -46. -44. -44. -42. -39. -34. -30. -29. -27. -27. -26.
 -23. -23. -18. -18. -16. -13. -10. -10.  -9.  -2.  -2.   4.   9.  10.
  13.  17.  18.  20.  23.  24.  25.  27.  29.  31.  31.  31.  33.  34.
  34.  35.  38.  40.  40.  41.  42.  43.  44.  46.  49.  51.  56.  57.
  58.  58.  62.  70.  70.  71.  71.  73.  78.  79.  83.  87.  88.  88.
  90.  90.][-98. -93. -92. -90. -82. -81. -77. -74. -74. -74. -66. -64. -61. -61.
 -60. -57. -53. -51. -51. -50. -48. -45. -42. -40. -39. -38. -35. -28.
 -26. -25. -24. -18. -18. -17. -16. -12. -10. -10.   0.   0.   0.   7.
   8.  15.  17.  18.  18.  20.  21.  22.  23.  24.  28.  31.  32.  32.
  33.  34.  35.  39.  42.  44.  44.  45.  46.  47.  49.  49.  49.  51.
  53.  53.  54.  56.  57.  58.  58.  59.  62.  65.  65.  69.  70.  71.
  74.  76.  79.  88.  89.  90.  90.  93.  94.  96.  97.  97.  98.  99.
 100. 100.][-98. -97. -97. -95. -93. -90. -89. -88. -84. -84. -84. -83. -83. -82.
 -81. -80. -78. -74. -72. -71. -68. -67. -65. -58. -58. -55. -54. -52.
 -52. -51. -45. -44. -38. -37. -31. -29. -29. -25. -23. -22. -21. -17.
 -16. -15. -15.  -8.  -6.  -4.  -3.  -1.   1.   5.   5.   7.   9.   9.
  11.  11.  18.  20.  21.  24.  25.  25.  29.  31.  32.  33.  33.  34.
  36.  36.  40.  41.  41.  41.  44.  44.  45.  51.  52.  60.  61.  61.
  65.  66.  72.  74.  74.  74.  79.  79.  88.  89.  90.  92.  93.  93.
  94.  95.][-98. -98. -97. -97. -93. -89. -86. -85. -85. -84. -83. -78. -77. -72.
 -72. -69. -64. -64. -61. -58. -57. -57. -55. -52. -50. -49. -47. -46.
 -45. -43. -41. -40. -40. -38. -34. -32. -30. -27. -25. -24. -20. -17.
 -15. -15. -12. -12. -11. -10.  -7.  -5.  -2.   0.   1.   4.   5.   7.
   9.  17.  19.  21.  27.  31.  31.  35.  36.  37.  39.  41.  43.  45.
  46.  50.  51.  53.  53.  55.  57.  65.  65.  65.  66.  73.  74.  75.
  76.  76.  78.  78.  79.  80.  80.  81.  81.  84.  87.  92.  93.  96.
  97. 100.][-96. -94. -90. -88. -87. -86. -84. -82. -76. -75. -74. -71. -70. -69.
 -68. -68. -64. -63. -63. -57. -56. -56. -55. -51. -50. -48. -45. -45.
 -45. -38. -34. -34. -33. -33. -32. -28. -27. -26. -25. -18. -14. -13.
 -10. -10.  -7.  -6.  -6.  -4.   0.   1.   1.   2.   5.   5.   8.  12.
  12.  13.  19.  19.  19.  25.  28.  28.  29.  35.  37.  49.  50.  52.
  53.  55.  55.  55.  67.  70.  70.  70.  71.  72.  72.  72.  75.  75.
  76.  77.  78.  79.  79.  81.  86.  91.  92.  97.  98.  98.  98.  99.
  99. 100.][-100.  -99.  -94.  -93.  -92.  -91.  -86.  -85.  -85.  -84.  -79.  -77.
  -76.  -75.  -75.  -73.  -71.  -69.  -66.  -66.  -65.  -64.  -63.  -60.
  -57.  -57.  -53.  -52.  -52.  -48.  -47.  -41.  -39.  -38.  -31.  -31.
  -29.  -29.  -27.  -27.  -24.  -23.  -22.  -20.  -20.  -18.  -18.  -14.
  -13.  -10.   -6.   -5.   -4.   -3.    0.    3.    3.   10.   12.   12.
   12.   12.   13.   15.   15.   19.   20.   22.   25.   27.   28.   30.
   30.   39.   44.   44.   46.   50.   54.   56.   56.   59.   60.   63.
   65.   66.   67.   67.   70.   71.   76.   77.   81.   82.   87.   89.
   94.   95.   95.   98.][-93. -92. -90. -89. -87. -82. -81. -79. -78. -75. -74. -70. -70. -69.
 -68. -66. -65. -64. -64. -63. -61. -60. -59. -56. -55. -53. -49. -47.
 -46. -45. -44. -44. -43. -41. -41. -39. -35. -34. -33. -33. -32. -24.
 -16. -11.  -8.   1.   4.   5.   8.   9.  12.  15.  16.  20.  22.  25.
  26.  31.  32.  33.  33.  36.  38.  39.  43.  43.  44.  44.  49.  49.
  51.  52.  53.  58.  59.  64.  66.  67.  69.  70.  72.  72.  73.  74.
  74.  76.  83.  83.  84.  85.  87.  87.  88.  90.  90.  92.  95.  95.
  97.  99.][-100. -100.  -96.  -96.  -95.  -92.  -91.  -87.  -84.  -84.  -83.  -83.
  -81.  -77.  -74.  -73.  -73.  -72.  -71.  -70.  -66.  -65.  -61.  -61.
  -59.  -56.  -56.  -55.  -54.  -50.  -50.  -50.  -49.  -48.  -46.  -42.
  -38.  -35.  -31.  -29.  -25.  -23.  -15.  -12.   -9.   -8.   -8.   -7.
   -2.    0.    1.    7.   11.   14.   14.   15.   15.   16.   19.   19.
   20.   23.   23.   26.   34.   34.   36.   36.   39.   40.   42.   43.
   45.   46.   47.   47.   51.   52.   60.   62.   63.   63.   69.   70.
   72.   73.   74.   78.   81.   87.   87.   93.   93.   94.   94.   94.
   95.   95.   96.  100.][-100.  -98.  -98.  -97.  -96.  -93.  -90.  -89.  -89.  -88.  -88.  -80.
  -80.  -80.  -80.  -77.  -74.  -73.  -67.  -67.  -63.  -62.  -58.  -52.
  -50.  -46.  -45.  -45.  -43.  -43.  -36.  -36.  -34.  -33.  -31.  -26.
  -25.  -25.  -25.  -24.  -23.  -21.  -20.  -18.  -17.  -17.  -14.  -13.
  -11.  -11.   -7.   -6.   -4.   -2.    4.    6.    7.   10.   11.   16.
   18.   18.   21.   26.   27.   33.   34.   37.   37.   40.   47.   49.
   49.   50.   52.   52.   52.   53.   53.   53.   54.   57.   62.   65.
   66.   66.   71.   72.   74.   74.   76.   77.   81.   82.   82.   85.
   87.   90.   92.   96.][-100.  -99.  -97.  -96.  -95.  -95.  -93.  -92.  -89.  -87.  -86.  -85.
  -85.  -85.  -85.  -78.  -73.  -73.  -72.  -72.  -70.  -59.  -59.  -56.
  -54.  -52.  -52.  -52.  -50.  -48.  -48.  -44.  -44.  -43.  -43.  -42.
  -40.  -38.  -37.  -37.  -34.  -33.  -29.  -28.  -27.  -26.  -25.  -18.
  -16.  -12.  -10.   -7.   -4.    2.    5.    5.    5.    9.    9.   11.
   11.   15.   17.   18.   18.   18.   22.   24.   26.   28.   33.   37.
   37.   38.   39.   39.   42.   42.   42.   44.   44.   46.   55.   55.
   62.   62.   64.   66.   69.   70.   75.   75.   77.   80.   81.   82.
   86.   87.   94.  100.][-100.  -97.  -96.  -96.  -95.  -93.  -91.  -90.  -89.  -88.  -87.  -85.
  -84.  -82.  -76.  -76.  -75.  -72.  -67.  -64.  -64.  -63.  -63.  -62.
  -62.  -60.  -60.  -58.  -49.  -43.  -43.  -42.  -41.  -36.  -36.  -35.
  -33.  -33.  -33.  -31.  -30.  -29.  -29.  -24.  -23.  -22.  -14.  -14.
  -14.  -14.  -11.   -7.   -6.   -6.   -6.   -4.   -4.   -3.   -2.    2.
    5.    6.    7.   10.   14.   14.   15.   20.   29.   30.   36.   38.
   38.   42.   43.   43.   45.   45.   46.   57.   57.   59.   65.   66.
   66.   68.   72.   73.   75.   82.   82.   85.   87.   88.   93.   93.
   96.   98.   99.  100.][-100.  -96.  -94.  -92.  -92.  -89.  -87.  -85.  -85.  -84.  -83.  -82.
  -81.  -78.  -76.  -75.  -75.  -74.  -74.  -72.  -70.  -67.  -66.  -66.
  -66.  -64.  -59.  -59.  -57.  -56.  -52.  -48.  -48.  -47.  -45.  -44.
  -43.  -40.  -40.  -37.  -34.  -32.  -32.  -31.  -29.  -18.  -16.  -13.
  -12.   -7.   -6.   -5.   -5.    3.    3.    3.    4.    5.    9.   14.
   17.   18.   22.   23.   26.   27.   29.   31.   31.   32.   35.   39.
   40.   43.   43.   49.   49.   50.   52.   53.   55.   56.   58.   62.
   63.   65.   67.   69.   73.   74.   75.   77.   84.   85.   89.   90.
   93.   95.   95.   96.][-99. -98. -97. -94. -94. -93. -92. -91. -89. -87. -86. -84. -83. -82.
 -79. -72. -67. -66. -65. -63. -61. -57. -54. -52. -41. -41. -36. -35.
 -24. -22. -22. -21. -18. -18. -13. -13. -13.  -9.  -8.  -5.  -5.  -4.
   0.   2.   2.   3.   8.  10.  12.  13.  15.  17.  18.  20.  22.  24.
  27.  31.  32.  38.  38.  39.  39.  43.  43.  46.  46.  50.  52.  53.
  55.  55.  58.  60.  65.  65.  66.  68.  70.  73.  73.  74.  75.  75.
  79.  79.  83.  84.  85.  86.  87.  88.  91.  91.  91.  92.  93.  95.
  98.  99.][-98. -95. -94. -92. -90. -88. -86. -81. -80. -77. -76. -72. -70. -69.
 -67. -66. -61. -60. -59. -59. -59. -58. -55. -54. -53. -50. -48. -47.
 -47. -45. -44. -42. -42. -42. -40. -35. -33. -31. -29. -28. -27. -25.
 -25. -25. -25. -15. -10. -10.  -9.  -9.  -6.  -5.  -1.   1.   2.   3.
   3.   4.   4.   7.   7.  10.  14.  15.  17.  18.  19.  20.  22.  24.
  25.  25.  26.  26.  26.  31.  32.  33.  33.  36.  37.  41.  48.  50.
  51.  52.  54.  56.  60.  61.  62.  63.  73.  73.  79.  81.  89.  89.
  91.  96.][-100.  -93.  -92.  -88.  -88.  -88.  -87.  -86.  -83.  -81.  -75.  -73.
  -70.  -67.  -64.  -63.  -62.  -57.  -54.  -52.  -48.  -44.  -42.  -39.
  -37.  -36.  -35.  -34.  -33.  -26.  -24.  -16.  -15.  -15.  -14.  -12.
   -7.   -5.   -5.   -4.   -3.   -2.   -1.    1.    3.    4.    7.    8.
   10.   13.   13.   14.   18.   19.   22.   22.   23.   25.   27.   28.
   29.   30.   34.   34.   35.   35.   36.   38.   42.   43.   44.   51.
   54.   55.   57.   58.   62.   63.   65.   67.   67.   67.   68.   68.
   69.   72.   74.   77.   82.   83.   83.   84.   84.   85.   87.   88.
   89.   91.   95.   97.][-99. -98. -98. -98. -92. -91. -89. -89. -87. -86. -84. -83. -82. -82.
 -79. -73. -73. -68. -63. -62. -59. -55. -55. -54. -54. -54. -54. -53.
 -50. -49. -48. -44. -43. -42. -41. -38. -38. -36. -32. -31. -31. -28.
 -28. -23. -21. -21. -19. -17. -16. -15. -11.  -6.  -4.  -3.   2.   4.
   9.   9.   9.  11.  15.  17.  22.  25.  25.  30.  31.  32.  32.  34.
  37.  41.  41.  42.  42.  44.  44.  45.  48.  51.  51.  53.  56.  56.
  61.  63.  68.  69.  71.  74.  75.  77.  80.  81.  84.  88.  90.  92.
  97.  99.][-96. -95. -95. -93. -92. -92. -89. -88. -86. -85. -83. -82. -81. -80.
 -79. -78. -73. -73. -71. -67. -67. -66. -65. -57. -57. -57. -56. -53.
 -51. -51. -48. -47. -47. -47. -46. -44. -42. -42. -38. -37. -31. -31.
 -29. -23. -23. -23. -17. -10.  -8.  -6.  -6.  -5.  -3.  -3.  -2.   6.
   8.  10.  10.  16.  19.  21.  23.  27.  29.  30.  31.  34.  35.  37.
  38.  43.  44.  50.  51.  53.  54.  55.  58.  59.  61.  61.  65.  67.
  71.  71.  73.  73.  74.  80.  83.  84.  85.  89.  89.  90.  92.  93.
  96.  98.][-99. -94. -90. -89. -85. -81. -80. -77. -76. -76. -74. -72. -71. -70.
 -70. -64. -63. -63. -60. -54. -54. -47. -47. -44. -44. -43. -42. -41.
 -41. -38. -37. -36. -34. -34. -32. -27. -27. -27. -25. -17. -16. -15.
 -12.  -9.  -8.  -7.  -4.  -4.  -3.  -2.  -2.   1.   4.   5.   7.   8.
   9.  11.  15.  19.  19.  21.  22.  26.  34.  35.  38.  40.  41.  41.
  43.  43.  44.  46.  49.  50.  51.  52.  53.  53.  55.  56.  59.  59.
  60.  67.  70.  73.  77.  78.  81.  84.  85.  89.  89.  91.  92.  93.
  93.  96.][-98. -98. -98. -92. -91. -86. -84. -80. -79. -78. -78. -76. -76. -76.
 -75. -69. -64. -61. -61. -57. -56. -55. -55. -53. -52. -48. -45. -40.
 -37. -37. -32. -31. -31. -31. -29. -28. -28. -27. -18. -16. -14. -12.
 -11. -10.  -7.  -6.  -2.  -1.  -1.   0.   0.   1.   2.   2.   2.   2.
   3.   4.   6.   7.   7.  10.  10.  13.  14.  20.  22.  25.  32.  32.
  36.  37.  37.  40.  40.  45.  45.  47.  50.  51.  51.  51.  53.  54.
  57.  58.  60.  62.  64.  74.  74.  76.  85.  88.  89.  90.  91.  91.
  91.  93.][-97. -95. -93. -91. -90. -88. -84. -82. -80. -78. -76. -76. -75. -75.
 -67. -65. -64. -62. -61. -61. -61. -60. -57. -56. -56. -53. -51. -50.
 -48. -46. -43. -41. -40. -36. -33. -29. -26. -24. -23. -19. -18. -17.
 -17. -14. -12. -11. -10.  -8.  -7.   2.   3.   3.   5.   9.  10.  10.
  12.  21.  23.  23.  24.  30.  31.  38.  39.  42.  44.  44.  45.  47.
  49.  50.  50.  52.  53.  53.  55.  55.  58.  58.  59.  61.  61.  63.
  64.  71.  73.  75.  75.  80.  80.  83.  84.  87.  90.  90.  94.  96.
  96. 100.][-98. -93. -93. -88. -86. -81. -79. -77. -73. -71. -69. -67. -66. -65.
 -64. -62. -59. -51. -46. -46. -45. -44. -43. -42. -35. -35. -27. -27.
 -26. -25. -25. -23. -23. -22. -18. -15. -14. -12. -12. -11. -10.  -8.
  -8.  -6.  -4.  -4.   1.   2.   2.   3.   8.   8.  11.  11.  12.  12.
  17.  17.  18.  19.  19.  20.  20.  21.  26.  30.  33.  36.  36.  37.
  37.  39.  48.  50.  51.  53.  58.  59.  60.  60.  63.  67.  69.  72.
  72.  72.  73.  74.  78.  82.  86.  87.  87.  91.  95.  96.  97.  98.
  98.  99.][-95. -92. -86. -82. -77. -76. -71. -71. -67. -67. -64. -62. -58. -58.
 -58. -53. -52. -51. -51. -49. -49. -49. -44. -41. -39. -38. -36. -35.
 -35. -33. -33. -29. -28. -27. -25. -25. -24. -20. -19. -19. -19. -18.
 -17. -15. -14. -14. -12. -11. -10.  -6.  -4.  -1.   1.   6.   6.   7.
   8.  12.  16.  19.  25.  25.  29.  31.  32.  34.  35.  36.  39.  40.
  42.  44.  47.  47.  48.  51.  53.  54.  56.  56.  58.  59.  60.  61.
  62.  64.  68.  70.  74.  74.  79.  81.  82.  83.  84.  86.  88.  91.
  95.  99.][-98. -97. -97. -96. -93. -87. -86. -85. -78. -78. -77. -74. -70. -68.
 -68. -67. -64. -64. -63. -60. -58. -57. -55. -50. -48. -47. -45. -44.
 -43. -43. -42. -37. -35. -34. -33. -27. -26. -20. -19. -19. -18. -18.
 -17. -17. -17. -13. -13. -12.  -6.  -5.  -5.  -3.   2.   8.  11.  12.
  12.  16.  16.  17.  20.  20.  24.  26.  29.  32.  36.  39.  42.  43.
  45.  55.  59.  61.  61.  64.  66.  67.  68.  69.  70.  71.  75.  76.
  81.  81.  83.  84.  87.  91.  91.  92.  93.  93.  93.  95.  96.  98.
  98.  98.][-89. -89. -88. -84. -82. -81. -80. -76. -76. -74. -72. -71. -68. -67.
 -65. -63. -63. -62. -60. -51. -50. -50. -43. -41. -33. -31. -29. -29.
 -28. -28. -28. -26. -26. -19. -13. -13. -12.  -4.  -4.  -4.  -2.   0.
   1.   3.   3.   5.   5.   6.   8.   9.  15.  15.  17.  19.  20.  20.
  21.  25.  25.  26.  26.  29.  33.  34.  34.  35.  37.  38.  39.  39.
  42.  42.  43.  43.  45.  45.  46.  47.  48.  52.  57.  58.  62.  63.
  66.  68.  70.  70.  71.  71.  73.  82.  84.  84.  85.  86.  87.  90.
  95. 100.][-97. -92. -91. -90. -88. -87. -86. -84. -83. -77. -77. -76. -73. -69.
 -67. -64. -63. -59. -54. -52. -51. -41. -37. -37. -34. -34. -33. -30.
 -28. -28. -26. -24. -23. -14. -11. -10. -10.  -9.  -6.  -5.  -3.  -1.
   1.   3.   3.   5.   8.   9.   9.  14.  17.  18.  19.  20.  20.  21.
  26.  28.  35.  37.  37.  41.  41.  41.  45.  47.  50.  53.  54.  54.
  55.  56.  58.  59.  60.  63.  65.  65.  66.  68.  68.  69.  72.  72.
  72.  77.  78.  78.  84.  91.  91.  93.  93.  94.  94.  94.  95.  96.
  99.  99.][-100. -100.  -99.  -96.  -96.  -96.  -95.  -95.  -92.  -92.  -88.  -87.
  -86.  -86.  -82.  -79.  -77.  -77.  -76.  -75.  -72.  -72.  -67.  -65.
  -63.  -58.  -58.  -57.  -56.  -52.  -52.  -52.  -49.  -48.  -47.  -47.
  -39.  -35.  -34.  -33.  -29.  -28.  -26.  -20.  -18.  -18.  -15.  -14.
  -13.  -13.  -10.   -9.   -8.   -8.   -7.    0.    2.    3.   11.   13.
   17.   18.   20.   21.   21.   23.   33.   35.   36.   42.   43.   44.
   45.   46.   47.   48.   51.   52.   56.   57.   60.   61.   65.   65.
   66.   66.   67.   69.   75.   76.   79.   85.   87.   89.   89.   89.
   92.   93.   95.   98.][-100. -100.  -99.  -98.  -97.  -94.  -89.  -88.  -86.  -85.  -80.  -77.
  -77.  -77.  -73.  -72.  -71.  -71.  -63.  -62.  -61.  -59.  -56.  -55.
  -55.  -52.  -51.  -48.  -42.  -39.  -38.  -37.  -33.  -31.  -29.  -28.
  -26.  -25.  -23.  -18.  -17.  -17.  -11.   -6.   -5.   -5.   -1.    0.
    3.    9.   10.   11.   12.   14.   16.   19.   20.   20.   21.   23.
   25.   27.   30.   30.   32.   33.   33.   34.   35.   35.   36.   37.
   37.   41.   45.   46.   50.   56.   57.   57.   58.   60.   60.   63.
   68.   68.   68.   70.   70.   71.   75.   75.   78.   79.   84.   87.
   88.   91.   96.  100.][-100.  -97.  -97.  -96.  -94.  -90.  -86.  -84.  -83.  -83.  -83.  -80.
  -79.  -78.  -77.  -74.  -73.  -71.  -70.  -68.  -66.  -65.  -58.  -58.
  -57.  -43.  -43.  -42.  -35.  -34.  -33.  -32.  -26.  -26.  -25.  -25.
  -23.  -20.  -19.  -12.  -12.  -10.   -7.   -7.   -5.   -5.   -4.   -1.
    8.    8.   12.   13.   13.   14.   16.   18.   20.   21.   22.   23.
   24.   25.   25.   26.   26.   30.   30.   30.   31.   32.   34.   37.
   41.   41.   42.   42.   46.   48.   49.   49.   50.   51.   59.   59.
   64.   68.   68.   69.   72.   73.   77.   80.   81.   85.   85.   86.
   87.   90.   91.   96.][-100.  -99.  -97.  -93.  -87.  -86.  -86.  -85.  -85.  -84.  -83.  -77.
  -74.  -74.  -72.  -72.  -66.  -65.  -65.  -63.  -61.  -61.  -60.  -54.
  -54.  -53.  -51.  -50.  -47.  -46.  -44.  -44.  -40.  -39.  -36.  -31.
  -29.  -28.  -27.  -26.  -25.  -24.  -24.  -23.  -21.  -16.  -15.  -15.
  -11.  -10.   -9.   -7.   -4.   -2.    0.    1.    3.    7.    8.   12.
   14.   15.   16.   21.   24.   25.   25.   27.   30.   32.   33.   33.
   33.   34.   34.   35.   35.   37.   37.   40.   47.   48.   51.   55.
   55.   57.   61.   65.   65.   65.   67.   68.   69.   79.   94.   95.
   96.   98.   99.   99.][-99. -93. -91. -91. -89. -89. -87. -85. -83. -83. -77. -74. -73. -73.
 -73. -71. -69. -65. -63. -62. -61. -60. -53. -53. -52. -46. -44. -41.
 -41. -40. -36. -34. -28. -24. -23. -20. -19. -17. -14. -14. -10.  -7.
  -3.  -1.   0.   0.   4.   6.   8.   8.  10.  13.  13.  15.  16.  17.
  17.  17.  20.  24.  27.  30.  30.  37.  39.  42.  45.  49.  53.  57.
  58.  58.  59.  61.  61.  63.  63.  65.  65.  65.  66.  68.  72.  73.
  77.  78.  78.  80.  80.  81.  82.  84.  87.  90.  91.  92.  93.  95.
  95.  95.][-98. -97. -96. -94. -92. -92. -91. -90. -90. -87. -85. -82. -81. -75.
 -73. -71. -67. -66. -65. -65. -64. -62. -61. -61. -56. -54. -53. -53.
 -50. -48. -46. -45. -43. -42. -42. -32. -31. -27. -18. -17. -17. -16.
 -15. -15.  -9.  -8.  -5.  -4.  -3.   4.   4.  13.  16.  17.  18.  18.
  22.  23.  24.  24.  24.  24.  25.  30.  34.  36.  37.  37.  38.  42.
  44.  46.  46.  49.  51.  53.  54.  57.  59.  59.  60.  61.  62.  63.
  64.  69.  71.  76.  76.  82.  84.  87.  88.  88.  90.  90.  92.  93.
  97.  98.][-100.  -99.  -98.  -95.  -94.  -91.  -90.  -85.  -84.  -82.  -81.  -77.
  -74.  -69.  -69.  -69.  -69.  -67.  -64.  -64.  -64.  -62.  -60.  -57.
  -53.  -51.  -50.  -46.  -45.  -43.  -41.  -38.  -35.  -32.  -31.  -29.
  -26.  -24.  -21.  -21.  -14.  -13.  -13.  -12.  -12.  -12.  -11.   -7.
   -5.    1.    6.    7.    8.    9.   10.   10.   11.   13.   13.   17.
   24.   27.   31.   31.   32.   33.   34.   35.   36.   43.   48.   49.
   50.   53.   53.   56.   58.   59.   60.   63.   64.   64.   64.   65.
   66.   68.   72.   77.   77.   78.   78.   78.   79.   79.   82.   86.
   87.   87.  100.  100.][-100.  -99.  -99.  -98.  -96.  -94.  -93.  -89.  -85.  -84.  -84.  -83.
  -78.  -68.  -63.  -62.  -62.  -60.  -60.  -56.  -55.  -55.  -47.  -46.
  -44.  -43.  -42.  -36.  -31.  -31.  -30.  -30.  -27.  -25.  -24.  -19.
  -18.  -17.  -15.  -15.  -12.   -7.   -2.    1.    1.    4.    8.    8.
    9.    9.   11.   13.   14.   20.   20.   22.   23.   26.   29.   30.
   33.   35.   37.   40.   42.   43.   43.   48.   50.   53.   57.   58.
   61.   61.   62.   62.   63.   65.   65.   66.   70.   71.   73.   75.
   78.   81.   81.   82.   82.   83.   83.   85.   86.   86.   89.   90.
   92.   96.   96.   99.][-99. -99. -99. -97. -95. -94. -93. -92. -91. -87. -83. -82. -81. -81.
 -74. -74. -73. -69. -66. -66. -64. -57. -56. -55. -55. -54. -49. -48.
 -46. -45. -43. -43. -43. -43. -39. -39. -36. -30. -29. -26. -25. -22.
 -21. -19. -18. -13. -10.  -8.  -8.  -6.  -4.  -3.  -2.   2.   5.   9.
  12.  12.  15.  18.  19.  21.  23.  23.  26.  31.  32.  33.  43.  44.
  45.  48.  52.  52.  56.  57.  62.  65.  70.  70.  71.  72.  73.  75.
  76.  77.  79.  79.  81.  81.  83.  85.  85.  87.  88.  90.  92.  93.
  93.  96.][-100.  -97.  -95.  -94.  -91.  -87.  -82.  -81.  -79.  -79.  -73.  -69.
  -66.  -66.  -65.  -62.  -61.  -61.  -56.  -55.  -50.  -48.  -42.  -42.
  -39.  -37.  -36.  -28.  -28.  -27.  -26.  -19.  -16.  -14.  -12.  -11.
  -11.  -10.   -7.   -6.    0.    1.    4.    6.   13.   18.   22.   23.
   24.   24.   26.   27.   27.   27.   28.   29.   34.   37.   39.   39.
   40.   40.   41.   42.   46.   49.   49.   51.   51.   52.   52.   53.
   54.   55.   56.   58.   58.   62.   64.   65.   69.   69.   70.   70.
   74.   78.   78.   79.   79.   80.   82.   82.   83.   87.   90.   90.
   92.   94.   95.   98.][-99. -97. -96. -94. -91. -89. -86. -82. -82. -82. -77. -77. -69. -68.
 -68. -66. -63. -60. -59. -59. -55. -54. -52. -51. -50. -48. -46. -42.
 -40. -39. -39. -34. -33. -30. -29. -28. -27. -26. -22. -20. -19. -19.
 -17. -16. -13. -13.  -7.  -5.  -4.  -3.   2.   4.   8.   8.   9.  10.
  13.  14.  14.  16.  19.  20.  21.  24.  26.  31.  32.  37.  41.  44.
  44.  46.  47.  51.  54.  55.  56.  57.  59.  60.  64.  71.  72.  73.
  75.  78.  80.  84.  86.  86.  88.  89.  90.  90.  91.  92.  92.  98.
  98.  99.][-100.  -99.  -95.  -93.  -92.  -91.  -90.  -90.  -90.  -89.  -84.  -84.
  -83.  -83.  -82.  -81.  -81.  -80.  -78.  -77.  -75.  -73.  -69.  -63.
  -62.  -62.  -61.  -59.  -56.  -55.  -53.  -49.  -47.  -47.  -42.  -40.
  -39.  -37.  -35.  -32.  -26.  -24.  -22.  -21.  -19.  -17.  -16.  -16.
  -16.  -14.  -13.  -13.  -12.  -10.   -9.   -4.   -2.    1.    3.    4.
    6.    8.   14.   15.   15.   18.   20.   20.   25.   25.   28.   30.
   30.   31.   32.   37.   39.   42.   44.   46.   46.   49.   54.   58.
   59.   60.   62.   71.   77.   79.   82.   83.   83.   85.   87.   89.
   96.   96.   96.   99.][-99. -96. -87. -87. -86. -86. -82. -82. -81. -81. -80. -78. -76. -73.
 -73. -70. -69. -65. -63. -62. -57. -57. -49. -49. -48. -47. -45. -44.
 -43. -43. -42. -41. -35. -35. -30. -29. -25. -21. -20. -18. -18. -15.
 -15. -14. -13. -12. -10.  -9.  -7.  -4.  -2.   0.   3.   5.   5.   6.
  12.  16.  17.  17.  19.  19.  20.  25.  25.  27.  28.  35.  37.  38.
  40.  42.  43.  48.  49.  52.  52.  56.  56.  63.  64.  70.  71.  71.
  76.  77.  77.  78.  79.  81.  85.  91.  93.  93.  94.  94.  96.  98.
  98.  98.][-98. -92. -90. -89. -84. -84. -83. -80. -73. -72. -70. -67. -63. -59.
 -58. -58. -55. -54. -54. -53. -49. -49. -48. -47. -44. -43. -43. -42.
 -40. -38. -38. -37. -32. -30. -30. -26. -22. -19. -19. -15. -10.  -7.
  -5.  -3.  -3.  -1.  13.  13.  20.  20.  21.  22.  25.  27.  29.  30.
  31.  33.  35.  37.  39.  39.  41.  41.  41.  41.  45.  45.  48.  48.
  48.  49.  50.  51.  57.  60.  62.  64.  66.  66.  67.  68.  69.  72.
  72.  73.  74.  76.  80.  80.  83.  83.  84.  85.  86.  88.  88.  88.
  91. 100.][-99. -98. -98. -97. -94. -93. -93. -91. -87. -83. -78. -74. -71. -69.
 -68. -66. -65. -61. -59. -57. -56. -55. -52. -51. -49. -47. -46. -46.
 -45. -44. -41. -41. -40. -36. -33. -32. -30. -25. -22. -18. -17. -10.
  -9.  -8.  -7.  -6.  -6.  -2.   0.   2.   2.   5.   6.   6.   9.  10.
  12.  14.  16.  21.  21.  22.  22.  22.  23.  25.  27.  28.  30.  30.
  40.  40.  42.  44.  44.  46.  47.  49.  49.  53.  57.  59.  63.  64.
  64.  66.  68.  75.  77.  78.  80.  82.  86.  86.  86.  87.  88.  88.
  93.  98.][-100.  -96.  -96.  -95.  -92.  -92.  -92.  -91.  -91.  -87.  -86.  -86.
  -84.  -84.  -83.  -81.  -80.  -80.  -77.  -76.  -74.  -73.  -68.  -66.
  -57.  -56.  -55.  -52.  -51.  -47.  -41.  -41.  -40.  -37.  -35.  -35.
  -33.  -31.  -30.  -29.  -28.  -23.  -20.  -20.  -17.  -16.  -11.  -10.
   -6.   -4.   -2.    2.    2.    3.    3.    7.   10.   12.   15.   16.
   22.   25.   27.   30.   31.   31.   31.   32.   33.   38.   39.   42.
   42.   46.   50.   51.   52.   54.   63.   64.   64.   67.   68.   70.
   73.   76.   76.   79.   83.   85.   88.   89.   90.   91.   91.   92.
   97.   97.   98.  100.][-100.  -96.  -92.  -86.  -86.  -86.  -85.  -84.  -81.  -76.  -76.  -76.
  -74.  -69.  -69.  -63.  -61.  -60.  -60.  -59.  -59.  -58.  -49.  -46.
  -46.  -43.  -43.  -42.  -41.  -39.  -38.  -35.  -33.  -31.  -29.  -24.
  -23.  -21.  -21.  -19.  -14.  -12.  -10.   -8.   -8.   -7.   -5.   -4.
   -3.   -3.   -3.   -2.    2.    5.    8.   11.   12.   21.   23.   23.
   24.   27.   29.   30.   33.   33.   37.   37.   37.   39.   48.   52.
   52.   52.   53.   54.   54.   59.   60.   62.   63.   66.   67.   70.
   70.   72.   75.   76.   78.   79.   79.   86.   88.   91.   93.   93.
   93.   93.   95.   99.][-100. -100.  -97.  -93.  -92.  -91.  -84.  -82.  -77.  -73.  -73.  -71.
  -71.  -70.  -69.  -66.  -66.  -65.  -63.  -62.  -61.  -56.  -47.  -44.
  -42.  -35.  -32.  -32.  -26.  -23.  -21.  -16.  -15.  -13.  -11.  -11.
   -8.   -4.   -2.    1.    1.    1.    4.    4.    6.    8.    9.   10.
   10.   10.   10.   11.   11.   11.   11.   16.   18.   20.   25.   25.
   27.   32.   33.   34.   38.   39.   41.   42.   43.   43.   51.   52.
   54.   56.   62.   62.   62.   63.   64.   65.   69.   73.   74.   76.
   76.   78.   83.   84.   84.   85.   86.   86.   88.   90.   91.   92.
   92.   95.   99.  100.][-96. -93. -93. -93. -89. -88. -84. -83. -73. -68. -67. -65. -64. -58.
 -57. -54. -54. -51. -51. -50. -50. -49. -49. -48. -47. -47. -47. -46.
 -44. -43. -41. -40. -35. -35. -34. -30. -29. -28. -28. -27. -24. -24.
 -24. -20. -13. -13. -13. -11. -11.  -9.  -8.  -1.  -1.   4.   5.   6.
   9.  10.  13.  14.  14.  15.  20.  21.  21.  24.  27.  30.  30.  35.
  36.  38.  39.  40.  43.  47.  47.  49.  50.  51.  53.  54.  55.  55.
  55.  59.  61.  66.  67.  73.  74.  79.  83.  83.  86.  87.  88.  90.
  90.  94.][-97. -82. -78. -68. -67. -67. -64. -63. -62. -61. -59. -56. -54. -48.
 -48. -46. -44. -44. -43. -41. -40. -40. -37. -31. -31. -30. -30. -28.
 -25. -25. -23. -22. -21. -13. -10.  -7.  -5.   0.   6.   7.  12.  14.
  16.  17.  25.  31.  32.  32.  33.  33.  34.  34.  35.  36.  39.  41.
  42.  42.  45.  46.  47.  47.  48.  48.  52.  56.  57.  57.  57.  58.
  58.  60.  65.  70.  70.  71.  72.  74.  74.  77.  78.  81.  81.  82.
  84.  84.  85.  86.  86.  87.  89.  94.  95.  96.  97.  97.  98.  99.
  99.  99.][-96. -96. -94. -93. -84. -83. -82. -79. -78. -77. -76. -73. -71. -66.
 -66. -65. -64. -60. -60. -57. -56. -55. -52. -51. -47. -45. -41. -39.
 -36. -35. -35. -29. -26. -26. -22. -19. -19.  -5.  -5.  -4.  -3.  -2.
  -1.   0.   1.   1.   4.  10.  10.  11.  13.  18.  19.  22.  24.  25.
  25.  26.  27.  29.  31.  31.  32.  33.  40.  42.  42.  46.  49.  50.
  53.  55.  57.  60.  61.  63.  64.  65.  65.  65.  67.  68.  68.  70.
  71.  78.  79.  81.  83.  88.  88.  88.  89.  89.  92.  92.  92.  93.
  93.  97.][-99. -94. -91. -90. -86. -85. -83. -81. -76. -75. -72. -72. -71. -65.
 -64. -62. -58. -58. -57. -54. -51. -51. -50. -50. -48. -47. -44. -35.
 -31. -29. -29. -28. -22. -21. -20. -17. -15. -14. -14. -14. -14. -13.
  -6.  -5.   1.   7.   8.  13.  18.  20.  22.  23.  26.  26.  29.  29.
  29.  31.  32.  35.  35.  35.  36.  37.  39.  39.  40.  41.  42.  44.
  44.  45.  47.  49.  50.  51.  51.  57.  57.  61.  62.  62.  64.  64.
  64.  65.  67.  67.  67.  68.  68.  73.  73.  78.  89.  91.  92.  93.
  94.  99.][-98. -95. -94. -91. -88. -87. -86. -86. -82. -81. -76. -76. -74. -73.
 -70. -57. -56. -50. -48. -46. -46. -43. -39. -36. -34. -32. -32. -31.
 -29. -27. -25. -25. -23. -23. -23. -20. -17. -14. -14. -13. -11.  -9.
   1.   2.   4.   7.   9.   9.  10.  11.  11.  11.  12.  14.  15.  17.
  20.  21.  23.  24.  25.  25.  26.  31.  36.  36.  37.  37.  38.  38.
  41.  42.  43.  44.  47.  51.  51.  51.  53.  53.  56.  58.  60.  61.
  61.  63.  63.  63.  65.  65.  66.  67.  68.  71.  73.  75.  77.  90.
  94. 100.][-100.  -97.  -92.  -89.  -87.  -86.  -82.  -80.  -76.  -76.  -74.  -70.
  -67.  -65.  -65.  -63.  -62.  -61.  -60.  -60.  -59.  -56.  -54.  -51.
  -50.  -49.  -48.  -42.  -37.  -33.  -33.  -29.  -26.  -24.  -23.  -22.
  -20.  -20.  -18.  -18.  -17.  -16.  -15.   -7.   -5.    3.    8.    9.
   10.   16.   16.   19.   22.   22.   23.   25.   29.   30.   32.   33.
   34.   34.   35.   38.   39.   41.   41.   42.   46.   46.   48.   50.
   52.   58.   59.   60.   61.   62.   63.   64.   64.   67.   68.   70.
   72.   77.   78.   80.   83.   85.   87.   90.   91.   91.   91.   93.
   94.   94.   97.  100.][-97. -90. -89. -83. -82. -81. -80. -78. -76. -73. -72. -68. -67. -67.
 -63. -62. -62. -61. -60. -57. -57. -56. -56. -55. -54. -52. -52. -52.
 -51. -51. -50. -46. -42. -40. -39. -38. -37. -33. -32. -32. -28. -25.
 -24. -21. -19. -17. -13.  -7.  -4.  -1.   0.   2.   4.   5.   6.   7.
  10.  14.  17.  18.  18.  18.  19.  22.  24.  24.  24.  26.  27.  29.
  29.  30.  30.  31.  34.  43.  44.  53.  61.  64.  64.  64.  69.  69.
  70.  75.  76.  80.  80.  81.  83.  83.  87.  91.  93.  93.  94.  94.
  97. 100.][-95. -94. -91. -90. -89. -87. -83. -82. -80. -78. -78. -76. -74. -74.
 -69. -69. -68. -67. -64. -63. -59. -58. -56. -55. -52. -52. -47. -45.
 -45. -45. -43. -33. -32. -30. -30. -26. -25. -23. -19. -12. -11.  -9.
  -6.  -5.  -5.  -3.  -3.  -2.  -1.   2.   2.   4.   4.   5.  12.  12.
  14.  16.  17.  18.  19.  23.  25.  26.  31.  32.  34.  36.  37.  38.
  39.  41.  43.  44.  45.  46.  48.  49.  50.  54.  54.  57.  57.  58.
  59.  64.  66.  69.  69.  69.  70.  70.  72.  74.  80.  84.  85.  88.
  91.  99.][-100.  -99.  -99.  -96.  -94.  -90.  -89.  -88.  -87.  -84.  -83.  -81.
  -80.  -77.  -76.  -74.  -73.  -72.  -68.  -67.  -66.  -64.  -60.  -59.
  -56.  -56.  -56.  -48.  -45.  -41.  -35.  -33.  -33.  -32.  -32.  -31.
  -29.  -28.  -24.  -23.  -21.  -18.  -18.  -16.  -15.  -14.  -13.  -10.
   -9.   -3.   -2.   -1.    1.    1.    2.    2.    3.    3.    3.    4.
    4.    5.    6.    8.   10.   11.   13.   13.   14.   15.   17.   20.
   21.   21.   21.   22.   23.   24.   27.   32.   35.   41.   47.   47.
   47.   52.   56.   62.   66.   68.   73.   78.   78.   79.   80.   82.
   83.   90.   97.   98.][-99. -99. -97. -96. -95. -92. -91. -87. -84. -84. -82. -74. -73. -71.
 -70. -68. -66. -65. -65. -65. -64. -63. -62. -54. -53. -53. -49. -49.
 -49. -44. -43. -38. -38. -37. -35. -34. -27. -25. -24. -23. -23. -21.
 -20. -19. -13.  -8.  -6.  -6.  -1.   1.   3.   3.   4.   5.   5.   7.
   7.   9.  10.  11.  12.  16.  17.  19.  19.  19.  20.  21.  27.  28.
  30.  30.  31.  31.  32.  34.  35.  39.  47.  49.  50.  51.  54.  57.
  58.  61.  61.  63.  68.  73.  77.  81.  82.  84.  88.  89.  89.  90.
  91.  96.][-92. -91. -88. -87. -86. -84. -82. -81. -80. -73. -73. -71. -69. -68.
 -68. -66. -65. -62. -60. -59. -55. -55. -50. -49. -46. -44. -41. -37.
 -31. -29. -29. -21. -20. -17. -16. -15. -11. -10. -10. -10.  -9.  -6.
  -5.  -4.  -2.  -2.   0.   1.   7.   8.  11.  12.  12.  15.  15.  16.
  19.  20.  20.  27.  27.  28.  31.  32.  34.  37.  43.  49.  52.  54.
  57.  59.  61.  64.  64.  65.  68.  68.  70.  71.  73.  74.  74.  75.
  76.  76.  80.  81.  83.  84.  86.  88.  89.  90.  93.  95.  95.  97.
  99. 100.][-100.  -97.  -96.  -95.  -95.  -93.  -90.  -85.  -85.  -83.  -82.  -80.
  -78.  -76.  -74.  -68.  -66.  -62.  -60.  -53.  -52.  -50.  -49.  -47.
  -46.  -45.  -44.  -42.  -42.  -39.  -38.  -36.  -35.  -32.  -30.  -29.
  -26.  -24.  -24.  -23.  -23.  -22.  -22.  -18.  -12.  -11.    1.    1.
    3.    6.    7.    7.    7.   11.   12.   13.   14.   15.   16.   16.
   18.   24.   24.   29.   30.   31.   32.   32.   35.   36.   37.   41.
   42.   42.   43.   47.   49.   50.   54.   54.   60.   70.   72.   72.
   73.   74.   76.   76.   78.   79.   79.   80.   83.   85.   87.   88.
   88.   88.   90.   99.][-100.  -96.  -94.  -94.  -92.  -91.  -90.  -88.  -88.  -86.  -83.  -76.
  -73.  -72.  -71.  -67.  -66.  -64.  -61.  -61.  -61.  -56.  -56.  -56.
  -53.  -53.  -52.  -50.  -49.  -48.  -45.  -43.  -43.  -36.  -28.  -26.
  -25.  -24.  -22.  -19.  -15.  -12.   -7.   -4.    3.    4.    6.    8.
    9.    9.   10.   12.   15.   15.   18.   20.   23.   24.   31.   31.
   37.   38.   39.   40.   43.   50.   54.   57.   59.   61.   61.   61.
   63.   64.   64.   65.   66.   67.   68.   68.   69.   70.   70.   71.
   72.   73.   76.   77.   77.   77.   78.   79.   85.   87.   87.   90.
   93.   94.   95.   97.][-99. -97. -96. -95. -94. -93. -92. -92. -90. -89. -88. -86. -86. -86.
 -85. -82. -80. -79. -74. -69. -65. -65. -64. -60. -57. -56. -55. -55.
 -49. -46. -45. -44. -44. -44. -44. -43. -43. -38. -35. -34. -34. -33.
 -32. -31. -30. -27. -27. -25. -25. -23. -18. -16. -14. -12. -12.  -3.
  -2.   2.   3.   5.   8.  12.  13.  14.  15.  15.  16.  18.  19.  20.
  25.  25.  27.  31.  38.  40.  42.  43.  45.  48.  49.  49.  50.  55.
  58.  59.  67.  69.  69.  72.  74.  74.  75.  78.  80.  80.  81.  85.
  94.  96.][-99. -99. -97. -97. -95. -95. -94. -93. -92. -91. -90. -90. -86. -78.
 -76. -76. -73. -72. -71. -71. -70. -69. -67. -67. -60. -59. -59. -57.
 -55. -54. -53. -50. -46. -43. -41. -40. -36. -36. -35. -33. -32. -31.
 -28. -27. -25. -25. -24. -24. -23. -22. -21.  -8.  -7.  -7.  -5.  -5.
  -4.   1.   3.   3.   5.   6.  10.  11.  18.  18.  24.  25.  26.  27.
  30.  30.  30.  31.  33.  33.  34.  36.  40.  42.  44.  48.  51.  54.
  58.  59.  61.  64.  64.  68.  68.  69.  73.  75.  82.  87.  87.  93.
  97. 100.][-100.  -96.  -95.  -91.  -91.  -87.  -81.  -80.  -74.  -71.  -68.  -64.
  -60.  -59.  -58.  -56.  -51.  -50.  -49.  -45.  -44.  -44.  -43.  -41.
  -40.  -28.  -28.  -27.  -22.  -18.  -18.  -14.  -14.  -12.  -10.  -10.
   -7.   -6.   -6.   -5.   -5.   -5.   -3.   -1.    2.    3.    3.    3.
    4.    5.    7.    7.   12.   12.   16.   21.   21.   22.   23.   23.
   25.   27.   28.   28.   29.   33.   34.   35.   35.   37.   37.   41.
   46.   47.   48.   50.   54.   55.   57.   57.   61.   67.   69.   72.
   75.   76.   76.   79.   79.   80.   80.   83.   85.   86.   89.   92.
   95.   95.   96.   98.][-99. -98. -97. -94. -92. -91. -85. -83. -82. -78. -76. -76. -70. -69.
 -67. -65. -65. -64. -63. -58. -57. -55. -54. -51. -50. -46. -40. -39.
 -37. -34. -29. -26. -24. -23. -22. -21. -15. -14. -14. -13. -13. -12.
  -5.  -4.  -1.   0.   2.   6.   7.   9.  12.  12.  13.  13.  13.  17.
  17.  20.  27.  28.  29.  30.  31.  32.  33.  34.  39.  39.  41.  45.
  45.  46.  49.  50.  53.  53.  54.  55.  55.  61.  64.  66.  66.  66.
  66.  71.  74.  76.  78.  78.  78.  80.  88.  88.  95.  98.  98. 100.
 100. 100.][-98. -98. -97. -95. -94. -88. -88. -87. -84. -83. -82. -82. -80. -77.
 -75. -74. -65. -65. -62. -62. -61. -61. -58. -57. -55. -55. -54. -53.
 -49. -48. -46. -44. -44. -43. -38. -36. -34. -33. -33. -33. -25. -22.
 -21. -20. -20. -20. -14. -13. -12.  -9.  -8.  -7.  -6.   4.   4.   8.
   9.  12.  17.  21.  22.  22.  27.  29.  29.  33.  34.  35.  35.  36.
  37.  39.  39.  44.  46.  48.  50.  50.  50.  53.  57.  57.  60.  63.
  67.  69.  70.  70.  75.  77.  82.  82.  84.  89.  90.  90.  92.  92.
  94.  96.][-94. -92. -91. -89. -84. -82. -81. -81. -81. -79. -76. -66. -64. -62.
 -60. -60. -55. -55. -50. -49. -43. -41. -41. -38. -36. -35. -35. -34.
 -24. -21. -21. -16. -15. -14. -14. -13. -12.  -9.  -6.  -6.  -2.  -1.
   2.   3.   4.   8.   8.   9.  10.  10.  12.  15.  15.  16.  17.  20.
  21.  22.  25.  33.  34.  35.  35.  38.  39.  45.  48.  51.  53.  55.
  56.  56.  60.  65.  66.  67.  67.  68.  72.  73.  74.  74.  75.  75.
  76.  78.  78.  79.  79.  81.  82.  83.  85.  88.  90.  91.  93.  94.
  97.  99.][-99. -99. -99. -98. -96. -95. -94. -94. -94. -93. -92. -89. -83. -80.
 -74. -74. -74. -73. -72. -71. -71. -60. -59. -56. -54. -53. -53. -53.
 -50. -49. -48. -47. -44. -43. -39. -38. -36. -36. -35. -35. -35. -34.
 -31. -30. -30. -29. -27. -26. -26. -26. -26. -20. -17. -16. -16. -11.
  -8.  -7.  -6.  -5.  -4.  -4.  -3.  -1.   1.   8.  11.  12.  15.  19.
  22.  22.  28.  29.  39.  43.  43.  43.  45.  48.  48.  49.  51.  51.
  53.  54.  55.  63.  66.  74.  83.  84.  87.  90.  90.  95.  95.  98.
  99. 100.][-100.  -99.  -95.  -94.  -91.  -90.  -89.  -87.  -87.  -84.  -84.  -81.
  -72.  -70.  -66.  -66.  -65.  -65.  -64.  -63.  -60.  -59.  -55.  -52.
  -52.  -48.  -48.  -47.  -46.  -45.  -43.  -42.  -41.  -37.  -35.  -31.
  -30.  -28.  -25.  -22.  -19.  -18.  -16.  -13.  -12.  -10.   -5.   -5.
   -2.   -2.   -2.   13.   14.   18.   20.   22.   24.   33.   33.   35.
   36.   38.   43.   44.   45.   49.   49.   49.   50.   55.   56.   58.
   59.   59.   60.   61.   62.   62.   68.   68.   69.   71.   74.   74.
   75.   76.   78.   79.   83.   85.   88.   88.   89.   89.   90.   91.
   92.   94.   95.   98.][-100.  -94.  -93.  -92.  -90.  -87.  -85.  -83.  -83.  -79.  -77.  -76.
  -73.  -69.  -62.  -61.  -60.  -59.  -54.  -52.  -50.  -47.  -47.  -46.
  -42.  -42.  -42.  -41.  -40.  -40.  -39.  -38.  -38.  -36.  -32.  -29.
  -28.  -23.  -19.  -18.  -18.  -17.  -16.  -15.  -14.  -13.  -10.   -8.
   -7.   -7.   -5.   -5.   -3.   -2.   -2.    0.    0.    2.    3.    9.
   14.   15.   21.   21.   21.   27.   30.   31.   31.   35.   39.   44.
   45.   47.   47.   48.   49.   56.   56.   58.   59.   60.   62.   65.
   67.   71.   72.   75.   75.   78.   79.   80.   81.   86.   87.   87.
   88.   91.   96.   98.][-100. -100.  -99.  -99.  -92.  -92.  -89.  -86.  -82.  -82.  -78.  -73.
  -73.  -69.  -66.  -66.  -65.  -63.  -62.  -60.  -56.  -52.  -51.  -51.
  -49.  -48.  -47.  -46.  -40.  -39.  -38.  -32.  -31.  -31.  -30.  -30.
  -27.  -26.  -26.  -17.  -16.  -15.  -13.  -12.  -11.   -8.   -8.   -7.
   -6.   -6.   -2.   -2.   -1.    0.    0.    1.    3.    4.    5.   13.
   14.   15.   27.   29.   30.   33.   37.   37.   39.   40.   44.   47.
   48.   50.   52.   53.   55.   56.   60.   63.   64.   69.   70.   72.
   74.   74.   76.   76.   76.   78.   78.   84.   84.   86.   87.   87.
   96.   97.   98.   99.][-94. -94. -91. -90. -89. -88. -84. -79. -79. -77. -77. -72. -72. -71.
 -71. -70. -69. -65. -64. -62. -52. -50. -50. -50. -50. -49. -48. -46.
 -45. -45. -41. -39. -37. -35. -29. -27. -26. -25. -24. -19. -16. -14.
 -13. -11.  -8.  -6.  -4.  -4.  -4.   1.   1.   3.   6.   6.   8.  12.
  13.  13.  13.  13.  16.  20.  25.  27.  30.  31.  32.  32.  35.  36.
  40.  42.  43.  43.  43.  44.  44.  51.  54.  55.  57.  61.  61.  62.
  64.  65.  65.  67.  68.  70.  72.  74.  76.  77.  77.  82.  83.  85.
  89.  96.]