[-100.  -94.  -94.  -92.  -89.  -80.  -80.  -79.  -76.  -74.  -74.  -73.
  -71.  -70.  -70.  -70.  -66.  -63.  -62.  -62.  -58.  -52.  -52.  -47.
  -42.  -41.  -41.  -41.  -38.  -36.  -33.  -32.  -30.  -30.  -28.  -28.
  -26.  -24.  -23.  -22.  -22.  -21.  -19.  -18.  -14.  -14.  -12.  -10.
   -9.   -8.   -8.   -8.   -6.   -4.   -3.   -1.    0.    1.    7.    9.
   17.   17.   21.   25.   32.   38.   39.   40.   43.   46.   46.   47.
   49.   50.   50.   51.   52.   54.   55.   61.   68.   68.   70.   71.
   71.   71.   72.   76.   77.   78.   80.   83.   84.   90.   95.   96.
   98.   98.   98.   99.][-99. -96. -93. -92. -90. -89. -88. -87. -83. -79. -77. -76. -73. -70.
 -66. -65. -54. -53. -50. -50. -48. -47. -46. -46. -40. -38. -38. -36.
 -34. -29. -27. -25. -24. -23. -21. -17. -15. -13. -11. -11. -10.  -5.
  -3.  -3.   2.   2.   2.   8.  10.  13.  16.  17.  21.  21.  22.  27.
  31.  31.  32.  33.  36.  36.  37.  38.  38.  39.  41.  46.  49.  50.
  50.  51.  51.  52.  53.  55.  55.  59.  61.  62.  63.  64.  65.  67.
  68.  69.  71.  73.  73.  74.  78.  84.  86.  86.  91.  93.  95.  97.
 100. 100.][-98. -97. -96. -93. -90. -87. -86. -86. -84. -84. -79. -77. -76. -73.
 -70. -70. -68. -65. -63. -62. -62. -58. -57. -57. -55. -54. -53. -52.
 -51. -50. -46. -45. -44. -43. -38. -37. -37. -35. -32. -29. -28. -27.
 -26. -25. -23. -23. -23. -21. -21. -19. -16. -11. -10. -10.  -4.  -1.
  -1.   0.   7.   8.  10.  10.  12.  15.  17.  18.  23.  24.  24.  27.
  38.  40.  42.  43.  55.  55.  59.  59.  61.  64.  65.  65.  68.  68.
  72.  73.  74.  80.  83.  84.  85.  86.  86.  87.  88.  95.  95.  95.
  95.  99.][-100.  -98.  -92.  -90.  -90.  -88.  -86.  -86.  -85.  -81.  -81.  -79.
  -77.  -77.  -76.  -75.  -72.  -65.  -60.  -59.  -59.  -56.  -55.  -51.
  -51.  -50.  -48.  -44.  -44.  -43.  -41.  -40.  -37.  -33.  -33.  -30.
  -27.  -26.  -23.  -20.  -18.  -13.  -12.  -12.   -8.   -5.   -4.   -3.
    0.    1.    3.    3.    6.   10.   10.   12.   12.   17.   18.   18.
   20.   20.   22.   28.   28.   30.   34.   34.   35.   42.   43.   46.
   47.   48.   51.   51.   52.   53.   54.   55.   57.   58.   62.   63.
   65.   73.   76.   78.   78.   79.   86.   88.   88.   89.   90.   91.
   92.   95.   98.   99.][-100.  -99.  -99.  -98.  -98.  -93.  -93.  -90.  -88.  -87.  -87.  -85.
  -82.  -81.  -80.  -79.  -77.  -77.  -77.  -76.  -72.  -69.  -67.  -66.
  -63.  -62.  -61.  -58.  -50.  -49.  -48.  -45.  -44.  -43.  -40.  -39.
  -38.  -37.  -33.  -28.  -21.  -19.  -18.  -16.  -15.  -13.  -13.  -11.
  -11.   -9.   -8.   -7.   -3.   -2.   -1.   -1.    1.    1.    3.    4.
    9.    9.   13.   13.   14.   17.   17.   20.   25.   25.   27.   30.
   31.   32.   36.   39.   40.   40.   46.   49.   52.   54.   60.   66.
   66.   67.   71.   74.   75.   77.   78.   78.   83.   84.   85.   86.
   89.   91.   92.   93.][-100.  -98.  -96.  -89.  -87.  -87.  -86.  -82.  -80.  -80.  -79.  -79.
  -79.  -77.  -77.  -72.  -72.  -70.  -69.  -66.  -56.  -54.  -52.  -50.
  -50.  -49.  -43.  -42.  -40.  -39.  -35.  -27.  -19.  -19.  -17.  -16.
  -14.  -13.  -11.   -6.   -6.   -1.    0.    1.    3.    5.    5.    6.
   10.   19.   19.   21.   24.   25.   30.   31.   31.   32.   34.   35.
   37.   37.   38.   38.   39.   48.   48.   50.   50.   51.   53.   54.
   60.   60.   61.   63.   66.   67.   67.   68.   73.   74.   75.   77.
   77.   81.   82.   82.   82.   84.   89.   90.   96.   98.   98.   99.
   99.  100.  100.  100.][-100.  -98.  -92.  -92.  -91.  -91.  -88.  -85.  -82.  -79.  -79.  -74.
  -73.  -71.  -71.  -69.  -67.  -67.  -64.  -53.  -50.  -49.  -45.  -44.
  -43.  -42.  -41.  -41.  -39.  -34.  -33.  -29.  -27.  -27.  -24.  -22.
  -20.  -17.  -13.  -12.  -10.   -9.   -9.   -8.   -8.   -4.   -2.   -1.
    0.    6.    9.    9.    9.    9.   10.   13.   13.   18.   19.   25.
   25.   27.   33.   39.   40.   41.   43.   44.   46.   46.   48.   52.
   53.   53.   58.   59.   60.   61.   64.   64.   69.   69.   70.   71.
   72.   79.   79.   79.   80.   80.   81.   84.   88.   89.   91.   92.
   95.   96.   99.   99.][-97. -97. -92. -87. -85. -85. -84. -84. -81. -80. -80. -80. -75. -74.
 -73. -73. -70. -69. -69. -68. -68. -64. -63. -55. -55. -53. -50. -48.
 -47. -46. -46. -44. -43. -42. -39. -38. -38. -37. -32. -27. -24. -20.
 -19. -14. -13. -13.  -6.  -6.  -6.  -5.  -3.  -3.  -2.   5.  12.  12.
  14.  14.  16.  17.  19.  26.  27.  29.  29.  30.  33.  37.  41.  52.
  53.  53.  59.  62.  62.  63.  68.  69.  70.  72.  74.  75.  76.  81.
  82.  83.  83.  84.  84.  84.  88.  90.  91.  91.  91.  94.  95.  96.
  99. 100.][-96. -96. -95. -92. -92. -92. -87. -86. -85. -84. -83. -82. -81. -80.
 -71. -62. -53. -52. -50. -44. -44. -44. -42. -42. -39. -38. -38. -35.
 -32. -32. -31. -31. -28. -27. -26. -25. -24. -23. -22. -20. -12. -10.
  -6.  -3.  -1.   0.   1.   2.   3.  16.  17.  18.  18.  21.  25.  26.
  26.  27.  27.  30.  34.  35.  35.  39.  40.  42.  42.  44.  45.  47.
  48.  49.  52.  53.  58.  59.  60.  60.  62.  66.  68.  70.  71.  71.
  71.  82.  82.  82.  83.  86.  86.  87.  88.  88.  94.  94.  95.  95.
  97. 100.][-100.  -99.  -97.  -96.  -95.  -95.  -92.  -90.  -89.  -89.  -88.  -85.
  -80.  -80.  -72.  -71.  -66.  -66.  -64.  -62.  -57.  -56.  -51.  -49.
  -49.  -47.  -46.  -45.  -45.  -43.  -38.  -36.  -35.  -35.  -34.  -33.
  -32.  -30.  -29.  -28.  -25.  -24.  -22.  -21.  -19.  -14.  -11.   -9.
   -8.   -8.   -6.   -5.    4.    5.    5.   12.   16.   18.   19.   20.
   21.   22.   22.   23.   23.   26.   27.   29.   30.   32.   33.   35.
   38.   48.   50.   55.   56.   58.   58.   59.   62.   63.   64.   68.
   70.   73.   77.   79.   80.   80.   82.   90.   90.   91.   92.   93.
   96.   96.   98.   99.][-98. -97. -95. -92. -91. -90. -85. -84. -84. -83. -83. -81. -78. -78.
 -76. -74. -74. -69. -66. -65. -65. -64. -60. -59. -59. -55. -53. -51.
 -50. -50. -46. -44. -43. -42. -42. -41. -41. -39. -39. -39. -32. -29.
 -26. -22. -22. -20. -19. -15. -15. -12. -11. -11.  -2.  -1.   1.   5.
  10.  10.  10.  17.  17.  18.  19.  21.  29.  31.  34.  34.  35.  36.
  38.  39.  42.  45.  46.  48.  49.  49.  52.  55.  57.  58.  60.  60.
  62.  63.  65.  67.  70.  71.  74.  84.  85.  92.  93.  95.  99.  99.
 100. 100.][-100.  -99.  -94.  -94.  -94.  -88.  -81.  -80.  -78.  -77.  -77.  -71.
  -67.  -67.  -64.  -64.  -63.  -61.  -60.  -57.  -57.  -56.  -55.  -55.
  -55.  -48.  -46.  -43.  -42.  -42.  -39.  -35.  -33.  -29.  -29.  -26.
  -24.  -21.  -20.  -20.  -18.  -18.  -16.  -15.  -12.  -12.  -10.  -10.
   -6.   -3.    0.    1.    5.    8.   10.   12.   13.   14.   14.   17.
   17.   18.   21.   22.   24.   24.   27.   27.   29.   33.   35.   38.
   38.   41.   43.   45.   46.   47.   54.   54.   56.   57.   60.   62.
   66.   68.   78.   79.   82.   82.   84.   85.   92.   97.   97.   99.
   99.   99.  100.  100.][-100.  -99.  -98.  -98.  -97.  -96.  -94.  -94.  -91.  -88.  -88.  -86.
  -85.  -80.  -80.  -80.  -77.  -77.  -76.  -72.  -71.  -68.  -66.  -55.
  -55.  -53.  -51.  -50.  -49.  -49.  -44.  -43.  -41.  -41.  -38.  -35.
  -34.  -32.  -29.  -29.  -27.  -22.  -22.  -22.  -21.  -20.  -19.  -18.
  -16.  -12.  -10.   -9.   -8.   -6.   -5.   -3.   -2.   -1.    3.    5.
    7.    7.   10.   10.   11.   11.   12.   12.   13.   14.   17.   19.
   20.   21.   24.   25.   25.   26.   27.   31.   37.   38.   41.   46.
   49.   58.   60.   65.   68.   68.   76.   78.   82.   83.   88.   93.
   96.   97.   98.  100.][-96. -95. -95. -94. -93. -85. -84. -79. -79. -77. -76. -76. -75. -74.
 -71. -69. -65. -64. -63. -63. -62. -60. -60. -59. -57. -56. -56. -54.
 -53. -52. -52. -46. -43. -38. -36. -35. -33. -33. -28. -25. -22. -21.
 -20. -16. -14. -13. -13. -12. -11.  -9.  -8.  -4.   0.   1.   2.   7.
  11.  13.  14.  14.  17.  24.  25.  26.  28.  30.  32.  36.  37.  39.
  40.  40.  41.  42.  44.  44.  45.  46.  48.  55.  55.  56.  58.  62.
  63.  64.  71.  72.  74.  81.  83.  84.  84.  86.  86.  94.  96.  97.
  99. 100.][-98. -97. -97. -95. -95. -95. -94. -93. -92. -83. -77. -75. -73. -69.
 -67. -61. -54. -53. -49. -49. -49. -48. -45. -44. -44. -42. -42. -41.
 -40. -38. -36. -33. -29. -28. -25. -22. -20. -20. -18. -15. -13.  -2.
   2.   9.  12.  13.  14.  14.  15.  15.  19.  19.  20.  21.  22.  25.
  26.  29.  29.  31.  31.  34.  34.  38.  39.  40.  41.  43.  45.  46.
  51.  54.  55.  61.  63.  64.  65.  67.  67.  70.  70.  77.  78.  79.
  81.  81.  81.  82.  85.  87.  90.  93.  93.  94.  95.  95.  96.  97.
  98. 100.][-99. -99. -99. -97. -92. -91. -89. -89. -86. -85. -84. -79. -78. -76.
 -74. -72. -71. -70. -70. -68. -67. -66. -66. -66. -63. -55. -52. -51.
 -50. -49. -47. -41. -39. -39. -37. -35. -35. -35. -32. -32. -30. -25.
 -16. -16. -16. -15. -12. -11. -11.  -8.  -8.  -3.  -1.  -1.   0.   1.
   1.   2.   2.   4.   6.   8.   8.   9.  11.  13.  13.  14.  16.  19.
  21.  24.  25.  29.  30.  31.  36.  41.  43.  43.  49.  50.  53.  59.
  59.  60.  63.  66.  69.  70.  71.  73.  76.  79.  81.  86.  89.  95.
  96. 100.][-99. -97. -97. -97. -95. -92. -89. -88. -87. -87. -84. -81. -79. -79.
 -78. -75. -64. -63. -62. -61. -57. -57. -55. -54. -53. -51. -42. -39.
 -39. -38. -37. -35. -34. -31. -30. -25. -24. -24. -23. -23. -21. -21.
 -18. -18. -16. -15. -11.  -9.  -9.  -6.  -4.  -4.  -3.  -3.   0.   3.
   6.   7.   8.  11.  11.  12.  15.  18.  20.  21.  22.  23.  23.  28.
  28.  30.  32.  33.  34.  35.  42.  52.  53.  56.  57.  58.  60.  61.
  65.  66.  68.  68.  70.  74.  76.  79.  80.  89.  90.  91.  91.  93.
  94.  99.][-92. -89. -88. -88. -83. -82. -81. -77. -75. -74. -74. -74. -70. -69.
 -68. -66. -65. -64. -63. -61. -57. -56. -55. -53. -52. -45. -45. -41.
 -40. -36. -34. -30. -26. -22. -21. -19. -18. -12. -11.  -9.  -8.  -8.
  -7.  -7.  -7.  -6.  -1.   0.   0.   1.   5.   7.   8.   9.   9.  10.
  11.  12.  14.  16.  17.  23.  24.  30.  30.  33.  34.  35.  36.  39.
  40.  41.  41.  41.  42.  44.  45.  46.  48.  48.  48.  52.  60.  69.
  72.  76.  77.  77.  81.  84.  86.  88.  90.  90.  95.  97.  97.  98.
  98.  99.][-100.  -97.  -97.  -97.  -94.  -91.  -85.  -82.  -80.  -65.  -63.  -61.
  -60.  -58.  -57.  -55.  -54.  -54.  -52.  -50.  -47.  -47.  -46.  -44.
  -44.  -42.  -40.  -37.  -37.  -32.  -31.  -29.  -28.  -25.  -24.  -24.
  -23.  -23.  -22.  -22.  -21.  -20.  -18.  -17.  -15.  -13.  -13.  -13.
   -7.   -6.   -5.    2.    2.    4.    6.    7.    8.    8.    9.   10.
   17.   19.   26.   26.   27.   27.   30.   30.   33.   35.   42.   42.
   43.   44.   46.   48.   49.   49.   58.   58.   59.   60.   66.   67.
   67.   72.   74.   78.   79.   80.   82.   85.   87.   89.   92.   95.
   95.   97.   98.   99.][-95. -93. -92. -91. -90. -90. -88. -85. -85. -84. -77. -76. -73. -72.
 -70. -70. -66. -66. -65. -63. -60. -59. -56. -55. -55. -55. -48. -47.
 -47. -43. -43. -42. -38. -35. -34. -33. -32. -31. -30. -25. -23. -23.
 -20. -19. -18. -12. -12.  -7.  -4.  -3.  -3.   3.   3.   5.   6.   9.
   9.  13.  14.  24.  25.  29.  32.  34.  36.  40.  41.  42.  42.  47.
  51.  52.  53.  55.  57.  58.  60.  65.  66.  66.  67.  69.  70.  70.
  70.  73.  78.  78.  79.  81.  84.  87.  90.  92.  93.  94.  97.  98.
  98. 100.][-100.  -99.  -94.  -92.  -89.  -84.  -83.  -83.  -82.  -82.  -81.  -80.
  -77.  -76.  -75.  -74.  -74.  -73.  -72.  -72.  -70.  -69.  -69.  -66.
  -65.  -64.  -61.  -60.  -56.  -50.  -50.  -43.  -42.  -41.  -40.  -40.
  -37.  -34.  -29.  -28.  -26.  -24.  -24.  -21.  -19.  -16.  -15.  -14.
   -9.   -8.   -8.   -8.   -3.   -2.   -1.    0.    2.    3.    6.    7.
    7.    7.   15.   17.   24.   24.   27.   31.   32.   35.   38.   41.
   43.   43.   47.   48.   49.   50.   51.   51.   51.   57.   61.   64.
   67.   68.   69.   72.   75.   76.   80.   80.   81.   87.   88.   89.
   91.   96.   97.   99.][-99. -98. -95. -94. -92. -84. -84. -82. -79. -76. -71. -70. -68. -66.
 -66. -66. -66. -65. -64. -63. -58. -55. -53. -52. -50. -50. -47. -42.
 -40. -39. -39. -37. -37. -34. -31. -31. -28. -25. -24. -23. -19. -15.
 -15. -15.  -9.  -9.   1.   2.   3.   9.  12.  14.  14.  20.  23.  23.
  24.  24.  26.  28.  30.  31.  35.  36.  40.  41.  45.  49.  52.  53.
  54.  55.  57.  62.  64.  67.  71.  72.  72.  77.  78.  79.  83.  83.
  85.  86.  87.  88.  89.  89.  90.  90.  91.  93.  94.  97.  98.  99.
 100. 100.][-93. -90. -89. -86. -85. -82. -81. -79. -78. -78. -73. -65. -65. -64.
 -62. -61. -57. -52. -51. -50. -49. -42. -41. -39. -36. -35. -35. -31.
 -27. -26. -23. -12. -11. -10.  -8.  -7.  -7.  -4.   0.   4.   4.   9.
  10.  13.  20.  22.  22.  23.  24.  26.  27.  28.  31.  32.  35.  35.
  37.  38.  38.  38.  41.  43.  43.  44.  44.  46.  49.  50.  52.  54.
  55.  55.  56.  60.  64.  66.  68.  70.  71.  72.  73.  73.  76.  76.
  76.  76.  78.  82.  82.  85.  86.  88.  89.  90.  91.  91.  92.  95.
  98. 100.][-97. -92. -91. -90. -83. -82. -81. -81. -77. -76. -75. -75. -74. -74.
 -72. -72. -71. -71. -71. -69. -68. -67. -64. -63. -63. -63. -61. -60.
 -57. -57. -53. -53. -44. -38. -36. -33. -29. -28. -27. -27. -27. -24.
 -22. -21. -20. -18. -11. -11. -10.  -7.  -6.  -4.  -3.  -3.  -3.   1.
   2.   6.   9.  10.  19.  20.  20.  22.  22.  24.  26.  27.  29.  33.
  37.  39.  39.  42.  43.  48.  50.  51.  52.  58.  58.  58.  60.  62.
  63.  65.  65.  75.  75.  75.  75.  76.  76.  79.  84.  88.  92.  93.
  96. 100.][-100. -100.  -99.  -99.  -98.  -98.  -97.  -95.  -95.  -93.  -91.  -90.
  -89.  -88.  -85.  -79.  -76.  -74.  -69.  -69.  -68.  -67.  -67.  -57.
  -56.  -55.  -54.  -53.  -44.  -43.  -42.  -41.  -40.  -36.  -31.  -30.
  -27.  -27.  -26.  -25.  -24.  -21.  -21.  -11.  -10.  -10.   -7.   -2.
   -1.    0.    2.    4.    5.    6.    7.   12.   12.   17.   18.   19.
   19.   19.   20.   21.   22.   23.   25.   29.   32.   35.   39.   40.
   42.   43.   46.   46.   50.   52.   52.   63.   68.   68.   70.   71.
   72.   73.   73.   74.   77.   78.   78.   79.   79.   84.   86.   89.
   91.   93.   95.   98.][-99. -96. -94. -93. -91. -87. -86. -85. -84. -77. -76. -73. -72. -70.
 -69. -60. -58. -55. -54. -53. -51. -49. -47. -45. -43. -41. -39. -32.
 -30. -30. -28. -27. -26. -25. -25. -25. -24. -23. -21. -21. -19. -11.
 -11.  -8.  -7.  -5.  -5.  -2.  -2.   0.   2.   3.  10.  12.  12.  12.
  15.  21.  21.  24.  31.  31.  33.  33.  33.  34.  34.  40.  41.  43.
  44.  46.  48.  49.  52.  57.  60.  64.  64.  65.  68.  70.  71.  76.
  78.  79.  80.  81.  82.  82.  82.  83.  84.  85.  86.  87.  90.  91.
  93.  98.][-100. -100.  -97.  -95.  -94.  -93.  -93.  -93.  -90.  -89.  -88.  -85.
  -78.  -78.  -77.  -76.  -72.  -71.  -67.  -65.  -58.  -52.  -51.  -51.
  -48.  -47.  -44.  -41.  -36.  -35.  -33.  -32.  -32.  -31.  -29.  -28.
  -27.  -27.  -25.  -19.  -18.  -17.  -15.  -15.  -14.  -13.  -11.  -11.
  -11.   -7.   -7.   -5.   -3.   -2.   -1.    2.    2.    4.    6.    9.
    9.   10.   11.   14.   14.   18.   20.   24.   25.   25.   25.   25.
   26.   26.   30.   33.   35.   36.   37.   39.   43.   47.   48.   51.
   51.   53.   54.   58.   61.   62.   63.   66.   68.   71.   74.   82.
   86.   92.   92.   93.][-99. -98. -97. -96. -95. -94. -90. -89. -88. -85. -81. -81. -81. -77.
 -73. -70. -69. -68. -68. -67. -63. -61. -60. -60. -56. -56. -56. -53.
 -45. -45. -43. -42. -41. -40. -36. -32. -31. -30. -30. -26. -19. -19.
 -15. -13. -12. -12. -10.  -6.  -6.  -6.  -4.  -3.  -2.   1.   2.   3.
   5.   7.  10.  11.  15.  18.  24.  32.  32.  34.  38.  40.  43.  45.
  46.  48.  49.  52.  52.  56.  57.  58.  58.  59.  59.  59.  60.  61.
  65.  73.  75.  76.  77.  79.  81.  86.  86.  87.  89.  94.  94.  94.
  97.  97.][-97. -96. -95. -94. -88. -87. -87. -86. -82. -79. -75. -73. -72. -72.
 -72. -71. -70. -60. -55. -52. -51. -47. -39. -39. -38. -33. -31. -31.
 -29. -28. -26. -24. -23. -18. -17. -17. -16. -16. -13. -12. -12. -10.
  -9.  -9.  -6.  -6.  -6.  -1.   0.   1.   5.  13.  14.  20.  21.  22.
  23.  23.  24.  25.  26.  33.  34.  35.  36.  36.  36.  42.  44.  46.
  47.  48.  50.  51.  53.  54.  54.  58.  60.  60.  62.  64.  64.  66.
  67.  67.  70.  80.  82.  85.  85.  87.  87.  89.  90.  91.  97.  98.
 100. 100.][-99. -92. -86. -85. -85. -85. -85. -84. -80. -78. -78. -76. -74. -74.
 -69. -68. -67. -66. -65. -65. -62. -61. -60. -55. -54. -53. -53. -52.
 -50. -46. -44. -43. -40. -39. -38. -37. -35. -35. -32. -30. -29. -23.
 -22. -16. -13. -13.  -8.  -7.  -6.  -4.  -2.  -2.  -1.   1.   3.   4.
   6.  11.  13.  16.  17.  17.  23.  25.  25.  27.  28.  28.  28.  34.
  37.  38.  39.  41.  44.  48.  48.  49.  52.  54.  56.  56.  57.  62.
  63.  65.  68.  69.  70.  71.  74.  75.  77.  77.  77.  80.  81.  87.
  95. 100.][-99. -97. -96. -95. -93. -91. -90. -90. -89. -88. -82. -81. -80. -80.
 -78. -76. -74. -68. -67. -63. -59. -54. -53. -51. -50. -49. -46. -43.
 -43. -43. -42. -40. -35. -34. -32. -28. -25. -25. -21. -18. -15. -14.
 -14. -12. -11. -11.  -9.  -5.  -3.  -1.   4.   7.   8.   8.  21.  26.
  26.  27.  27.  30.  33.  33.  37.  39.  40.  44.  44.  47.  47.  47.
  48.  53.  54.  55.  55.  56.  60.  60.  63.  68.  69.  71.  71.  73.
  74.  74.  75.  78.  78.  83.  83.  83.  84.  86.  88.  88.  88.  93.
  93.  96.][-96. -95. -92. -90. -84. -82. -81. -79. -77. -76. -75. -75. -73. -73.
 -64. -63. -63. -62. -61. -56. -56. -56. -54. -52. -49. -45. -43. -41.
 -41. -41. -40. -38. -37. -35. -31. -29. -26. -25. -20. -15. -14. -14.
 -14. -12. -10.  -9.  -9.  -7.  -7.  -7.  -2.  -2.  -2.  -2.   0.   3.
   7.   9.   9.  11.  11.  13.  13.  23.  23.  25.  28.  31.  31.  36.
  39.  40.  41.  43.  43.  47.  48.  51.  52.  56.  57.  64.  65.  66.
  67.  68.  69.  70.  75.  78.  79.  79.  81.  83.  89.  91.  91.  96.
  97.  97.][-99. -99. -97. -97. -94. -93. -92. -92. -91. -88. -84. -83. -82. -81.
 -80. -77. -73. -72. -71. -68. -65. -64. -62. -61. -61. -60. -54. -54.
 -50. -50. -49. -47. -47. -46. -46. -41. -38. -37. -36. -33. -31. -27.
 -27. -26. -26. -20. -20. -19. -19. -19. -19. -16. -10.  -9.  -9.  -9.
  -8.  -1.   0.   3.   4.   8.  17.  17.  18.  26.  27.  30.  32.  33.
  35.  36.  38.  46.  46.  50.  50.  52.  54.  55.  56.  56.  56.  57.
  63.  64.  66.  70.  70.  74.  75.  77.  78.  81.  81.  83.  83.  88.
  94. 100.][-91. -82. -81. -80. -79. -78. -73. -71. -64. -62. -61. -59. -55. -55.
 -51. -51. -49. -46. -46. -44. -44. -43. -42. -33. -32. -32. -32. -32.
 -30. -27. -27. -25. -22. -21. -19. -18. -16. -12. -11. -11. -10.  -5.
  -2.  -1.  -1.   0.   1.   2.   4.   5.   5.   6.   8.  25.  27.  29.
  29.  30.  30.  34.  36.  38.  40.  41.  42.  44.  45.  47.  47.  47.
  51.  56.  56.  56.  57.  59.  61.  66.  66.  68.  68.  69.  71.  72.
  72.  76.  79.  79.  82.  82.  84.  87.  88.  89.  91.  91.  95.  95.
  96.  99.][-99. -98. -94. -92. -91. -90. -90. -88. -87. -85. -84. -84. -83. -83.
 -83. -78. -75. -71. -70. -67. -66. -64. -63. -62. -59. -53. -52. -52.
 -50. -50. -50. -49. -49. -45. -44. -38. -37. -35. -33. -33. -33. -29.
 -27. -22. -20. -15. -13.  -9.  -7.  -6.   1.  11.  12.  13.  13.  13.
  15.  16.  22.  22.  23.  23.  25.  29.  31.  36.  37.  41.  42.  42.
  47.  50.  51.  55.  58.  58.  62.  64.  67.  70.  72.  74.  75.  79.
  79.  81.  83.  84.  87.  87.  89.  89.  91.  91.  92.  93.  95.  96.
  97.  97.][-99. -95. -95. -94. -94. -90. -87. -84. -82. -79. -76. -75. -74. -74.
 -72. -72. -68. -67. -66. -58. -56. -56. -55. -55. -52. -52. -48. -47.
 -45. -45. -44. -44. -43. -42. -42. -40. -38. -31. -31. -28. -26. -17.
 -15. -14. -13. -10.  -9.  -2.  -1.   1.   3.   4.   5.   8.  10.  10.
  10.  11.  14.  24.  24.  27.  28.  31.  34.  42.  43.  43.  46.  47.
  49.  50.  51.  51.  56.  61.  64.  65.  66.  69.  74.  75.  78.  78.
  79.  79.  79.  85.  87.  89.  90.  92.  93.  94.  95.  96.  97.  97.
  99. 100.][-100.  -99.  -98.  -97.  -94.  -90.  -84.  -77.  -77.  -72.  -71.  -71.
  -69.  -67.  -67.  -65.  -64.  -64.  -63.  -62.  -62.  -60.  -57.  -56.
  -53.  -52.  -51.  -48.  -46.  -45.  -43.  -43.  -42.  -37.  -35.  -35.
  -35.  -31.  -31.  -28.  -28.  -25.  -24.  -21.  -20.  -13.  -12.  -10.
   -6.   -2.    1.    4.    6.   13.   18.   19.   19.   19.   24.   25.
   25.   26.   27.   30.   32.   33.   39.   39.   42.   42.   43.   46.
   47.   47.   48.   48.   49.   49.   50.   52.   55.   57.   59.   60.
   60.   60.   64.   72.   75.   77.   82.   82.   84.   85.   91.   92.
   92.   96.   98.   98.][-99. -99. -97. -96. -93. -92. -92. -91. -89. -88. -85. -84. -74. -73.
 -73. -72. -71. -70. -69. -68. -66. -65. -63. -61. -61. -61. -59. -56.
 -56. -55. -52. -51. -47. -46. -46. -38. -36. -30. -27. -26. -25. -25.
 -23. -23. -19. -18. -14. -10.  -9.  -9.  -9.  -8.  -4.   4.  10.  12.
  16.  18.  24.  24.  25.  26.  27.  28.  32.  34.  36.  38.  44.  46.
  46.  48.  49.  51.  51.  52.  53.  53.  55.  56.  59.  60.  64.  65.
  66.  66.  68.  71.  71.  78.  83.  85.  85.  85.  91.  93.  93.  93.
  99. 100.][-98. -92. -88. -86. -84. -84. -80. -79. -79. -79. -74. -72. -71. -69.
 -68. -68. -67. -63. -62. -61. -56. -49. -46. -39. -38. -38. -37. -34.
 -33. -32. -29. -28. -27. -27. -23. -15. -14. -13. -12. -10.  -6.  -4.
  -3.   5.   5.   6.   6.   7.   9.  13.  17.  20.  20.  22.  26.  28.
  29.  30.  30.  30.  31.  34.  36.  37.  38.  38.  39.  40.  40.  47.
  48.  51.  51.  53.  56.  60.  61.  63.  65.  65.  66.  71.  72.  73.
  81.  87.  88.  88.  89.  90.  90.  91.  95.  97.  97.  99.  99.  99.
 100. 100.][-100.  -99.  -97.  -94.  -87.  -87.  -85.  -84.  -84.  -80.  -77.  -75.
  -75.  -71.  -70.  -67.  -66.  -66.  -65.  -62.  -60.  -60.  -57.  -56.
  -55.  -51.  -50.  -49.  -49.  -47.  -46.  -46.  -44.  -43.  -43.  -42.
  -40.  -40.  -39.  -37.  -35.  -35.  -33.  -30.  -29.  -26.  -25.  -24.
  -24.  -23.  -23.  -18.  -17.  -14.  -13.  -12.  -11.   -6.    0.    1.
    1.    2.    8.    9.   10.   13.   19.   19.   23.   24.   27.   27.
   28.   28.   30.   30.   32.   33.   33.   36.   42.   42.   47.   47.
   48.   49.   51.   57.   58.   67.   67.   69.   84.   85.   86.   86.
   87.   89.   98.   99.][-100.  -98.  -97.  -96.  -95.  -92.  -86.  -82.  -82.  -81.  -75.  -74.
  -73.  -68.  -62.  -62.  -59.  -55.  -53.  -47.  -47.  -46.  -44.  -43.
  -40.  -38.  -37.  -36.  -36.  -35.  -31.  -31.  -30.  -29.  -29.  -29.
  -28.  -28.  -28.  -22.  -20.  -19.  -19.  -17.  -16.  -10.  -10.   -8.
   -7.   -4.    2.    4.    5.    8.   14.   15.   16.   26.   31.   32.
   33.   36.   42.   43.   43.   48.   49.   50.   50.   52.   53.   54.
   54.   57.   60.   61.   64.   64.   64.   65.   65.   68.   71.   73.
   73.   74.   75.   76.   77.   85.   86.   87.   95.   95.   95.   96.
   99.  100.  100.  100.][-99. -97. -93. -93. -92. -91. -88. -88. -88. -86. -82. -81. -74. -67.
 -63. -63. -58. -57. -57. -50. -46. -45. -45. -44. -44. -43. -42. -40.
 -38. -38. -37. -36. -36. -35. -32. -30. -27. -27. -26. -22. -21. -19.
 -18. -18. -16. -15. -14.  -8.  -7.  -7.  -4.   0.   5.   6.   6.   8.
   8.   9.  13.  15.  16.  18.  23.  24.  28.  28.  30.  32.  34.  35.
  38.  39.  39.  40.  41.  42.  45.  46.  47.  49.  52.  56.  59.  62.
  65.  65.  71.  72.  74.  75.  78.  79.  84.  85.  85.  88.  91.  92.
  94.  99.][-100.  -97.  -95.  -95.  -95.  -93.  -92.  -87.  -86.  -86.  -83.  -81.
  -81.  -81.  -79.  -69.  -65.  -65.  -65.  -64.  -56.  -55.  -52.  -48.
  -48.  -46.  -43.  -42.  -37.  -32.  -31.  -30.  -29.  -26.  -23.  -22.
  -19.  -17.  -10.   -9.   -5.   -3.   -2.   -2.   -1.    1.    3.    4.
   12.   13.   14.   15.   16.   19.   19.   23.   25.   25.   26.   28.
   29.   29.   31.   33.   34.   37.   38.   38.   41.   43.   44.   47.
   48.   49.   50.   52.   56.   61.   62.   62.   64.   64.   65.   68.
   70.   73.   73.   76.   76.   77.   78.   79.   84.   84.   85.   89.
   89.   90.   92.   97.][-100. -100.  -93.  -92.  -89.  -85.  -82.  -78.  -73.  -71.  -69.  -69.
  -69.  -69.  -64.  -63.  -60.  -52.  -49.  -49.  -49.  -46.  -46.  -43.
  -43.  -42.  -41.  -39.  -34.  -30.  -29.  -29.  -27.  -25.  -25.  -22.
  -17.  -16.  -14.  -14.  -14.  -12.  -10.   -6.   -2.    1.    4.    7.
    7.   11.   12.   12.   16.   20.   22.   25.   26.   28.   29.   30.
   34.   36.   37.   42.   44.   44.   45.   47.   49.   50.   52.   53.
   53.   54.   58.   59.   61.   62.   62.   62.   63.   64.   66.   68.
   69.   70.   72.   73.   80.   81.   83.   84.   87.   88.   88.   89.
   94.   97.   98.   99.][-100.  -99.  -99.  -96.  -95.  -95.  -95.  -94.  -92.  -91.  -90.  -90.
  -89.  -88.  -88.  -85.  -80.  -78.  -77.  -75.  -73.  -72.  -71.  -71.
  -68.  -68.  -68.  -66.  -62.  -61.  -61.  -56.  -54.  -48.  -47.  -46.
  -45.  -40.  -38.  -38.  -37.  -34.  -32.  -29.  -28.  -27.  -25.  -21.
  -19.    2.    6.    8.    9.    9.   11.   13.   16.   18.   19.   23.
   23.   24.   25.   28.   31.   34.   35.   37.   38.   40.   40.   41.
   41.   45.   47.   47.   54.   56.   60.   62.   69.   71.   73.   74.
   76.   76.   78.   78.   79.   79.   82.   83.   84.   88.   89.   92.
   96.   96.   97.   98.][-98. -93. -89. -87. -86. -86. -77. -77. -76. -76. -72. -72. -69. -68.
 -68. -67. -65. -63. -59. -57. -55. -55. -54. -44. -44. -43. -42. -40.
 -39. -37. -36. -33. -33. -30. -30. -30. -30. -26. -24. -24. -23. -22.
 -22. -22. -20. -18.  -7.  -7.  -3.  -2.  -1.   0.   2.   2.   4.   5.
   6.   7.   9.  11.  16.  18.  19.  21.  23.  27.  28.  28.  30.  32.
  35.  35.  39.  45.  46.  46.  47.  53.  54.  54.  55.  55.  59.  60.
  62.  68.  70.  77.  77.  77.  80.  81.  82.  91.  92.  97.  98.  99.
  99. 100.][-98. -97. -95. -90. -89. -87. -86. -84. -84. -82. -80. -78. -77. -76.
 -75. -75. -73. -72. -71. -70. -68. -65. -64. -61. -51. -51. -50. -44.
 -43. -40. -36. -32. -30. -30. -29. -24. -16. -15. -15. -13. -10.  -9.
   0.   0.   6.   6.   6.   8.  10.  12.  16.  17.  18.  19.  20.  20.
  21.  22.  26.  30.  31.  31.  33.  34.  35.  36.  37.  40.  40.  45.
  46.  46.  48.  52.  56.  58.  58.  58.  59.  61.  65.  66.  68.  74.
  74.  75.  76.  78.  83.  84.  85.  86.  87.  87.  88.  90.  93.  94.
  95. 100.][-92. -90. -88. -88. -85. -83. -83. -82. -80. -78. -77. -77. -74. -74.
 -73. -67. -67. -67. -62. -57. -56. -55. -55. -55. -53. -52. -51. -46.
 -44. -43. -37. -33. -33. -32. -29. -28. -25. -24. -23. -22. -19. -12.
  -9.  -8.  -6.  -3.  -2.   0.   0.   2.   2.   9.  14.  14.  16.  18.
  18.  18.  18.  21.  23.  24.  25.  30.  33.  33.  36.  36.  36.  38.
  41.  47.  47.  48.  50.  50.  53.  55.  56.  58.  59.  61.  64.  64.
  66.  70.  71.  76.  80.  82.  82.  84.  88.  88.  89.  92.  95.  98.
  99. 100.][-99. -98. -97. -96. -91. -91. -88. -88. -84. -84. -83. -80. -78. -75.
 -73. -73. -72. -72. -71. -69. -69. -68. -68. -65. -64. -62. -57. -53.
 -46. -45. -44. -43. -43. -42. -40. -40. -38. -37. -37. -30. -29. -29.
 -27. -25. -25. -20. -19. -14. -13. -13. -10.  -8.  -8.  -3.   4.   6.
   6.   7.  11.  11.  13.  15.  18.  18.  18.  20.  21.  21.  26.  26.
  29.  35.  44.  48.  49.  49.  50.  51.  53.  54.  56.  58.  60.  62.
  66.  67.  72.  79.  79.  83.  84.  85.  87.  87.  87.  90.  92.  94.
  99. 100.][-100. -100.  -99.  -98.  -97.  -97.  -94.  -94.  -93.  -91.  -86.  -83.
  -77.  -76.  -76.  -74.  -71.  -70.  -70.  -68.  -67.  -66.  -62.  -61.
  -59.  -57.  -56.  -52.  -51.  -48.  -45.  -44.  -42.  -41.  -39.  -38.
  -37.  -36.  -30.  -30.  -29.  -28.  -26.  -25.  -19.  -11.   -4.   -3.
    0.    1.    1.    2.    7.   14.   16.   17.   22.   25.   26.   27.
   29.   31.   31.   32.   32.   33.   37.   37.   37.   38.   38.   45.
   50.   52.   56.   57.   57.   59.   60.   62.   68.   70.   71.   71.
   73.   74.   79.   79.   79.   80.   81.   81.   84.   85.   86.   89.
   89.   92.   95.   96.][-100. -100.  -96.  -94.  -92.  -92.  -91.  -89.  -87.  -85.  -83.  -79.
  -79.  -75.  -74.  -71.  -70.  -68.  -67.  -65.  -64.  -62.  -60.  -57.
  -56.  -54.  -53.  -52.  -51.  -49.  -47.  -46.  -46.  -45.  -44.  -43.
  -43.  -42.  -35.  -34.  -34.  -33.  -30.  -26.  -17.  -11.   -9.   -7.
   -5.   -4.   -4.   -2.   -1.    2.    2.    3.    3.    6.   11.   12.
   14.   19.   20.   21.   22.   24.   24.   26.   26.   32.   35.   35.
   35.   36.   38.   40.   40.   44.   46.   49.   53.   53.   57.   58.
   59.   60.   60.   64.   68.   70.   73.   73.   74.   80.   81.   85.
   86.   90.   94.   95.][-96. -95. -95. -94. -92. -89. -88. -86. -85. -84. -83. -83. -81. -80.
 -74. -73. -73. -73. -69. -68. -65. -63. -60. -55. -55. -54. -53. -52.
 -52. -52. -49. -48. -45. -44. -39. -38. -38. -35. -33. -32. -31. -26.
 -20. -18. -18. -17. -17. -14. -13. -10.  -9.  -3.   0.   1.   5.   5.
   6.   9.  11.  14.  16.  19.  25.  25.  30.  31.  38.  40.  42.  43.
  47.  47.  50.  55.  56.  56.  57.  58.  59.  59.  60.  62.  65.  65.
  66.  70.  73.  73.  74.  77.  79.  79.  85.  86.  87.  88.  90.  94.
  96.  99.][-93. -90. -89. -86. -80. -78. -73. -71. -65. -63. -61. -60. -47. -45.
 -43. -41. -38. -36. -35. -32. -32. -31. -27. -26. -21. -20. -18. -15.
 -11. -11.  -6.  -6.  -4.  -4.  -2.  -1.   0.   4.   5.   7.   8.   9.
   9.  11.  11.  12.  14.  17.  18.  19.  19.  19.  20.  21.  21.  22.
  22.  25.  25.  30.  33.  34.  36.  37.  41.  44.  46.  47.  50.  54.
  57.  57.  61.  64.  67.  68.  68.  68.  70.  71.  72.  74.  76.  80.
  82.  83.  83.  85.  85.  87.  88.  89.  90.  91.  92.  93.  95.  95.
  99. 100.][-97. -94. -90. -86. -86. -81. -79. -79. -78. -76. -75. -74. -73. -73.
 -71. -67. -63. -63. -62. -59. -58. -58. -55. -52. -50. -50. -48. -47.
 -46. -43. -42. -40. -40. -39. -37. -35. -34. -28. -26. -22. -22. -21.
 -19. -17. -16. -12. -12. -11. -10.  -7.  -6.  -2.   0.   2.   3.   6.
  14.  18.  22.  22.  22.  22.  23.  24.  25.  26.  28.  29.  30.  30.
  36.  38.  38.  42.  43.  44.  53.  53.  58.  63.  63.  64.  65.  67.
  70.  70.  71.  76.  80.  80.  82.  86.  88.  89.  90.  95.  95.  97.
 100. 100.][-97. -96. -93. -91. -90. -89. -88. -87. -79. -76. -73. -73. -68. -68.
 -66. -66. -66. -66. -65. -64. -64. -64. -62. -62. -58. -58. -56. -51.
 -50. -46. -44. -39. -34. -33. -33. -31. -31. -29. -28. -25. -23. -22.
 -14. -14. -12.  -8.  -7.  -3.  -2.   1.   2.   4.   7.   9.  10.  10.
  13.  13.  13.  17.  19.  20.  21.  22.  22.  23.  25.  26.  35.  36.
  40.  41.  41.  42.  44.  44.  45.  47.  52.  57.  59.  65.  66.  70.
  72.  72.  75.  81.  84.  86.  87.  88.  88.  88.  91.  95.  98.  98.
  99.  99.][-100.  -97.  -95.  -94.  -91.  -90.  -88.  -84.  -83.  -76.  -75.  -73.
  -72.  -72.  -71.  -67.  -65.  -65.  -63.  -62.  -62.  -60.  -57.  -56.
  -56.  -48.  -48.  -47.  -47.  -46.  -42.  -38.  -37.  -36.  -34.  -33.
  -26.  -24.  -21.  -18.  -17.  -14.  -13.  -10.  -10.   -7.   -5.   -4.
   -4.    0.    1.    5.    6.    7.    8.    9.   11.   13.   14.   15.
   15.   17.   17.   19.   19.   19.   21.   24.   27.   30.   33.   34.
   35.   36.   39.   42.   44.   45.   46.   48.   52.   54.   54.   54.
   55.   58.   58.   61.   61.   62.   64.   70.   70.   71.   73.   74.
   88.   88.   89.  100.][-99. -97. -96. -95. -91. -89. -85. -81. -80. -78. -76. -75. -75. -66.
 -65. -65. -64. -62. -60. -59. -57. -57. -57. -54. -53. -52. -50. -45.
 -45. -42. -39. -39. -36. -35. -33. -31. -29. -25. -22. -22. -20. -17.
 -15. -13. -12.  -9.  -6.  -6.   1.   4.   5.   5.   7.   7.  12.  13.
  13.  14.  16.  16.  16.  18.  19.  20.  21.  26.  28.  28.  28.  30.
  35.  40.  40.  40.  41.  44.  52.  59.  61.  62.  63.  66.  67.  68.
  70.  70.  73.  75.  77.  78.  79.  83.  84.  85.  89.  91.  98.  99.
  99. 100.][-91. -91. -84. -82. -82. -78. -78. -77. -76. -71. -70. -68. -68. -64.
 -62. -62. -61. -61. -59. -59. -58. -53. -52. -51. -45. -41. -36. -35.
 -28. -27. -27. -26. -21. -20. -19. -19. -18. -14. -14. -13. -10.  -9.
  -8.  -7.  -6.  -5.   4.   5.   8.   9.  12.  12.  21.  23.  24.  25.
  25.  28.  29.  31.  31.  33.  34.  35.  36.  37.  53.  53.  53.  55.
  58.  58.  61.  61.  63.  66.  71.  71.  73.  74.  75.  75.  78.  79.
  79.  80.  83.  85.  86.  87.  88.  94.  94.  94.  98.  98.  99.  99.
 100. 100.][-98. -97. -92. -90. -88. -87. -87. -83. -83. -82. -78. -77. -74. -71.
 -70. -69. -64. -63. -59. -56. -55. -55. -54. -52. -51. -39. -37. -35.
 -32. -31. -26. -26. -25. -24. -23. -23. -22. -20. -18. -17. -16. -16.
 -15. -13. -12. -12. -10.  -8.  -4.  -2.  -1.   7.  10.  13.  13.  18.
  20.  20.  20.  22.  25.  26.  30.  36.  37.  38.  38.  44.  47.  47.
  50.  52.  54.  57.  59.  60.  62.  63.  69.  69.  72.  73.  73.  74.
  75.  76.  79.  80.  81.  83.  84.  85.  85.  85.  88.  90.  93.  96.
  97.  98.][-100.  -99.  -98.  -98.  -94.  -94.  -90.  -88.  -87.  -82.  -81.  -77.
  -76.  -72.  -72.  -71.  -70.  -66.  -65.  -61.  -61.  -61.  -60.  -59.
  -59.  -58.  -54.  -43.  -41.  -39.  -39.  -39.  -38.  -37.  -35.  -34.
  -33.  -21.  -19.  -19.  -19.  -19.  -18.  -18.  -16.   -6.   -2.   -1.
    1.    5.    8.   11.   14.   16.   19.   20.   26.   28.   28.   29.
   30.   30.   36.   38.   38.   40.   41.   45.   45.   46.   46.   48.
   49.   50.   51.   53.   53.   54.   55.   56.   58.   59.   61.   62.
   63.   63.   66.   69.   70.   73.   76.   76.   81.   88.   90.   91.
   94.   96.   96.   98.][-100.  -96.  -93.  -89.  -86.  -85.  -82.  -82.  -79.  -78.  -76.  -73.
  -69.  -69.  -68.  -62.  -61.  -61.  -61.  -57.  -56.  -54.  -53.  -52.
  -49.  -47.  -44.  -43.  -38.  -35.  -34.  -32.  -32.  -30.  -30.  -27.
  -26.  -22.  -21.  -18.  -15.  -14.  -12.   -7.   -6.   -4.   -4.   -3.
   -1.   -1.    3.    4.    9.    9.    9.   12.   16.   17.   20.   22.
   22.   22.   23.   25.   26.   28.   30.   31.   35.   35.   43.   45.
   50.   51.   51.   53.   54.   54.   57.   61.   66.   67.   71.   72.
   73.   73.   74.   75.   75.   76.   77.   78.   78.   79.   80.   83.
   87.   87.   90.   93.][-100.  -97.  -97.  -97.  -96.  -94.  -86.  -82.  -82.  -80.  -80.  -78.
  -78.  -77.  -75.  -73.  -70.  -64.  -62.  -59.  -59.  -57.  -56.  -54.
  -50.  -47.  -44.  -42.  -42.  -38.  -37.  -32.  -32.  -31.  -26.  -21.
  -21.  -15.  -13.  -11.   -9.   -8.   -6.   -4.    0.    1.    1.    3.
    5.    8.   11.   13.   15.   16.   18.   23.   23.   23.   24.   24.
   25.   26.   27.   27.   33.   36.   36.   38.   38.   38.   40.   40.
   44.   47.   47.   48.   49.   49.   56.   56.   59.   61.   61.   68.
   73.   73.   75.   76.   79.   80.   82.   84.   85.   86.   88.   94.
   95.   95.   96.   99.][-99. -97. -96. -95. -93. -92. -92. -84. -83. -80. -79. -77. -76. -75.
 -74. -71. -70. -70. -66. -65. -62. -60. -60. -58. -57. -54. -53. -52.
 -50. -50. -49. -49. -47. -47. -46. -39. -36. -35. -29. -26. -26. -25.
 -23. -22. -22. -17. -17. -15. -15.  -6.  -5.  -5.  -2.   2.   4.   9.
  12.  12.  18.  20.  21.  25.  27.  28.  28.  30.  31.  32.  32.  33.
  36.  36.  42.  43.  43.  47.  49.  50.  54.  59.  61.  62.  62.  63.
  64.  64.  66.  67.  70.  71.  75.  76.  77.  81.  85.  85.  85.  87.
  90.  96.][-100.  -97.  -97.  -91.  -90.  -90.  -83.  -82.  -78.  -77.  -77.  -75.
  -75.  -74.  -73.  -71.  -70.  -70.  -68.  -67.  -67.  -62.  -60.  -58.
  -57.  -56.  -56.  -53.  -52.  -50.  -48.  -46.  -45.  -45.  -45.  -42.
  -36.  -33.  -33.  -32.  -28.  -27.  -27.  -22.  -21.  -16.  -10.   -5.
    5.   11.   12.   12.   13.   17.   18.   19.   20.   21.   25.   27.
   27.   28.   31.   31.   34.   34.   35.   39.   40.   41.   45.   45.
   45.   46.   47.   49.   52.   55.   56.   58.   61.   62.   69.   72.
   72.   74.   77.   77.   78.   78.   78.   78.   82.   83.   87.   90.
   91.   92.   95.   98.][-97. -92. -91. -91. -89. -86. -86. -86. -82. -81. -80. -79. -78. -77.
 -74. -73. -71. -70. -66. -66. -63. -63. -62. -61. -59. -50. -48. -44.
 -43. -43. -40. -37. -36. -35. -32. -28. -28. -26. -24. -22. -22. -18.
 -13. -12.  -9.  -8.  -8.  -8.  -3.  -3.  -2.   0.   3.   4.   9.   9.
   9.  10.  13.  14.  20.  23.  25.  27.  30.  31.  32.  34.  36.  39.
  43.  47.  50.  50.  50.  54.  55.  55.  57.  61.  61.  62.  64.  68.
  70.  71.  72.  76.  78.  79.  80.  81.  81.  81.  81.  83.  83.  90.
  91.  97.][-100.  -99.  -97.  -96.  -94.  -93.  -90.  -89.  -89.  -84.  -82.  -82.
  -77.  -77.  -76.  -74.  -73.  -73.  -67.  -65.  -63.  -61.  -60.  -53.
  -49.  -48.  -43.  -42.  -38.  -36.  -32.  -32.  -28.  -27.  -25.  -16.
  -16.  -15.  -11.   -8.   -7.   -7.   -6.   -4.   -4.   -2.   -1.   -1.
    4.   12.   14.   14.   15.   16.   21.   23.   25.   25.   25.   25.
   25.   30.   31.   32.   32.   33.   36.   39.   40.   44.   44.   49.
   50.   51.   53.   56.   56.   56.   58.   58.   59.   60.   60.   61.
   65.   67.   69.   69.   69.   70.   71.   72.   74.   78.   83.   85.
   88.   94.   95.   98.][-98. -95. -89. -86. -85. -85. -85. -81. -79. -78. -78. -74. -74. -73.
 -73. -72. -70. -67. -65. -63. -63. -62. -60. -55. -53. -53. -49. -48.
 -43. -39. -38. -35. -34. -33. -31. -22. -22. -21. -19. -18. -15. -14.
 -14. -13. -13. -11. -10.   4.   4.  12.  12.  13.  22.  24.  26.  26.
  26.  29.  32.  32.  33.  39.  40.  41.  41.  41.  41.  42.  43.  50.
  51.  52.  52.  53.  54.  54.  54.  56.  56.  58.  62.  67.  68.  68.
  70.  73.  76.  78.  80.  82.  84.  85.  85.  85.  87.  91.  92.  96.
  98. 100.][-100.  -99.  -95.  -95.  -94.  -92.  -92.  -87.  -77.  -75.  -72.  -72.
  -69.  -68.  -67.  -64.  -54.  -53.  -52.  -48.  -47.  -46.  -43.  -42.
  -40.  -39.  -37.  -36.  -35.  -27.  -22.  -21.  -16.  -12.  -11.  -10.
   -5.   -4.   -2.   -2.   -2.   -2.    1.    2.    5.    6.    8.   10.
   12.   15.   17.   18.   19.   20.   22.   23.   24.   25.   27.   28.
   30.   31.   35.   37.   38.   42.   42.   45.   47.   49.   58.   58.
   59.   60.   60.   60.   61.   61.   62.   63.   69.   74.   76.   80.
   80.   81.   82.   82.   83.   84.   85.   85.   88.   89.   92.   92.
   93.   94.   98.  100.][-100.  -99.  -99.  -98.  -95.  -92.  -88.  -77.  -76.  -73.  -72.  -69.
  -68.  -67.  -64.  -63.  -63.  -61.  -60.  -60.  -58.  -54.  -51.  -51.
  -51.  -50.  -48.  -42.  -39.  -38.  -37.  -33.  -33.  -32.  -31.  -28.
  -26.  -26.  -25.  -24.  -22.  -21.  -18.  -18.  -18.  -18.  -17.  -17.
  -16.  -15.  -15.  -13.  -11.  -11.  -10.    3.    7.    7.    7.    9.
   10.   10.   10.   14.   17.   17.   19.   22.   26.   27.   27.   30.
   31.   33.   35.   37.   40.   47.   49.   50.   52.   58.   60.   60.
   68.   69.   70.   71.   73.   75.   76.   78.   82.   83.   84.   86.
   86.   88.   88.   96.][-99. -95. -94. -94. -92. -88. -85. -80. -79. -78. -78. -76. -69. -68.
 -67. -66. -66. -65. -64. -63. -63. -63. -62. -60. -56. -53. -50. -49.
 -48. -48. -46. -44. -41. -41. -37. -37. -32. -31. -29. -27. -27. -25.
 -23. -22. -20. -17. -13. -12.  -6.  -5.  -4.  -2.   0.   3.   9.  10.
  10.  11.  12.  15.  16.  16.  17.  19.  21.  22.  22.  26.  27.  28.
  30.  39.  41.  41.  45.  49.  51.  53.  54.  56.  59.  59.  59.  62.
  64.  66.  68.  71.  71.  74.  75.  76.  83.  84.  87.  88.  90.  90.
  94.  98.][-99. -98. -98. -97. -92. -89. -80. -76. -75. -72. -72. -72. -67. -66.
 -66. -66. -57. -56. -54. -51. -50. -48. -39. -38. -36. -35. -34. -32.
 -29. -27. -26. -26. -23. -22. -21. -20. -18. -17. -17. -17. -16. -16.
 -15. -15. -11. -11.  -9.  -8.  -7.  -4.  -1.   1.   5.   6.   7.   7.
   7.  11.  12.  15.  15.  18.  18.  19.  20.  21.  22.  23.  26.  27.
  28.  28.  28.  29.  30.  30.  31.  32.  32.  33.  35.  37.  37.  40.
  46.  46.  47.  49.  51.  55.  62.  64.  70.  71.  77.  82.  89.  98.
 100. 100.][-99. -99. -98. -98. -98. -97. -94. -92. -91. -91. -89. -86. -86. -83.
 -80. -78. -75. -70. -67. -66. -63. -55. -54. -52. -52. -50. -49. -45.
 -44. -42. -41. -40. -37. -35. -35. -32. -29. -29. -27. -25. -24. -19.
 -18. -16. -16. -16. -14. -13.  -8.  -5.  -2.   7.   9.  11.  11.  13.
  18.  28.  29.  32.  35.  37.  40.  44.  44.  45.  46.  47.  49.  51.
  53.  55.  65.  66.  67.  67.  71.  71.  73.  74.  74.  75.  76.  77.
  78.  78.  80.  84.  85.  88.  88.  89.  89.  92.  92.  92.  93.  95.
  96. 100.][-87. -85. -84. -83. -80. -80. -77. -69. -69. -66. -65. -64. -63. -62.
 -60. -60. -59. -58. -58. -56. -53. -50. -47. -47. -46. -45. -42. -39.
 -36. -33. -32. -32. -31. -28. -21. -15. -12. -12. -11.  -9.  -8.  -1.
  -1.   0.   2.   3.   3.   4.   5.   5.   6.   8.  10.  17.  17.  17.
  19.  21.  23.  23.  25.  28.  31.  31.  34.  35.  36.  45.  45.  49.
  49.  49.  50.  52.  53.  53.  56.  57.  58.  58.  59.  62.  63.  67.
  67.  73.  73.  73.  78.  81.  81.  82.  89.  90.  92.  94.  97.  99.
 100. 100.][-99. -96. -94. -93. -93. -88. -83. -83. -80. -80. -80. -75. -70. -67.
 -66. -58. -54. -50. -50. -43. -40. -39. -38. -37. -33. -31. -30. -28.
 -24. -23. -21. -20. -20. -19. -14. -13. -13. -13. -13. -13. -11. -11.
 -11.  -6.  -3.   4.   5.   6.  10.  10.  14.  15.  16.  17.  18.  23.
  26.  27.  28.  28.  29.  30.  31.  34.  34.  39.  42.  43.  44.  45.
  45.  48.  49.  54.  60.  60.  66.  66.  67.  69.  72.  73.  75.  76.
  78.  79.  80.  81.  82.  82.  83.  84.  85.  88.  90.  97.  97.  98.
  99.  99.][-100.  -95.  -91.  -90.  -90.  -85.  -73.  -71.  -68.  -68.  -68.  -64.
  -60.  -59.  -58.  -57.  -52.  -52.  -51.  -51.  -49.  -49.  -47.  -46.
  -45.  -42.  -42.  -41.  -39.  -39.  -37.  -24.  -24.  -23.  -21.  -20.
  -18.  -18.  -16.  -16.  -13.  -11.   -9.   -7.   -4.   -4.   -3.    5.
    6.    9.   11.   14.   17.   20.   21.   21.   22.   27.   27.   30.
   32.   36.   36.   41.   42.   44.   44.   48.   52.   52.   54.   56.
   61.   62.   62.   65.   67.   68.   70.   74.   75.   76.   76.   80.
   82.   82.   83.   83.   85.   85.   89.   92.   93.   94.   95.   96.
   97.   98.  100.  100.][-99. -99. -99. -96. -96. -87. -87. -85. -80. -79. -68. -67. -64. -62.
 -61. -59. -57. -56. -47. -46. -46. -46. -42. -41. -41. -41. -36. -33.
 -31. -29. -29. -28. -28. -27. -25. -25. -24. -23. -22. -22. -22. -16.
 -16. -12. -11.  -8.  -6.  -5.   0.   5.   5.  12.  13.  14.  16.  17.
  18.  21.  23.  23.  23.  25.  25.  27.  30.  30.  40.  44.  49.  51.
  52.  54.  54.  57.  58.  60.  62.  64.  64.  66.  71.  73.  74.  79.
  81.  81.  83.  84.  84.  87.  88.  88.  89.  89.  90.  92.  93.  94.
  95.  98.][-100.  -98.  -98.  -97.  -97.  -95.  -88.  -87.  -87.  -82.  -80.  -78.
  -77.  -77.  -75.  -74.  -71.  -70.  -67.  -66.  -63.  -62.  -62.  -57.
  -52.  -51.  -50.  -49.  -49.  -48.  -47.  -42.  -41.  -35.  -32.  -31.
  -30.  -29.  -25.  -21.  -19.  -19.  -18.  -14.  -14.  -12.  -12.   -3.
   -2.    1.    4.    4.    6.    7.    9.   10.   12.   13.   15.   17.
   21.   23.   25.   26.   31.   33.   34.   34.   36.   38.   41.   42.
   42.   43.   49.   49.   54.   56.   61.   63.   64.   69.   78.   80.
   81.   81.   81.   83.   84.   86.   89.   90.   93.   93.   93.   96.
   96.   99.   99.  100.][-96. -96. -94. -92. -91. -87. -85. -81. -79. -75. -71. -70. -69. -68.
 -66. -59. -58. -57. -56. -55. -54. -53. -52. -49. -47. -46. -37. -37.
 -34. -33. -33. -33. -32. -31. -31. -30. -30. -29. -27. -26. -26. -26.
 -19. -19. -18. -16. -12. -12.  -9.  -9.  -9.  -8.  -4.  -3.  -3.   0.
   3.  11.  12.  13.  15.  15.  17.  17.  17.  18.  18.  18.  19.  21.
  23.  23.  25.  33.  36.  41.  44.  45.  50.  50.  51.  59.  61.  63.
  64.  71.  71.  71.  74.  79.  80.  81.  82.  82.  83.  83.  84.  84.
  91.  92.][-99. -98. -98. -98. -95. -95. -95. -95. -94. -92. -89. -88. -88. -86.
 -84. -83. -80. -79. -77. -74. -73. -73. -71. -62. -54. -53. -52. -44.
 -38. -38. -37. -34. -33. -33. -32. -29. -27. -17. -17. -16. -14. -11.
  -9.  -7.  -5.  -3.  -2.  -2.  -1.   3.   7.  10.  12.  14.  14.  14.
  17.  20.  21.  22.  22.  24.  32.  34.  34.  36.  41.  42.  43.  43.
  45.  47.  48.  49.  50.  54.  65.  66.  66.  66.  67.  68.  69.  71.
  72.  72.  72.  75.  77.  78.  78.  83.  89.  91.  95.  99.  99. 100.
 100. 100.][-100.  -97.  -96.  -94.  -87.  -86.  -85.  -82.  -81.  -81.  -80.  -76.
  -72.  -69.  -69.  -67.  -64.  -64.  -63.  -60.  -57.  -56.  -55.  -54.
  -54.  -51.  -49.  -46.  -45.  -44.  -41.  -39.  -38.  -37.  -25.  -24.
  -21.  -20.  -19.  -18.  -17.  -17.  -15.  -13.  -10.   -7.   -4.   -2.
    2.    4.    7.    9.   12.   12.   13.   19.   23.   27.   29.   32.
   32.   36.   39.   39.   41.   42.   42.   43.   44.   44.   46.   50.
   50.   51.   51.   56.   56.   56.   60.   60.   60.   61.   62.   63.
   67.   67.   71.   79.   81.   90.   91.   93.   94.   96.   96.   96.
   96.   98.   99.   99.][-99. -94. -90. -90. -85. -83. -81. -81. -80. -78. -78. -78. -76. -75.
 -75. -74. -72. -71. -67. -66. -65. -65. -60. -59. -50. -45. -45. -45.
 -44. -42. -40. -35. -33. -30. -28. -28. -27. -27. -23. -22. -18. -17.
 -15. -14. -12. -12.  -9.  -8.  -6.  -6.   6.   7.   7.  14.  15.  16.
  20.  23.  23.  23.  23.  24.  24.  27.  28.  29.  34.  34.  35.  37.
  37.  41.  48.  50.  53.  53.  53.  54.  54.  55.  56.  58.  62.  63.
  65.  68.  68.  71.  74.  79.  79.  79.  80.  81.  83.  90.  90.  91.
  98.  99.][-96. -95. -93. -93. -93. -92. -92. -91. -87. -87. -81. -80. -79. -77.
 -75. -68. -63. -60. -59. -58. -57. -56. -53. -51. -49. -47. -46. -43.
 -43. -41. -38. -38. -35. -31. -31. -31. -30. -30. -28. -27. -25. -24.
 -24. -23. -21. -18. -16. -13. -13.  -8.  -5.  -4.  -4.  -1.  -1.   2.
   4.   4.   5.   7.   9.  12.  14.  14.  15.  17.  23.  24.  25.  26.
  27.  34.  41.  42.  48.  50.  52.  52.  54.  55.  56.  60.  62.  63.
  64.  65.  66.  68.  69.  69.  73.  77.  79.  79.  81.  82.  84.  89.
  89.  91.][-92. -90. -88. -88. -86. -86. -86. -85. -85. -83. -82. -79. -78. -78.
 -78. -78. -76. -72. -67. -65. -64. -59. -59. -53. -52. -49. -48. -47.
 -46. -39. -35. -34. -32. -29. -29. -21. -20. -19. -13. -12. -11.  -9.
  -8.  -8.  -6.  -4.  -3.   4.   7.   8.  10.  10.  10.  13.  13.  13.
  14.  16.  17.  17.  17.  22.  23.  26.  26.  27.  28.  32.  33.  35.
  37.  38.  42.  45.  47.  49.  50.  51.  58.  59.  62.  64.  67.  67.
  73.  75.  79.  79.  80.  80.  81.  81.  84.  84.  86.  88.  95.  96.
  96. 100.][-98. -97. -94. -86. -79. -77. -72. -71. -68. -66. -65. -65. -64. -63.
 -59. -58. -58. -58. -56. -54. -53. -49. -48. -47. -46. -46. -45. -44.
 -43. -42. -41. -39. -38. -37. -35. -35. -34. -31. -30. -29. -28. -28.
 -24. -22. -21. -16. -15. -15. -12. -10. -10.  -9.  -8.  -8.  -6.  -4.
  -3.  -3.  -2.   3.   4.   5.  13.  14.  15.  20.  28.  29.  29.  29.
  35.  36.  37.  40.  41.  43.  47.  51.  52.  53.  53.  54.  57.  57.
  63.  64.  67.  68.  68.  69.  69.  71.  72.  78.  79.  84.  84.  84.
  85.  98.][-99. -98. -97. -97. -96. -95. -94. -93. -93. -92. -82. -79. -75. -72.
 -66. -64. -64. -63. -60. -59. -59. -59. -56. -53. -52. -52. -51. -50.
 -48. -47. -46. -45. -42. -41. -40. -35. -35. -35. -32. -26. -25. -23.
 -21. -21. -18. -17. -12.  -9.  -8.  -6.  -2.  -2.   0.   1.   1.   2.
   3.   8.   8.  11.  11.  14.  15.  15.  15.  16.  18.  20.  22.  27.
  27.  29.  29.  29.  33.  35.  39.  39.  41.  42.  44.  47.  56.  59.
  63.  65.  68.  70.  70.  72.  72.  75.  75.  83.  87.  88.  88.  89.
  93.  99.][-97. -97. -97. -96. -96. -93. -92. -91. -91. -90. -87. -87. -85. -84.
 -83. -82. -82. -80. -78. -78. -78. -77. -77. -77. -72. -69. -66. -64.
 -63. -63. -60. -55. -52. -47. -47. -46. -46. -45. -44. -43. -40. -36.
 -36. -35. -32. -32. -28. -27. -25. -22. -21. -19. -11. -10.  -8.  -8.
  -3.  -1.   0.   1.   3.   7.  11.  11.  13.  15.  16.  16.  17.  19.
  19.  24.  25.  27.  28.  29.  33.  37.  38.  50.  50.  50.  51.  51.
  51.  59.  60.  60.  61.  63.  65.  69.  73.  81.  81.  88.  91.  92.
  93. 100.][-99. -91. -86. -83. -74. -74. -73. -73. -71. -70. -69. -68. -67. -67.
 -66. -63. -62. -59. -59. -57. -53. -47. -47. -45. -43. -42. -37. -36.
 -34. -33. -33. -32. -32. -31. -31. -27. -25. -23. -23. -23. -22. -18.
 -17. -16. -12. -12. -11.  -8.  -6.  -5.  -4.  -4.  -3.  -2.   0.   6.
   7.  11.  11.  12.  13.  13.  15.  15.  16.  16.  20.  23.  25.  30.
  32.  34.  36.  38.  40.  40.  44.  50.  57.  59.  59.  61.  62.  67.
  67.  67.  68.  70.  71.  73.  77.  78.  79.  80.  81.  82.  84.  87.
  90.  96.][-98. -92. -91. -91. -91. -90. -89. -89. -88. -87. -86. -83. -83. -81.
 -78. -77. -77. -76. -75. -74. -73. -69. -68. -68. -67. -67. -67. -67.
 -66. -65. -63. -62. -61. -60. -59. -59. -57. -56. -55. -54. -53. -51.
 -50. -49. -49. -44. -42. -42. -40. -36. -33. -33. -33. -32. -26. -23.
 -22. -21. -12.  -6.  -4.   1.   3.   3.   5.   5.   7.   9.  11.  14.
  14.  17.  18.  20.  25.  29.  31.  33.  36.  41.  44.  46.  46.  46.
  53.  54.  55.  67.  70.  73.  76.  77.  84.  89.  90.  91.  91.  96.
  99. 100.][-98. -97. -96. -95. -95. -90. -88. -84. -83. -80. -77. -74. -71. -69.
 -65. -64. -62. -62. -59. -56. -53. -51. -48. -46. -46. -44. -44. -44.
 -43. -41. -39. -37. -37. -36. -36. -33. -32. -31. -30. -28. -28. -27.
 -23. -20. -20. -19. -15. -11.  -8.  -5.  -3.   0.   4.   4.   5.   6.
   6.   7.   8.  10.  11.  13.  20.  21.  23.  25.  25.  26.  29.  32.
  32.  32.  37.  38.  38.  42.  50.  52.  53.  53.  54.  58.  59.  62.
  66.  70.  74.  75.  78.  80.  83.  83.  86.  87.  87.  87.  93.  99.
 100. 100.][-95. -94. -94. -94. -93. -93. -87. -86. -85. -84. -84. -83. -82. -81.
 -77. -76. -76. -76. -71. -69. -64. -63. -62. -62. -60. -60. -58. -57.
 -55. -54. -54. -53. -52. -51. -50. -49. -48. -48. -33. -33. -31. -31.
 -27. -26. -23. -22. -15. -15. -13. -12. -11. -11.  -9.  -8.  -4.  -3.
  -2.  -1.   0.   2.   2.   3.   3.   7.   8.  13.  15.  16.  20.  20.
  27.  29.  29.  31.  36.  37.  37.  40.  42.  42.  43.  45.  47.  50.
  56.  57.  57.  59.  60.  63.  65.  69.  73.  75.  76.  80.  81.  92.
  95.  96.][-94. -89. -86. -84. -82. -81. -78. -77. -75. -69. -67. -63. -57. -54.
 -53. -52. -51. -51. -46. -45. -37. -36. -34. -34. -33. -29. -28. -24.
 -24. -22. -22. -18. -16. -14. -13. -12.  -9.  -8.  -6.  -3.  -2.  -2.
   2.   4.   5.   5.   7.   8.   9.  11.  11.  11.  12.  13.  14.  14.
  14.  15.  17.  17.  19.  20.  25.  26.  27.  27.  28.  28.  29.  30.
  33.  34.  38.  39.  41.  42.  47.  47.  49.  50.  50.  52.  53.  54.
  60.  65.  66.  66.  70.  73.  75.  78.  86.  88.  91.  94.  95.  98.
  98.  99.][-97. -96. -95. -91. -91. -89. -87. -87. -86. -86. -84. -81. -79. -72.
 -66. -65. -64. -63. -61. -57. -56. -49. -47. -41. -40. -40. -38. -30.
 -27. -25. -23. -22. -21. -21. -20. -18. -16. -10.  -9.  -5.  -5.   4.
   6.   7.   8.   9.   9.  10.  11.  12.  17.  19.  20.  28.  28.  29.
  32.  33.  33.  34.  35.  36.  40.  44.  47.  47.  47.  48.  48.  52.
  52.  55.  62.  64.  64.  66.  67.  68.  69.  70.  73.  74.  74.  79.
  79.  80.  80.  80.  83.  84.  85.  86.  87.  89.  93.  94.  95.  95.
  97.  98.][-97. -96. -94. -93. -93. -92. -91. -89. -83. -82. -82. -70. -67. -66.
 -66. -65. -61. -57. -53. -53. -53. -45. -42. -40. -38. -37. -32. -30.
 -28. -27. -20. -20. -19. -19. -14. -12. -12. -11. -10.  -4.  -1.   1.
   2.   7.   9.  13.  14.  19.  19.  19.  21.  23.  24.  28.  28.  29.
  30.  31.  33.  37.  37.  40.  41.  42.  42.  44.  45.  46.  47.  47.
  47.  51.  55.  58.  59.  59.  60.  62.  62.  63.  65.  67.  67.  69.
  72.  72.  76.  78.  81.  83.  85.  86.  86.  87.  88.  93.  97.  98.
  99.  99.][-99. -98. -97. -95. -93. -90. -90. -78. -75. -75. -74. -73. -73. -73.
 -72. -70. -70. -63. -62. -58. -54. -53. -52. -50. -49. -43. -41. -37.
 -36. -35. -35. -33. -25. -25. -20. -14. -14. -13. -11.  -8.  -5.  -4.
  -3.  -2.   4.   4.   5.   7.   9.  10.  14.  15.  15.  19.  20.  22.
  23.  27.  29.  34.  35.  37.  37.  39.  40.  42.  44.  45.  47.  47.
  48.  49.  51.  52.  53.  53.  57.  61.  62.  62.  63.  63.  65.  65.
  68.  69.  69.  83.  83.  85.  85.  86.  88.  92.  93.  94.  94.  96.
  97.  97.][-100.  -99.  -96.  -96.  -94.  -94.  -90.  -89.  -89.  -89.  -87.  -87.
  -87.  -83.  -82.  -80.  -78.  -77.  -77.  -76.  -75.  -68.  -67.  -67.
  -67.  -57.  -57.  -56.  -55.  -50.  -46.  -44.  -43.  -42.  -38.  -36.
  -28.  -28.  -26.  -25.  -22.  -21.  -21.  -20.  -19.  -19.  -16.  -12.
  -11.  -10.   -8.   -6.    0.    3.    3.    3.    8.   10.   11.   11.
   15.   17.   21.   26.   27.   28.   28.   30.   33.   37.   39.   41.
   43.   44.   50.   56.   60.   64.   65.   65.   68.   69.   69.   73.
   74.   78.   78.   80.   81.   82.   83.   86.   87.   87.   88.   90.
   91.   94.   96.  100.][-100.  -98.  -98.  -97.  -95.  -93.  -92.  -91.  -90.  -88.  -87.  -86.
  -85.  -84.  -81.  -80.  -78.  -77.  -77.  -73.  -71.  -67.  -67.  -65.
  -65.  -62.  -61.  -60.  -58.  -57.  -57.  -55.  -54.  -53.  -53.  -50.
  -48.  -48.  -47.  -44.  -44.  -38.  -37.  -36.  -36.  -35.  -33.  -27.
  -24.  -18.  -15.  -14.  -10.   -7.   -7.   -5.   -4.   -1.   -1.    2.
   14.   17.   18.   24.   25.   28.   28.   29.   31.   35.   37.   43.
   46.   47.   54.   56.   57.   60.   63.   65.   67.   69.   71.   71.
   76.   78.   79.   80.   81.   81.   83.   85.   86.   87.   88.   88.
   89.   90.   91.   99.][-99. -98. -97. -94. -90. -88. -88. -85. -84. -79. -79. -77. -75. -73.
 -71. -70. -69. -67. -66. -63. -63. -62. -60. -59. -59. -57. -53. -50.
 -45. -44. -37. -36. -32. -30. -29. -28. -28. -25. -25. -21. -21. -20.
 -20. -16. -12. -11.  -9.   6.   8.   8.   9.   9.  11.  14.  14.  24.
  31.  32.  35.  36.  37.  38.  39.  40.  41.  44.  45.  45.  46.  50.
  53.  54.  55.  57.  58.  62.  63.  64.  66.  68.  69.  72.  72.  73.
  78.  79.  80.  80.  83.  84.  86.  89.  92.  94.  94.  94.  95.  96.
  97. 100.][-99. -97. -95. -94. -92. -89. -86. -84. -84. -80. -80. -76. -76. -66.
 -64. -62. -62. -62. -61. -56. -55. -53. -46. -45. -44. -44. -40. -39.
 -37. -37. -36. -32. -31. -29. -27. -26. -26. -24. -15.  -8.  -5.  -5.
  -2.   2.   2.   3.   5.   7.   7.   7.  10.  13.  17.  17.  18.  18.
  19.  19.  20.  23.  24.  25.  28.  28.  29.  29.  29.  38.  39.  41.
  43.  44.  44.  46.  47.  50.  54.  56.  57.  58.  60.  61.  61.  63.
  63.  63.  64.  64.  76.  77.  81.  82.  82.  84.  85.  85.  90.  94.
  96.  99.][-100.  -94.  -93.  -92.  -90.  -88.  -88.  -88.  -87.  -86.  -83.  -82.
  -82.  -82.  -80.  -78.  -76.  -75.  -72.  -72.  -71.  -70.  -67.  -65.
  -64.  -63.  -54.  -49.  -47.  -47.  -46.  -41.  -39.  -38.  -34.  -30.
  -30.  -29.  -25.  -25.  -20.  -19.  -17.  -15.  -15.  -10.   -9.   -7.
   -6.   -2.    1.    2.    2.    5.   11.   14.   16.   17.   19.   20.
   20.   21.   22.   26.   29.   30.   35.   36.   39.   43.   44.   44.
   45.   47.   49.   51.   55.   56.   59.   59.   60.   61.   62.   63.
   64.   66.   67.   70.   72.   75.   81.   83.   83.   85.   97.   98.
   98.   99.  100.  100.][-100.  -98.  -97.  -97.  -87.  -84.  -83.  -81.  -81.  -81.  -79.  -77.
  -76.  -73.  -71.  -71.  -65.  -59.  -57.  -56.  -53.  -53.  -51.  -50.
  -49.  -46.  -43.  -41.  -39.  -39.  -37.  -37.  -36.  -35.  -33.  -33.
  -29.  -29.  -28.  -26.  -25.  -21.  -19.  -18.  -17.  -11.   -6.   -6.
   -3.   -2.    8.   14.   14.   16.   17.   17.   18.   19.   20.   20.
   22.   23.   25.   26.   31.   32.   35.   36.   36.   43.   44.   48.
   48.   49.   52.   53.   54.   55.   60.   62.   63.   65.   66.   68.
   68.   71.   71.   71.   71.   72.   75.   77.   78.   80.   83.   92.
   92.   94.   95.  100.]