[-100.  -98.  -95.  -94.  -93.  -91.  -82.  -80.  -77.  -75.  -75.  -74.
  -71.  -70.  -69.  -67.  -64.  -60.  -59.  -58.  -57.  -53.  -46.  -42.
  -41.  -39.  -39.  -38.  -36.  -34.  -34.  -32.  -31.  -28.  -26.  -26.
  -25.  -25.  -21.  -20.  -20.  -18.  -16.  -16.  -14.  -13.  -11.   -5.
   -4.   -3.   -3.   -2.    3.    6.    6.    7.   12.   13.   14.   14.
   15.   16.   17.   17.   18.   18.   26.   29.   31.   39.   40.   40.
   41.   41.   47.   47.   49.   52.   52.   58.   60.   64.   65.   65.
   65.   68.   70.   74.   75.   77.   78.   80.   83.   90.   91.   92.
   93.   95.   97.   99.][-97. -97. -95. -94. -93. -91. -88. -85. -83. -82. -80. -79. -79. -78.
 -78. -77. -76. -76. -76. -75. -62. -60. -56. -55. -54. -53. -51. -50.
 -47. -46. -44. -43. -39. -39. -38. -37. -33. -32. -27. -27. -26. -25.
 -23. -21. -19. -19. -19. -12. -12.  -4.  -1.  -1.   1.   2.  10.  12.
  13.  15.  15.  18.  19.  19.  23.  24.  25.  26.  27.  29.  33.  34.
  35.  38.  44.  45.  46.  47.  48.  50.  50.  54.  54.  57.  58.  59.
  60.  62.  64.  68.  76.  77.  78.  80.  83.  85.  88.  93.  93.  95.
  96.  97.][-100.  -89.  -86.  -85.  -82.  -80.  -79.  -78.  -76.  -76.  -75.  -75.
  -74.  -66.  -63.  -62.  -62.  -59.  -57.  -57.  -57.  -56.  -54.  -54.
  -51.  -51.  -49.  -43.  -41.  -37.  -37.  -36.  -35.  -31.  -31.  -27.
  -23.  -22.  -20.  -19.  -18.  -12.  -12.  -11.  -10.   -5.   -1.    0.
    3.    3.    5.    7.    8.    9.   11.   16.   21.   25.   30.   30.
   31.   38.   39.   41.   45.   49.   51.   56.   57.   58.   58.   59.
   59.   60.   61.   62.   62.   65.   67.   69.   71.   71.   72.   75.
   76.   78.   80.   81.   82.   84.   84.   84.   85.   87.   92.   96.
   97.   98.   98.   99.][-98. -95. -94. -92. -92. -92. -91. -90. -88. -85. -76. -73. -72. -72.
 -71. -69. -65. -63. -62. -62. -62. -62. -58. -58. -52. -50. -50. -48.
 -48. -46. -44. -38. -38. -37. -36. -28. -28. -26. -24. -23. -20. -16.
 -13. -13. -12. -10. -10.  -8.  -7.  -7.  -6.  -5.  -4.  -3.  -3.  -1.
   0.   2.   3.   5.   5.   5.  11.  16.  19.  22.  23.  26.  26.  32.
  32.  32.  35.  40.  45.  50.  53.  55.  58.  62.  65.  67.  69.  71.
  76.  77.  78.  78.  81.  81.  81.  83.  92.  92.  94.  95.  96.  97.
  98. 100.][-95. -93. -92. -86. -81. -81. -80. -78. -78. -76. -73. -73. -67. -65.
 -64. -61. -61. -60. -60. -60. -59. -59. -55. -55. -54. -54. -52. -50.
 -49. -47. -47. -44. -43. -42. -39. -38. -38. -36. -34. -33. -29. -28.
 -26. -23. -21. -17. -16. -16. -14. -13. -11. -10.  -9.  -9.  -6.  -4.
  -3.  -2.   4.   7.   9.  10.  17.  23.  25.  26.  35.  35.  36.  36.
  37.  39.  40.  41.  44.  48.  49.  53.  55.  58.  61.  61.  64.  65.
  68.  72.  72.  73.  73.  75.  77.  83.  84.  85.  88.  89.  90.  93.
  93.  99.][-98. -95. -95. -95. -93. -91. -90. -89. -89. -88. -88. -87. -86. -83.
 -82. -79. -78. -70. -69. -67. -64. -62. -61. -61. -61. -60. -55. -55.
 -52. -49. -48. -46. -42. -39. -36. -35. -32. -32. -25. -17. -16. -15.
 -15.  -9.  -8.  -5.   3.   3.   8.   8.   9.  11.  12.  13.  13.  14.
  16.  25.  25.  27.  33.  34.  36.  36.  41.  42.  43.  44.  46.  49.
  52.  54.  56.  59.  60.  60.  62.  64.  64.  67.  71.  73.  74.  74.
  74.  74.  77.  78.  78.  80.  84.  87.  89.  89.  93.  95.  95.  96.
  99. 100.][-100.  -99.  -99.  -92.  -92.  -90.  -89.  -89.  -88.  -87.  -82.  -82.
  -81.  -78.  -74.  -73.  -72.  -71.  -68.  -65.  -62.  -56.  -55.  -52.
  -50.  -48.  -44.  -43.  -43.  -43.  -42.  -40.  -39.  -37.  -37.  -37.
  -35.  -29.  -28.  -23.  -23.  -21.  -21.  -20.  -11.   -9.   -6.   -4.
   -1.    0.    2.    2.    9.   12.   16.   18.   19.   20.   20.   20.
   24.   25.   25.   26.   26.   28.   32.   37.   37.   38.   40.   44.
   45.   46.   48.   49.   51.   53.   53.   55.   58.   62.   66.   66.
   69.   72.   74.   78.   83.   84.   85.   88.   89.   94.   95.   96.
   98.   98.   98.   99.][-99. -98. -97. -96. -93. -92. -92. -91. -90. -87. -85. -84. -82. -80.
 -75. -74. -72. -68. -66. -61. -59. -53. -52. -50. -49. -43. -43. -42.
 -42. -41. -39. -39. -37. -33. -33. -33. -31. -29. -26. -26. -24. -22.
 -17. -17. -15. -14. -11. -11. -10.  -4.   3.   5.   6.   7.  10.  12.
  13.  16.  17.  20.  24.  25.  25.  26.  29.  33.  35.  35.  37.  38.
  39.  42.  43.  44.  47.  52.  52.  53.  54.  56.  62.  69.  70.  71.
  72.  73.  75.  76.  77.  81.  82.  83.  83.  84.  89.  91.  92.  94.
  95. 100.][-99. -97. -97. -96. -95. -93. -88. -87. -85. -84. -83. -82. -81. -80.
 -72. -69. -69. -69. -67. -64. -64. -59. -57. -57. -54. -50. -48. -46.
 -43. -35. -30. -30. -29. -28. -27. -27. -26. -25. -23. -23. -21. -20.
 -19. -18. -18. -11.  -9.  -8.  -6.  -6.  -3.  -1.   2.   5.  10.  11.
  13.  14.  15.  16.  19.  20.  21.  22.  22.  24.  26.  34.  35.  37.
  44.  48.  48.  49.  51.  52.  55.  56.  58.  61.  64.  66.  67.  72.
  72.  72.  73.  73.  76.  78.  79.  81.  81.  84.  89.  94.  96.  96.
  96.  98.][-99. -97. -97. -95. -94. -88. -86. -85. -84. -83. -83. -77. -77. -74.
 -73. -73. -72. -71. -69. -68. -67. -60. -56. -55. -54. -53. -50. -47.
 -42. -39. -39. -38. -35. -35. -33. -27. -24. -19. -19. -18. -18. -17.
 -17. -10.  -8.  -2.  -2.  -2.   0.   1.   4.   5.   8.   9.  14.  15.
  16.  17.  21.  25.  25.  29.  30.  31.  31.  37.  38.  38.  38.  41.
  41.  42.  46.  53.  57.  57.  58.  60.  62.  62.  63.  66.  66.  67.
  69.  70.  72.  73.  75.  75.  76.  77.  80.  84.  86.  87.  87.  91.
  96.  99.][-98. -97. -96. -95. -94. -92. -92. -89. -81. -77. -77. -77. -75. -72.
 -71. -64. -63. -61. -61. -59. -57. -57. -53. -44. -40. -37. -35. -32.
 -31. -30. -30. -30. -27. -24. -22. -21. -18. -17. -17. -17. -14. -12.
 -12. -12. -12. -11. -11. -10.  -8.  -4.  -3.   3.   5.   6.   7.  10.
  10.  13.  13.  14.  16.  20.  21.  24.  25.  27.  27.  30.  30.  34.
  38.  40.  41.  42.  45.  46.  46.  48.  54.  56.  58.  59.  61.  69.
  70.  71.  71.  73.  74.  77.  78.  79.  84.  86.  92.  93.  94.  96.
  97.  99.][-100. -100.  -98.  -98.  -96.  -95.  -90.  -89.  -89.  -87.  -86.  -86.
  -84.  -78.  -77.  -70.  -70.  -67.  -66.  -66.  -65.  -62.  -62.  -56.
  -56.  -54.  -50.  -49.  -47.  -47.  -45.  -43.  -39.  -38.  -36.  -34.
  -33.  -32.  -32.  -27.  -27.  -26.  -23.  -19.  -18.  -16.  -12.  -12.
   -9.   -8.   -1.    0.    2.    3.    5.    6.    7.    8.   14.   16.
   17.   17.   17.   19.   20.   20.   22.   26.   37.   37.   38.   40.
   41.   42.   45.   51.   55.   58.   61.   63.   65.   67.   69.   69.
   72.   79.   79.   80.   84.   87.   88.   88.   89.   91.   92.   94.
   95.   98.   99.   99.][-100.  -98.  -97.  -94.  -93.  -92.  -91.  -89.  -87.  -84.  -84.  -82.
  -82.  -82.  -77.  -77.  -73.  -71.  -65.  -62.  -62.  -59.  -58.  -55.
  -54.  -54.  -53.  -50.  -50.  -46.  -45.  -45.  -40.  -37.  -36.  -36.
  -34.  -33.  -31.  -29.  -29.  -25.  -25.  -19.  -18.  -17.  -14.  -14.
  -13.  -11.  -11.   -9.   -6.   -6.   -6.   -2.   -1.    0.    1.    2.
    3.    3.    5.   10.   18.   19.   23.   23.   27.   27.   27.   31.
   40.   41.   46.   46.   47.   48.   48.   49.   52.   53.   55.   58.
   62.   62.   64.   66.   71.   73.   76.   78.   78.   79.   89.   91.
   92.   94.   95.   96.][-97. -97. -97. -96. -96. -94. -94. -89. -88. -86. -84. -84. -83. -79.
 -76. -70. -70. -70. -70. -67. -65. -60. -59. -59. -55. -53. -49. -49.
 -47. -43. -42. -41. -41. -40. -36. -31. -26. -24. -22. -20. -19. -19.
 -18. -17. -17. -17. -13. -11. -11.  -4.  -3.   0.   2.   6.   7.   8.
  13.  13.  14.  15.  16.  16.  17.  19.  28.  29.  30.  30.  31.  32.
  32.  37.  38.  47.  48.  48.  52.  52.  63.  66.  66.  68.  71.  73.
  74.  77.  77.  78.  79.  83.  84.  87.  87.  88.  90.  93.  93.  93.
  96.  97.][-100.  -98.  -97.  -95.  -94.  -93.  -92.  -92.  -89.  -89.  -85.  -82.
  -81.  -80.  -79.  -77.  -73.  -72.  -72.  -71.  -71.  -71.  -70.  -61.
  -58.  -58.  -56.  -55.  -52.  -52.  -49.  -48.  -48.  -47.  -46.  -45.
  -36.  -35.  -35.  -35.  -32.  -29.  -28.  -23.  -21.  -11.  -11.   -9.
   -7.   -6.   -2.    3.    7.    7.   10.   11.   11.   13.   13.   14.
   15.   16.   18.   19.   24.   28.   28.   33.   37.   38.   39.   46.
   48.   51.   54.   55.   55.   55.   60.   63.   65.   65.   70.   70.
   71.   72.   74.   79.   81.   81.   81.   82.   88.   89.   89.   93.
   93.   94.   97.   99.][-100.  -97.  -97.  -93.  -92.  -92.  -90.  -89.  -83.  -82.  -82.  -79.
  -76.  -76.  -74.  -73.  -71.  -68.  -67.  -66.  -66.  -59.  -57.  -57.
  -56.  -54.  -43.  -43.  -38.  -37.  -35.  -34.  -32.  -32.  -32.  -27.
  -24.  -23.  -21.  -20.  -20.  -18.  -17.  -15.  -10.   -9.   -7.   -6.
   -6.   -5.   -5.   -4.    6.   10.   11.   12.   12.   15.   16.   17.
   24.   29.   30.   36.   39.   40.   45.   48.   50.   52.   54.   59.
   61.   62.   65.   65.   65.   70.   70.   71.   75.   76.   76.   81.
   81.   81.   83.   83.   85.   87.   90.   90.   94.   95.   97.   99.
   99.   99.   99.  100.][-97. -96. -92. -92. -89. -87. -86. -86. -85. -84. -80. -78. -76. -76.
 -73. -72. -66. -63. -62. -62. -61. -61. -59. -57. -56. -55. -53. -51.
 -48. -47. -44. -44. -41. -39. -38. -38. -33. -26. -25. -24. -23. -21.
 -21. -20. -17. -17. -17. -16. -14. -13. -12. -10.  -7.  -6.  -6.  -4.
  -2.  -1.   3.   6.   6.   7.   9.   9.  12.  15.  16.  21.  21.  22.
  25.  29.  37.  39.  51.  51.  53.  53.  55.  56.  57.  58.  60.  62.
  63.  64.  64.  65.  66.  72.  76.  80.  82.  83.  84.  85.  87.  93.
  94.  94.][-97. -95. -93. -89. -89. -88. -86. -85. -85. -81. -79. -76. -75. -73.
 -69. -65. -62. -60. -59. -56. -55. -54. -51. -51. -47. -46. -45. -45.
 -44. -43. -41. -39. -39. -39. -38. -36. -36. -35. -32. -31. -29. -26.
 -26. -23. -22. -20. -18. -17. -13. -13. -11. -10.  -1.   2.   5.   6.
   8.  10.  13.  14.  14.  18.  19.  21.  22.  22.  23.  25.  30.  31.
  34.  34.  41.  42.  44.  44.  45.  56.  56.  56.  57.  58.  61.  61.
  61.  62.  63.  65.  65.  66.  70.  71.  83.  85.  87.  89.  89.  92.
  98. 100.][-98. -96. -95. -90. -88. -88. -85. -85. -82. -82. -81. -80. -80. -77.
 -76. -76. -70. -69. -64. -60. -58. -56. -53. -51. -50. -49. -41. -38.
 -36. -31. -30. -25. -23. -23. -21. -21. -20. -19. -18. -15. -13. -11.
 -11.  -8.  -4.  -3.   0.   3.   4.   7.   7.   7.  10.  10.  10.  11.
  11.  14.  15.  16.  22.  22.  23.  30.  30.  34.  37.  37.  38.  40.
  42.  42.  43.  43.  45.  46.  50.  53.  54.  55.  55.  55.  56.  57.
  62.  67.  70.  72.  73.  75.  77.  78.  80.  82.  89.  92.  96.  96.
  97.  98.][-100.  -93.  -92.  -91.  -90.  -89.  -87.  -86.  -85.  -85.  -84.  -81.
  -78.  -78.  -75.  -73.  -70.  -69.  -68.  -63.  -63.  -60.  -57.  -56.
  -55.  -52.  -47.  -40.  -37.  -37.  -37.  -33.  -30.  -29.  -28.  -23.
  -23.  -22.  -22.  -17.  -15.  -14.  -14.  -13.  -13.  -12.  -12.  -12.
  -11.   -8.   -7.   -6.   -5.   -5.   -3.    0.    3.    3.    6.    8.
   18.   18.   18.   18.   18.   19.   22.   24.   27.   28.   31.   33.
   33.   37.   37.   42.   44.   44.   46.   46.   49.   50.   57.   59.
   60.   61.   69.   70.   75.   78.   78.   80.   88.   88.   88.   92.
   92.   93.   97.   98.][-100.  -99.  -97.  -93.  -91.  -88.  -87.  -85.  -85.  -84.  -82.  -81.
  -81.  -81.  -81.  -78.  -77.  -76.  -71.  -70.  -69.  -66.  -64.  -64.
  -63.  -59.  -57.  -55.  -52.  -51.  -50.  -48.  -46.  -42.  -41.  -37.
  -35.  -35.  -34.  -31.  -30.  -27.  -23.  -18.  -18.  -14.   -5.   -4.
   -2.   -1.    2.    4.    5.    7.   10.   11.   12.   12.   15.   17.
   17.   20.   21.   25.   25.   25.   29.   30.   34.   37.   46.   47.
   50.   51.   53.   54.   54.   54.   57.   57.   60.   60.   62.   64.
   67.   67.   71.   72.   77.   78.   78.   80.   81.   81.   82.   82.
   84.   87.   98.   98.][-100.  -99.  -99.  -93.  -92.  -91.  -89.  -87.  -86.  -86.  -86.  -85.
  -83.  -80.  -80.  -77.  -75.  -75.  -74.  -72.  -71.  -70.  -64.  -64.
  -62.  -62.  -61.  -57.  -57.  -57.  -56.  -55.  -54.  -53.  -50.  -49.
  -44.  -42.  -33.  -28.  -26.  -26.  -24.  -21.  -21.  -18.  -16.  -16.
  -13.  -12.   -9.   -6.   -6.   -6.   -5.   -4.   -3.    3.    4.    7.
    7.    8.    9.   10.   11.   11.   15.   16.   23.   23.   27.   33.
   34.   35.   42.   42.   45.   46.   48.   48.   53.   54.   57.   58.
   60.   65.   66.   71.   74.   76.   76.   80.   80.   82.   85.   88.
   88.   90.   91.   98.][-100.  -94.  -92.  -86.  -83.  -83.  -77.  -75.  -68.  -68.  -67.  -65.
  -65.  -65.  -64.  -63.  -60.  -59.  -58.  -57.  -54.  -54.  -53.  -50.
  -49.  -49.  -49.  -45.  -44.  -42.  -41.  -39.  -37.  -35.  -31.  -29.
  -27.  -26.  -22.  -22.  -21.  -19.  -19.  -18.  -15.  -11.   -9.   -9.
   -8.   -2.    0.    5.    6.    9.   15.   15.   19.   20.   23.   24.
   25.   28.   28.   34.   35.   36.   39.   41.   43.   47.   48.   49.
   55.   55.   56.   58.   59.   61.   62.   62.   65.   67.   68.   68.
   68.   71.   72.   73.   74.   75.   75.   77.   77.   87.   87.   94.
   99.   99.  100.  100.][-95. -95. -95. -94. -93. -90. -88. -86. -85. -84. -82. -81. -80. -79.
 -79. -77. -74. -73. -72. -66. -64. -63. -62. -60. -58. -56. -54. -52.
 -44. -42. -38. -35. -33. -32. -32. -32. -29. -28. -28. -24. -21. -21.
 -19. -19. -16. -14. -11.  -5.  -4.  -4.  -3.  -2.  -2.  -1.   2.   2.
   3.   5.   7.   9.  10.  11.  14.  17.  17.  20.  20.  26.  28.  30.
  30.  31.  31.  36.  36.  41.  41.  42.  44.  49.  54.  54.  57.  57.
  69.  70.  71.  75.  76.  77.  77.  80.  86.  87.  88.  89.  95.  96.
  98.  98.][-98. -96. -93. -89. -88. -83. -78. -78. -76. -75. -75. -70. -69. -69.
 -67. -67. -66. -66. -65. -64. -60. -59. -56. -55. -54. -49. -48. -45.
 -45. -42. -40. -39. -38. -37. -33. -29. -27. -23. -18. -15. -14. -13.
 -12. -10. -10.  -8.  -8.  -7.  -4.  -3.   0.   3.   6.   7.  12.  13.
  13.  15.  15.  17.  17.  18.  21.  23.  25.  26.  26.  29.  29.  33.
  35.  38.  39.  40.  42.  44.  44.  45.  48.  49.  51.  53.  55.  63.
  63.  65.  66.  71.  77.  80.  83.  83.  88.  88.  89.  89.  94.  96.
  99. 100.][-96. -95. -94. -86. -86. -83. -79. -78. -78. -72. -71. -69. -65. -65.
 -64. -64. -59. -58. -58. -51. -48. -45. -43. -42. -37. -37. -35. -34.
 -30. -29. -24. -23. -22. -22. -21. -20. -18. -16. -15. -14. -11.  -7.
  -4.  -4.  -3.  -2.   0.   6.  11.  14.  15.  15.  23.  25.  25.  26.
  27.  27.  27.  38.  39.  42.  43.  44.  46.  47.  47.  51.  55.  57.
  57.  59.  60.  62.  64.  65.  66.  66.  72.  73.  77.  78.  83.  85.
  86.  88.  88.  89.  89.  90.  91.  92.  92.  93.  95.  95.  96.  98.
  99. 100.][-97. -93. -90. -90. -88. -78. -77. -77. -77. -74. -68. -68. -63. -63.
 -61. -61. -61. -59. -57. -53. -50. -50. -48. -47. -42. -41. -40. -40.
 -39. -38. -33. -32. -28. -28. -19. -17. -10.  -9.  -7.  -5.  -3.  -3.
  -2.  -1.   0.   4.   5.   7.   7.   8.   9.  12.  13.  15.  16.  30.
  33.  39.  44.  44.  46.  49.  55.  57.  57.  57.  58.  59.  60.  60.
  60.  62.  62.  63.  65.  65.  66.  66.  72.  73.  74.  76.  78.  78.
  79.  82.  83.  83.  84.  90.  91.  91.  92.  94.  94.  94.  94.  99.
  99. 100.][-100.  -96.  -94.  -91.  -90.  -84.  -84.  -84.  -81.  -81.  -81.  -80.
  -79.  -79.  -76.  -75.  -74.  -71.  -66.  -64.  -60.  -59.  -56.  -56.
  -56.  -54.  -52.  -49.  -49.  -47.  -46.  -42.  -39.  -36.  -33.  -21.
  -19.  -17.  -16.  -16.  -14.  -12.  -11.  -11.   -5.   -5.   -4.   -4.
   -3.   -2.   -2.   -1.    0.    3.    6.    6.    9.   11.   12.   16.
   19.   21.   29.   34.   37.   38.   39.   41.   43.   43.   47.   51.
   52.   54.   55.   65.   65.   66.   67.   68.   70.   75.   75.   75.
   77.   78.   79.   84.   85.   85.   89.   89.   94.   95.   96.   98.
   98.   99.   99.  100.][-99. -99. -97. -96. -92. -91. -89. -88. -87. -85. -84. -81. -71. -65.
 -61. -60. -58. -54. -53. -47. -39. -38. -36. -36. -34. -30. -27. -25.
 -24. -23. -22. -22. -20. -20. -19. -17. -13. -12. -12. -11. -11. -10.
  -9.  -8.  -4.   1.   3.  10.  19.  20.  22.  28.  29.  29.  30.  31.
  32.  34.  37.  39.  39.  42.  43.  43.  43.  44.  44.  47.  49.  49.
  50.  54.  54.  58.  59.  61.  65.  65.  72.  72.  74.  78.  78.  78.
  79.  80.  82.  86.  88.  90.  92.  92.  93.  95.  95.  95.  97.  98.
  99.  99.][-97. -97. -96. -93. -91. -89. -88. -86. -79. -72. -72. -71. -70. -70.
 -67. -67. -66. -64. -62. -62. -59. -54. -53. -50. -50. -43. -42. -40.
 -39. -39. -38. -38. -33. -30. -28. -27. -27. -27. -25. -25. -24. -24.
 -21. -20. -16. -13. -11. -10.  -9.  -5.  -1.   0.   3.   3.   4.   4.
  12.  12.  12.  13.  19.  20.  33.  34.  35.  36.  39.  42.  44.  47.
  49.  50.  51.  51.  52.  53.  54.  56.  57.  57.  59.  59.  62.  65.
  71.  71.  73.  74.  76.  76.  79.  81.  81.  83.  83.  85.  88.  91.
  94.  97.][-95. -95. -94. -91. -90. -87. -86. -86. -86. -85. -79. -76. -75. -75.
 -74. -73. -72. -70. -68. -67. -67. -66. -63. -61. -56. -56. -55. -52.
 -50. -48. -48. -47. -45. -41. -40. -39. -37. -36. -36. -34. -32. -32.
 -31. -26. -26. -23. -21. -21. -19. -16. -11.  -9.  -9.  -2.   2.   5.
   6.  10.  11.  14.  15.  17.  18.  18.  20.  21.  24.  24.  25.  25.
  26.  27.  29.  30.  32.  33.  33.  34.  34.  35.  36.  37.  40.  45.
  48.  57.  61.  61.  63.  65.  65.  67.  70.  74.  79.  87.  88.  89.
  93.  94.][-99. -95. -92. -87. -84. -80. -78. -73. -73. -72. -72. -66. -65. -64.
 -63. -57. -53. -53. -52. -51. -51. -47. -44. -44. -42. -38. -36. -34.
 -30. -28. -25. -23. -22. -21. -21. -20. -19. -18. -17. -13. -13.  -8.
  -5.   2.   6.   8.   9.  13.  13.  14.  21.  23.  24.  24.  24.  26.
  26.  27.  31.  31.  33.  34.  37.  39.  39.  42.  43.  43.  47.  51.
  51.  55.  57.  59.  61.  62.  64.  66.  67.  69.  69.  71.  75.  79.
  81.  84.  85.  85.  87.  88.  89.  91.  93.  95.  95.  97.  97.  99.
  99.  99.][-100. -100.  -99.  -98.  -98.  -97.  -95.  -95.  -92.  -90.  -88.  -87.
  -84.  -83.  -78.  -74.  -74.  -69.  -68.  -67.  -66.  -62.  -56.  -56.
  -55.  -49.  -40.  -40.  -39.  -38.  -33.  -33.  -32.  -32.  -29.  -27.
  -23.  -23.  -20.  -18.  -17.  -14.  -14.  -14.  -12.   -6.   -4.   -4.
   -3.   -2.   -1.    1.    6.   13.   15.   19.   21.   22.   22.   22.
   23.   32.   37.   38.   39.   41.   42.   43.   43.   45.   46.   47.
   49.   49.   51.   54.   56.   56.   56.   56.   59.   64.   65.   68.
   68.   72.   72.   72.   80.   82.   82.   83.   87.   90.   91.   97.
   98.   99.   99.  100.][-99. -96. -91. -90. -90. -86. -85. -84. -82. -81. -78. -77. -74. -72.
 -72. -71. -71. -70. -68. -63. -63. -60. -60. -60. -56. -56. -48. -47.
 -43. -42. -42. -42. -37. -36. -32. -32. -30. -29. -27. -25. -24. -16.
 -13.  -8.  -3.  -3.   0.   3.   4.   6.   6.   8.   8.  10.  12.  16.
  24.  25.  27.  28.  30.  31.  32.  32.  32.  35.  36.  38.  45.  46.
  46.  46.  46.  48.  48.  50.  52.  52.  53.  57.  59.  66.  68.  68.
  70.  74.  74.  76.  77.  79.  80.  87.  88.  88.  91.  93.  95.  95.
  96.  97.][-95. -94. -92. -92. -90. -89. -88. -87. -81. -81. -80. -80. -80. -75.
 -74. -72. -66. -65. -64. -59. -59. -58. -57. -57. -55. -53. -52. -51.
 -51. -44. -43. -34. -30. -29. -28. -27. -21. -20. -20. -19. -16. -13.
 -11.  -4.  -3.  -2.   0.   4.   6.   7.   8.   9.  10.  10.  11.  14.
  14.  14.  15.  18.  19.  23.  24.  24.  30.  32.  34.  37.  37.  39.
  43.  44.  47.  47.  47.  51.  59.  59.  61.  62.  62.  71.  71.  72.
  73.  73.  73.  74.  74.  79.  80.  80.  84.  88.  92.  93.  94.  96.
  96.  96.][-98. -92. -90. -88. -88. -87. -80. -79. -79. -78. -77. -76. -74. -73.
 -72. -70. -67. -66. -65. -63. -63. -60. -54. -54. -52. -50. -50. -49.
 -49. -47. -43. -39. -39. -35. -34. -30. -22. -22. -21. -19. -13. -13.
 -11.  -5.  -2.  -2.   3.   3.   7.   8.  10.  11.  11.  11.  14.  15.
  16.  17.  17.  22.  23.  28.  31.  33.  38.  41.  42.  44.  46.  47.
  47.  48.  49.  50.  53.  53.  58.  59.  60.  62.  65.  65.  66.  69.
  70.  71.  72.  75.  79.  83.  87.  87.  90.  90.  92.  92.  95.  97.
  98. 100.][-99. -98. -95. -94. -93. -90. -89. -85. -84. -83. -82. -80. -79. -78.
 -77. -76. -75. -74. -73. -71. -69. -68. -68. -68. -65. -61. -60. -60.
 -57. -52. -50. -49. -37. -32. -29. -29. -28. -27. -23. -23. -23. -23.
 -13.  -6.   1.   3.   3.   3.   7.  11.  14.  16.  17.  22.  23.  27.
  28.  30.  33.  33.  34.  39.  39.  41.  43.  48.  53.  53.  54.  55.
  56.  56.  61.  63.  64.  65.  67.  67.  67.  69.  69.  70.  71.  73.
  73.  74.  74.  74.  75.  76.  81.  82.  86.  87.  87.  90.  91.  95.
  97.  99.][-100.  -99.  -97.  -95.  -94.  -88.  -88.  -85.  -85.  -81.  -79.  -76.
  -74.  -69.  -67.  -66.  -64.  -64.  -62.  -56.  -54.  -52.  -52.  -51.
  -50.  -47.  -47.  -46.  -45.  -44.  -43.  -43.  -39.  -35.  -35.  -34.
  -30.  -30.  -28.  -16.  -13.  -11.  -10.   -6.   -4.   -3.   -2.    1.
    5.    5.    8.   10.   14.   16.   17.   19.   19.   22.   26.   27.
   28.   29.   29.   30.   33.   35.   38.   38.   40.   42.   45.   46.
   47.   50.   51.   52.   53.   56.   58.   59.   61.   62.   64.   64.
   67.   69.   73.   75.   76.   78.   78.   80.   81.   87.   88.   90.
   92.   92.   93.   98.][-100.  -95.  -94.  -92.  -88.  -87.  -77.  -77.  -75.  -72.  -67.  -65.
  -63.  -62.  -61.  -59.  -57.  -55.  -53.  -46.  -44.  -42.  -39.  -36.
  -36.  -36.  -33.  -32.  -28.  -26.  -24.  -24.  -20.  -18.  -16.  -12.
  -11.   -8.   -5.   -3.   -3.   -1.   -1.    5.    7.    8.    8.    9.
   12.   12.   13.   15.   16.   18.   18.   18.   20.   23.   24.   25.
   29.   31.   31.   31.   38.   38.   42.   43.   45.   46.   48.   54.
   55.   55.   58.   59.   59.   60.   61.   62.   65.   70.   74.   74.
   75.   78.   79.   85.   85.   86.   87.   88.   88.   89.   89.   90.
   92.   93.   95.   99.][-100. -100.  -96.  -95.  -85.  -85.  -84.  -83.  -80.  -79.  -79.  -78.
  -75.  -70.  -68.  -62.  -57.  -57.  -56.  -56.  -55.  -53.  -52.  -47.
  -46.  -44.  -44.  -43.  -43.  -42.  -41.  -41.  -39.  -38.  -37.  -36.
  -35.  -35.  -34.  -32.  -31.  -31.  -30.  -30.  -23.  -21.  -20.  -20.
  -20.  -19.  -14.   -8.   -7.   -3.   -2.   -1.    5.   10.   11.   12.
   12.   13.   14.   15.   18.   18.   20.   22.   28.   30.   31.   35.
   37.   41.   43.   47.   49.   52.   56.   56.   57.   63.   64.   66.
   67.   67.   67.   72.   72.   73.   76.   83.   85.   88.   88.   91.
   91.   97.   98.   99.][-97. -95. -91. -90. -90. -87. -84. -84. -79. -79. -78. -73. -69. -67.
 -64. -58. -57. -55. -52. -49. -49. -49. -49. -48. -48. -43. -39. -35.
 -30. -30. -27. -26. -25. -25. -21. -17. -15.  -9.  -7.  -7.   2.   4.
   4.   5.   7.   8.   9.   9.  11.  17.  17.  20.  23.  23.  23.  27.
  28.  31.  33.  37.  37.  38.  39.  42.  42.  43.  43.  44.  45.  45.
  45.  46.  47.  48.  54.  54.  56.  59.  60.  61.  61.  62.  62.  65.
  68.  69.  72.  73.  74.  75.  75.  76.  80.  81.  84.  85.  85.  86.
  88.  91.][-100.  -98.  -96.  -92.  -91.  -91.  -91.  -87.  -83.  -80.  -80.  -79.
  -79.  -74.  -73.  -72.  -72.  -71.  -69.  -67.  -63.  -61.  -59.  -58.
  -58.  -53.  -52.  -50.  -48.  -43.  -41.  -40.  -40.  -38.  -37.  -36.
  -33.  -33.  -31.  -27.  -27.  -27.  -26.  -26.  -18.  -18.  -17.  -16.
  -16.  -15.  -15.  -15.  -15.  -13.   -4.    1.    1.    3.    4.    5.
    5.    8.   10.   15.   16.   24.   33.   33.   34.   35.   35.   36.
   38.   40.   42.   46.   49.   52.   55.   56.   58.   58.   60.   62.
   64.   68.   68.   69.   74.   75.   76.   78.   83.   83.   86.   87.
   91.   94.   96.   99.][-95. -94. -90. -87. -81. -81. -75. -73. -68. -68. -66. -65. -63. -62.
 -59. -57. -55. -54. -53. -52. -52. -50. -49. -48. -44. -40. -37. -37.
 -36. -35. -31. -31. -30. -29. -27. -27. -25. -22. -21. -20. -20. -13.
 -10.  -9.  -8.  -6.  -6.  -2.  -1.  -1.  -1.  -1.   5.   7.  11.  12.
  14.  15.  16.  23.  26.  31.  32.  33.  33.  36.  42.  44.  45.  46.
  48.  48.  49.  52.  54.  55.  55.  57.  57.  59.  60.  63.  68.  70.
  71.  72.  75.  78.  78.  80.  84.  84.  85.  93.  94.  95.  96.  97.
  97.  98.][-96. -95. -90. -90. -88. -86. -86. -81. -81. -80. -79. -75. -74. -73.
 -71. -70. -70. -69. -69. -69. -69. -69. -63. -63. -63. -59. -59. -56.
 -56. -54. -52. -51. -51. -46. -45. -44. -44. -41. -41. -41. -40. -40.
 -37. -35. -35. -35. -32. -26. -25. -23. -23. -23. -22. -21.  -9.  -8.
  -8.  -4.   1.   6.   7.   9.  10.  11.  12.  14.  21.  21.  22.  23.
  27.  29.  30.  32.  38.  40.  41.  41.  43.  43.  44.  46.  53.  61.
  64.  69.  74.  76.  77.  80.  81.  86.  86.  86.  88.  89.  89.  91.
  97.  99.][-96. -95. -95. -91. -86. -84. -84. -83. -79. -72. -70. -69. -69. -66.
 -66. -63. -61. -58. -57. -56. -55. -54. -53. -52. -50. -47. -47. -46.
 -46. -43. -41. -39. -39. -38. -34. -33. -28. -25. -25. -21. -18. -16.
 -14. -14. -10.  -7.  -5.  -2.  -1.   3.   5.   7.   9.  11.  11.  16.
  18.  19.  19.  26.  30.  32.  33.  35.  36.  36.  37.  44.  45.  45.
  47.  52.  53.  56.  58.  65.  66.  68.  69.  72.  73.  75.  75.  76.
  78.  78.  83.  85.  85.  86.  86.  87.  91.  91.  92.  92.  92.  97.
  99. 100.][-100.  -99.  -97.  -95.  -94.  -90.  -88.  -88.  -79.  -77.  -76.  -74.
  -71.  -71.  -69.  -69.  -69.  -66.  -64.  -63.  -62.  -61.  -55.  -55.
  -52.  -51.  -51.  -50.  -49.  -49.  -45.  -38.  -38.  -35.  -32.  -25.
  -25.  -19.  -17.  -15.   -6.   -6.   -4.   -2.   -1.    0.    2.    2.
    3.    5.    7.    9.   14.   15.   15.   17.   18.   22.   22.   22.
   23.   25.   25.   25.   27.   28.   29.   33.   34.   36.   36.   37.
   37.   38.   38.   40.   42.   48.   50.   55.   56.   56.   60.   63.
   65.   65.   66.   66.   67.   70.   70.   70.   73.   78.   82.   85.
   86.   92.   97.  100.][-100.  -99.  -93.  -88.  -87.  -86.  -84.  -77.  -71.  -70.  -68.  -65.
  -64.  -63.  -60.  -59.  -51.  -47.  -45.  -43.  -40.  -39.  -39.  -39.
  -35.  -34.  -34.  -32.  -28.  -26.  -23.  -23.  -22.  -20.  -15.  -11.
  -10.   -8.   -7.   -3.   -3.   -3.    1.    2.    2.    2.    5.    5.
    6.    7.    7.   15.   17.   21.   22.   22.   23.   25.   27.   28.
   29.   31.   31.   36.   36.   37.   39.   41.   43.   45.   46.   46.
   49.   51.   51.   51.   53.   54.   56.   58.   59.   63.   64.   65.
   66.   69.   71.   75.   77.   77.   79.   80.   83.   83.   91.   92.
   93.   94.   98.   98.][-100. -100.  -99.  -96.  -93.  -92.  -89.  -88.  -87.  -87.  -81.  -80.
  -77.  -74.  -63.  -62.  -47.  -47.  -47.  -46.  -41.  -40.  -40.  -38.
  -38.  -37.  -35.  -33.  -31.  -31.  -29.  -28.  -28.  -27.  -26.  -25.
  -23.  -22.  -21.  -18.  -17.  -16.  -14.  -12.   -7.   -3.   -2.    1.
    1.    2.    5.    5.    8.   13.   14.   16.   22.   23.   23.   23.
   24.   26.   27.   27.   29.   32.   33.   34.   40.   41.   43.   44.
   49.   52.   53.   55.   59.   61.   61.   65.   67.   68.   68.   68.
   70.   71.   72.   72.   72.   73.   75.   78.   80.   86.   86.   88.
   89.   92.   98.  100.][-99. -97. -96. -96. -95. -89. -89. -88. -85. -84. -78. -76. -76. -74.
 -73. -72. -71. -68. -68. -66. -66. -61. -60. -60. -59. -59. -56. -51.
 -50. -49. -45. -44. -43. -42. -36. -34. -31. -30. -29. -29. -23. -23.
 -17. -16. -13.  -9.  -7.  -6.  -6.  -6.  -2.  -2.   0.   0.   2.   3.
   6.   8.   9.  10.  11.  13.  18.  20.  20.  23.  23.  25.  30.  37.
  38.  39.  41.  41.  42.  49.  51.  54.  55.  59.  60.  60.  63.  63.
  64.  66.  66.  66.  75.  80.  80.  83.  83.  86.  89.  89.  90.  95.
  99.  99.][-99. -95. -92. -91. -90. -89. -87. -84. -83. -81. -80. -79. -64. -64.
 -63. -58. -55. -54. -54. -53. -51. -51. -48. -45. -44. -43. -41. -40.
 -39. -38. -37. -35. -31. -24. -20. -17. -17. -16. -16. -12.  -6.  -4.
  -2.  -2.  -1.   0.   1.   1.   1.   2.   6.   7.   7.   7.   9.   9.
  15.  15.  17.  17.  18.  26.  26.  28.  30.  31.  31.  32.  37.  37.
  38.  39.  41.  42.  43.  43.  48.  50.  51.  53.  58.  58.  59.  59.
  69.  70.  73.  75.  76.  80.  80.  86.  87.  88.  90.  91.  91.  91.
  92. 100.][-100.  -96.  -93.  -92.  -91.  -91.  -90.  -89.  -86.  -85.  -85.  -83.
  -82.  -81.  -73.  -70.  -69.  -63.  -63.  -61.  -61.  -61.  -56.  -55.
  -55.  -53.  -51.  -50.  -49.  -45.  -41.  -41.  -40.  -37.  -36.  -36.
  -32.  -30.  -30.  -30.  -28.  -20.  -14.  -14.  -12.   -6.   -4.   -4.
   -2.   -1.    0.    1.    3.    3.    3.    9.   11.   13.   14.   19.
   19.   20.   20.   21.   21.   23.   26.   28.   30.   31.   33.   34.
   36.   38.   39.   41.   46.   48.   50.   54.   58.   58.   59.   66.
   66.   67.   70.   70.   71.   73.   78.   78.   80.   83.   86.   86.
   92.   93.   98.   99.][-99. -97. -96. -95. -94. -94. -93. -92. -90. -89. -86. -85. -81. -80.
 -78. -78. -77. -76. -68. -66. -64. -64. -64. -55. -53. -49. -48. -46.
 -46. -45. -43. -43. -39. -37. -35. -35. -25. -24. -23. -22. -21. -16.
 -14. -12. -11. -10.  -9.  -8.  -4.  -1.   0.   1.   3.   6.   6.   7.
   8.  10.  11.  12.  12.  17.  19.  24.  26.  27.  31.  32.  35.  36.
  39.  41.  41.  41.  42.  45.  47.  47.  48.  51.  51.  53.  54.  62.
  68.  71.  73.  74.  74.  81.  86.  88.  88.  89.  90.  93.  97.  98.
  99.  99.][-98. -86. -86. -83. -79. -79. -77. -76. -72. -70. -69. -68. -68. -66.
 -64. -62. -59. -58. -55. -52. -51. -46. -46. -45. -44. -39. -38. -37.
 -36. -33. -31. -28. -27. -24. -21. -20. -19. -17. -16. -12.  -7.  -7.
  -4.  -3.  -2.  -2.  -1.   0.   0.   6.  16.  17.  17.  22.  26.  27.
  28.  29.  30.  31.  32.  33.  36.  38.  42.  43.  44.  44.  45.  52.
  53.  53.  56.  56.  57.  57.  59.  60.  63.  64.  64.  65.  69.  70.
  71.  73.  78.  79.  79.  83.  83.  88.  89.  90.  90.  90.  91.  98.
  98. 100.][-98. -95. -93. -92. -87. -86. -80. -78. -77. -76. -71. -71. -69. -69.
 -66. -64. -64. -58. -57. -56. -55. -54. -52. -48. -47. -46. -45. -44.
 -43. -42. -42. -41. -40. -37. -32. -28. -28. -28. -23. -22. -22. -16.
 -14. -13. -12. -11. -10.  -9.  -8.  -8.  -6.  -2.   1.   2.   9.  13.
  14.  14.  14.  17.  18.  19.  19.  23.  30.  31.  31.  31.  35.  37.
  39.  42.  42.  47.  47.  51.  52.  53.  54.  54.  57.  57.  59.  62.
  62.  65.  66.  67.  67.  69.  70.  74.  76.  76.  82.  82.  90.  95.
  95. 100.][-95. -94. -91. -91. -87. -87. -86. -85. -85. -84. -83. -81. -81. -80.
 -80. -77. -76. -74. -70. -68. -63. -61. -61. -60. -56. -49. -45. -43.
 -42. -42. -42. -42. -41. -39. -37. -34. -33. -33. -32. -30. -30. -27.
 -27. -25. -23. -21. -20. -20. -20. -19. -15. -15.  -9.  -8.  -6.  -6.
  -4.  -1.   1.   4.   5.   5.   7.   8.   9.  15.  16.  17.  29.  35.
  36.  38.  38.  39.  39.  39.  42.  43.  46.  47.  47.  48.  50.  52.
  53.  59.  63.  64.  66.  66.  67.  70.  72.  75.  80.  81.  90.  93.
  94. 100.][-93. -92. -90. -86. -84. -83. -78. -71. -66. -65. -60. -57. -55. -54.
 -48. -48. -47. -47. -46. -43. -42. -40. -38. -36. -33. -32. -31. -29.
 -27. -27. -27. -22. -22. -20. -19. -19. -19. -18. -18. -17. -16. -16.
 -16. -14. -14. -13. -12. -12. -12. -11.  -9.  -7.  -5.  -4.   0.   3.
   5.   7.   7.   9.   9.   9.  10.  12.  18.  22.  22.  23.  26.  26.
  33.  37.  37.  43.  45.  45.  47.  56.  61.  63.  64.  70.  72.  75.
  75.  76.  76.  76.  76.  78.  80.  81.  82.  84.  90.  91.  93.  97.
  99.  99.][-100.  -99.  -96.  -95.  -94.  -94.  -93.  -92.  -92.  -87.  -86.  -85.
  -85.  -81.  -81.  -79.  -76.  -74.  -68.  -63.  -59.  -59.  -57.  -54.
  -51.  -49.  -48.  -47.  -47.  -45.  -45.  -44.  -43.  -43.  -41.  -39.
  -37.  -35.  -34.  -21.  -18.  -17.  -17.  -16.  -16.  -15.  -14.  -11.
  -11.   -7.   -4.   -4.   -2.    1.    1.    1.    3.    6.    6.    7.
    8.   10.   14.   18.   18.   20.   23.   30.   33.   33.   38.   39.
   42.   43.   50.   50.   53.   55.   61.   62.   62.   64.   64.   64.
   65.   69.   72.   72.   73.   74.   76.   77.   77.   81.   81.   89.
   90.   93.   93.   98.][-96. -96. -96. -92. -90. -89. -87. -85. -85. -81. -81. -78. -77. -76.
 -74. -73. -71. -71. -70. -70. -66. -65. -62. -55. -51. -51. -43. -42.
 -41. -38. -37. -35. -34. -33. -33. -31. -31. -28. -18. -15. -12. -10.
  -7.  -4.  -4.  -3.  -1.   4.   5.  10.  12.  14.  15.  17.  17.  18.
  18.  20.  23.  26.  26.  27.  29.  33.  34.  35.  35.  36.  38.  39.
  41.  43.  47.  48.  53.  55.  58.  59.  60.  62.  63.  63.  64.  65.
  67.  72.  73.  76.  80.  80.  81.  85.  89.  91.  91.  96.  98.  99.
  99. 100.][-100. -100.  -97.  -96.  -96.  -93.  -89.  -85.  -81.  -81.  -79.  -78.
  -70.  -70.  -69.  -68.  -65.  -64.  -62.  -59.  -56.  -54.  -53.  -52.
  -49.  -46.  -45.  -45.  -40.  -39.  -38.  -37.  -28.  -28.  -27.  -26.
  -25.  -24.  -22.  -17.  -16.  -16.  -11.  -10.   -8.   -4.   -3.   -1.
    1.    3.    4.    6.   12.   15.   21.   25.   25.   27.   29.   29.
   29.   30.   31.   31.   31.   36.   38.   39.   39.   40.   54.   55.
   56.   57.   58.   62.   62.   63.   65.   68.   68.   68.   70.   72.
   74.   77.   77.   79.   79.   81.   83.   83.   87.   88.   88.   90.
   96.   97.   98.   98.][-100.  -99.  -92.  -89.  -86.  -82.  -78.  -78.  -74.  -72.  -70.  -70.
  -68.  -68.  -60.  -59.  -59.  -57.  -57.  -56.  -55.  -53.  -53.  -50.
  -50.  -50.  -48.  -48.  -47.  -47.  -45.  -45.  -45.  -42.  -42.  -37.
  -36.  -33.  -26.  -26.  -20.  -19.  -15.  -11.   -6.   -5.   -5.   -2.
   -2.    1.    1.    2.    2.    6.    7.    8.    8.   11.   12.   13.
   14.   14.   16.   17.   18.   22.   23.   23.   23.   24.   25.   25.
   29.   29.   29.   33.   35.   37.   40.   43.   43.   44.   45.   47.
   53.   55.   59.   62.   62.   63.   65.   68.   73.   78.   83.   88.
   89.   90.   91.   96.][-97. -93. -92. -90. -88. -84. -83. -79. -78. -77. -72. -72. -72. -70.
 -69. -63. -63. -61. -61. -59. -57. -57. -56. -52. -52. -51. -50. -49.
 -48. -48. -48. -46. -38. -36. -34. -27. -25. -24. -24. -22. -19. -19.
 -18. -18. -17. -17. -15. -14. -13.  -5.  -3.  -1.   0.   1.   6.  10.
  11.  11.  14.  14.  14.  15.  19.  20.  26.  26.  30.  36.  41.  41.
  43.  43.  44.  46.  46.  54.  55.  57.  59.  61.  61.  62.  65.  65.
  66.  67.  68.  68.  68.  68.  71.  74.  79.  81.  82.  83.  86.  96.
  97. 100.][-100.  -99.  -95.  -90.  -89.  -88.  -85.  -85.  -84.  -81.  -79.  -76.
  -76.  -75.  -71.  -70.  -69.  -67.  -66.  -66.  -61.  -59.  -57.  -57.
  -56.  -55.  -54.  -52.  -50.  -47.  -46.  -46.  -46.  -45.  -42.  -41.
  -41.  -40.  -23.  -21.  -20.  -20.  -14.  -13.  -13.  -10.   -9.   -7.
   -5.   -4.   -3.    2.    6.    6.    8.    8.    9.   15.   16.   22.
   22.   23.   24.   24.   25.   27.   41.   42.   44.   48.   49.   50.
   51.   51.   54.   55.   56.   59.   60.   62.   62.   63.   65.   68.
   69.   70.   70.   73.   74.   75.   76.   77.   80.   82.   82.   83.
   83.   84.   92.  100.][-99. -97. -95. -95. -93. -89. -84. -82. -82. -81. -75. -74. -71. -70.
 -68. -67. -67. -63. -61. -61. -57. -57. -48. -48. -48. -45. -41. -40.
 -37. -36. -30. -23. -22. -20. -19. -17. -16. -14. -13. -12. -11. -11.
  -8.  -5.  -5.  -4.  -2.  -2.  -1.   0.   0.   3.   4.   9.  10.  12.
  15.  18.  19.  22.  22.  22.  25.  29.  31.  31.  31.  33.  34.  38.
  38.  41.  42.  45.  45.  47.  53.  59.  60.  60.  61.  63.  64.  66.
  67.  68.  69.  70.  73.  73.  75.  75.  77.  78.  81.  83.  87.  92.
  94.  97.][-100.  -99.  -98.  -96.  -92.  -90.  -88.  -87.  -84.  -84.  -83.  -81.
  -76.  -72.  -70.  -66.  -65.  -56.  -54.  -53.  -52.  -51.  -50.  -49.
  -45.  -44.  -43.  -41.  -38.  -32.  -31.  -29.  -21.  -21.  -18.  -15.
  -14.  -13.  -12.   -9.   -3.   -1.    1.    4.    9.   10.   13.   13.
   16.   16.   18.   20.   22.   23.   23.   23.   25.   25.   28.   28.
   31.   32.   32.   33.   37.   38.   41.   41.   48.   49.   50.   52.
   52.   56.   60.   60.   60.   60.   63.   67.   68.   73.   73.   76.
   77.   77.   77.   79.   80.   81.   81.   82.   82.   82.   84.   86.
   88.   92.   94.  100.][-100. -100.  -96.  -95.  -94.  -93.  -91.  -90.  -90.  -85.  -80.  -75.
  -73.  -70.  -69.  -68.  -66.  -63.  -62.  -62.  -61.  -57.  -56.  -51.
  -50.  -49.  -46.  -38.  -36.  -36.  -34.  -30.  -26.  -26.  -20.  -20.
  -19.  -19.  -13.   -7.    4.    5.    5.    8.   10.   12.   14.   17.
   20.   21.   22.   23.   24.   26.   29.   29.   32.   38.   41.   44.
   45.   48.   50.   53.   54.   55.   57.   58.   60.   62.   62.   63.
   67.   67.   68.   68.   69.   70.   74.   75.   77.   80.   80.   81.
   81.   81.   87.   87.   88.   90.   90.   92.   93.   95.   95.   96.
   97.   97.   99.   99.][-100. -100. -100.  -99.  -98.  -98.  -97.  -97.  -96.  -93.  -93.  -91.
  -89.  -89.  -85.  -83.  -83.  -82.  -82.  -80.  -80.  -79.  -79.  -74.
  -71.  -70.  -64.  -64.  -60.  -60.  -59.  -58.  -57.  -57.  -50.  -46.
  -44.  -42.  -37.  -36.  -36.  -34.  -34.  -30.  -29.  -25.  -25.  -24.
  -24.  -24.  -23.  -21.  -20.  -18.  -17.  -13.   -9.   -7.   -2.    3.
    4.    6.    7.    9.   14.   19.   23.   25.   26.   28.   34.   39.
   41.   42.   43.   44.   50.   52.   57.   59.   63.   69.   70.   71.
   72.   76.   77.   78.   80.   80.   82.   82.   83.   83.   86.   94.
   94.   96.   97.   97.][-99. -96. -93. -92. -89. -85. -84. -79. -77. -77. -74. -73. -72. -71.
 -71. -70. -65. -64. -64. -64. -63. -61. -60. -57. -57. -57. -51. -51.
 -43. -43. -43. -42. -41. -35. -33. -27. -24. -24. -23. -23. -22. -22.
 -21. -19. -18. -16. -12. -10.  -6.  -4.  -3.   6.   7.   9.  10.  10.
  11.  12.  12.  14.  20.  21.  24.  26.  33.  35.  36.  36.  37.  42.
  43.  46.  50.  54.  64.  64.  66.  66.  71.  71.  72.  76.  78.  78.
  79.  80.  80.  82.  82.  83.  83.  90.  91.  91.  92.  94.  95.  96.
  98. 100.][-97. -97. -94. -93. -87. -80. -79. -79. -77. -75. -72. -68. -67. -66.
 -64. -62. -61. -60. -59. -56. -53. -52. -50. -49. -48. -47. -45. -43.
 -42. -41. -40. -40. -35. -33. -31. -29. -27. -25. -24. -23. -22. -20.
 -17. -16. -16. -15. -13. -13. -13.  -9.  -7.  -5.  -4.  -4.  -4.  -2.
   3.   4.   5.   5.   8.  16.  16.  19.  21.  26.  29.  30.  31.  32.
  34.  37.  39.  40.  46.  46.  48.  50.  51.  56.  59.  63.  67.  68.
  70.  70.  71.  76.  76.  77.  77.  79.  84.  86.  86.  86.  99.  99.
 100. 100.][-99. -97. -94. -93. -89. -83. -80. -77. -76. -74. -74. -72. -70. -70.
 -67. -67. -66. -60. -54. -52. -50. -49. -48. -48. -47. -47. -40. -39.
 -36. -36. -34. -33. -33. -32. -28. -18. -16. -10.  -8.  -7.  -7.  -6.
  -5.  -2.  -2.   0.   1.   3.   5.  13.  14.  17.  19.  23.  25.  26.
  27.  28.  30.  33.  36.  39.  41.  41.  41.  43.  45.  46.  47.  57.
  57.  58.  59.  60.  61.  66.  68.  68.  69.  74.  75.  80.  80.  80.
  81.  83.  83.  84.  85.  85.  86.  87.  88.  89.  90.  91.  92.  92.
 100. 100.][-99. -98. -98. -97. -97. -96. -96. -94. -89. -80. -74. -74. -73. -73.
 -69. -66. -60. -55. -55. -54. -53. -53. -49. -44. -41. -40. -38. -36.
 -36. -33. -24. -23. -22. -22. -21. -17. -14. -14. -12. -10.  -9.  -9.
  -7.  -3.  -3.   0.   3.   3.   3.   5.  10.  15.  17.  18.  19.  19.
  19.  19.  20.  23.  23.  24.  25.  32.  34.  35.  35.  38.  39.  45.
  45.  47.  47.  47.  47.  50.  50.  52.  52.  53.  54.  56.  56.  56.
  58.  63.  63.  65.  68.  68.  69.  69.  72.  73.  74.  76.  77.  78.
  83.  92.][-99. -98. -96. -94. -92. -89. -89. -88. -85. -83. -83. -83. -81. -80.
 -80. -77. -77. -77. -73. -72. -72. -70. -68. -68. -66. -64. -64. -64.
 -63. -62. -61. -59. -58. -47. -46. -45. -41. -39. -32. -29. -29. -28.
 -28. -27. -27. -25. -25. -23. -18. -15. -14. -12. -12. -10. -10.  -9.
  -8.  -4.   8.   8.  14.  19.  21.  22.  22.  26.  26.  27.  28.  30.
  33.  36.  37.  41.  42.  43.  47.  47.  49.  49.  52.  53.  58.  60.
  64.  70.  73.  74.  81.  84.  85.  87.  88.  91.  91.  92.  92.  92.
  98. 100.][-98. -98. -95. -95. -93. -88. -87. -84. -84. -79. -76. -73. -69. -66.
 -66. -62. -61. -58. -58. -55. -50. -47. -46. -44. -42. -41. -38. -30.
 -30. -28. -28. -27. -26. -25. -23. -22. -20. -18. -17. -15. -14.  -7.
  -6.  -5.  -5.  -4.   4.   5.   5.   8.   8.  19.  21.  22.  23.  29.
  30.  30.  33.  35.  38.  39.  43.  46.  50.  51.  51.  53.  54.  54.
  58.  58.  59.  59.  60.  63.  67.  72.  76.  78.  79.  79.  81.  83.
  83.  84.  85.  85.  86.  87.  87.  88.  88.  90.  92.  94.  95.  97.
  97. 100.][-98. -97. -97. -96. -93. -93. -92. -91. -86. -84. -84. -84. -80. -78.
 -77. -75. -68. -66. -65. -62. -58. -58. -57. -55. -55. -53. -53. -49.
 -48. -46. -45. -39. -39. -34. -32. -29. -29. -27. -26. -26. -26. -20.
 -20. -20. -17. -14.  -8.  -7.  -4.  -3.   3.   3.   6.   9.  12.  16.
  17.  20.  21.  21.  26.  29.  31.  33.  34.  36.  36.  38.  39.  42.
  43.  45.  46.  46.  48.  49.  54.  59.  60.  60.  63.  63.  64.  64.
  64.  65.  68.  69.  70.  70.  78.  80.  83.  83.  87.  89.  89.  91.
  96.  97.][-100.  -99.  -97.  -93.  -91.  -87.  -83.  -82.  -81.  -71.  -69.  -68.
  -68.  -68.  -62.  -62.  -59.  -57.  -54.  -54.  -54.  -53.  -48.  -44.
  -43.  -40.  -36.  -35.  -34.  -31.  -28.  -24.  -23.  -16.  -14.  -14.
  -14.  -12.  -12.   -9.   -8.   -7.   -7.   -1.   -1.    0.    1.    5.
    6.    7.    8.   12.   19.   20.   24.   26.   29.   30.   32.   33.
   34.   34.   37.   37.   40.   43.   48.   48.   49.   50.   51.   52.
   52.   52.   55.   57.   59.   61.   65.   67.   67.   67.   68.   68.
   69.   70.   74.   75.   77.   80.   80.   83.   84.   86.   88.   90.
   91.   94.   98.   99.][-100.  -98.  -96.  -94.  -92.  -92.  -87.  -86.  -85.  -85.  -83.  -81.
  -79.  -78.  -76.  -74.  -73.  -71.  -68.  -67.  -66.  -64.  -63.  -60.
  -59.  -58.  -58.  -55.  -55.  -49.  -48.  -47.  -47.  -43.  -42.  -41.
  -38.  -23.  -22.  -20.  -17.  -16.  -14.  -13.  -11.   -7.   -7.   -7.
   -5.   -4.    0.    7.   10.   11.   13.   13.   13.   14.   15.   19.
   22.   29.   32.   33.   36.   38.   39.   40.   41.   42.   43.   44.
   45.   48.   49.   53.   53.   55.   56.   60.   60.   61.   62.   64.
   66.   70.   71.   72.   74.   74.   75.   76.   78.   81.   82.   82.
   83.   86.   88.   99.][-96. -95. -93. -91. -91. -86. -85. -85. -83. -83. -82. -80. -79. -78.
 -78. -77. -77. -72. -70. -61. -58. -50. -49. -47. -47. -44. -44. -42.
 -41. -40. -39. -39. -34. -33. -30. -25. -19. -11.  -9.  -8.  -6.  -5.
  -5.   0.   7.   7.   7.  16.  18.  18.  19.  20.  21.  24.  24.  25.
  31.  36.  37.  37.  40.  41.  42.  42.  43.  45.  46.  46.  48.  54.
  56.  60.  64.  69.  70.  70.  71.  72.  73.  75.  76.  78.  80.  81.
  83.  83.  84.  88.  91.  92.  93.  94.  94.  96.  96.  97.  97.  97.
  97. 100.][-97. -97. -92. -92. -87. -85. -83. -83. -79. -75. -73. -72. -69. -67.
 -67. -61. -60. -57. -50. -50. -48. -47. -43. -40. -37. -31. -30. -29.
 -29. -27. -26. -24. -23. -22. -21. -19. -19. -16. -15. -13. -12.  -9.
  -8.  -7.  -5.  -2.  -2.   1.   1.   3.  10.  11.  12.  15.  17.  18.
  19.  25.  27.  32.  33.  37.  37.  38.  40.  40.  40.  42.  44.  49.
  50.  52.  55.  55.  56.  56.  57.  59.  65.  68.  71.  74.  74.  80.
  81.  84.  85.  86.  89.  89.  90.  91.  92.  93.  94.  95.  96.  96.
 100. 100.][-100.  -93.  -93.  -92.  -92.  -90.  -89.  -88.  -88.  -88.  -84.  -84.
  -82.  -82.  -82.  -80.  -80.  -80.  -79.  -74.  -70.  -67.  -65.  -64.
  -62.  -57.  -56.  -56.  -53.  -52.  -47.  -37.  -37.  -36.  -36.  -34.
  -31.  -25.  -19.  -15.   -6.   -5.   -2.    1.    2.    3.   10.   11.
   15.   17.   22.   23.   24.   25.   25.   26.   30.   31.   33.   34.
   35.   36.   38.   39.   40.   43.   44.   45.   46.   46.   47.   48.
   49.   49.   50.   50.   55.   58.   61.   61.   65.   69.   73.   75.
   76.   76.   76.   76.   78.   81.   81.   83.   83.   84.   84.   86.
   86.   88.   90.   93.][-96. -96. -95. -94. -93. -93. -89. -83. -79. -76. -74. -73. -68. -68.
 -66. -64. -61. -58. -57. -53. -50. -47. -45. -44. -40. -40. -33. -30.
 -29. -28. -25. -24. -22. -22. -22. -21. -21. -19. -18. -14. -12. -10.
  -9.  -9.  -9.  -8.  -7.  -5.  -4.  -4.  -1.   0.   0.   1.   1.   2.
   4.   5.  14.  15.  16.  16.  20.  20.  21.  30.  35.  36.  36.  38.
  39.  39.  40.  42.  44.  52.  52.  53.  56.  62.  62.  63.  69.  72.
  72.  73.  75.  76.  76.  78.  81.  81.  88.  91.  93.  94.  94.  99.
  99. 100.][-99. -97. -94. -94. -93. -92. -88. -87. -86. -85. -80. -78. -75. -74.
 -73. -71. -69. -68. -68. -66. -65. -64. -64. -63. -60. -59. -58. -58.
 -56. -54. -53. -53. -52. -50. -49. -46. -46. -46. -45. -44. -43. -42.
 -36. -28. -28. -27. -27. -26. -25. -25. -20. -18. -16. -15. -13. -11.
  -7.  -6.  -4.  -4.   0.   1.   2.   4.   5.   6.   7.   9.  11.  12.
  13.  18.  19.  20.  24.  27.  29.  34.  42.  45.  45.  48.  53.  55.
  59.  59.  62.  67.  67.  70.  71.  76.  76.  78.  78.  82.  87.  88.
  91.  98.][-99. -96. -96. -94. -93. -92. -90. -86. -84. -79. -78. -72. -72. -71.
 -66. -61. -60. -59. -53. -51. -50. -49. -48. -45. -44. -44. -39. -38.
 -35. -34. -27. -26. -25. -23. -19. -13. -10. -10. -10.  -8.  -6.  -1.
   1.   4.   5.   9.  13.  15.  15.  16.  17.  18.  24.  24.  26.  28.
  29.  30.  32.  36.  38.  38.  40.  40.  40.  42.  45.  47.  49.  51.
  51.  52.  54.  58.  63.  64.  64.  64.  68.  69.  71.  73.  75.  79.
  79.  80.  83.  86.  91.  92.  92.  94.  96.  96.  96.  97.  97.  98.
  98. 100.][-100.  -99.  -94.  -89.  -86.  -76.  -76.  -75.  -74.  -74.  -73.  -73.
  -71.  -71.  -70.  -69.  -68.  -65.  -63.  -62.  -62.  -59.  -58.  -57.
  -56.  -54.  -53.  -53.  -49.  -49.  -48.  -48.  -45.  -44.  -44.  -44.
  -44.  -40.  -34.  -29.  -27.  -27.  -22.  -21.  -19.  -19.  -12.   -9.
   -8.   -5.   -5.    5.   10.   14.   15.   16.   17.   22.   23.   25.
   25.   29.   33.   34.   39.   43.   47.   49.   49.   51.   53.   53.
   55.   55.   58.   59.   60.   62.   63.   66.   66.   71.   75.   76.
   76.   77.   79.   80.   82.   83.   84.   85.   87.   89.   90.   93.
   96.   96.   99.  100.][-99. -96. -93. -90. -88. -85. -80. -79. -79. -79. -73. -69. -69. -68.
 -61. -60. -59. -58. -56. -53. -51. -46. -45. -45. -45. -43. -41. -39.
 -35. -32. -32. -27. -25. -24. -23. -22. -22. -21. -21. -15. -13. -13.
 -12. -10. -10.  -9.  -7.  -6.   6.   7.   8.   9.  10.  17.  21.  22.
  26.  27.  27.  36.  39.  40.  43.  44.  45.  50.  53.  54.  54.  57.
  57.  57.  59.  60.  61.  63.  65.  66.  72.  76.  76.  76.  76.  76.
  80.  81.  83.  83.  85.  86.  86.  87.  87.  91.  94.  97.  97.  99.
 100. 100.][-100.  -97.  -97.  -96.  -96.  -93.  -92.  -83.  -81.  -77.  -75.  -75.
  -74.  -72.  -71.  -71.  -67.  -64.  -63.  -60.  -59.  -53.  -46.  -43.
  -37.  -36.  -36.  -35.  -35.  -34.  -30.  -30.  -25.  -23.  -23.  -21.
  -18.  -17.  -16.  -14.  -13.  -13.  -12.   -8.   -6.   -4.   -3.    2.
    4.    6.    7.   11.   12.   17.   17.   19.   21.   25.   26.   27.
   28.   29.   32.   34.   35.   38.   46.   50.   51.   53.   53.   55.
   58.   59.   61.   63.   64.   65.   66.   66.   71.   77.   77.   77.
   77.   78.   79.   80.   81.   84.   85.   85.   88.   91.   92.   96.
   97.   99.   99.  100.][-94. -93. -90. -86. -84. -84. -82. -80. -77. -77. -76. -73. -70. -68.
 -66. -65. -59. -57. -57. -57. -56. -53. -51. -50. -49. -49. -48. -42.
 -39. -37. -37. -33. -32. -28. -27. -27. -27. -26. -24. -20. -17. -16.
 -14. -11.  -9.  -9.   1.   2.   2.   4.   8.  10.  11.  12.  13.  15.
  18.  18.  20.  22.  24.  28.  32.  33.  33.  34.  37.  38.  38.  39.
  40.  42.  45.  49.  55.  55.  59.  59.  60.  60.  61.  63.  63.  64.
  70.  73.  73.  74.  76.  84.  85.  86.  90.  94.  96.  97.  97.  98.
 100. 100.][-98. -97. -95. -92. -92. -89. -89. -87. -84. -83. -82. -79. -78. -78.
 -73. -72. -69. -64. -63. -61. -60. -59. -59. -56. -56. -55. -54. -47.
 -46. -43. -43. -37. -30. -30. -29. -28. -27. -26. -21. -21. -20. -17.
 -17. -14. -12. -11. -10.  -9.  -7.  -6.   2.   4.   7.   8.   8.  10.
  11.  18.  19.  19.  23.  23.  26.  26.  27.  27.  28.  33.  34.  38.
  47.  48.  52.  53.  54.  60.  61.  66.  66.  67.  69.  70.  71.  73.
  75.  77.  79.  82.  85.  85.  85.  86.  87.  89.  90.  90.  91.  92.
  92. 100.][-98. -94. -93. -91. -87. -84. -84. -79. -78. -77. -73. -71. -68. -66.
 -63. -63. -61. -61. -55. -53. -53. -51. -50. -50. -49. -49. -49. -48.
 -43. -38. -36. -33. -32. -31. -31. -30. -28. -27. -27. -25. -23. -20.
 -16. -15. -13. -11. -11. -10.  -9.  -6.  -6.  -4.  -3.   1.   3.   5.
   6.   6.  15.  19.  19.  19.  21.  23.  24.  31.  31.  32.  36.  36.
  37.  39.  40.  40.  42.  42.  44.  47.  51.  54.  56.  57.  63.  63.
  66.  67.  69.  69.  70.  72.  74.  79.  83.  84.  84.  85.  85.  90.
  90. 100.][-100.  -98.  -96.  -95.  -95.  -94.  -93.  -91.  -90.  -90.  -86.  -86.
  -85.  -84.  -83.  -83.  -81.  -74.  -73.  -72.  -72.  -67.  -67.  -66.
  -65.  -59.  -58.  -57.  -56.  -54.  -50.  -50.  -45.  -41.  -36.  -35.
  -32.  -32.  -27.  -24.  -21.  -17.  -16.  -16.  -14.  -14.  -13.   -8.
   -7.   -5.   -5.   -4.   -4.   -2.   -2.    1.    1.    2.    6.    7.
   12.   12.   15.   18.   18.   24.   29.   31.   35.   38.   38.   39.
   41.   42.   43.   47.   50.   51.   54.   55.   61.   62.   63.   65.
   69.   70.   71.   75.   75.   77.   79.   79.   80.   84.   86.   93.
   94.   99.   99.  100.][-100. -100.  -99.  -99.  -98.  -98.  -97.  -96.  -93.  -92.  -91.  -90.
  -89.  -88.  -83.  -80.  -80.  -77.  -73.  -73.  -73.  -69.  -66.  -66.
  -64.  -59.  -55.  -55.  -53.  -51.  -49.  -46.  -46.  -44.  -44.  -43.
  -42.  -35.  -31.  -31.  -30.  -29.  -28.  -27.  -20.  -19.   -6.   -5.
   -5.   -4.   -3.    0.    5.   12.   14.   15.   23.   23.   26.   28.
   29.   30.   30.   31.   32.   36.   37.   37.   40.   42.   45.   49.
   49.   52.   59.   61.   62.   63.   63.   67.   71.   73.   75.   77.
   79.   81.   82.   84.   86.   88.   89.   94.   94.   96.   96.   98.
   98.   99.   99.  100.][-100.  -99.  -98.  -98.  -96.  -95.  -90.  -89.  -88.  -87.  -86.  -84.
  -83.  -81.  -81.  -80.  -80.  -72.  -63.  -60.  -59.  -59.  -58.  -58.
  -57.  -54.  -54.  -53.  -53.  -52.  -49.  -48.  -46.  -45.  -42.  -41.
  -40.  -33.  -29.  -29.  -28.  -26.  -24.  -24.  -23.  -21.  -20.  -15.
  -14.  -13.  -12.   -5.   -4.   -1.    0.    3.    4.    5.    6.    7.
    9.   13.   16.   16.   18.   18.   19.   21.   23.   30.   30.   30.
   36.   39.   41.   43.   44.   44.   45.   52.   53.   56.   61.   61.
   63.   67.   67.   68.   71.   75.   78.   81.   82.   84.   84.   86.
   86.   88.   91.   92.][-97. -96. -96. -96. -95. -87. -81. -77. -65. -62. -62. -61. -59. -58.
 -55. -55. -53. -51. -50. -50. -49. -39. -39. -38. -32. -29. -29. -28.
 -28. -28. -25. -24. -22. -21. -18. -16. -15. -12. -11. -10.  -9.  -4.
  -3.  -2.  -2.  -1.   0.   3.   3.   3.   4.   9.  13.  15.  19.  20.
  21.  23.  24.  26.  33.  33.  35.  35.  36.  37.  44.  44.  45.  45.
  48.  53.  55.  55.  59.  61.  61.  61.  62.  65.  68.  70.  72.  76.
  78.  79.  81.  86.  89.  89.  90.  93.  93.  94.  96.  97.  98.  99.
  99.  99.][-100.  -98.  -98.  -96.  -96.  -94.  -94.  -93.  -93.  -93.  -93.  -92.
  -90.  -88.  -85.  -82.  -77.  -75.  -70.  -68.  -68.  -66.  -61.  -59.
  -59.  -59.  -59.  -57.  -56.  -55.  -52.  -52.  -49.  -49.  -47.  -46.
  -41.  -40.  -39.  -37.  -33.  -33.  -32.  -29.  -27.  -26.  -26.  -24.
  -23.  -23.  -21.  -21.  -18.  -16.   -7.   -6.    0.    4.    4.    6.
    6.   11.   11.   12.   13.   19.   22.   25.   28.   31.   31.   33.
   33.   36.   40.   42.   44.   45.   48.   48.   48.   49.   51.   56.
   58.   64.   69.   70.   70.   73.   79.   81.   84.   85.   87.   90.
   90.   92.   94.   97.][-100.  -99.  -98.  -95.  -93.  -92.  -84.  -83.  -82.  -81.  -80.  -80.
  -78.  -74.  -73.  -71.  -71.  -68.  -61.  -57.  -56.  -54.  -54.  -53.
  -53.  -52.  -51.  -50.  -49.  -45.  -42.  -41.  -39.  -36.  -31.  -31.
  -30.  -30.  -29.  -27.  -26.  -26.  -26.  -25.  -25.  -24.  -24.  -20.
  -16.  -14.  -11.    0.    0.    2.    2.    9.   10.   12.   13.   14.
   15.   19.   26.   27.   29.   31.   35.   43.   45.   46.   47.   47.
   50.   52.   53.   54.   57.   58.   61.   61.   62.   69.   71.   71.
   75.   76.   77.   77.   78.   79.   81.   83.   84.   86.   87.   89.
   96.   96.   99.  100.][-100.  -99.  -95.  -94.  -92.  -92.  -92.  -90.  -89.  -87.  -82.  -80.
  -79.  -77.  -74.  -72.  -71.  -68.  -66.  -65.  -64.  -63.  -61.  -60.
  -57.  -57.  -52.  -48.  -48.  -46.  -42.  -41.  -39.  -38.  -38.  -36.
  -35.  -34.  -32.  -29.  -29.  -28.  -24.  -19.  -19.  -19.  -16.  -15.
  -15.  -11.   -9.   -7.   -7.   -5.   -4.   -2.    1.    2.    4.    4.
   10.   16.   19.   27.   28.   28.   30.   34.   38.   39.   44.   45.
   49.   53.   54.   55.   60.   63.   69.   70.   71.   73.   75.   76.
   76.   77.   79.   79.   83.   84.   85.   88.   89.   89.   89.   90.
   90.   98.   99.  100.][-100.  -99.  -97.  -93.  -91.  -89.  -84.  -83.  -79.  -77.  -75.  -75.
  -72.  -72.  -69.  -68.  -64.  -63.  -61.  -61.  -60.  -58.  -55.  -53.
  -52.  -47.  -45.  -43.  -43.  -41.  -40.  -38.  -35.  -33.  -32.  -32.
  -31.  -29.  -27.  -26.  -24.  -22.  -22.  -20.  -16.  -16.  -15.  -10.
   -9.   -4.   -3.    0.    0.    1.    1.    4.    8.    8.   10.   10.
   12.   14.   16.   16.   17.   18.   19.   21.   23.   25.   28.   35.
   38.   38.   40.   40.   47.   47.   48.   49.   53.   54.   57.   59.
   64.   71.   71.   72.   73.   73.   75.   76.   78.   82.   82.   93.
   93.   93.   95.   99.][-97. -94. -94. -92. -86. -82. -78. -76. -76. -74. -74. -73. -73. -72.
 -72. -72. -71. -70. -63. -54. -54. -54. -50. -49. -47. -45. -44. -43.
 -39. -38. -31. -28. -27. -24. -21. -21. -20. -18. -14. -12. -11.  -9.
  -8.  -1.   2.   3.  10.  10.  12.  12.  14.  15.  18.  20.  21.  22.
  23.  30.  37.  38.  40.  43.  45.  47.  49.  49.  50.  51.  52.  52.
  54.  56.  57.  57.  57.  57.  59.  60.  60.  61.  61.  63.  63.  67.
  67.  67.  68.  69.  74.  79.  80.  81.  83.  86.  87.  89.  91.  94.
  96.  99.][-99. -97. -97. -93. -92. -92. -90. -89. -89. -86. -86. -83. -80. -77.
 -74. -72. -72. -70. -68. -66. -64. -59. -55. -54. -52. -50. -49. -45.
 -44. -43. -42. -37. -36. -36. -35. -35. -33. -29. -27. -27. -26. -25.
 -25. -23. -18. -14.  -9.  -4.  -3.  -3.  -2.  -1.   0.   1.   5.   7.
  10.  11.  11.  16.  22.  24.  25.  29.  33.  34.  37.  39.  39.  41.
  46.  46.  49.  50.  53.  56.  56.  57.  59.  61.  62.  63.  65.  65.
  70.  73.  73.  75.  75.  77.  80.  81.  83.  87.  89.  90.  94.  98.
 100. 100.][-100.  -99.  -96.  -91.  -90.  -88.  -87.  -86.  -83.  -82.  -82.  -81.
  -79.  -76.  -75.  -75.  -73.  -72.  -72.  -70.  -70.  -65.  -64.  -64.
  -61.  -59.  -50.  -48.  -43.  -41.  -40.  -40.  -38.  -36.  -36.  -32.
  -30.  -26.  -25.  -24.  -18.  -18.  -16.  -15.  -12.  -10.   -9.   -8.
    2.    4.    5.    8.   12.   13.   14.   15.   17.   18.   27.   28.
   30.   32.   35.   36.   37.   41.   43.   44.   45.   46.   50.   52.
   55.   55.   57.   57.   58.   59.   59.   59.   64.   64.   65.   65.
   69.   70.   71.   71.   76.   78.   78.   86.   89.   91.   91.   91.
   92.   95.   96.  100.][-96. -95. -94. -94. -94. -90. -84. -81. -81. -79. -78. -77. -74. -72.
 -71. -69. -67. -66. -65. -64. -61. -61. -60. -60. -58. -55. -54. -52.
 -50. -48. -42. -41. -37. -36. -34. -29. -28. -25. -22. -22. -19. -18.
 -17. -16. -15. -13.  -6.  -6.  -4.  -3.  -2.   4.   7.  10.  10.  10.
  17.  18.  19.  21.  23.  26.  31.  32.  33.  37.  37.  39.  39.  46.
  48.  48.  48.  49.  52.  54.  54.  56.  56.  59.  62.  62.  65.  65.
  69.  70.  72.  72.  73.  76.  79.  80.  81.  81.  82.  92.  93.  96.
  97. 100.][-98. -97. -92. -92. -92. -92. -81. -80. -79. -79. -79. -78. -71. -69.
 -65. -63. -57. -53. -52. -50. -50. -46. -44. -43. -40. -40. -38. -37.
 -36. -35. -31. -28. -25. -25. -24. -24. -24. -23. -22. -20. -12. -10.
  -6.  -5.  -3.   0.   2.   5.   9.  11.  17.  18.  19.  19.  20.  21.
  22.  25.  28.  32.  35.  37.  39.  39.  41.  42.  44.  45.  47.  47.
  48.  49.  52.  52.  55.  57.  58.  60.  60.  63.  72.  74.  74.  75.
  76.  77.  79.  81.  82.  84.  85.  85.  89.  89.  93.  93.  94.  98.
  98.  98.]