[-96. -93. -92. -90. -89. -89. -87. -84. -80. -78. -78. -77. -76. -73.
 -73. -68. -66. -62. -61. -59. -58. -58. -56. -53. -53. -50. -50. -49.
 -47. -43. -42. -40. -37. -37. -29. -28. -25. -22. -21. -19. -16. -15.
 -14. -13. -13. -12.  -8.  -3.  -1.   5.   5.   5.   7.   7.   9.  13.
  13.  13.  14.  18.  23.  23.  24.  26.  28.  31.  31.  34.  35.  37.
  38.  40.  42.  42.  46.  49.  50.  50.  51.  53.  58.  61.  64.  68.
  69.  71.  79.  83.  84.  85.  86.  87.  87.  89.  92.  92.  93.  96.
  97. 100.][-100.  -96.  -96.  -94.  -91.  -90.  -90.  -90.  -88.  -81.  -80.  -80.
  -78.  -71.  -64.  -63.  -62.  -62.  -57.  -51.  -47.  -46.  -44.  -42.
  -40.  -40.  -34.  -32.  -26.  -26.  -24.  -21.  -21.  -20.  -20.  -18.
  -17.  -17.  -13.  -12.  -10.   -6.   -5.   -3.   -3.   -3.    0.    2.
    2.    6.    7.    7.    7.   11.   11.   13.   15.   23.   23.   25.
   28.   28.   30.   31.   33.   33.   35.   39.   43.   44.   51.   52.
   53.   55.   56.   57.   59.   62.   62.   63.   70.   71.   76.   76.
   77.   79.   83.   83.   84.   85.   85.   87.   88.   92.   92.   92.
   96.   99.  100.  100.][-99. -98. -97. -91. -90. -88. -87. -84. -81. -78. -77. -77. -75. -75.
 -73. -69. -65. -62. -60. -59. -57. -51. -49. -49. -47. -46. -45. -41.
 -40. -37. -36. -35. -34. -31. -25. -22. -22. -17. -15. -15. -15. -13.
 -11. -10.  -9.  -5.  -4.   0.   2.   2.   3.   5.   6.  13.  15.  16.
  17.  18.  18.  20.  20.  20.  21.  22.  24.  24.  25.  29.  31.  32.
  32.  33.  36.  38.  38.  42.  44.  47.  54.  56.  57.  59.  60.  61.
  65.  65.  66.  71.  74.  78.  82.  85.  86.  88.  91.  91.  95.  97.
  97.  99.][-99. -98. -93. -93. -90. -86. -86. -86. -85. -84. -82. -80. -79. -78.
 -70. -66. -65. -65. -65. -64. -61. -60. -59. -59. -57. -56. -56. -54.
 -52. -49. -44. -43. -42. -42. -39. -37. -34. -34. -34. -34. -33. -32.
 -24. -24. -23. -22. -19. -18. -14. -13. -10.  -6.  -5.  -4.   1.   2.
   3.   3.   6.  11.  11.  16.  18.  19.  22.  22.  22.  23.  34.  36.
  45.  46.  47.  47.  47.  48.  51.  54.  55.  62.  63.  65.  66.  69.
  71.  75.  75.  79.  79.  85.  86.  86.  87.  88.  88.  90.  91.  92.
  92. 100.][-100.  -95.  -90.  -89.  -89.  -87.  -86.  -83.  -83.  -83.  -82.  -82.
  -82.  -82.  -81.  -79.  -79.  -78.  -77.  -76.  -74.  -73.  -72.  -68.
  -65.  -63.  -62.  -61.  -60.  -59.  -54.  -54.  -53.  -52.  -47.  -46.
  -46.  -44.  -39.  -38.  -33.  -32.  -31.  -27.  -27.  -22.  -22.  -19.
  -19.  -18.  -18.  -17.  -16.  -15.  -13.  -10.   -6.   -3.    0.    2.
   11.   16.   17.   17.   18.   19.   20.   26.   33.   35.   37.   38.
   47.   47.   53.   53.   54.   55.   58.   61.   63.   63.   65.   69.
   69.   71.   71.   72.   73.   74.   75.   76.   78.   81.   83.   84.
   91.   97.   98.   99.][-100.  -95.  -94.  -94.  -94.  -88.  -86.  -85.  -81.  -81.  -79.  -76.
  -74.  -73.  -69.  -68.  -66.  -65.  -61.  -60.  -59.  -58.  -58.  -56.
  -53.  -46.  -46.  -42.  -40.  -39.  -36.  -35.  -35.  -35.  -35.  -33.
  -33.  -30.  -28.  -23.  -23.  -23.  -20.  -19.  -17.  -15.  -14.  -13.
  -12.  -11.   -6.   -4.   -4.    1.    3.    8.   12.   13.   20.   28.
   30.   31.   31.   33.   33.   36.   48.   48.   49.   50.   53.   53.
   53.   53.   54.   56.   59.   60.   62.   63.   63.   63.   63.   65.
   72.   73.   76.   78.   80.   81.   82.   83.   85.   87.   88.   89.
   90.   91.   91.   92.][-100.  -97.  -94.  -94.  -88.  -85.  -84.  -81.  -81.  -77.  -77.  -75.
  -72.  -70.  -70.  -66.  -64.  -60.  -58.  -57.  -55.  -54.  -52.  -50.
  -47.  -45.  -43.  -42.  -41.  -40.  -40.  -37.  -37.  -36.  -35.  -35.
  -34.  -31.  -30.  -30.  -27.  -21.  -21.  -14.  -12.  -11.   -7.   -7.
   -7.   -6.   -5.   -5.   -5.   -4.   -1.    2.    3.    5.    8.   12.
   13.   14.   16.   18.   18.   22.   23.   27.   30.   30.   30.   34.
   36.   46.   48.   49.   49.   51.   53.   57.   57.   57.   61.   62.
   62.   63.   69.   73.   79.   80.   80.   81.   86.   91.   91.   96.
   97.   97.   99.  100.][-100.  -99.  -95.  -95.  -91.  -90.  -87.  -86.  -85.  -81.  -76.  -76.
  -74.  -74.  -73.  -73.  -69.  -69.  -68.  -65.  -65.  -63.  -61.  -59.
  -58.  -54.  -53.  -50.  -50.  -47.  -44.  -43.  -41.  -39.  -39.  -37.
  -37.  -34.  -30.  -29.  -28.  -27.  -24.  -22.  -19.  -14.   -6.   -5.
   -5.   -5.    0.    1.    2.    3.    4.    4.    4.    6.   10.   14.
   19.   20.   20.   26.   27.   29.   30.   31.   32.   34.   35.   35.
   37.   38.   38.   38.   38.   43.   46.   47.   49.   50.   53.   54.
   54.   57.   59.   68.   71.   74.   78.   78.   81.   84.   88.   92.
   92.   93.   96.   98.][-98. -97. -94. -93. -93. -91. -91. -88. -86. -83. -79. -76. -76. -74.
 -73. -71. -69. -67. -66. -65. -63. -60. -57. -57. -54. -51. -49. -48.
 -48. -47. -46. -45. -34. -31. -27. -27. -26. -22. -21. -19. -16. -14.
 -11. -10.  -8.  -6.  -1.  -1.   0.   1.   3.   4.   5.   9.   9.  10.
  10.  12.  19.  19.  19.  21.  23.  26.  30.  30.  32.  35.  36.  37.
  39.  39.  41.  45.  46.  46.  50.  52.  54.  57.  60.  60.  60.  61.
  62.  65.  66.  67.  68.  73.  75.  76.  76.  80.  83.  88.  89.  92.
  92.  95.][-100. -100. -100.  -95.  -93.  -91.  -83.  -83.  -81.  -81.  -80.  -80.
  -79.  -72.  -67.  -66.  -66.  -65.  -63.  -55.  -54.  -53.  -52.  -46.
  -46.  -42.  -41.  -41.  -36.  -35.  -35.  -34.  -29.  -29.  -19.  -18.
  -17.   -9.   -6.   -4.    1.    6.    8.    8.    9.   10.   10.   12.
   14.   15.   21.   24.   25.   25.   28.   35.   37.   38.   38.   41.
   44.   45.   47.   48.   48.   50.   50.   50.   52.   61.   62.   62.
   63.   65.   67.   68.   69.   69.   70.   73.   73.   73.   74.   75.
   76.   78.   79.   79.   81.   83.   85.   87.   88.   90.   92.   93.
   94.   96.   98.  100.][-96. -95. -94. -94. -91. -90. -89. -85. -80. -79. -77. -74. -74. -69.
 -64. -60. -56. -53. -53. -46. -43. -43. -41. -38. -37. -36. -34. -31.
 -30. -27. -25. -23. -22. -20. -17. -16. -15. -12. -11.  -9.  -9.  -7.
  -5.  -2.   1.   4.   6.  11.  19.  19.  19.  21.  22.  25.  25.  27.
  28.  31.  32.  33.  37.  39.  40.  41.  51.  51.  52.  54.  54.  54.
  55.  55.  55.  59.  60.  60.  61.  62.  62.  65.  67.  71.  71.  73.
  74.  76.  81.  82.  84.  87.  90.  90.  91.  92.  92.  94.  98.  98.
 100. 100.][-98. -89. -85. -83. -80. -79. -78. -74. -70. -69. -68. -67. -67. -65.
 -63. -59. -58. -55. -52. -48. -48. -46. -38. -38. -36. -33. -32. -31.
 -29. -28. -28. -28. -27. -26. -24. -22. -22. -21. -17. -16. -16. -16.
 -15. -13. -13.  -9.  -8.  -6.  -1.   2.   4.   5.   6.   9.  11.  14.
  14.  18.  24.  25.  27.  28.  28.  30.  31.  39.  40.  43.  45.  46.
  47.  50.  51.  52.  54.  55.  59.  60.  62.  65.  65.  66.  70.  73.
  78.  79.  82.  84.  85.  88.  89.  90.  91.  91.  93.  94.  94.  95.
  99. 100.][-100.  -96.  -96.  -95.  -89.  -81.  -74.  -73.  -70.  -70.  -69.  -68.
  -67.  -64.  -63.  -63.  -54.  -51.  -51.  -47.  -44.  -42.  -41.  -41.
  -40.  -40.  -38.  -37.  -37.  -35.  -34.  -27.  -27.  -26.  -25.  -24.
  -22.  -21.  -20.  -19.  -18.  -17.  -15.  -13.  -13.  -11.  -10.  -10.
   -9.   -5.   -5.   -5.   -5.   -5.    2.    6.    9.   11.   14.   14.
   16.   16.   19.   20.   23.   30.   31.   32.   35.   36.   36.   37.
   37.   41.   44.   45.   46.   46.   49.   52.   55.   56.   56.   58.
   59.   60.   63.   67.   67.   69.   69.   70.   75.   82.   84.   84.
   89.   90.   97.  100.][-98. -96. -95. -90. -88. -88. -87. -83. -82. -76. -76. -74. -74. -73.
 -73. -72. -72. -66. -62. -59. -56. -53. -48. -47. -47. -41. -39. -39.
 -38. -37. -36. -35. -32. -32. -32. -31. -28. -27. -26. -22. -20. -19.
 -19. -19. -11.  -8.   0.   1.   4.   4.   5.   8.   9.  11.  12.  13.
  21.  22.  24.  26.  30.  30.  32.  33.  34.  39.  42.  43.  43.  43.
  44.  46.  47.  48.  48.  52.  53.  54.  58.  58.  60.  64.  68.  68.
  72.  72.  75.  84.  85.  87.  88.  89.  90.  91.  94.  95.  96.  97.
  98.  98.][-100. -100.  -98.  -97.  -96.  -96.  -96.  -90.  -89.  -87.  -86.  -83.
  -79.  -78.  -77.  -74.  -73.  -72.  -70.  -68.  -66.  -64.  -62.  -58.
  -58.  -55.  -53.  -51.  -48.  -44.  -37.  -36.  -36.  -32.  -31.  -31.
  -26.  -25.  -23.  -21.  -20.  -20.  -17.  -16.  -10.   -7.   -6.   -6.
   -5.   -3.    0.    3.    6.    8.   11.   14.   15.   18.   19.   21.
   23.   26.   32.   33.   33.   34.   40.   40.   45.   46.   46.   47.
   47.   53.   55.   56.   58.   59.   59.   60.   60.   62.   63.   69.
   70.   71.   73.   74.   75.   75.   76.   78.   81.   82.   82.   85.
   91.   98.   98.  100.][-99. -97. -95. -93. -93. -86. -85. -83. -81. -81. -80. -79. -78. -77.
 -76. -72. -72. -71. -70. -70. -67. -62. -60. -59. -59. -59. -57. -56.
 -54. -50. -48. -46. -44. -43. -41. -40. -39. -38. -36. -33. -33. -32.
 -31. -31. -27. -26. -26. -22. -20. -16. -16. -13. -11. -11.  -6.  -2.
   1.   1.   2.   5.   6.  11.  14.  15.  17.  17.  19.  20.  20.  23.
  24.  24.  35.  35.  37.  38.  43.  55.  56.  57.  61.  63.  65.  65.
  67.  67.  69.  71.  73.  75.  77.  80.  80.  81.  82.  82.  83.  86.
  88.  91.][-96. -95. -95. -92. -89. -84. -81. -81. -81. -79. -76. -73. -70. -70.
 -67. -66. -64. -64. -64. -62. -51. -42. -40. -40. -39. -36. -34. -30.
 -30. -27. -25. -22. -22. -21. -21. -20. -19. -18. -14. -11.  -8.  -4.
  -1.   0.   3.   4.   9.  10.  12.  15.  15.  22.  26.  32.  32.  35.
  38.  38.  39.  40.  42.  42.  42.  44.  46.  49.  52.  53.  55.  56.
  56.  57.  59.  59.  60.  61.  62.  65.  67.  68.  69.  70.  71.  72.
  75.  77.  77.  77.  81.  85.  86.  87.  88.  90.  91.  92.  94.  95.
  96.  97.][-97. -95. -94. -92. -92. -88. -80. -79. -76. -75. -74. -68. -66. -66.
 -60. -60. -59. -56. -55. -53. -53. -53. -52. -51. -46. -39. -37. -34.
 -34. -31. -26. -23. -19. -12. -12.  -7.  -7.   1.   3.   4.   6.   6.
   7.   7.   9.  11.  14.  15.  16.  23.  25.  27.  27.  29.  30.  33.
  34.  35.  37.  37.  39.  40.  40.  41.  45.  45.  46.  46.  51.  52.
  53.  53.  54.  54.  60.  61.  62.  63.  66.  68.  69.  69.  70.  74.
  74.  78.  79.  80.  80.  81.  85.  85.  86.  88.  90.  90.  92.  98.
  98.  99.][-99. -98. -93. -88. -88. -87. -86. -85. -84. -84. -81. -79. -77. -77.
 -68. -66. -65. -60. -58. -57. -57. -47. -43. -41. -41. -41. -40. -36.
 -35. -35. -29. -27. -25. -22. -19. -18. -18. -18. -17. -13. -13. -12.
  -7.  -6.  -2.  -1.  -1.  -1.   0.   2.   3.   6.   6.   9.  10.  10.
  12.  12.  13.  14.  18.  18.  27.  30.  30.  30.  33.  36.  36.  36.
  36.  40.  42.  42.  45.  49.  53.  55.  57.  58.  60.  63.  64.  64.
  67.  70.  71.  72.  74.  78.  80.  84.  86.  87.  92.  93.  93.  95.
  98.  98.][-99. -96. -96. -95. -95. -94. -88. -88. -88. -88. -85. -82. -82. -78.
 -74. -73. -70. -68. -66. -66. -65. -65. -63. -63. -59. -59. -57. -53.
 -53. -47. -46. -43. -40. -39. -39. -37. -35. -34. -34. -33. -32. -32.
 -31. -30. -30. -28. -28. -21. -20. -15. -14.  -8.  -7.  -2.   0.   0.
   3.   4.   7.   8.   9.  16.  20.  20.  21.  24.  25.  25.  33.  38.
  39.  40.  48.  50.  51.  54.  55.  60.  60.  60.  61.  62.  64.  66.
  68.  68.  73.  75.  75.  79.  79.  85.  89.  90.  92.  93.  94.  95.
  97.  99.][-100.  -99.  -97.  -96.  -96.  -95.  -93.  -92.  -89.  -86.  -84.  -83.
  -83.  -80.  -79.  -79.  -78.  -78.  -72.  -70.  -65.  -62.  -55.  -52.
  -50.  -50.  -49.  -45.  -42.  -41.  -41.  -38.  -36.  -35.  -32.  -32.
  -32.  -32.  -26.  -25.  -24.  -20.  -19.  -19.  -17.  -14.  -13.  -12.
   -9.   -8.   -8.   -6.   -6.   -2.   -2.    1.    3.    3.    9.   13.
   15.   19.   26.   28.   29.   30.   32.   35.   36.   38.   42.   42.
   45.   46.   55.   56.   56.   59.   60.   63.   64.   64.   65.   69.
   69.   74.   75.   76.   80.   81.   82.   84.   88.   90.   93.   95.
   98.   99.   99.   99.][-100.  -96.  -96.  -96.  -95.  -94.  -91.  -90.  -90.  -89.  -89.  -86.
  -85.  -84.  -81.  -81.  -75.  -75.  -73.  -70.  -67.  -65.  -65.  -64.
  -62.  -62.  -58.  -57.  -57.  -56.  -56.  -53.  -52.  -51.  -45.  -41.
  -38.  -37.  -37.  -36.  -35.  -34.  -34.  -32.  -31.  -25.  -23.  -22.
  -19.  -12.  -11.  -11.  -11.   -9.   -8.   -6.   -3.   -2.    0.    0.
    2.    3.    9.   14.   17.   21.   22.   34.   40.   45.   47.   47.
   49.   50.   50.   52.   54.   56.   57.   58.   60.   60.   61.   66.
   68.   70.   73.   74.   75.   76.   79.   81.   82.   85.   88.   89.
   89.   91.   97.   98.][-100.  -98.  -95.  -91.  -81.  -80.  -79.  -78.  -75.  -73.  -69.  -68.
  -67.  -67.  -63.  -56.  -54.  -52.  -52.  -47.  -42.  -41.  -39.  -36.
  -31.  -31.  -31.  -29.  -28.  -25.  -25.  -19.  -16.  -16.  -15.  -14.
  -12.  -11.   -7.   -7.   -6.   -6.   -5.   -5.   -4.   -4.   -3.   -3.
   -3.   -1.   -1.    0.    0.    9.    9.   10.   10.   15.   16.   17.
   27.   27.   28.   29.   31.   31.   32.   33.   37.   41.   42.   50.
   52.   54.   57.   58.   59.   60.   66.   67.   67.   69.   70.   70.
   72.   76.   77.   79.   79.   80.   82.   86.   88.   88.   91.   92.
   96.   97.   98.   98.][-100. -100. -100.  -98.  -98.  -97.  -97.  -96.  -96.  -95.  -91.  -86.
  -86.  -85.  -81.  -80.  -78.  -78.  -74.  -70.  -67.  -66.  -63.  -59.
  -58.  -57.  -55.  -47.  -47.  -46.  -45.  -43.  -42.  -42.  -37.  -36.
  -32.  -31.  -29.  -28.  -27.  -26.  -24.  -24.  -19.  -19.  -13.   -9.
   -8.   -6.   -4.   -4.   -3.    0.    2.    3.    4.    6.    6.   14.
   14.   15.   17.   18.   18.   19.   20.   24.   24.   29.   30.   31.
   31.   32.   32.   33.   36.   39.   44.   46.   49.   49.   54.   58.
   63.   70.   72.   75.   77.   78.   81.   81.   82.   83.   85.   89.
   90.   92.   94.   97.][-100.  -98.  -97.  -95.  -92.  -88.  -87.  -81.  -77.  -75.  -68.  -68.
  -67.  -66.  -66.  -65.  -65.  -64.  -64.  -61.  -60.  -57.  -53.  -52.
  -51.  -50.  -45.  -44.  -35.  -34.  -30.  -29.  -28.  -21.  -20.  -19.
  -18.  -18.  -17.  -16.  -14.  -14.  -13.  -12.   -9.   -8.   -7.   -4.
    0.    1.    1.    3.    4.    5.    5.    9.    9.   11.   11.   16.
   18.   19.   21.   22.   25.   27.   30.   30.   32.   39.   43.   44.
   46.   50.   52.   52.   54.   54.   55.   57.   58.   58.   60.   61.
   66.   69.   73.   75.   77.   78.   82.   85.   87.   89.   91.   95.
   96.   97.   98.   99.][-100. -100.  -93.  -93.  -88.  -88.  -87.  -84.  -83.  -80.  -72.  -72.
  -72.  -71.  -68.  -67.  -66.  -66.  -66.  -65.  -62.  -62.  -62.  -58.
  -52.  -49.  -49.  -47.  -47.  -45.  -43.  -42.  -41.  -39.  -34.  -32.
  -30.  -29.  -29.  -29.  -28.  -25.  -24.  -20.  -20.  -19.  -13.  -12.
  -11.   -9.   -8.   -5.   -4.   -3.   -2.   -2.   -1.   -1.    0.    1.
    1.    3.    5.    9.   13.   16.   19.   24.   26.   27.   36.   37.
   40.   42.   44.   47.   48.   50.   54.   54.   55.   55.   58.   58.
   61.   62.   66.   68.   71.   76.   77.   77.   79.   86.   87.   88.
   88.   91.   96.  100.][-99. -92. -89. -85. -85. -83. -82. -81. -75. -74. -71. -70. -70. -67.
 -66. -64. -61. -58. -58. -58. -53. -52. -51. -48. -46. -44. -42. -38.
 -37. -37. -37. -36. -36. -34. -34. -34. -33. -31. -30. -29. -25. -23.
 -22. -22. -22. -14. -13. -12.  -9.  -4.  -3.  -3.  -1.   3.   5.   6.
   8.   9.  10.  13.  15.  15.  18.  18.  20.  25.  26.  28.  33.  38.
  42.  53.  54.  56.  57.  59.  59.  61.  65.  70.  71.  72.  73.  77.
  77.  78.  84.  85.  86.  86.  88.  91.  93.  95.  95.  97.  97.  97.
  98. 100.][-99. -93. -91. -88. -87. -87. -85. -85. -85. -84. -83. -79. -74. -73.
 -72. -71. -69. -65. -65. -63. -62. -61. -61. -61. -58. -56. -56. -55.
 -55. -54. -54. -51. -48. -47. -47. -46. -39. -36. -33. -32. -28. -27.
 -26. -26. -22. -21. -18. -16. -10.  -9.  -8.  -7.  -6.  -5.  -4.  -4.
  -4.  -3.  -3.   1.   9.  10.  10.  10.  12.  16.  20.  22.  28.  37.
  38.  40.  41.  41.  45.  49.  50.  50.  54.  57.  59.  59.  59.  61.
  70.  72.  73.  79.  80.  80.  81.  83.  83.  88.  88.  92.  98.  98.
  99. 100.][-100.  -99.  -99.  -99.  -98.  -96.  -93.  -90.  -89.  -87.  -85.  -83.
  -81.  -78.  -77.  -67.  -64.  -60.  -59.  -56.  -54.  -54.  -52.  -50.
  -49.  -43.  -42.  -42.  -40.  -31.  -30.  -29.  -27.  -22.  -20.  -19.
  -19.  -18.  -14.  -14.  -13.  -11.   -9.   -6.   -3.   -2.   -1.    2.
    3.    3.   11.   12.   13.   21.   22.   22.   26.   28.   32.   32.
   34.   37.   37.   37.   38.   40.   44.   44.   47.   47.   48.   48.
   52.   54.   57.   58.   60.   61.   61.   62.   62.   63.   64.   70.
   71.   72.   73.   74.   77.   79.   81.   83.   83.   87.   90.   91.
   92.   95.   96.   98.][-98. -98. -98. -97. -94. -92. -90. -88. -86. -86. -86. -81. -80. -75.
 -74. -69. -68. -58. -58. -57. -52. -52. -52. -51. -50. -50. -45. -40.
 -39. -34. -30. -30. -29. -28. -24. -23. -20. -20. -17. -15. -12. -10.
  -9.  -9.  -7.  -6.  -5.  -5.  -3.   0.   2.   4.   7.  10.  13.  15.
  15.  16.  17.  18.  18.  20.  20.  23.  26.  34.  36.  38.  43.  43.
  45.  46.  46.  47.  49.  53.  53.  54.  56.  56.  58.  63.  64.  64.
  64.  65.  66.  69.  73.  75.  79.  82.  91.  92.  93.  94.  94.  97.
  98. 100.][-100.  -99.  -99.  -94.  -93.  -92.  -91.  -89.  -87.  -86.  -81.  -80.
  -76.  -72.  -72.  -66.  -63.  -61.  -60.  -56.  -55.  -52.  -51.  -43.
  -41.  -39.  -38.  -36.  -31.  -30.  -29.  -25.  -17.  -17.  -16.  -16.
  -14.  -12.  -11.   -9.   -8.   -7.    3.    5.    6.    8.    9.    9.
   10.   16.   17.   19.   20.   21.   23.   25.   27.   28.   33.   33.
   33.   33.   34.   36.   38.   39.   43.   44.   45.   46.   49.   50.
   52.   52.   53.   53.   56.   59.   59.   62.   63.   64.   65.   65.
   67.   68.   70.   70.   70.   73.   76.   77.   83.   83.   88.   91.
   96.   96.  100.  100.][-100.  -98.  -97.  -95.  -95.  -94.  -92.  -90.  -88.  -87.  -84.  -83.
  -82.  -80.  -78.  -78.  -77.  -77.  -75.  -73.  -73.  -72.  -68.  -64.
  -64.  -62.  -60.  -54.  -53.  -53.  -52.  -51.  -49.  -48.  -47.  -47.
  -46.  -32.  -31.  -30.  -29.  -28.  -28.  -26.  -20.  -16.  -15.  -14.
  -10.   -9.   -8.   -6.   -6.   -5.   -4.   -2.    2.    2.    2.    8.
   10.   22.   23.   24.   25.   30.   34.   35.   35.   36.   36.   38.
   41.   45.   47.   49.   52.   53.   53.   53.   56.   62.   62.   63.
   64.   66.   70.   71.   77.   80.   80.   80.   85.   86.   89.   89.
   91.   91.   91.   97.][-95. -90. -90. -89. -85. -83. -82. -80. -79. -79. -78. -74. -74. -68.
 -61. -59. -56. -55. -55. -54. -53. -53. -52. -52. -49. -43. -42. -41.
 -34. -33. -31. -31. -29. -29. -28. -28. -28. -27. -26. -24. -24. -23.
 -21. -18. -17. -13.  -9.  -8.  -7.  -5.  -5.  -1.  -1.   1.   3.   7.
   9.  11.  17.  23.  23.  24.  28.  28.  31.  38.  40.  42.  42.  43.
  43.  47.  49.  50.  52.  56.  57.  57.  59.  61.  63.  64.  66.  68.
  72.  74.  75.  76.  76.  80.  82.  82.  82.  83.  91.  93.  95.  96.
  96. 100.][-99. -99. -99. -99. -94. -92. -89. -88. -86. -84. -82. -78. -73. -71.
 -71. -64. -62. -60. -57. -55. -54. -54. -53. -53. -50. -43. -43. -41.
 -39. -38. -35. -33. -33. -31. -30. -30. -30. -28. -27. -26. -23. -21.
 -21. -20. -19. -19. -16. -14.  -9.  -7.  -5.  -1.  -1.   1.  10.  11.
  14.  15.  16.  16.  16.  18.  20.  21.  23.  23.  23.  23.  30.  33.
  33.  40.  41.  53.  53.  53.  54.  64.  64.  65.  68.  69.  73.  73.
  76.  76.  77.  78.  81.  81.  84.  85.  86.  90.  93.  93.  93.  94.
  96.  97.][-100.  -98.  -96.  -96.  -93.  -91.  -91.  -90.  -85.  -83.  -83.  -80.
  -79.  -73.  -73.  -72.  -69.  -69.  -68.  -66.  -65.  -65.  -63.  -61.
  -57.  -53.  -51.  -48.  -48.  -45.  -44.  -43.  -42.  -41.  -37.  -37.
  -37.  -36.  -33.  -32.  -30.  -26.  -25.  -18.  -12.  -11.  -11.   -9.
   -8.   -4.   -1.    2.    5.    8.   10.   11.   13.   16.   17.   19.
   19.   24.   26.   27.   28.   28.   32.   34.   39.   40.   42.   43.
   43.   44.   46.   47.   49.   49.   53.   56.   58.   60.   61.   63.
   63.   63.   65.   66.   69.   73.   78.   81.   84.   86.   88.   92.
   93.   94.  100.  100.][-97. -97. -94. -93. -92. -88. -85. -85. -83. -78. -78. -76. -76. -73.
 -66. -64. -63. -62. -62. -61. -56. -54. -52. -48. -47. -46. -46. -45.
 -45. -44. -43. -42. -41. -39. -37. -34. -31. -30. -29. -26. -20. -17.
 -15. -15. -13. -11. -10. -10.  -9.  -6.  -2.  -2.  -2.   1.   3.   6.
   6.  13.  14.  17.  18.  20.  25.  26.  33.  36.  41.  41.  43.  45.
  45.  47.  50.  52.  55.  62.  67.  70.  70.  71.  74.  76.  76.  77.
  77.  79.  80.  81.  85.  85.  86.  88.  89.  90.  91.  93.  95.  98.
  99. 100.][-100.  -99.  -94.  -94.  -94.  -89.  -88.  -87.  -87.  -87.  -86.  -85.
  -84.  -82.  -82.  -78.  -74.  -71.  -70.  -66.  -62.  -62.  -59.  -56.
  -55.  -52.  -52.  -49.  -48.  -44.  -42.  -42.  -38.  -37.  -37.  -36.
  -35.  -32.  -32.  -31.  -30.  -29.  -25.  -19.  -17.  -16.  -13.   -9.
   -7.   -4.    0.    1.    5.    5.    8.    8.   10.   12.   14.   16.
   21.   21.   21.   27.   29.   30.   31.   33.   33.   34.   36.   43.
   50.   52.   52.   54.   54.   57.   58.   60.   62.   66.   66.   66.
   68.   71.   72.   73.   75.   77.   80.   81.   81.   82.   82.   87.
   88.   88.   90.   97.][-100.  -99.  -98.  -95.  -94.  -90.  -88.  -81.  -78.  -75.  -74.  -74.
  -72.  -71.  -67.  -63.  -56.  -55.  -54.  -53.  -50.  -50.  -47.  -46.
  -45.  -45.  -43.  -39.  -38.  -30.  -29.  -26.  -22.  -22.  -22.  -17.
  -12.  -10.   -6.   -5.   -4.   -2.    3.    7.    8.   10.   10.   16.
   18.   18.   20.   23.   25.   25.   28.   28.   31.   33.   33.   34.
   39.   39.   39.   40.   40.   40.   41.   42.   44.   45.   48.   49.
   51.   52.   54.   54.   56.   57.   63.   63.   66.   66.   66.   69.
   69.   70.   75.   77.   78.   78.   79.   81.   83.   87.   90.   90.
   95.   95.   97.   97.][-98. -97. -97. -97. -95. -91. -87. -84. -84. -83. -81. -81. -79. -78.
 -75. -74. -73. -72. -67. -66. -64. -61. -61. -59. -58. -57. -56. -54.
 -50. -47. -46. -42. -39. -37. -35. -34. -33. -31. -31. -30. -29. -25.
 -24. -18. -17. -16. -15. -14. -11. -11. -10.  -9.  -6.  -5.  -4.  -2.
   2.   3.   8.   9.  11.  13.  14.  18.  19.  20.  21.  22.  22.  24.
  25.  30.  30.  31.  33.  33.  45.  47.  48.  52.  55.  55.  55.  57.
  58.  62.  62.  63.  63.  72.  72.  80.  86.  87.  88.  90.  91.  94.
  95.  98.][-98. -97. -97. -96. -95. -94. -94. -92. -90. -85. -85. -82. -81. -75.
 -73. -68. -68. -66. -63. -56. -55. -54. -46. -46. -46. -45. -44. -43.
 -39. -33. -20. -20. -20. -17. -17. -15. -14. -12. -11. -10.  -7.  -7.
  -6.  -1.   0.   4.   6.   8.  12.  16.  19.  21.  22.  23.  23.  37.
  37.  42.  43.  43.  45.  45.  48.  49.  49.  51.  52.  52.  52.  53.
  55.  60.  60.  63.  63.  66.  67.  67.  68.  68.  69.  69.  70.  73.
  73.  75.  76.  77.  79.  80.  81.  86.  86.  88.  90.  94.  97.  98.
  98. 100.][-99. -98. -97. -94. -93. -93. -89. -81. -80. -79. -78. -78. -76. -74.
 -73. -68. -66. -64. -62. -60. -58. -51. -49. -48. -48. -41. -41. -39.
 -38. -37. -34. -33. -33. -33. -32. -28. -28. -27. -25. -22. -20. -14.
 -13. -10.  -6.  -5.  -4.  -2.  -1.   5.   6.   7.   9.   9.   9.   9.
  10.  13.  14.  15.  16.  19.  29.  30.  30.  37.  37.  39.  40.  42.
  46.  47.  48.  49.  52.  53.  55.  56.  57.  58.  61.  61.  63.  65.
  68.  71.  72.  74.  76.  77.  77.  81.  84.  85.  87.  89.  92.  94.
  98. 100.][-95. -88. -86. -85. -83. -82. -78. -78. -77. -76. -62. -62. -58. -49.
 -48. -46. -41. -40. -39. -38. -35. -33. -27. -26. -22. -21. -20. -19.
 -19. -17. -16. -16. -15. -13. -13. -13. -12. -10. -10.  -9.  -8.  -7.
  -1.  -1.   0.   1.   5.   6.  14.  19.  20.  22.  24.  26.  27.  27.
  30.  33.  34.  34.  34.  35.  35.  36.  37.  39.  40.  44.  45.  48.
  50.  52.  53.  53.  56.  59.  59.  60.  61.  61.  61.  62.  63.  65.
  68.  70.  71.  73.  73.  77.  79.  81.  81.  82.  83.  86.  87.  91.
  92.  99.][-93. -93. -92. -88. -88. -87. -85. -83. -82. -80. -78. -76. -71. -70.
 -70. -68. -66. -65. -64. -63. -59. -53. -52. -45. -44. -43. -43. -42.
 -42. -41. -38. -33. -32. -29. -28. -26. -26. -24. -23. -21. -20. -18.
 -15. -12. -12. -11. -11.  -9.  -7.  -7.  -2.   5.   6.   8.   9.  12.
  13.  14.  15.  16.  22.  23.  24.  26.  27.  27.  27.  30.  31.  35.
  37.  47.  49.  50.  51.  52.  61.  61.  63.  63.  63.  64.  67.  70.
  71.  72.  73.  74.  74.  78.  84.  86.  87.  88.  91.  92.  92.  95.
  95. 100.][-95. -89. -89. -83. -82. -82. -80. -78. -78. -78. -78. -76. -74. -73.
 -72. -67. -66. -64. -63. -54. -52. -51. -47. -43. -41. -40. -39. -37.
 -34. -33. -27. -26. -26. -25. -24. -23. -22. -20. -16. -14. -12. -10.
  -8.  -7.  -6.  -6.  -5.   1.   2.   5.   6.   9.  10.  12.  13.  13.
  21.  23.  23.  25.  26.  26.  29.  29.  31.  33.  35.  37.  41.  43.
  45.  47.  47.  48.  49.  52.  53.  55.  59.  60.  61.  62.  63.  63.
  67.  70.  70.  72.  72.  72.  73.  82.  85.  88.  97.  97.  97.  98.
  98. 100.][-100.  -96.  -92.  -90.  -90.  -88.  -85.  -84.  -83.  -80.  -78.  -77.
  -74.  -71.  -71.  -68.  -67.  -65.  -65.  -60.  -57.  -56.  -52.  -51.
  -49.  -47.  -42.  -42.  -39.  -38.  -38.  -37.  -35.  -32.  -32.  -24.
  -24.  -22.  -22.  -21.  -17.  -16.  -16.  -14.  -12.  -11.   -9.   -6.
   -6.   -3.    0.    1.    2.    4.    4.    6.    8.    9.   11.   12.
   17.   18.   20.   23.   28.   31.   31.   34.   34.   35.   36.   36.
   37.   38.   39.   41.   42.   42.   45.   45.   45.   46.   47.   48.
   48.   48.   51.   52.   53.   56.   63.   68.   68.   75.   78.   79.
   85.   85.   85.   94.][-100.  -98.  -94.  -92.  -89.  -85.  -84.  -82.  -78.  -78.  -76.  -73.
  -68.  -64.  -62.  -62.  -56.  -51.  -50.  -46.  -45.  -44.  -40.  -38.
  -37.  -35.  -34.  -34.  -33.  -33.  -32.  -31.  -29.  -29.  -28.  -25.
  -24.  -23.  -22.  -19.  -16.  -15.  -15.  -14.   -9.   -5.   -3.    3.
    4.    4.    5.    7.   10.   10.   11.   17.   20.   21.   22.   27.
   30.   31.   33.   35.   35.   39.   41.   46.   46.   47.   47.   49.
   54.   55.   57.   59.   62.   63.   63.   64.   64.   66.   67.   68.
   68.   71.   74.   76.   79.   80.   83.   86.   90.   91.   92.   93.
   94.   97.   97.  100.][-100.  -96.  -92.  -90.  -90.  -86.  -84.  -81.  -81.  -77.  -74.  -74.
  -68.  -67.  -65.  -65.  -60.  -59.  -59.  -58.  -58.  -57.  -57.  -57.
  -55.  -53.  -51.  -51.  -47.  -45.  -45.  -41.  -40.  -39.  -38.  -35.
  -34.  -34.  -33.  -28.  -27.  -27.  -24.  -21.  -18.  -15.  -13.  -12.
  -11.   -8.   -4.    1.    3.    5.    8.   10.   11.   16.   19.   20.
   21.   23.   23.   24.   27.   33.   34.   38.   43.   44.   44.   45.
   48.   51.   54.   54.   55.   57.   60.   60.   61.   63.   63.   66.
   70.   71.   72.   72.   74.   75.   79.   80.   83.   87.   88.   90.
   91.   91.   97.   98.][-99. -98. -92. -92. -92. -92. -89. -87. -86. -85. -82. -76. -74. -74.
 -73. -70. -68. -67. -62. -62. -59. -58. -58. -57. -56. -54. -54. -54.
 -53. -51. -44. -34. -34. -33. -33. -33. -33. -27. -24. -21. -20. -18.
 -17. -12. -11. -10.  -9.  -6.  -5.  -5.  -3.  -3.  -2.  -1.   1.   4.
   7.   7.   8.   9.  11.  12.  16.  17.  19.  28.  29.  32.  34.  36.
  38.  38.  39.  39.  42.  42.  42.  49.  52.  52.  55.  57.  60.  64.
  65.  68.  69.  72.  73.  75.  75.  77.  77.  83.  86.  87.  87.  90.
  90.  98.][-99. -97. -94. -91. -89. -89. -87. -87. -86. -85. -84. -78. -78. -76.
 -73. -71. -68. -65. -65. -64. -59. -58. -58. -57. -49. -47. -45. -40.
 -39. -37. -37. -37. -36. -35. -35. -31. -30. -28. -27. -27. -27. -26.
 -25. -23. -22. -21. -18. -18. -15. -12. -11. -11.  -9.  -7.  -6.  -4.
  -4.  -3.  -3.  -1.   2.   3.   3.   7.  16.  16.  21.  25.  30.  31.
  35.  35.  39.  39.  40.  41.  45.  50.  50.  51.  52.  56.  62.  63.
  63.  63.  68.  72.  73.  76.  76.  83.  84.  85.  87.  88.  90.  90.
  94. 100.][-99. -99. -97. -96. -95. -95. -94. -89. -87. -85. -83. -79. -78. -77.
 -77. -73. -73. -68. -65. -59. -58. -56. -56. -55. -54. -53. -51. -50.
 -50. -46. -45. -43. -42. -42. -41. -40. -39. -38. -37. -33. -26. -25.
 -24. -21. -20. -18. -17. -17. -14. -13. -12. -12. -11.  -8.  -7.  -6.
   2.   3.   5.   6.   7.  10.  11.  15.  15.  16.  16.  17.  19.  21.
  21.  25.  25.  25.  26.  27.  32.  39.  42.  46.  47.  48.  50.  51.
  59.  61.  62.  62.  64.  65.  72.  73.  83.  83.  84.  86.  87.  89.
  93.  95.][-100.  -95.  -95.  -89.  -88.  -87.  -86.  -86.  -85.  -82.  -78.  -78.
  -77.  -72.  -66.  -64.  -59.  -55.  -53.  -51.  -51.  -46.  -43.  -42.
  -41.  -37.  -36.  -36.  -35.  -35.  -35.  -34.  -34.  -33.  -32.  -28.
  -27.  -24.  -23.  -17.  -16.  -14.  -11.   -9.   -8.   -7.   -4.   -3.
   -1.    1.    4.    4.    8.   11.   11.   13.   14.   15.   15.   16.
   18.   27.   29.   32.   34.   34.   35.   37.   38.   40.   40.   41.
   42.   51.   53.   54.   55.   56.   58.   59.   60.   62.   67.   67.
   70.   72.   73.   75.   76.   77.   80.   81.   81.   86.   86.   89.
   91.   94.   96.   98.][-100.  -99.  -98.  -98.  -94.  -93.  -92.  -91.  -90.  -84.  -83.  -81.
  -81.  -77.  -77.  -75.  -68.  -67.  -64.  -62.  -61.  -58.  -57.  -49.
  -48.  -46.  -45.  -44.  -43.  -42.  -42.  -41.  -37.  -37.  -34.  -33.
  -30.  -28.  -25.  -20.  -20.  -20.  -17.  -17.  -16.   -9.   -9.   -9.
   -3.   -3.    0.    5.    6.    9.    9.   10.   11.   12.   15.   17.
   19.   20.   20.   20.   22.   25.   28.   29.   35.   37.   39.   40.
   42.   43.   44.   46.   52.   54.   55.   56.   56.   57.   61.   62.
   64.   65.   70.   74.   74.   78.   79.   79.   83.   84.   87.   90.
   92.   97.   98.  100.][-99. -98. -96. -89. -85. -82. -78. -77. -76. -76. -73. -70. -69. -69.
 -66. -66. -65. -65. -62. -62. -58. -58. -57. -55. -51. -49. -44. -43.
 -43. -41. -41. -39. -38. -37. -33. -32. -32. -31. -28. -26. -26. -21.
 -17. -17.  -9.  -3.  -3.   0.   1.   7.   8.   8.  10.  13.  14.  16.
  17.  17.  18.  21.  28.  31.  31.  32.  33.  33.  35.  37.  38.  38.
  38.  41.  43.  47.  51.  51.  51.  52.  52.  52.  52.  55.  57.  58.
  67.  67.  68.  68.  69.  77.  81.  81.  83.  86.  90.  96.  98.  98.
  99. 100.][-99. -95. -94. -93. -91. -91. -89. -84. -80. -78. -78. -77. -70. -68.
 -68. -66. -63. -62. -61. -61. -56. -55. -51. -47. -43. -42. -36. -35.
 -32. -28. -24. -24. -23. -22. -18. -17. -16. -16. -15. -14. -12. -11.
 -10.  -9.  -8.  -7.  -4.  -3.   7.   8.  13.  13.  14.  15.  17.  17.
  17.  21.  21.  21.  23.  24.  26.  27.  28.  32.  32.  33.  37.  38.
  40.  43.  45.  46.  46.  47.  49.  52.  54.  55.  61.  62.  62.  67.
  67.  67.  68.  69.  71.  82.  83.  85.  85.  86.  89.  90.  92.  93.
  97.  98.][-99. -96. -94. -92. -91. -89. -87. -86. -86. -86. -85. -84. -84. -84.
 -81. -81. -81. -79. -78. -76. -75. -68. -68. -67. -65. -60. -58. -58.
 -56. -56. -55. -55. -52. -51. -50. -50. -48. -46. -45. -44. -43. -43.
 -39. -38. -38. -38. -37. -34. -34. -20. -20. -15. -12. -11.  -8.  -4.
  -2.   2.   2.   2.   5.   9.   9.  13.  21.  23.  38.  39.  39.  43.
  47.  47.  51.  52.  53.  53.  56.  57.  57.  57.  59.  59.  60.  63.
  64.  69.  76.  77.  79.  80.  84.  85.  88.  90.  91.  93.  95.  98.
  98. 100.][-96. -95. -93. -89. -88. -87. -82. -80. -79. -77. -77. -77. -74. -70.
 -70. -67. -65. -62. -61. -59. -52. -52. -48. -46. -45. -44. -41. -40.
 -40. -39. -38. -38. -33. -30. -29. -28. -27. -20. -19. -15. -10. -10.
  -8.  -7.  -7.  -4.  -3.  -1.  -1.  -1.   1.   6.   8.   9.   9.  11.
  12.  14.  15.  17.  18.  24.  27.  29.  41.  42.  47.  48.  50.  54.
  59.  60.  62.  62.  65.  65.  69.  69.  76.  76.  76.  77.  79.  80.
  81.  81.  81.  83.  84.  84.  86.  86.  89.  91.  91.  91.  92.  95.
  97. 100.][-100.  -99.  -96.  -96.  -94.  -93.  -92.  -88.  -86.  -85.  -74.  -71.
  -69.  -69.  -65.  -62.  -61.  -60.  -58.  -56.  -45.  -43.  -38.  -37.
  -32.  -29.  -28.  -20.  -18.  -15.  -14.  -13.  -13.   -8.   -6.   -3.
   -1.    1.    2.    3.    4.    4.    5.    6.    6.   11.   11.   12.
   15.   15.   17.   18.   18.   19.   24.   26.   29.   29.   31.   31.
   32.   34.   34.   35.   42.   43.   44.   44.   45.   45.   48.   53.
   53.   54.   55.   57.   58.   62.   63.   67.   69.   70.   71.   71.
   73.   74.   79.   80.   82.   84.   84.   85.   86.   89.   90.   91.
   93.   99.   99.   99.][-100.  -99.  -99.  -97.  -97.  -91.  -88.  -87.  -84.  -81.  -80.  -79.
  -77.  -73.  -72.  -72.  -71.  -71.  -70.  -69.  -66.  -66.  -64.  -61.
  -59.  -58.  -58.  -54.  -51.  -50.  -48.  -41.  -36.  -33.  -33.  -25.
  -24.  -22.  -21.  -17.  -14.   -4.   -3.   -2.   -1.    0.    1.    2.
    2.    5.    6.    7.    7.   12.   15.   18.   19.   20.   24.   24.
   25.   25.   26.   27.   32.   33.   34.   34.   36.   37.   38.   42.
   42.   44.   45.   47.   49.   51.   51.   56.   56.   59.   60.   65.
   66.   69.   69.   71.   71.   75.   76.   78.   79.   80.   80.   83.
   87.   87.   88.   91.][-100.  -98.  -92.  -90.  -90.  -86.  -86.  -85.  -85.  -84.  -80.  -75.
  -68.  -66.  -64.  -63.  -62.  -59.  -58.  -58.  -54.  -52.  -51.  -50.
  -49.  -48.  -48.  -46.  -44.  -43.  -42.  -36.  -35.  -35.  -31.  -28.
  -27.  -25.  -23.  -20.  -20.  -20.  -16.   -9.   -7.   -7.   -6.   -4.
   -3.   -3.   -1.    0.    0.    1.    2.    4.    4.    4.    5.    9.
   16.   20.   21.   33.   38.   39.   41.   41.   42.   43.   44.   46.
   46.   50.   55.   57.   61.   61.   61.   62.   63.   63.   67.   70.
   70.   70.   73.   75.   76.   78.   79.   81.   86.   89.   89.   90.
   95.   95.   97.  100.][-100.  -99.  -99.  -95.  -94.  -93.  -90.  -90.  -87.  -85.  -81.  -77.
  -74.  -71.  -68.  -68.  -68.  -67.  -63.  -61.  -57.  -57.  -55.  -54.
  -51.  -51.  -50.  -43.  -39.  -37.  -26.  -23.  -23.  -21.  -19.  -18.
  -17.  -14.  -12.  -11.  -10.   -9.   -5.   -5.   -4.   -3.   -2.    1.
    3.   13.   15.   17.   23.   23.   25.   29.   30.   32.   33.   35.
   38.   42.   42.   46.   47.   48.   49.   49.   49.   52.   54.   55.
   55.   57.   59.   61.   62.   63.   63.   67.   67.   68.   68.   68.
   71.   77.   78.   80.   81.   81.   85.   85.   86.   86.   89.   91.
   91.   95.   97.   99.][-100.  -99.  -98.  -96.  -95.  -94.  -93.  -92.  -91.  -88.  -87.  -84.
  -84.  -83.  -81.  -78.  -77.  -77.  -74.  -69.  -69.  -67.  -65.  -64.
  -58.  -57.  -57.  -55.  -54.  -52.  -46.  -45.  -43.  -42.  -33.  -31.
  -31.  -31.  -27.  -27.  -23.  -21.  -19.  -18.  -12.   -9.   -5.   -4.
   -1.    0.    3.    5.    5.    6.    7.    8.    9.   11.   13.   13.
   20.   22.   31.   32.   36.   36.   40.   41.   44.   50.   52.   56.
   57.   58.   59.   61.   64.   64.   65.   66.   70.   73.   73.   74.
   76.   76.   79.   79.   81.   83.   84.   85.   87.   92.   94.   94.
   94.   95.   96.  100.][-100.  -99.  -98.  -95.  -95.  -93.  -86.  -86.  -80.  -78.  -77.  -76.
  -76.  -75.  -74.  -74.  -72.  -67.  -66.  -64.  -62.  -57.  -55.  -51.
  -50.  -48.  -48.  -46.  -44.  -43.  -43.  -43.  -42.  -37.  -36.  -31.
  -31.  -29.  -24.  -22.  -22.  -21.  -20.  -16.  -14.  -10.   -9.   -6.
   -5.   -3.    0.    2.    5.    5.    7.    8.    8.    9.   13.   21.
   24.   26.   26.   26.   26.   28.   34.   39.   41.   42.   45.   45.
   48.   49.   54.   55.   55.   59.   65.   65.   67.   68.   69.   69.
   72.   75.   79.   80.   83.   84.   85.   86.   88.   88.   93.   93.
   95.   96.   97.   99.][-96. -96. -95. -91. -89. -87. -87. -86. -81. -81. -81. -80. -75. -75.
 -68. -67. -66. -62. -61. -60. -60. -58. -57. -57. -56. -56. -55. -51.
 -49. -38. -36. -36. -34. -27. -26. -21. -11. -10.  -6.  -4.  -3.   0.
   5.   6.   7.   8.   8.   9.   9.  11.  13.  16.  18.  19.  20.  20.
  22.  24.  30.  32.  32.  34.  34.  35.  36.  37.  37.  39.  42.  42.
  43.  48.  48.  49.  54.  54.  60.  60.  61.  62.  65.  66.  67.  70.
  71.  75.  76.  80.  80.  83.  88.  89.  90.  91.  95.  97.  98.  98.
 100. 100.][-95. -94. -94. -91. -88. -88. -85. -84. -84. -82. -82. -78. -73. -73.
 -71. -68. -62. -59. -55. -54. -54. -51. -48. -47. -46. -45. -45. -44.
 -41. -40. -40. -37. -32. -32. -27. -23. -21. -17. -17. -10.  -9.  -9.
  -8.  -8.  -7.  -7.  -6.  -5.  -5.  -4.   1.   4.   5.   8.   8.  10.
  10.  11.  12.  12.  14.  15.  17.  19.  19.  19.  20.  21.  23.  24.
  26.  26.  27.  30.  31.  32.  32.  36.  39.  40.  40.  45.  50.  57.
  62.  64.  64.  66.  68.  72.  77.  79.  83.  86.  90.  91.  95.  96.
  96. 100.][-99. -98. -96. -91. -90. -89. -89. -89. -87. -87. -81. -75. -75. -75.
 -74. -71. -68. -67. -67. -60. -59. -56. -54. -54. -52. -52. -52. -48.
 -45. -43. -42. -38. -37. -36. -33. -29. -22. -20. -19. -18. -15. -14.
 -13. -12.  -9.  -8.  -7.  -3.  -3.   3.   6.   7.   8.  11.  16.  16.
  17.  21.  22.  23.  29.  30.  32.  32.  33.  35.  35.  37.  37.  39.
  45.  46.  46.  47.  50.  54.  54.  57.  60.  60.  61.  61.  62.  64.
  64.  66.  71.  74.  80.  81.  81.  83.  86.  86.  87.  88.  88.  89.
  92.  95.][-99. -99. -93. -91. -91. -89. -86. -84. -80. -79. -75. -74. -71. -71.
 -71. -70. -70. -69. -62. -59. -59. -56. -56. -54. -54. -50. -50. -47.
 -45. -42. -35. -34. -32. -31. -30. -29. -27. -27. -27. -27. -26. -22.
 -22. -20. -19. -18. -16. -13. -13. -12. -11.  -8.  -7.  -4.  -3.   0.
   3.   9.  12.  12.  15.  17.  17.  19.  23.  24.  25.  27.  29.  30.
  30.  33.  34.  35.  35.  38.  41.  47.  49.  53.  54.  55.  56.  58.
  62.  68.  68.  69.  70.  71.  72.  72.  73.  80.  81.  83.  86.  92.
  93.  98.][-100.  -96.  -91.  -86.  -86.  -82.  -82.  -79.  -79.  -77.  -76.  -73.
  -72.  -72.  -71.  -70.  -70.  -70.  -67.  -61.  -60.  -57.  -54.  -51.
  -50.  -49.  -45.  -43.  -41.  -40.  -38.  -34.  -31.  -30.  -30.  -28.
  -21.  -20.  -17.  -17.  -16.  -16.  -14.  -11.  -10.   -9.   -8.   -7.
   -3.   -3.   -2.    2.    3.    4.    8.   11.   11.   13.   17.   18.
   20.   20.   21.   23.   23.   24.   30.   34.   35.   35.   36.   38.
   41.   42.   42.   48.   49.   50.   51.   51.   54.   61.   61.   62.
   66.   69.   75.   76.   77.   82.   83.   84.   87.   89.   89.   94.
   95.   97.   98.  100.][-97. -97. -95. -87. -82. -79. -77. -76. -75. -74. -73. -67. -61. -61.
 -57. -56. -55. -55. -54. -53. -52. -39. -38. -37. -37. -35. -35. -33.
 -32. -30. -27. -21. -15. -13. -13. -11. -11.  -8.  -6.  -5.   1.   2.
   5.   5.   6.  16.  19.  19.  19.  21.  23.  26.  27.  29.  31.  33.
  34.  34.  37.  38.  39.  41.  41.  43.  44.  45.  45.  45.  48.  48.
  54.  54.  55.  56.  58.  63.  64.  65.  66.  67.  67.  68.  70.  75.
  77.  79.  79.  80.  81.  81.  81.  83.  84.  84.  88.  90.  92.  97.
  98.  98.][-99. -97. -97. -94. -90. -89. -89. -88. -87. -85. -84. -80. -80. -77.
 -71. -70. -66. -62. -61. -60. -58. -54. -53. -50. -47. -39. -39. -35.
 -34. -33. -32. -31. -28. -28. -26. -24. -24. -24. -22. -20. -19. -18.
 -17. -16. -15. -15. -12. -10.  -9.  -4.  -1.  -1.   4.   4.   6.   6.
   7.   7.   8.  19.  21.  22.  23.  23.  25.  27.  31.  32.  32.  33.
  36.  37.  38.  39.  39.  40.  40.  42.  42.  46.  46.  48.  49.  49.
  49.  53.  61.  63.  67.  71.  77.  80.  86.  86.  88.  92.  92.  93.
  94.  94.][-97. -96. -94. -92. -92. -89. -89. -89. -88. -85. -84. -83. -82. -80.
 -76. -75. -73. -71. -70. -65. -65. -62. -61. -52. -51. -51. -40. -39.
 -38. -38. -37. -37. -36. -30. -30. -29. -27. -25. -23. -21. -19. -11.
 -10.  -9.  -7.  -6.  -5.  -4.  -4.  -3.  -3.   0.   3.   4.   4.   7.
   8.  16.  16.  20.  20.  22.  24.  24.  25.  25.  25.  27.  29.  29.
  31.  31.  32.  33.  34.  38.  39.  40.  40.  42.  43.  44.  54.  56.
  58.  64.  68.  68.  75.  75.  77.  77.  81.  81.  84.  87.  93.  95.
  96. 100.][-99. -98. -98. -97. -96. -96. -92. -87. -84. -82. -81. -78. -78. -73.
 -69. -69. -67. -64. -62. -61. -59. -57. -57. -57. -56. -55. -54. -52.
 -49. -43. -43. -42. -42. -37. -32. -30. -29. -28. -28. -19. -17. -14.
 -14. -11.  -6.  -4.  -3.  -1.   1.   3.   3.   6.   6.   6.   7.   7.
   8.  10.  10.  12.  13.  14.  15.  17.  18.  18.  26.  27.  28.  32.
  32.  33.  35.  38.  41.  43.  44.  46.  49.  54.  55.  64.  65.  67.
  68.  71.  71.  71.  72.  74.  76.  78.  79.  89.  90.  92.  92.  93.
  94.  97.][-100.  -94.  -93.  -89.  -88.  -86.  -80.  -78.  -78.  -78.  -75.  -75.
  -72.  -71.  -68.  -67.  -66.  -66.  -60.  -60.  -59.  -56.  -55.  -53.
  -52.  -50.  -49.  -45.  -44.  -41.  -40.  -39.  -35.  -34.  -34.  -33.
  -31.  -31.  -25.  -22.  -20.  -16.  -15.  -15.  -13.  -12.   -8.   -7.
   -7.   -4.   -1.    1.    1.    2.    4.    4.    7.    9.   10.   16.
   16.   16.   16.   23.   25.   27.   28.   28.   29.   32.   34.   35.
   36.   40.   40.   46.   46.   47.   49.   55.   57.   58.   60.   62.
   68.   68.   70.   73.   73.   74.   76.   79.   80.   83.   86.   90.
   98.   99.  100.  100.][-100.  -99.  -92.  -91.  -90.  -90.  -90.  -83.  -83.  -78.  -78.  -76.
  -75.  -71.  -69.  -69.  -65.  -61.  -59.  -56.  -45.  -42.  -39.  -34.
  -34.  -33.  -31.  -31.  -30.  -27.  -27.  -26.  -25.  -23.  -21.  -20.
  -20.  -18.  -17.  -17.  -16.  -13.  -11.  -11.  -10.   -6.   -2.    0.
    8.   10.   11.   13.   14.   16.   17.   18.   22.   24.   24.   27.
   29.   31.   31.   32.   35.   35.   35.   39.   40.   45.   48.   48.
   50.   53.   54.   56.   60.   61.   62.   63.   63.   65.   65.   65.
   66.   67.   68.   69.   69.   74.   75.   80.   81.   83.   87.   94.
   95.   97.   98.   99.][-100.  -99.  -98.  -97.  -93.  -91.  -88.  -88.  -86.  -83.  -80.  -78.
  -77.  -73.  -71.  -71.  -71.  -70.  -70.  -68.  -67.  -67.  -66.  -66.
  -59.  -57.  -55.  -54.  -53.  -52.  -52.  -52.  -51.  -47.  -45.  -44.
  -42.  -40.  -39.  -38.  -37.  -37.  -36.  -35.  -35.  -34.  -33.  -29.
  -25.  -24.  -24.  -21.   -9.   -8.   -7.   -7.   -5.   -5.   -4.    5.
    6.    7.    7.    8.   13.   15.   19.   19.   24.   25.   30.   30.
   33.   34.   35.   39.   45.   48.   50.   50.   55.   59.   61.   63.
   65.   67.   69.   69.   70.   71.   72.   74.   77.   79.   82.   83.
   84.   92.   93.   97.][-99. -99. -99. -98. -93. -92. -91. -91. -88. -78. -75. -74. -70. -69.
 -69. -64. -61. -60. -60. -56. -53. -53. -49. -49. -48. -47. -43. -40.
 -38. -37. -36. -29. -26. -23. -22. -22. -18. -17. -17. -15. -15. -12.
 -12. -11. -10.  -9.  -7.  -5.  -4.  -1.  -1.  -1.   4.   6.   8.   8.
   8.   8.   9.  18.  22.  23.  24.  24.  26.  31.  31.  33.  33.  35.
  36.  37.  40.  40.  48.  49.  52.  53.  55.  57.  60.  61.  61.  62.
  63.  65.  69.  69.  69.  70.  72.  72.  73.  79.  79.  87.  92.  94.
  95.  99.][-98. -97. -96. -95. -94. -92. -91. -90. -88. -88. -86. -84. -84. -82.
 -80. -77. -74. -70. -69. -67. -66. -61. -57. -50. -50. -50. -47. -44.
 -38. -36. -34. -31. -31. -28. -28. -28. -24. -24. -23. -18. -17. -13.
 -13. -10. -10. -10.  -9.  -4.  -4.  -3.  -3.  -2.  -1.   5.   5.  14.
  15.  15.  18.  20.  20.  21.  21.  21.  21.  21.  23.  25.  31.  34.
  36.  37.  43.  43.  44.  45.  49.  49.  50.  57.  59.  61.  63.  63.
  65.  69.  76.  79.  82.  83.  85.  86.  87.  89.  90.  93.  95.  96.
  97.  99.][-96. -95. -94. -92. -90. -84. -83. -77. -76. -71. -71. -71. -66. -63.
 -61. -60. -59. -58. -55. -55. -54. -51. -50. -50. -48. -48. -47. -46.
 -45. -45. -42. -41. -40. -40. -39. -37. -35. -32. -28. -27. -21. -20.
 -17. -14. -13. -12. -11.  -7.  -7.  -2.   0.   1.   3.   4.   8.   8.
  13.  16.  21.  23.  26.  28.  32.  33.  37.  39.  43.  43.  47.  48.
  49.  49.  51.  55.  56.  62.  66.  66.  67.  69.  70.  72.  73.  74.
  76.  76.  78.  79.  81.  82.  82.  86.  88.  91.  92.  94.  95.  96.
  97. 100.][-100. -100.  -99.  -97.  -94.  -93.  -93.  -93.  -92.  -92.  -91.  -82.
  -82.  -82.  -76.  -74.  -72.  -70.  -68.  -68.  -67.  -64.  -59.  -59.
  -58.  -56.  -55.  -55.  -52.  -43.  -40.  -39.  -39.  -38.  -38.  -35.
  -32.  -31.  -31.  -25.  -25.  -24.  -23.  -22.  -22.  -22.  -20.  -17.
  -16.  -16.  -14.   -7.   -5.   -4.   -1.    0.    1.    3.    4.    5.
    5.    5.    6.    8.    9.   11.   13.   15.   17.   21.   26.   28.
   29.   37.   43.   44.   45.   45.   48.   49.   55.   55.   58.   59.
   68.   69.   70.   75.   76.   80.   82.   83.   85.   86.   88.   89.
   91.   92.   94.  100.][-97. -95. -93. -91. -90. -90. -88. -85. -82. -81. -81. -79. -77. -76.
 -76. -75. -74. -74. -69. -68. -66. -65. -64. -61. -61. -53. -48. -48.
 -47. -47. -46. -46. -45. -45. -44. -44. -44. -41. -41. -36. -33. -29.
 -28. -22. -22. -20. -17. -16. -14. -13. -13. -13. -13. -10.  -9.  -6.
  -4.  -3.  -2.   3.   6.  10.  10.  11.  17.  22.  25.  25.  26.  29.
  36.  37.  40.  42.  43.  43.  45.  50.  56.  57.  64.  69.  71.  73.
  75.  76.  76.  79.  80.  81.  85.  87.  88.  91.  92.  92.  93.  96.
  97.  99.][-97. -96. -95. -93. -92. -91. -88. -84. -82. -81. -78. -73. -68. -68.
 -68. -66. -66. -63. -63. -62. -62. -61. -59. -57. -55. -55. -54. -53.
 -53. -50. -49. -48. -48. -46. -46. -45. -44. -44. -42. -35. -35. -32.
 -29. -27. -26. -15. -11. -11.  -5.  -4.  -2.   0.   1.   8.   8.  13.
  20.  21.  23.  27.  30.  33.  33.  38.  38.  39.  41.  41.  42.  44.
  44.  44.  46.  49.  51.  52.  52.  63.  63.  65.  66.  66.  66.  67.
  71.  72.  73.  78.  85.  86.  88.  90.  91.  92.  93.  97.  97.  98.
  98. 100.][-100.  -90.  -90.  -89.  -89.  -87.  -83.  -75.  -73.  -73.  -69.  -69.
  -69.  -68.  -65.  -59.  -56.  -56.  -55.  -53.  -53.  -51.  -48.  -48.
  -47.  -46.  -45.  -45.  -36.  -33.  -32.  -32.  -32.  -30.  -30.  -28.
  -25.  -18.  -17.  -13.  -12.  -12.  -11.   -5.   -4.   -3.   -2.    6.
    7.    8.   10.   11.   11.   12.   14.   15.   17.   21.   21.   22.
   24.   26.   27.   27.   28.   28.   31.   31.   37.   41.   43.   44.
   48.   49.   51.   51.   53.   53.   53.   55.   56.   59.   60.   72.
   79.   80.   82.   84.   85.   89.   92.   93.   94.   95.   95.   95.
   95.   96.   97.  100.][-98. -97. -92. -86. -85. -84. -84. -80. -77. -77. -77. -73. -73. -70.
 -69. -68. -68. -64. -63. -54. -48. -46. -46. -45. -45. -44. -43. -40.
 -40. -39. -34. -34. -33. -32. -31. -25. -24. -21. -20. -19. -17. -17.
 -15.  -9.  -8.  -6.  -5.  -1.   0.   5.   9.  12.  13.  16.  18.  19.
  24.  24.  26.  28.  30.  35.  36.  37.  38.  40.  46.  49.  52.  52.
  54.  56.  58.  59.  60.  60.  61.  62.  62.  62.  65.  68.  69.  69.
  70.  71.  74.  75.  77.  81.  85.  90.  91.  91.  93.  94.  95.  96.
  97.  99.][-100. -100.  -99.  -98.  -94.  -94.  -94.  -93.  -91.  -91.  -89.  -86.
  -83.  -82.  -82.  -81.  -76.  -75.  -75.  -74.  -72.  -67.  -65.  -63.
  -60.  -59.  -55.  -53.  -43.  -40.  -39.  -38.  -36.  -35.  -34.  -29.
  -27.  -27.  -25.  -24.  -21.  -18.  -18.  -16.  -15.  -15.  -12.  -11.
  -11.  -11.   -8.   -7.   -3.    3.    8.   10.   15.   15.   19.   32.
   39.   41.   43.   49.   50.   52.   52.   54.   55.   55.   57.   62.
   62.   64.   66.   66.   67.   70.   74.   74.   75.   76.   76.   81.
   83.   83.   85.   85.   88.   88.   88.   93.   93.   94.   95.   96.
   96.   96.   98.   99.][-97. -95. -87. -85. -84. -82. -82. -80. -71. -71. -70. -67. -67. -67.
 -66. -65. -62. -60. -59. -58. -55. -54. -50. -48. -48. -47. -47. -45.
 -40. -37. -36. -36. -35. -33. -33. -32. -28. -28. -28. -25. -23. -20.
 -15. -13.  -7.  -6.  -2.  -1.   0.   0.   1.   6.   6.  11.  13.  16.
  23.  24.  25.  30.  32.  35.  35.  38.  38.  40.  41.  47.  53.  53.
  53.  54.  55.  55.  55.  59.  60.  61.  62.  65.  65.  66.  69.  70.
  72.  73.  81.  83.  84.  84.  84.  84.  89.  90.  90.  92.  95.  96.
  96.  96.][-99. -97. -97. -96. -95. -93. -90. -87. -86. -85. -84. -83. -79. -75.
 -74. -71. -67. -65. -65. -65. -64. -61. -60. -58. -58. -57. -54. -53.
 -51. -50. -49. -44. -41. -41. -40. -39. -35. -30. -29. -23. -22. -22.
 -10.  -9.  -9.  -7.  -5.  -3.  -2.   2.   4.   4.   4.   5.   5.   6.
   8.  13.  17.  18.  18.  18.  20.  22.  23.  28.  38.  38.  42.  46.
  47.  49.  51.  52.  53.  54.  57.  58.  59.  60.  61.  64.  65.  69.
  72.  78.  79.  79.  79.  81.  82.  85.  87.  88.  90.  96.  98.  98.
  99.  99.][-96. -94. -91. -88. -87. -86. -83. -83. -81. -81. -78. -78. -75. -74.
 -71. -68. -66. -65. -65. -62. -60. -60. -59. -58. -57. -50. -50. -49.
 -47. -44. -44. -41. -39. -38. -35. -35. -28. -28. -25. -23. -21. -20.
 -19. -18. -12. -10.  -8.   1.   2.   5.   9.  10.  13.  14.  16.  21.
  21.  21.  22.  27.  29.  29.  31.  32.  33.  34.  42.  42.  44.  45.
  46.  46.  52.  53.  54.  55.  57.  57.  58.  58.  59.  59.  63.  69.
  69.  74.  76.  82.  83.  84.  88.  89.  90.  93.  94.  96.  96.  96.
  99. 100.][-99. -94. -93. -89. -88. -87. -85. -85. -84. -83. -82. -82. -76. -75.
 -71. -70. -70. -68. -65. -63. -63. -61. -56. -53. -52. -50. -49. -47.
 -45. -45. -44. -41. -40. -39. -36. -28. -27. -25. -25. -23. -22. -20.
 -14. -12.  -6.  -2.  -1.   4.   5.   5.   9.   9.  11.  14.  15.  17.
  21.  23.  27.  27.  30.  33.  36.  37.  38.  39.  40.  41.  42.  47.
  48.  49.  50.  51.  51.  54.  55.  55.  59.  62.  64.  65.  66.  68.
  73.  73.  76.  80.  83.  84.  85.  85.  86.  89.  93.  96.  97.  99.
  99. 100.][-97. -96. -96. -95. -92. -89. -88. -88. -86. -83. -82. -80. -78. -77.
 -77. -75. -70. -67. -67. -66. -66. -65. -51. -51. -51. -50. -50. -49.
 -49. -48. -46. -46. -45. -43. -38. -32. -31. -30. -29. -28. -26. -26.
 -24. -20. -20. -19. -17. -14. -14. -11.  -9.  -8.  -3.  -2.   5.   6.
  10.  13.  13.  16.  17.  20.  21.  22.  25.  28.  33.  35.  36.  37.
  38.  39.  40.  43.  45.  48.  50.  56.  59.  62.  62.  62.  64.  64.
  69.  72.  73.  74.  76.  77.  78.  83.  85.  86.  87.  92.  95.  95.
  97.  99.][-98. -97. -96. -89. -88. -87. -85. -84. -83. -82. -81. -77. -76. -73.
 -71. -68. -67. -64. -63. -63. -60. -59. -58. -56. -52. -51. -50. -43.
 -42. -35. -30. -28. -26. -25. -23. -22. -15. -14.  -8.   0.   1.   2.
   2.   3.   3.   7.   9.  11.  12.  15.  16.  17.  21.  22.  22.  24.
  26.  26.  28.  30.  34.  36.  42.  42.  43.  43.  43.  46.  48.  49.
  49.  49.  52.  52.  52.  54.  55.  56.  58.  60.  62.  70.  71.  72.
  72.  76.  77.  77.  78.  79.  88.  88.  91.  93.  94.  94.  95.  95.
  96.  99.][-98. -94. -91. -89. -87. -83. -83. -83. -77. -75. -69. -64. -63. -58.
 -55. -54. -51. -49. -48. -48. -47. -46. -45. -40. -40. -36. -35. -32.
 -32. -29. -29. -26. -25. -23. -22. -19. -17. -17. -16. -15. -12.  -5.
  -3.  -1.  -1.   5.   5.   9.  10.  15.  16.  19.  20.  22.  22.  24.
  28.  28.  29.  30.  34.  34.  37.  39.  43.  44.  46.  47.  48.  48.
  49.  50.  51.  51.  51.  55.  55.  56.  56.  57.  57.  61.  61.  62.
  68.  69.  69.  70.  71.  74.  84.  85.  89.  91.  92.  95.  95.  97.
  99. 100.][-100.  -97.  -96.  -93.  -89.  -82.  -80.  -75.  -74.  -72.  -71.  -71.
  -70.  -69.  -67.  -67.  -64.  -61.  -61.  -56.  -56.  -55.  -53.  -50.
  -50.  -50.  -48.  -42.  -42.  -39.  -37.  -36.  -34.  -34.  -34.  -34.
  -31.  -30.  -25.  -10.   -7.   -6.   -5.   -3.    0.    5.   10.   12.
   18.   18.   19.   19.   23.   23.   24.   24.   25.   27.   31.   33.
   34.   38.   40.   41.   42.   42.   42.   45.   47.   47.   50.   53.
   55.   57.   57.   59.   60.   60.   63.   64.   66.   69.   69.   74.
   75.   76.   80.   81.   82.   85.   86.   86.   87.   87.   89.   91.
   96.   96.  100.  100.][-99. -98. -97. -95. -92. -89. -84. -82. -79. -79. -74. -71. -70. -69.
 -69. -69. -66. -58. -57. -56. -55. -55. -54. -53. -52. -51. -48. -47.
 -45. -43. -42. -41. -41. -36. -26. -24. -22. -18. -14. -12. -10. -10.
  -9.  -8.  -3.  -2.   3.   8.   9.  15.  16.  23.  23.  23.  24.  24.
  26.  27.  29.  29.  31.  32.  32.  40.  42.  42.  43.  44.  46.  48.
  51.  52.  52.  54.  57.  61.  67.  67.  68.  72.  72.  75.  75.  77.
  78.  78.  80.  80.  81.  83.  85.  85.  86.  90.  93.  96.  97.  97.
  99. 100.][-99. -98. -98. -98. -87. -84. -83. -82. -80. -80. -77. -72. -68. -65.
 -63. -62. -62. -60. -58. -58. -58. -56. -56. -55. -54. -52. -50. -50.
 -49. -44. -42. -42. -41. -39. -33. -31. -31. -29. -29. -29. -28. -28.
 -24. -24. -23. -19. -18. -16. -12. -12.  -9.  -9.  -4.  -2.  -1.  -1.
  -1.   5.   5.   8.  11.  12.  16.  18.  20.  22.  23.  26.  33.  36.
  41.  44.  46.  48.  51.  52.  53.  55.  57.  61.  65.  66.  66.  70.
  72.  73.  74.  76.  79.  82.  83.  83.  84.  86.  87.  89.  90.  95.
  99. 100.][-100.  -97.  -95.  -94.  -87.  -85.  -80.  -77.  -75.  -74.  -72.  -69.
  -69.  -68.  -68.  -67.  -58.  -57.  -56.  -54.  -53.  -53.  -52.  -52.
  -46.  -45.  -40.  -37.  -36.  -31.  -29.  -29.  -28.  -22.  -19.  -14.
  -10.  -10.   -6.   -4.   -1.    0.    6.    7.    9.   11.   13.   13.
   15.   19.   20.   22.   23.   24.   25.   27.   33.   35.   38.   39.
   40.   41.   43.   45.   45.   47.   49.   52.   53.   58.   66.   66.
   68.   71.   72.   76.   76.   77.   78.   79.   79.   81.   84.   86.
   86.   87.   88.   88.   90.   91.   91.   91.   93.   94.   96.   97.
   97.   98.   99.  100.][-92. -91. -90. -90. -87. -87. -82. -75. -75. -75. -71. -69. -67. -65.
 -64. -64. -62. -60. -57. -57. -55. -51. -50. -47. -46. -43. -40. -35.
 -33. -32. -32. -26. -23. -23. -22. -20. -19. -16. -12.  -9.  -6.  -3.
  -1.   4.   5.   6.  11.  14.  14.  18.  20.  21.  24.  24.  24.  25.
  26.  27.  27.  29.  30.  30.  31.  33.  34.  35.  35.  36.  40.  59.
  59.  69.  71.  71.  72.  73.  74.  77.  78.  78.  80.  81.  81.  84.
  85.  86.  86.  86.  88.  89.  89.  90.  93.  93.  93.  96.  98.  99.
 100. 100.][-98. -98. -97. -94. -90. -88. -88. -86. -86. -86. -83. -83. -82. -82.
 -80. -75. -67. -66. -60. -59. -57. -56. -54. -49. -46. -46. -42. -41.
 -38. -37. -36. -30. -30. -30. -29. -28. -28. -27. -27. -24. -24. -21.
 -21. -20. -20. -19. -18. -17. -15.  -8.  -6.  -6.  -5.  -5.  -2.  -1.
   0.   4.   4.   6.   9.  10.  11.  12.  14.  15.  15.  17.  17.  18.
  18.  20.  35.  46.  47.  48.  48.  49.  50.  50.  54.  59.  60.  61.
  62.  67.  70.  70.  74.  76.  84.  84.  85.  85.  86.  92.  94.  94.
  99. 100.][-99. -98. -97. -96. -96. -96. -96. -95. -95. -93. -92. -91. -91. -82.
 -79. -79. -78. -76. -75. -75. -71. -69. -68. -60. -57. -55. -54. -51.
 -47. -46. -44. -43. -42. -42. -42. -38. -36. -36. -34. -27. -20. -19.
 -15. -13. -10. -10.  -9.  -9.  -7.  -5.  -3.   3.   3.   6.  12.  15.
  17.  25.  27.  29.  31.  33.  33.  34.  37.  38.  38.  39.  41.  42.
  43.  43.  49.  49.  51.  52.  52.  53.  57.  58.  58.  59.  59.  60.
  60.  61.  62.  64.  64.  66.  68.  68.  76.  77.  78.  80.  88.  98.
  99. 100.][-100.  -93.  -93.  -91.  -90.  -85.  -82.  -82.  -80.  -78.  -76.  -73.
  -72.  -72.  -71.  -70.  -69.  -62.  -58.  -53.  -53.  -52.  -50.  -46.
  -42.  -41.  -39.  -37.  -36.  -34.  -33.  -27.  -26.  -24.  -24.  -24.
  -22.  -17.  -16.  -13.  -13.  -12.  -12.   -9.   -7.   -6.   -1.    0.
    2.    2.    8.   12.   13.   13.   13.   13.   16.   17.   19.   19.
   20.   20.   23.   25.   25.   26.   26.   27.   29.   30.   32.   37.
   37.   44.   44.   45.   47.   47.   49.   53.   53.   56.   56.   61.
   63.   69.   70.   70.   71.   71.   72.   72.   73.   75.   76.   78.
   80.   88.   90.   96.][-100.  -98.  -97.  -91.  -86.  -85.  -83.  -82.  -82.  -80.  -79.  -76.
  -75.  -74.  -72.  -71.  -70.  -69.  -66.  -66.  -63.  -59.  -59.  -58.
  -54.  -54.  -51.  -51.  -48.  -45.  -36.  -35.  -31.  -30.  -30.  -30.
  -29.  -29.  -27.  -21.  -20.  -11.  -11.   -8.   -5.   -5.   -4.   -2.
   -2.    0.    4.    7.   11.   12.   14.   15.   18.   18.   20.   24.
   25.   29.   32.   34.   37.   38.   42.   42.   43.   44.   46.   47.
   48.   49.   50.   50.   55.   57.   58.   60.   61.   62.   64.   64.
   67.   75.   75.   75.   77.   78.   78.   84.   86.   86.   87.   87.
   90.   91.   93.  100.][-100. -100.  -99.  -99.  -98.  -90.  -89.  -89.  -80.  -78.  -73.  -72.
  -68.  -67.  -65.  -63.  -60.  -60.  -59.  -58.  -56.  -56.  -54.  -54.
  -47.  -46.  -45.  -44.  -33.  -32.  -25.  -23.  -23.  -22.  -22.  -19.
  -18.  -16.  -16.  -14.  -13.  -12.  -12.   -8.   -7.   -3.   -2.   -2.
    0.    1.    2.    2.    2.    3.    6.    7.   13.   14.   15.   16.
   16.   16.   20.   20.   22.   23.   24.   25.   26.   28.   29.   29.
   30.   32.   40.   40.   40.   41.   43.   44.   48.   49.   50.   51.
   52.   52.   54.   58.   64.   67.   68.   71.   71.   81.   82.   90.
   90.   91.   97.   98.]