[-97. -94. -94. -93. -93. -93. -93. -83. -82. -82. -80. -80. -80. -79.
 -76. -74. -70. -63. -62. -61. -60. -57. -56. -53. -53. -50. -48. -45.
 -34. -33. -33. -30. -29. -28. -25. -25. -24. -19. -17. -16. -15.  -5.
  -5.  -3.  -1.   0.   0.   0.   0.   2.   9.  12.  14.  15.  18.  20.
  21.  23.  23.  23.  25.  28.  29.  30.  30.  32.  37.  37.  41.  41.
  43.  43.  44.  45.  49.  49.  51.  51.  52.  54.  54.  56.  57.  66.
  69.  74.  75.  75.  76.  79.  81.  82.  82.  83.  84.  87.  93.  96.
  98.  99.][-98. -97. -93. -90. -83. -82. -82. -77. -73. -73. -71. -70. -70. -67.
 -65. -62. -62. -61. -61. -59. -55. -54. -45. -44. -44. -43. -41. -41.
 -39. -32. -31. -26. -26. -25. -24. -21. -19. -17. -17. -17. -16. -10.
  -8.  -8.  -6.  -4.   2.   2.   3.   4.   5.   5.   6.   6.   7.  12.
  13.  14.  15.  15.  17.  17.  19.  20.  23.  26.  27.  28.  30.  31.
  34.  36.  39.  39.  42.  43.  45.  48.  49.  49.  57.  60.  61.  66.
  66.  67.  68.  76.  78.  80.  82.  83.  83.  84.  86.  89.  95.  95.
  97.  98.][-100.  -97.  -94.  -92.  -92.  -88.  -84.  -80.  -77.  -76.  -75.  -74.
  -74.  -67.  -66.  -64.  -59.  -55.  -53.  -45.  -44.  -40.  -36.  -35.
  -32.  -31.  -28.  -26.  -25.  -24.  -23.  -21.  -21.  -20.  -19.  -16.
  -15.  -11.  -11.  -11.   -8.   -5.   -4.   -4.   -3.   -3.    0.    4.
    5.   11.   11.   14.   14.   16.   26.   28.   31.   31.   33.   37.
   40.   41.   42.   42.   44.   45.   45.   49.   50.   54.   56.   57.
   58.   61.   62.   63.   65.   66.   66.   68.   68.   69.   71.   78.
   82.   83.   83.   83.   86.   86.   87.   90.   91.   92.   92.   95.
   97.   97.   97.  100.][-100.  -98.  -94.  -94.  -87.  -86.  -83.  -82.  -82.  -80.  -77.  -75.
  -72.  -71.  -69.  -69.  -64.  -64.  -62.  -61.  -59.  -58.  -57.  -57.
  -56.  -53.  -53.  -51.  -48.  -45.  -40.  -39.  -36.  -35.  -33.  -28.
  -28.  -27.  -27.  -27.  -26.  -26.  -24.  -19.  -17.  -16.  -16.  -16.
  -16.  -15.  -13.   -8.   -8.   -6.    0.    1.    2.    5.    6.    8.
   14.   15.   22.   23.   24.   35.   35.   36.   43.   43.   43.   46.
   47.   48.   49.   49.   49.   50.   51.   52.   53.   54.   54.   54.
   56.   57.   62.   68.   69.   70.   70.   74.   75.   78.   79.   84.
   88.   90.   95.   98.][-99. -99. -99. -93. -91. -89. -88. -87. -86. -84. -81. -80. -79. -78.
 -77. -74. -73. -72. -71. -70. -69. -65. -65. -65. -61. -58. -57. -54.
 -53. -52. -50. -49. -46. -43. -37. -35. -30. -23. -21. -20. -18. -17.
 -17. -17. -16.  -9.  -9.  -8.  -7.  -1.   3.   3.   5.   6.   9.   9.
  13.  14.  17.  21.  21.  21.  24.  24.  29.  29.  31.  33.  33.  37.
  39.  40.  45.  46.  47.  48.  54.  56.  59.  64.  64.  64.  66.  69.
  71.  71.  72.  72.  75.  76.  78.  79.  80.  81.  82.  82.  83.  89.
  92.  96.][-100.  -97.  -94.  -93.  -90.  -87.  -87.  -83.  -78.  -73.  -67.  -65.
  -65.  -64.  -63.  -61.  -61.  -60.  -59.  -58.  -56.  -54.  -54.  -49.
  -49.  -48.  -47.  -47.  -47.  -44.  -43.  -41.  -39.  -34.  -32.  -29.
  -26.  -24.  -22.  -22.  -21.  -19.  -17.  -14.  -12.   -9.   -8.   -5.
   -4.   -3.   -3.   -3.    1.    2.    3.    5.    7.    7.   10.   11.
   11.   14.   14.   15.   20.   24.   24.   25.   25.   27.   29.   30.
   32.   36.   37.   38.   38.   41.   43.   50.   53.   53.   54.   54.
   58.   59.   62.   66.   69.   71.   71.   72.   77.   78.   81.   95.
   96.   96.   99.  100.][-97. -96. -92. -92. -89. -89. -86. -85. -84. -83. -82. -80. -76. -75.
 -71. -67. -61. -61. -59. -59. -57. -56. -46. -42. -41. -39. -38. -34.
 -34. -32. -30. -25. -25. -19. -16. -14. -10.  -7.  -6.  -6.  -6.  -5.
  -4.  -3.  -1.   0.   1.   5.   5.   5.   7.   7.   9.   9.  10.  15.
  15.  15.  17.  21.  22.  22.  25.  26.  31.  32.  33.  36.  38.  40.
  42.  42.  42.  49.  50.  53.  55.  56.  57.  58.  58.  60.  61.  64.
  69.  74.  75.  76.  76.  76.  77.  81.  87.  87.  91.  93.  95.  98.
 100. 100.][-94. -93. -84. -77. -72. -68. -67. -66. -64. -61. -56. -54. -54. -52.
 -48. -48. -44. -43. -42. -39. -36. -31. -31. -30. -28. -27. -27. -26.
 -23. -22. -21. -17. -16.  -9.  -9.  -8.  -7.  -4.  -3.   3.   4.   7.
   8.   9.   9.  11.  12.  12.  14.  18.  18.  20.  21.  25.  25.  26.
  26.  26.  29.  29.  31.  33.  34.  34.  35.  36.  36.  39.  40.  40.
  41.  42.  42.  43.  47.  47.  49.  55.  55.  57.  61.  65.  66.  68.
  68.  74.  75.  76.  77.  78.  82.  84.  88.  88.  89.  89.  92.  95.
  95.  98.][-99. -98. -97. -88. -88. -87. -87. -87. -86. -85. -83. -83. -80. -79.
 -75. -67. -63. -60. -59. -59. -57. -57. -56. -54. -52. -51. -50. -44.
 -41. -35. -28. -28. -27. -27. -25. -23. -22. -19. -18. -16. -16. -14.
  -9.  -1.   1.   3.   3.   5.   5.   5.  10.  12.  12.  13.  13.  14.
  17.  20.  20.  22.  23.  23.  25.  27.  32.  34.  37.  38.  40.  41.
  42.  43.  44.  46.  46.  47.  48.  50.  51.  53.  53.  61.  66.  68.
  68.  68.  73.  74.  76.  80.  83.  84.  88.  90.  95.  96.  96.  97.
  98. 100.][-96. -95. -94. -88. -85. -85. -76. -76. -73. -70. -69. -69. -68. -63.
 -61. -61. -59. -59. -59. -58. -57. -50. -50. -44. -43. -40. -37. -36.
 -35. -33. -31. -29. -28. -25. -21. -21. -20. -17. -15. -12. -11. -10.
  -8.  -3.  -3.  -1.   1.   2.   2.   6.   6.   9.   9.  10.  13.  13.
  14.  16.  19.  20.  21.  21.  22.  28.  29.  29.  31.  34.  38.  38.
  39.  41.  41.  42.  46.  46.  50.  55.  56.  59.  63.  68.  70.  71.
  72.  72.  74.  78.  78.  80.  84.  86.  87.  87.  91.  91.  95.  96.
  96.  99.][-97. -95. -94. -93. -90. -86. -86. -85. -85. -84. -79. -77. -76. -71.
 -70. -68. -67. -67. -66. -66. -66. -58. -49. -47. -46. -45. -44. -38.
 -36. -35. -33. -32. -31. -31. -30. -29. -29. -28. -23. -17. -14. -14.
 -11.  -6.  -4.  -3.   1.   2.   3.   4.   8.   8.  12.  15.  16.  18.
  18.  19.  20.  24.  26.  26.  29.  30.  31.  32.  32.  34.  34.  36.
  37.  38.  40.  40.  41.  43.  45.  45.  48.  49.  50.  52.  58.  59.
  60.  62.  63.  64.  65.  69.  73.  79.  79.  88.  88.  90.  92.  94.
  96.  98.][-100.  -99.  -93.  -93.  -92.  -89.  -89.  -84.  -84.  -81.  -77.  -75.
  -71.  -70.  -69.  -68.  -65.  -64.  -64.  -62.  -59.  -58.  -57.  -56.
  -53.  -50.  -49.  -48.  -48.  -46.  -38.  -36.  -36.  -36.  -35.  -26.
  -25.  -23.  -22.  -20.  -19.  -19.  -13.  -11.   -9.   -8.   -8.   -8.
   -5.    1.    2.    2.    3.    6.    7.    8.   11.   13.   19.   23.
   24.   24.   26.   26.   27.   29.   32.   32.   34.   35.   37.   38.
   41.   41.   49.   51.   53.   53.   54.   55.   58.   60.   63.   63.
   69.   74.   74.   76.   76.   78.   79.   79.   79.   80.   85.   86.
   88.   91.   96.   99.][-100.  -95.  -94.  -91.  -89.  -85.  -78.  -75.  -66.  -64.  -62.  -60.
  -59.  -57.  -56.  -55.  -55.  -54.  -50.  -47.  -45.  -44.  -43.  -40.
  -38.  -37.  -31.  -29.  -29.  -27.  -21.  -19.  -17.  -11.  -11.   -8.
   -7.   -7.   -7.   -6.   -2.    1.    2.    6.    8.    8.   10.   11.
   13.   14.   15.   16.   20.   23.   24.   26.   27.   27.   28.   28.
   28.   28.   30.   30.   31.   33.   34.   36.   37.   41.   41.   50.
   50.   55.   55.   56.   57.   59.   59.   63.   66.   67.   68.   70.
   71.   78.   78.   81.   81.   83.   85.   85.   85.   85.   92.   93.
   93.   95.   95.  100.][-99. -99. -95. -93. -91. -89. -88. -88. -87. -87. -85. -85. -82. -82.
 -82. -80. -79. -74. -71. -70. -65. -61. -60. -58. -58. -53. -51. -51.
 -50. -46. -45. -44. -41. -40. -39. -37. -35. -31. -26. -26. -22. -21.
 -20. -18. -18. -18. -17. -16. -14.  -6.  -4.  -3.  -3.  -2.   1.   3.
   3.   4.   5.  15.  18.  22.  24.  30.  33.  34.  37.  39.  39.  41.
  41.  44.  45.  48.  51.  52.  53.  54.  60.  61.  68.  70.  70.  73.
  75.  79.  79.  83.  83.  85.  89.  90.  90.  90.  91.  93.  94.  94.
  99. 100.][-95. -95. -92. -91. -90. -89. -83. -82. -80. -77. -76. -70. -70. -66.
 -64. -64. -58. -58. -56. -55. -55. -54. -53. -52. -48. -48. -48. -47.
 -45. -45. -43. -42. -39. -39. -38. -36. -35. -34. -31. -30. -28. -28.
 -21. -20. -19. -13. -11. -11.  -3.  -2.  -1.  -1.   0.   0.   1.   6.
   8.  10.  11.  15.  17.  17.  20.  21.  22.  28.  29.  29.  29.  32.
  33.  35.  36.  37.  45.  46.  48.  49.  52.  53.  54.  57.  61.  63.
  65.  68.  76.  76.  77.  78.  78.  81.  82.  85.  88.  91.  96.  98.
  99.  99.][-99. -98. -93. -93. -92. -92. -91. -90. -89. -87. -87. -87. -86. -84.
 -83. -81. -80. -79. -72. -69. -68. -68. -68. -66. -65. -62. -61. -61.
 -59. -59. -59. -59. -57. -56. -53. -52. -52. -50. -49. -48. -43. -42.
 -41. -39. -39. -39. -38. -35. -33. -32. -30. -30. -30. -29. -29. -27.
 -27. -25. -25. -24. -24. -19. -17. -10.  -1.   3.   3.   4.   6.   7.
   8.   9.  10.  14.  15.  17.  22.  23.  29.  34.  37.  41.  42.  43.
  44.  47.  47.  55.  56.  63.  66.  66.  67.  67.  75.  87.  87.  94.
  95.  99.][-98. -95. -92. -89. -87. -84. -82. -79. -77. -77. -76. -72. -72. -60.
 -55. -52. -50. -48. -47. -47. -46. -46. -44. -44. -42. -41. -40. -39.
 -38. -37. -34. -31. -31. -31. -30. -27. -27. -26. -22. -19. -13. -12.
 -11. -11. -11. -10.  -6.  -6.  -5.  -1.  -1.   1.   2.   3.   3.   5.
   7.   9.   9.  10.  12.  16.  17.  22.  23.  24.  24.  24.  26.  33.
  37.  38.  44.  46.  48.  50.  53.  54.  54.  56.  57.  58.  59.  61.
  61.  61.  62.  63.  65.  67.  68.  68.  77.  82.  83.  89.  93.  93.
  98.  99.][-99. -96. -91. -91. -90. -89. -88. -86. -85. -79. -79. -78. -76. -75.
 -75. -74. -64. -61. -61. -60. -60. -59. -58. -58. -57. -57. -56. -56.
 -52. -49. -48. -48. -46. -43. -42. -41. -41. -41. -40. -39. -33. -32.
 -31. -31. -30. -25. -23. -23. -23. -10.  -8.  -8.  -7.  -6.  -6.  -4.
   7.  11.  13.  16.  19.  19.  21.  22.  24.  25.  27.  31.  31.  37.
  40.  41.  42.  43.  43.  44.  44.  48.  48.  50.  51.  52.  62.  63.
  63.  64.  65.  69.  71.  73.  75.  84.  89.  89.  97.  98.  98.  98.
 100. 100.][-97. -94. -93. -87. -87. -85. -83. -80. -79. -76. -73. -72. -72. -71.
 -69. -69. -67. -61. -61. -58. -57. -54. -53. -50. -49. -48. -45. -43.
 -43. -42. -40. -38. -32. -31. -31. -30. -27. -26. -25. -24. -21. -20.
 -19. -17. -17. -15. -14. -14. -13.  -9.  -8.  -6.  -5.  -1.   1.   2.
   5.   8.  11.  12.  13.  13.  14.  21.  24.  27.  30.  31.  32.  33.
  34.  36.  40.  40.  40.  40.  42.  47.  48.  51.  51.  51.  56.  58.
  58.  59.  59.  62.  67.  69.  70.  71.  75.  78.  80.  83.  90.  95.
  95.  96.][-95. -93. -91. -91. -89. -89. -88. -88. -88. -86. -85. -83. -79. -79.
 -76. -74. -72. -71. -71. -71. -70. -66. -64. -57. -56. -54. -54. -54.
 -48. -43. -41. -39. -39. -39. -36. -33. -31. -31. -30. -27. -21. -19.
 -19. -16. -15. -15. -15. -15. -12. -11. -11. -10.  -8.  -8.  -7.  -5.
  -4.  -2.   0.   1.   4.   6.   6.   6.   7.   9.  11.  16.  17.  19.
  20.  22.  22.  24.  25.  27.  27.  27.  28.  29.  33.  37.  37.  40.
  44.  46.  46.  47.  48.  52.  58.  60.  74.  74.  81.  86.  87.  93.
  93.  94.][-100.  -96.  -94.  -93.  -92.  -87.  -87.  -83.  -81.  -80.  -77.  -73.
  -72.  -71.  -71.  -70.  -67.  -66.  -66.  -64.  -61.  -60.  -55.  -49.
  -48.  -46.  -46.  -43.  -42.  -41.  -39.  -36.  -35.  -35.  -32.  -32.
  -31.  -31.  -25.  -23.  -22.  -22.  -13.  -12.  -12.  -11.   -9.   -8.
   -6.   -5.   -4.   -2.   -2.    1.    1.    2.    4.   11.   13.   13.
   13.   18.   19.   21.   24.   24.   24.   31.   31.   36.   40.   43.
   46.   51.   52.   55.   58.   58.   60.   63.   63.   65.   72.   73.
   74.   75.   75.   78.   80.   81.   83.   85.   87.   91.   92.   92.
   92.   96.   97.   97.][-100. -100.  -99.  -97.  -95.  -93.  -92.  -92.  -90.  -86.  -85.  -85.
  -83.  -79.  -78.  -78.  -70.  -63.  -62.  -61.  -59.  -58.  -57.  -51.
  -49.  -45.  -43.  -43.  -42.  -40.  -39.  -37.  -35.  -34.  -32.  -30.
  -29.  -29.  -28.  -28.  -27.  -26.  -23.  -22.  -17.  -14.  -14.  -13.
  -13.  -12.   -7.   -5.   -2.    0.    0.    0.    4.    8.   12.   12.
   13.   14.   15.   17.   21.   23.   25.   25.   29.   32.   32.   33.
   40.   44.   44.   44.   44.   48.   50.   54.   54.   54.   55.   55.
   56.   60.   63.   67.   70.   71.   75.   76.   78.   79.   79.   80.
   84.   90.   96.   99.][-99. -98. -97. -92. -89. -87. -87. -85. -85. -81. -80. -79. -78. -76.
 -74. -74. -73. -72. -64. -63. -60. -59. -50. -49. -47. -46. -46. -45.
 -43. -41. -39. -36. -36. -34. -33. -29. -26. -25. -24. -23. -21. -20.
 -18. -18. -17. -13. -12. -10. -10.  -8.  -6.  -1.   0.   1.   1.   3.
   7.   8.  10.  20.  20.  21.  23.  28.  32.  32.  34.  35.  36.  38.
  38.  44.  47.  48.  50.  51.  51.  55.  57.  67.  68.  68.  70.  72.
  74.  76.  78.  82.  84.  85.  85.  88.  88.  90.  92.  93.  98.  99.
 100. 100.][-99. -99. -99. -96. -96. -94. -94. -90. -85. -82. -82. -81. -79. -75.
 -73. -72. -71. -66. -63. -62. -57. -53. -43. -43. -41. -37. -33. -32.
 -31. -31. -29. -29. -29. -29. -25. -23. -18. -13. -13. -11.  -9.  -9.
  -8.  -8.  -7.  -7.  -7.  -5.  -2.  -2.  -1.   1.   3.   8.   9.  14.
  14.  15.  22.  23.  24.  26.  31.  32.  32.  35.  41.  41.  42.  44.
  49.  49.  49.  51.  54.  59.  61.  63.  64.  64.  66.  68.  70.  71.
  71.  71.  74.  74.  76.  78.  79.  84.  85.  86.  89.  94.  95.  97.
  98.  98.][-100. -100.  -98.  -96.  -95.  -95.  -89.  -84.  -75.  -74.  -74.  -71.
  -66.  -65.  -65.  -62.  -61.  -57.  -56.  -53.  -51.  -50.  -48.  -46.
  -43.  -42.  -39.  -38.  -37.  -36.  -36.  -36.  -33.  -32.  -30.  -28.
  -24.  -21.  -21.  -21.  -17.  -17.  -13.  -13.   -9.   -8.   -6.    2.
    7.    8.   12.   13.   13.   14.   18.   20.   22.   31.   36.   38.
   38.   40.   41.   43.   44.   45.   45.   46.   47.   47.   47.   50.
   51.   55.   55.   55.   55.   58.   59.   60.   62.   63.   68.   71.
   72.   75.   76.   76.   77.   78.   81.   84.   85.   85.   86.   87.
   87.   89.   96.   99.][-95. -92. -92. -85. -80. -78. -78. -73. -72. -68. -68. -67. -67. -65.
 -62. -60. -58. -56. -54. -53. -53. -52. -48. -47. -46. -46. -43. -39.
 -38. -33. -32. -31. -26. -26. -25. -25. -21. -14. -11.  -9.  -7.  -2.
  -1.   0.   3.   4.   4.   7.   8.   8.  10.  11.  13.  15.  15.  17.
  18.  19.  24.  26.  26.  28.  28.  28.  28.  29.  30.  30.  32.  33.
  34.  35.  37.  44.  46.  48.  49.  49.  50.  51.  51.  53.  57.  58.
  60.  60.  65.  66.  76.  79.  81.  86.  86.  86.  87.  91.  93.  93.
  98.  99.][-99. -98. -96. -95. -91. -88. -84. -84. -79. -78. -78. -77. -77. -75.
 -71. -68. -67. -66. -64. -62. -60. -55. -55. -52. -48. -48. -48. -47.
 -46. -46. -46. -44. -40. -28. -27. -25. -20. -20. -20. -20. -20. -20.
 -20. -19. -18. -16. -10. -10.  -7.  -2.  -2.   0.   0.   2.   5.   5.
   8.   8.  13.  14.  16.  17.  19.  19.  19.  19.  20.  22.  23.  23.
  32.  32.  38.  38.  39.  40.  45.  48.  48.  50.  50.  53.  55.  56.
  60.  67.  68.  68.  69.  70.  71.  73.  73.  78.  80.  80.  88.  88.
  92.  93.][-97. -91. -91. -90. -90. -87. -87. -85. -85. -81. -81. -81. -76. -75.
 -75. -71. -71. -68. -65. -64. -60. -57. -56. -54. -54. -52. -52. -48.
 -48. -47. -44. -43. -38. -37. -34. -32. -30. -28. -27. -22. -20. -19.
 -16. -15. -12.  -6.  -5.  -4.  -1.   0.   0.   2.   4.   6.   8.  13.
  14.  15.  17.  21.  22.  22.  23.  24.  26.  27.  27.  29.  30.  36.
  37.  38.  40.  43.  43.  44.  44.  48.  50.  56.  60.  62.  63.  65.
  66.  68.  69.  72.  73.  74.  76.  81.  81.  84.  85.  85.  90.  92.
  92.  93.][-94. -93. -91. -91. -88. -87. -83. -83. -81. -81. -80. -80. -79. -76.
 -68. -68. -61. -58. -57. -55. -54. -53. -48. -46. -39. -38. -37. -30.
 -30. -28. -25. -21. -19. -16. -15.  -5.  -5.  -2.  -1.   2.   3.   3.
   4.   5.   8.  11.  12.  13.  15.  16.  16.  17.  17.  17.  19.  19.
  19.  21.  22.  24.  25.  26.  27.  28.  30.  33.  34.  35.  36.  36.
  38.  40.  48.  50.  52.  53.  54.  55.  63.  63.  74.  78.  78.  79.
  82.  83.  85.  85.  86.  86.  87.  87.  88.  88.  91.  91.  92.  93.
  95.  95.][-98. -95. -88. -86. -85. -84. -82. -79. -73. -67. -67. -66. -64. -63.
 -62. -58. -57. -54. -53. -51. -51. -50. -49. -48. -46. -46. -44. -38.
 -35. -30. -28. -24. -21. -16. -14. -13. -13. -10.  -6.  -5.   1.   1.
   3.   3.   4.   8.   8.   9.  10.  12.  13.  22.  25.  29.  30.  31.
  32.  32.  32.  33.  35.  37.  38.  38.  40.  43.  47.  54.  57.  57.
  59.  63.  63.  63.  64.  64.  64.  65.  65.  67.  72.  74.  76.  77.
  78.  81.  81.  82.  84.  84.  84.  87.  87.  88.  92.  93.  94.  94.
  98. 100.][-100.  -91.  -90.  -89.  -88.  -87.  -87.  -84.  -83.  -82.  -82.  -81.
  -81.  -77.  -76.  -73.  -69.  -68.  -67.  -67.  -66.  -61.  -58.  -58.
  -56.  -56.  -54.  -53.  -51.  -50.  -45.  -44.  -43.  -40.  -39.  -39.
  -35.  -32.  -30.  -27.  -26.  -24.  -23.  -22.  -21.  -20.  -20.  -18.
  -18.  -16.  -16.   -8.   -8.   -4.    2.    5.    6.   11.   15.   17.
   20.   22.   22.   23.   23.   23.   28.   30.   31.   35.   35.   37.
   43.   44.   47.   47.   49.   50.   51.   51.   56.   59.   62.   63.
   64.   68.   72.   76.   79.   80.   80.   86.   87.   89.   91.   92.
   96.   96.   98.  100.][-99. -99. -99. -95. -94. -93. -89. -87. -87. -84. -84. -83. -83. -82.
 -81. -81. -79. -77. -76. -75. -73. -73. -68. -68. -67. -66. -65. -60.
 -60. -52. -51. -50. -47. -45. -44. -40. -39. -39. -38. -33. -32. -29.
 -28. -27. -24. -20. -19. -18. -17. -16. -15. -15.  -9.  -8.  -7.  -7.
  -5.  -4.   0.   1.   5.   7.   7.   8.   9.  10.  13.  14.  15.  15.
  18.  20.  20.  21.  22.  26.  30.  31.  35.  37.  43.  45.  52.  55.
  67.  70.  71.  74.  76.  76.  77.  78.  80.  85.  86.  89.  92.  96.
  97.  99.][-98. -95. -91. -91. -89. -84. -80. -78. -75. -73. -72. -69. -68. -67.
 -67. -65. -64. -64. -61. -59. -59. -56. -54. -52. -50. -45. -44. -44.
 -42. -35. -35. -32. -31. -29. -28. -28. -26. -26. -25. -20. -20. -17.
 -16. -15. -15. -14. -11. -11. -10.  -7.  -7.  -3.  -2.  -1.   1.   5.
  10.  17.  17.  18.  25.  26.  29.  32.  32.  32.  32.  36.  36.  38.
  38.  42.  44.  45.  45.  47.  48.  53.  54.  54.  56.  58.  59.  59.
  62.  63.  67.  73.  74.  75.  78.  80.  81.  83.  84.  85.  91.  92.
  96.  97.][-100.  -98.  -96.  -93.  -92.  -89.  -88.  -88.  -86.  -85.  -84.  -83.
  -80.  -79.  -77.  -75.  -71.  -69.  -67.  -66.  -64.  -64.  -61.  -61.
  -60.  -59.  -59.  -57.  -56.  -54.  -54.  -52.  -50.  -46.  -46.  -45.
  -45.  -42.  -40.  -39.  -37.  -37.  -35.  -31.  -30.  -30.  -26.  -22.
  -19.  -16.  -15.  -13.   -9.   -8.   -7.   -7.   -7.   -5.   -4.   -1.
    0.    3.    3.    6.    9.   10.   14.   17.   18.   19.   23.   32.
   35.   37.   43.   47.   47.   48.   57.   60.   65.   68.   68.   76.
   77.   78.   80.   83.   84.   85.   86.   88.   88.   90.   91.   95.
   95.   97.   98.   98.][-98. -98. -95. -94. -90. -89. -88. -85. -85. -76. -73. -71. -68. -68.
 -67. -64. -63. -63. -62. -62. -60. -59. -59. -52. -49. -49. -49. -45.
 -43. -34. -33. -32. -32. -31. -30. -30. -29. -29. -28. -26. -26. -25.
 -24. -21. -20. -20. -18. -16. -13.  -7.  -6.  -5.  -4.  -1.   0.   1.
   1.   4.   5.   7.   7.  17.  20.  21.  23.  25.  28.  29.  32.  33.
  36.  38.  40.  43.  48.  50.  51.  58.  60.  61.  63.  64.  65.  65.
  66.  66.  67.  72.  74.  75.  77.  77.  81.  82.  85.  86.  87.  90.
  95.  99.][-100.  -99.  -98.  -97.  -95.  -90.  -89.  -87.  -87.  -86.  -85.  -85.
  -82.  -82.  -80.  -80.  -77.  -73.  -73.  -73.  -72.  -71.  -70.  -70.
  -69.  -64.  -60.  -59.  -59.  -57.  -55.  -51.  -51.  -46.  -45.  -43.
  -36.  -35.  -32.  -31.  -29.  -24.  -23.  -20.  -19.  -18.  -17.  -14.
  -14.  -13.  -12.  -12.   -9.   -8.   -4.    4.    5.    7.   12.   13.
   14.   15.   19.   19.   23.   23.   27.   27.   29.   30.   31.   34.
   37.   38.   39.   39.   40.   43.   44.   44.   46.   46.   47.   50.
   52.   52.   56.   57.   62.   64.   70.   70.   76.   85.   88.   91.
   95.   96.  100.  100.][-100.  -99.  -98.  -95.  -94.  -90.  -90.  -89.  -88.  -87.  -85.  -84.
  -82.  -82.  -81.  -81.  -79.  -79.  -71.  -69.  -68.  -67.  -66.  -65.
  -65.  -65.  -64.  -62.  -62.  -59.  -58.  -57.  -55.  -55.  -53.  -43.
  -42.  -39.  -35.  -33.  -31.  -31.  -30.  -30.  -27.  -24.  -15.  -14.
  -14.  -14.  -13.  -11.   -8.   -5.   -1.    0.    2.    5.    7.   12.
   13.   14.   14.   15.   18.   20.   24.   27.   28.   28.   28.   31.
   34.   34.   39.   42.   44.   45.   49.   50.   59.   59.   61.   63.
   64.   68.   72.   76.   77.   78.   79.   81.   83.   83.   88.   89.
   90.   91.   92.   94.][-100.  -93.  -92.  -91.  -87.  -87.  -86.  -84.  -83.  -81.  -80.  -79.
  -78.  -77.  -77.  -77.  -77.  -72.  -71.  -70.  -68.  -65.  -62.  -62.
  -54.  -50.  -49.  -47.  -47.  -46.  -39.  -39.  -36.  -34.  -31.  -26.
  -25.  -24.  -23.  -23.  -21.  -21.  -21.  -18.  -18.  -16.  -16.  -15.
  -15.  -14.  -14.  -13.   -8.   -5.   12.   13.   18.   20.   21.   22.
   23.   27.   32.   33.   33.   34.   37.   40.   40.   42.   45.   49.
   49.   51.   52.   53.   56.   58.   60.   64.   64.   64.   70.   73.
   75.   75.   76.   78.   82.   86.   88.   89.   89.   93.   93.   96.
   96.   97.   99.  100.][-97. -97. -94. -90. -89. -86. -85. -83. -83. -82. -80. -79. -78. -77.
 -77. -75. -74. -72. -69. -66. -56. -54. -51. -49. -49. -47. -37. -37.
 -35. -34. -34. -30. -30. -25. -24. -19. -17. -17. -14. -13. -11. -10.
  -8.  -3.  -3.   1.   2.   2.   3.   9.   9.  11.  11.  12.  16.  18.
  35.  36.  36.  37.  38.  39.  40.  42.  44.  46.  46.  52.  54.  55.
  55.  59.  62.  62.  63.  66.  67.  70.  70.  73.  75.  76.  76.  76.
  78.  80.  80.  82.  84.  84.  86.  87.  89.  90.  93.  94.  94.  96.
  97.  98.][-94. -93. -92. -90. -90. -90. -90. -90. -88. -88. -84. -82. -78. -76.
 -75. -75. -74. -67. -66. -63. -61. -60. -59. -58. -58. -56. -55. -55.
 -55. -54. -52. -52. -47. -45. -41. -41. -40. -40. -39. -36. -34. -32.
 -32. -29. -28. -26. -23. -19. -19. -18. -18. -17. -15. -14.  -2.   3.
   5.   6.   7.  12.  12.  12.  15.  15.  16.  20.  21.  29.  32.  35.
  42.  44.  45.  47.  53.  53.  56.  57.  59.  61.  67.  68.  69.  70.
  70.  73.  74.  75.  80.  81.  82.  83.  84.  86.  89.  90.  95.  97.
  99. 100.][-96. -95. -91. -91. -91. -89. -81. -80. -80. -79. -73. -72. -71. -66.
 -63. -62. -60. -59. -58. -55. -55. -55. -52. -52. -48. -40. -39. -37.
 -36. -36. -35. -34. -32. -31. -31. -30. -25. -25. -16. -15. -14. -14.
  -9.  -8.  -6.  -6.  -4.  -3.  -1.  -1.   0.   1.   3.   5.   6.   8.
  10.  10.  13.  13.  17.  20.  20.  25.  27.  30.  31.  31.  31.  33.
  34.  36.  43.  43.  43.  44.  47.  53.  54.  56.  58.  61.  61.  65.
  66.  67.  68.  72.  73.  75.  76.  76.  80.  82.  85.  87.  88.  91.
  92.  95.][-100.  -98.  -97.  -95.  -89.  -87.  -86.  -85.  -84.  -83.  -82.  -81.
  -75.  -69.  -68.  -67.  -67.  -63.  -57.  -56.  -55.  -53.  -52.  -51.
  -51.  -41.  -41.  -40.  -40.  -36.  -36.  -34.  -26.  -20.  -17.  -15.
  -12.  -12.   -9.   -9.   -9.   -8.   -4.   -4.   -2.   -2.    0.    1.
    4.    7.    8.   12.   14.   15.   16.   17.   17.   18.   19.   20.
   21.   22.   24.   25.   28.   28.   31.   32.   35.   35.   37.   39.
   42.   43.   44.   47.   48.   48.   49.   53.   53.   61.   62.   63.
   63.   67.   69.   70.   72.   73.   73.   78.   81.   81.   81.   84.
   91.   96.   97.   98.][-100.  -97.  -96.  -96.  -95.  -91.  -86.  -85.  -85.  -84.  -83.  -82.
  -79.  -77.  -76.  -74.  -69.  -68.  -63.  -61.  -59.  -57.  -55.  -53.
  -47.  -45.  -44.  -42.  -41.  -40.  -39.  -34.  -33.  -27.  -22.  -10.
   -5.   -5.   -1.    0.    1.    1.    1.    2.    2.    2.    3.    6.
    8.    8.   10.   13.   15.   20.   27.   29.   31.   31.   32.   32.
   35.   36.   37.   40.   41.   43.   43.   45.   46.   47.   50.   52.
   53.   53.   55.   56.   56.   59.   59.   63.   64.   65.   65.   67.
   71.   72.   73.   75.   75.   77.   79.   80.   80.   83.   89.   92.
   95.   99.   99.   99.][-98. -97. -94. -93. -89. -89. -86. -84. -83. -82. -75. -74. -73. -68.
 -66. -65. -64. -62. -60. -55. -54. -53. -52. -52. -51. -49. -46. -43.
 -41. -41. -40. -38. -38. -37. -35. -35. -30. -27. -27. -26. -24. -22.
 -20. -18. -18. -16. -16. -15. -11.  -5.  -2.  -1.   1.   1.  10.  11.
  11.  11.  21.  21.  26.  26.  31.  33.  36.  36.  39.  41.  49.  52.
  52.  52.  54.  54.  55.  57.  57.  58.  63.  64.  67.  69.  72.  73.
  73.  74.  76.  77.  79.  82.  84.  85.  86.  89.  89.  90.  91.  96.
  96.  98.][-98. -95. -94. -92. -86. -86. -83. -81. -81. -79. -78. -74. -71. -71.
 -66. -66. -63. -57. -53. -50. -49. -46. -44. -44. -43. -42. -38. -37.
 -37. -34. -33. -32. -30. -29. -29. -29. -28. -26. -25. -25. -23. -20.
 -20. -18. -15. -15. -14. -13. -13. -13. -11.  -9.  -7.  -2.  -1.   2.
   3.   8.   9.  11.  12.  13.  13.  13.  16.  30.  33.  33.  36.  40.
  40.  49.  50.  51.  54.  54.  55.  56.  57.  57.  57.  58.  59.  60.
  64.  67.  68.  75.  78.  82.  84.  91.  93.  95.  96.  97.  98.  98.
  98. 100.][-97. -96. -95. -94. -91. -90. -89. -89. -88. -83. -82. -80. -80. -71.
 -69. -68. -67. -65. -59. -59. -55. -50. -47. -46. -46. -44. -41. -38.
 -37. -36. -34. -28. -23. -23. -22. -19. -18. -17. -17. -16. -14. -13.
 -13. -12. -10.  -5.  -4.  -4.  -1.   0.   0.   0.   2.   4.   6.   7.
  12.  12.  14.  16.  18.  23.  23.  25.  29.  29.  30.  32.  35.  45.
  45.  46.  48.  49.  50.  51.  51.  53.  54.  54.  55.  60.  61.  65.
  73.  75.  77.  80.  82.  82.  84.  86.  88.  89.  91.  92.  93.  94.
  96.  96.][-98. -98. -98. -96. -94. -94. -92. -90. -85. -84. -84. -79. -79. -77.
 -74. -73. -72. -70. -66. -63. -62. -62. -60. -59. -56. -56. -51. -50.
 -47. -46. -44. -42. -41. -40. -36. -29. -29. -29. -28. -27. -24. -22.
 -22. -20. -18. -14. -13. -11.  -8.  -7.  -7.  -7.  -5.  -3.  -3.   1.
   6.   7.   9.  11.  17.  19.  19.  19.  19.  21.  30.  32.  32.  45.
  48.  50.  52.  53.  55.  56.  58.  59.  61.  61.  66.  67.  67.  68.
  69.  73.  74.  74.  81.  81.  86.  87.  89.  89.  90.  91.  92.  94.
  97.  99.][-95. -93. -93. -92. -88. -83. -80. -80. -77. -74. -73. -73. -72. -70.
 -70. -66. -62. -61. -60. -58. -56. -56. -55. -54. -51. -45. -45. -41.
 -41. -34. -34. -34. -33. -33. -28. -27. -25. -24. -20. -18. -18. -15.
 -14. -10. -10.  -9.  -7.  -5.  -4.  -4.  -3.  -3.   0.   3.   4.   5.
   7.   9.   9.  10.  11.  13.  13.  19.  19.  20.  24.  26.  29.  32.
  32.  35.  39.  41.  52.  55.  58.  61.  62.  63.  64.  65.  68.  71.
  72.  75.  77.  80.  80.  90.  93.  96.  96.  96.  97.  97.  98. 100.
 100. 100.][-96. -92. -90. -89. -84. -82. -81. -79. -76. -76. -72. -71. -69. -68.
 -65. -64. -60. -57. -55. -53. -50. -49. -47. -45. -45. -44. -40. -38.
 -34. -34. -33. -32. -32. -31. -28. -19. -18. -17. -16. -16. -14.  -4.
  -3.  -2.  -2.  -1.   2.   6.   6.   7.   8.   9.  12.  18.  19.  20.
  24.  26.  26.  30.  31.  33.  36.  38.  41.  43.  43.  43.  44.  44.
  47.  49.  49.  51.  52.  52.  53.  54.  55.  57.  59.  59.  60.  62.
  64.  66.  72.  73.  76.  79.  83.  92.  92.  92.  94.  94.  95.  97.
  98. 100.][-100.  -99.  -97.  -94.  -93.  -90.  -89.  -88.  -88.  -83.  -82.  -75.
  -75.  -74.  -70.  -70.  -70.  -69.  -67.  -64.  -63.  -62.  -57.  -53.
  -48.  -48.  -47.  -45.  -45.  -40.  -37.  -29.  -27.  -24.  -24.  -24.
  -18.  -17.  -17.  -16.  -14.  -13.  -11.   -2.   -1.    0.    7.    7.
    7.   10.   10.   16.   16.   18.   21.   21.   22.   23.   26.   28.
   31.   34.   35.   41.   41.   42.   43.   44.   44.   44.   44.   45.
   46.   47.   56.   59.   62.   62.   65.   69.   71.   73.   73.   74.
   74.   77.   80.   80.   85.   85.   87.   88.   89.   89.   90.   92.
   94.   94.   98.  100.][-99. -94. -92. -92. -88. -83. -83. -82. -81. -80. -78. -76. -76. -74.
 -71. -69. -69. -66. -62. -60. -60. -59. -59. -55. -53. -50. -50. -49.
 -48. -46. -46. -42. -42. -41. -38. -35. -34. -31. -31. -28. -27. -27.
 -23. -23. -21. -20. -18. -13. -11.  -7.  -5.   3.   5.   5.   9.  11.
  13.  13.  16.  24.  24.  26.  27.  27.  28.  29.  30.  33.  34.  37.
  39.  40.  41.  43.  44.  44.  47.  48.  49.  50.  51.  58.  59.  60.
  62.  65.  71.  73.  76.  78.  84.  85.  87.  87.  89.  92.  94.  94.
  94. 100.][-97. -96. -94. -91. -91. -90. -89. -88. -86. -85. -70. -68. -65. -62.
 -61. -60. -58. -52. -52. -47. -47. -44. -43. -42. -41. -32. -31. -26.
 -25. -24. -24. -23. -20. -19. -15. -10. -10.  -9.  -6.  -5.  -4.  -4.
  -2.  -2.  -1.   1.   2.   3.   3.   4.   5.   5.   5.   7.   7.  10.
  12.  13.  13.  13.  14.  17.  18.  18.  21.  21.  23.  23.  28.  29.
  37.  39.  43.  46.  48.  52.  54.  54.  54.  57.  57.  58.  58.  62.
  68.  70.  73.  74.  75.  75.  78.  79.  80.  81.  81.  89.  89.  94.
  96.  99.][-100.  -95.  -91.  -90.  -88.  -86.  -83.  -80.  -80.  -78.  -77.  -74.
  -73.  -72.  -71.  -65.  -64.  -61.  -61.  -56.  -52.  -51.  -51.  -50.
  -46.  -45.  -45.  -44.  -41.  -38.  -38.  -34.  -33.  -32.  -30.  -26.
  -25.  -24.  -23.  -22.  -21.  -17.  -17.  -16.  -16.  -11.  -10.  -10.
   -9.   -2.    1.    3.    4.    5.    8.    9.    9.   12.   16.   23.
   26.   27.   27.   33.   34.   37.   38.   39.   42.   43.   47.   48.
   50.   51.   52.   52.   54.   55.   57.   59.   60.   60.   70.   71.
   74.   76.   76.   81.   83.   84.   84.   85.   89.   90.   90.   94.
   96.   98.   99.  100.][-99. -98. -92. -92. -91. -91. -91. -89. -88. -88. -86. -86. -85. -84.
 -82. -80. -76. -76. -75. -74. -74. -73. -68. -66. -60. -58. -54. -51.
 -50. -49. -45. -44. -40. -40. -40. -39. -37. -29. -25. -25. -21. -16.
 -12. -10.  -5.  -5.  -2.   1.   3.   4.   6.   6.   7.   9.   9.  14.
  14.  14.  15.  16.  16.  17.  22.  23.  24.  25.  27.  30.  31.  34.
  37.  38.  38.  39.  40.  41.  41.  46.  47.  48.  54.  59.  59.  62.
  63.  66.  67.  71.  72.  73.  78.  83.  85.  86.  87.  93.  96.  98.
  98. 100.][-93. -92. -88. -85. -85. -83. -83. -83. -82. -82. -80. -78. -75. -72.
 -69. -68. -68. -65. -61. -61. -60. -60. -59. -54. -49. -49. -38. -37.
 -34. -34. -27. -25. -24. -18. -18. -16. -16. -15. -15.  -9.  -9.  -8.
  -5.  -3.  -3.   0.   1.   3.   4.   4.   6.  10.  10.  11.  14.  17.
  22.  24.  25.  25.  27.  28.  30.  30.  30.  30.  31.  38.  39.  41.
  42.  42.  43.  47.  58.  58.  59.  69.  70.  72.  74.  75.  75.  77.
  79.  80.  82.  83.  85.  85.  86.  86.  88.  89.  90.  92.  94.  95.
  97. 100.][-100. -100.  -94.  -94.  -93.  -92.  -92.  -89.  -84.  -83.  -82.  -78.
  -72.  -71.  -71.  -66.  -65.  -64.  -61.  -59.  -55.  -55.  -51.  -51.
  -50.  -46.  -43.  -42.  -41.  -39.  -36.  -36.  -33.  -31.  -31.  -28.
  -28.  -27.  -26.  -26.  -25.  -25.  -25.  -23.  -23.  -22.  -22.  -22.
  -19.  -14.   -8.   -6.   -5.   -5.   -4.   -3.   -3.   -3.   -2.   -2.
   -2.    3.    4.    4.    5.    8.   12.   13.   14.   16.   18.   19.
   20.   21.   24.   25.   27.   35.   41.   43.   46.   49.   50.   52.
   59.   64.   68.   72.   73.   74.   74.   78.   79.   83.   94.   94.
   95.   96.   98.   99.][-92. -92. -92. -90. -90. -89. -89. -86. -83. -82. -78. -76. -76. -72.
 -72. -68. -67. -64. -58. -56. -56. -53. -53. -52. -52. -48. -47. -45.
 -40. -37. -27. -25. -25. -23. -23. -19. -16. -15. -14. -13. -11. -11.
  -8.  -7.  -6.  -4.  -4.  -3.  -2.  -1.   4.   7.   9.  12.  13.  14.
  15.  15.  16.  17.  17.  19.  19.  20.  21.  21.  22.  23.  23.  24.
  24.  27.  27.  30.  31.  34.  46.  46.  46.  49.  51.  52.  55.  60.
  64.  65.  67.  68.  71.  76.  79.  82.  82.  83.  85.  88.  91.  92.
  97.  99.][-96. -93. -92. -91. -90. -89. -88. -86. -85. -81. -80. -79. -72. -69.
 -68. -67. -67. -67. -63. -57. -56. -53. -53. -53. -51. -48. -42. -40.
 -40. -39. -39. -36. -33. -32. -30. -28. -25. -23. -15. -10.  -8.  -7.
  -7.  -6.  -4.  -4.  -2.  -2.  -2.   0.   1.   1.   1.   2.   4.   9.
  14.  16.  18.  19.  19.  19.  19.  19.  20.  20.  24.  27.  28.  29.
  31.  31.  32.  34.  34.  38.  40.  47.  49.  50.  51.  51.  55.  55.
  56.  59.  62.  63.  68.  70.  78.  81.  84.  85.  86.  90.  90.  94.
  95.  96.][-100.  -98.  -94.  -93.  -93.  -90.  -90.  -87.  -86.  -84.  -83.  -78.
  -77.  -77.  -75.  -75.  -75.  -75.  -71.  -70.  -69.  -68.  -67.  -66.
  -64.  -60.  -54.  -50.  -45.  -42.  -41.  -37.  -31.  -26.  -25.  -24.
  -23.  -23.  -21.  -18.  -17.  -14.  -14.   -8.   -7.   -6.   -2.   -2.
    0.    1.    4.    9.   12.   20.   23.   24.   25.   26.   29.   31.
   33.   33.   34.   37.   41.   45.   45.   46.   47.   51.   55.   57.
   57.   60.   60.   61.   62.   62.   63.   63.   64.   66.   68.   69.
   71.   75.   75.   77.   83.   84.   84.   87.   89.   89.   90.   91.
   92.   94.   94.   97.][-100.  -99.  -97.  -93.  -91.  -90.  -89.  -87.  -87.  -87.  -82.  -81.
  -81.  -79.  -78.  -76.  -75.  -73.  -69.  -64.  -61.  -56.  -55.  -54.
  -54.  -53.  -50.  -49.  -48.  -40.  -40.  -38.  -38.  -37.  -37.  -37.
  -37.  -35.  -33.  -32.  -26.  -25.  -24.  -21.  -21.  -19.  -14.  -13.
  -12.  -11.  -11.  -11.   -6.   -5.   -2.   -1.    0.    1.    3.    6.
   10.   12.   12.   21.   21.   22.   23.   26.   29.   29.   30.   34.
   38.   40.   42.   42.   44.   44.   45.   46.   51.   51.   52.   52.
   55.   57.   61.   66.   68.   69.   78.   79.   82.   86.   90.   93.
   94.   97.   98.   98.][-99. -99. -98. -97. -97. -95. -93. -91. -86. -85. -82. -82. -82. -77.
 -76. -75. -75. -72. -68. -68. -67. -67. -61. -60. -44. -40. -39. -36.
 -33. -32. -30. -28. -23. -23. -22. -20. -19. -18. -17. -14. -11. -10.
 -10.  -9.  -5.  -4.  -3.  -2.   0.   6.   7.  11.  20.  26.  27.  27.
  28.  30.  30.  32.  32.  34.  34.  36.  38.  43.  43.  44.  46.  47.
  49.  50.  54.  55.  56.  58.  58.  59.  59.  61.  63.  63.  69.  70.
  70.  70.  71.  72.  72.  73.  75.  76.  79.  80.  90.  91.  93.  93.
  96. 100.][-95. -95. -91. -86. -83. -81. -81. -78. -76. -76. -72. -70. -70. -69.
 -64. -63. -50. -45. -45. -45. -44. -44. -43. -40. -37. -35. -35. -34.
 -31. -20. -18. -16. -16. -15. -14. -10.  -8.  -6.  -3.  -1.  -1.   1.
   1.   2.   2.   3.   6.   6.   7.   8.   8.   9.  10.  11.  12.  12.
  13.  14.  14.  21.  25.  28.  30.  38.  40.  45.  45.  48.  49.  50.
  52.  54.  55.  58.  59.  60.  61.  62.  64.  66.  70.  71.  72.  77.
  79.  80.  80.  80.  81.  84.  84.  85.  88.  91.  91.  93.  96.  97.
  98. 100.][-100. -100.  -99.  -97.  -95.  -95.  -92.  -92.  -89.  -89.  -88.  -86.
  -84.  -83.  -81.  -74.  -72.  -69.  -68.  -64.  -64.  -63.  -62.  -61.
  -59.  -58.  -58.  -55.  -49.  -46.  -45.  -43.  -42.  -40.  -37.  -36.
  -34.  -32.  -29.  -28.  -27.  -26.  -26.  -23.  -21.  -19.  -15.  -11.
   -6.   -6.    0.    1.    3.    3.    5.    5.    9.   11.   11.   16.
   17.   19.   29.   30.   31.   32.   32.   33.   39.   44.   45.   45.
   46.   53.   54.   56.   56.   57.   60.   66.   67.   69.   70.   72.
   75.   78.   79.   87.   88.   88.   88.   89.   92.   92.   94.   94.
   97.   98.   99.  100.][-97. -96. -89. -88. -88. -87. -87. -86. -86. -85. -85. -84. -84. -80.
 -80. -78. -78. -76. -76. -72. -69. -68. -66. -62. -61. -60. -58. -52.
 -52. -50. -48. -47. -46. -45. -45. -45. -44. -43. -42. -41. -40. -38.
 -35. -33. -32. -30. -29. -28. -28. -21. -20. -19. -17. -16. -15. -15.
 -11. -10.  -5.  -4.   1.   5.   6.   6.  14.  17.  18.  19.  26.  26.
  29.  29.  30.  38.  39.  40.  44.  45.  46.  46.  49.  49.  50.  61.
  61.  62.  63.  64.  66.  68.  70.  72.  74.  75.  77.  80.  81.  84.
  89.  99.][-99. -95. -92. -90. -90. -90. -86. -82. -80. -80. -78. -78. -76. -75.
 -71. -70. -68. -68. -67. -66. -63. -63. -62. -60. -60. -55. -53. -48.
 -47. -43. -43. -42. -41. -40. -38. -34. -33. -29. -28. -25. -25. -24.
 -24. -22. -22.  -9.  -8.  -6.  -6.  -5.  -4.  -3.  -1.  -1.  -1.   0.
   1.   6.   7.  10.  11.  13.  27.  27.  28.  33.  35.  36.  36.  37.
  41.  42.  42.  46.  49.  49.  51.  52.  53.  54.  54.  54.  54.  58.
  59.  63.  64.  64.  65.  66.  75.  78.  83.  83.  84.  84.  91.  92.
  97.  97.][-100.  -98.  -96.  -95.  -92.  -92.  -91.  -89.  -82.  -80.  -76.  -72.
  -71.  -71.  -71.  -69.  -62.  -60.  -60.  -58.  -57.  -55.  -54.  -49.
  -38.  -37.  -36.  -35.  -30.  -28.  -27.  -25.  -23.  -23.  -22.  -19.
  -18.  -18.  -12.  -12.  -11.  -10.   -4.   -3.   -3.   -2.   -1.    3.
    4.    6.    8.    9.   12.   13.   13.   16.   18.   23.   24.   25.
   25.   25.   26.   30.   31.   34.   34.   36.   37.   39.   40.   41.
   47.   50.   51.   52.   53.   54.   54.   61.   62.   63.   65.   71.
   71.   71.   77.   83.   84.   85.   87.   91.   93.   95.   96.   96.
   97.   99.  100.  100.][-100.  -99.  -91.  -90.  -88.  -86.  -81.  -79.  -78.  -75.  -75.  -74.
  -73.  -68.  -68.  -66.  -65.  -64.  -61.  -60.  -58.  -56.  -56.  -55.
  -54.  -45.  -43.  -41.  -40.  -34.  -34.  -32.  -27.  -26.  -25.  -25.
  -20.  -19.  -12.   -1.    0.    1.    4.    6.   10.   13.   13.   14.
   14.   19.   19.   23.   24.   25.   29.   32.   32.   33.   34.   45.
   48.   48.   49.   51.   53.   55.   55.   57.   58.   62.   64.   65.
   65.   66.   66.   67.   69.   69.   72.   72.   73.   74.   80.   81.
   81.   81.   84.   85.   86.   86.   88.   91.   95.   96.   97.   98.
   99.   99.  100.  100.][-98. -98. -97. -97. -94. -94. -93. -93. -90. -88. -88. -88. -81. -80.
 -80. -77. -74. -74. -73. -69. -67. -63. -62. -62. -60. -60. -60. -56.
 -55. -53. -49. -47. -47. -46. -45. -43. -43. -37. -32. -32. -26. -25.
 -24. -24. -22. -20. -20. -19. -19. -18. -16. -14. -13. -12.  -7.   1.
   1.   1.   2.   4.   5.   6.   6.   6.   8.  11.  13.  15.  19.  20.
  20.  22.  22.  26.  31.  34.  36.  37.  39.  41.  44.  45.  49.  56.
  60.  63.  63.  64.  64.  70.  71.  73.  75.  75.  84.  85.  85.  87.
  94.  95.][-100.  -99.  -92.  -86.  -86.  -86.  -84.  -84.  -83.  -82.  -74.  -73.
  -72.  -70.  -69.  -68.  -66.  -65.  -64.  -63.  -62.  -57.  -56.  -52.
  -49.  -48.  -48.  -43.  -34.  -32.  -32.  -31.  -31.  -29.  -28.  -28.
  -23.  -21.  -19.  -18.  -14.  -13.  -12.  -10.  -10.   -9.   -8.   -8.
    1.    2.    2.    5.    5.    9.   10.   14.   36.   36.   38.   39.
   39.   39.   40.   41.   42.   44.   44.   44.   47.   48.   48.   48.
   56.   57.   61.   64.   65.   66.   67.   71.   76.   76.   78.   80.
   80.   82.   85.   86.   86.   86.   87.   88.   89.   90.   93.   96.
   98.   99.   99.   99.][-99. -97. -97. -94. -93. -92. -84. -83. -83. -81. -79. -78. -77. -75.
 -75. -66. -63. -60. -55. -54. -52. -52. -51. -51. -49. -49. -46. -43.
 -43. -43. -41. -37. -37. -33. -31. -30. -29. -29. -28. -24. -23. -21.
 -20. -19. -19. -19. -19. -12. -12. -11. -10.  -9.  -6.   0.   0.   0.
  10.  12.  16.  16.  17.  20.  21.  21.  22.  22.  24.  25.  32.  36.
  39.  39.  40.  40.  48.  50.  52.  54.  62.  63.  63.  64.  68.  71.
  72.  74.  75.  76.  77.  79.  80.  80.  86.  87.  88.  90.  91.  95.
  98.  98.][-99. -98. -96. -94. -91. -91. -89. -88. -86. -83. -82. -81. -79. -77.
 -76. -75. -71. -69. -68. -65. -65. -62. -62. -61. -59. -48. -44. -43.
 -42. -42. -40. -38. -36. -34. -23. -22. -20. -18. -18. -16. -10. -10.
  -8.  -3.   0.   0.   2.   2.   3.   4.   6.   6.  10.  12.  13.  15.
  16.  18.  18.  21.  22.  30.  31.  36.  38.  40.  41.  42.  47.  48.
  49.  51.  52.  53.  57.  58.  60.  65.  66.  69.  72.  76.  78.  80.
  80.  81.  82.  85.  87.  87.  87.  89.  90.  92.  93.  93.  95.  95.
  98.  98.][-100.  -97.  -96.  -92.  -87.  -85.  -82.  -80.  -79.  -78.  -77.  -73.
  -71.  -67.  -67.  -65.  -61.  -60.  -60.  -60.  -60.  -59.  -58.  -57.
  -55.  -50.  -50.  -50.  -48.  -45.  -44.  -43.  -41.  -41.  -40.  -38.
  -38.  -37.  -36.  -33.  -30.  -29.  -24.  -20.  -19.  -15.  -11.   -7.
   -5.   -3.   -1.    1.    2.    2.    3.    7.    8.    8.    9.   11.
   14.   18.   19.   20.   28.   30.   40.   42.   42.   47.   51.   52.
   53.   53.   53.   53.   54.   54.   56.   61.   63.   66.   73.   75.
   75.   75.   78.   79.   82.   84.   85.   86.   87.   89.   89.   90.
   90.   91.   93.   95.][-95. -90. -87. -85. -84. -79. -76. -72. -71. -68. -68. -68. -67. -65.
 -65. -61. -59. -57. -55. -54. -45. -45. -44. -40. -37. -36. -36. -35.
 -35. -33. -30. -28. -23. -18. -15. -14. -14. -12. -11.  -9.  -6.  -5.
  -2.   0.   3.   3.   3.   5.   7.   7.  15.  15.  16.  16.  17.  17.
  19.  20.  22.  27.  29.  35.  36.  39.  41.  41.  42.  44.  44.  45.
  50.  50.  51.  55.  55.  56.  56.  58.  59.  60.  67.  68.  68.  68.
  73.  73.  74.  77.  79.  83.  85.  87.  88.  88.  88.  90.  95.  95.
  95.  99.][-100.  -98.  -98.  -93.  -87.  -85.  -80.  -79.  -79.  -79.  -75.  -75.
  -74.  -73.  -70.  -70.  -69.  -63.  -62.  -60.  -59.  -58.  -58.  -54.
  -53.  -52.  -51.  -51.  -51.  -47.  -46.  -46.  -46.  -44.  -42.  -42.
  -42.  -39.  -38.  -38.  -37.  -35.  -35.  -33.  -33.  -29.  -29.  -29.
  -23.  -21.  -18.  -16.  -15.  -13.  -10.  -10.   -9.   -9.   -5.    2.
    3.   13.   13.   18.   18.   20.   20.   21.   26.   26.   28.   35.
   39.   39.   43.   50.   50.   51.   53.   54.   61.   62.   69.   73.
   74.   74.   76.   79.   82.   82.   82.   83.   85.   87.   87.   88.
   90.   91.   93.   97.][-98. -96. -96. -94. -93. -92. -90. -89. -89. -85. -83. -82. -80. -80.
 -74. -74. -71. -60. -56. -55. -48. -47. -46. -45. -43. -43. -41. -40.
 -40. -40. -39. -38. -35. -35. -32. -31. -28. -26. -20. -19. -15. -14.
 -13. -13. -10.  -7.  -7.   1.   2.   3.   4.   5.   5.   5.   6.   7.
   7.  12.  14.  15.  28.  34.  37.  37.  43.  44.  48.  48.  48.  49.
  49.  52.  53.  54.  54.  56.  58.  59.  61.  62.  62.  63.  64.  66.
  69.  69.  71.  73.  75.  79.  79.  79.  80.  80.  85.  89.  96.  97.
  99.  99.][-100.  -95.  -91.  -90.  -86.  -84.  -83.  -79.  -78.  -75.  -74.  -74.
  -73.  -70.  -67.  -64.  -61.  -59.  -59.  -56.  -52.  -50.  -50.  -49.
  -44.  -43.  -39.  -33.  -33.  -31.  -31.  -30.  -29.  -27.  -25.  -24.
  -20.  -20.  -18.  -17.  -16.  -15.  -15.  -14.  -14.  -12.  -12.  -10.
   -9.   -1.    1.    1.    5.   10.   15.   15.   17.   18.   18.   19.
   22.   23.   23.   24.   24.   24.   28.   28.   29.   29.   32.   32.
   34.   36.   39.   39.   41.   45.   46.   49.   51.   51.   54.   55.
   57.   58.   63.   73.   77.   78.   79.   80.   80.   80.   81.   83.
   88.   89.   91.   97.][-97. -96. -95. -94. -94. -90. -89. -89. -89. -89. -85. -83. -81. -80.
 -74. -72. -70. -68. -64. -63. -62. -60. -59. -54. -53. -49. -46. -45.
 -41. -38. -34. -34. -34. -32. -28. -23. -22. -22. -17. -17. -17. -15.
 -14. -13. -11. -11.  -9.  -4.  -1.   1.   2.   2.   9.  10.  10.  14.
  17.  21.  21.  25.  26.  29.  29.  30.  33.  34.  35.  37.  43.  45.
  50.  52.  53.  55.  59.  59.  61.  62.  65.  68.  71.  72.  73.  73.
  73.  74.  78.  82.  83.  86.  87.  92.  94.  96.  97.  97.  98.  98.
 100. 100.][-99. -95. -94. -94. -94. -90. -90. -86. -79. -78. -77. -77. -77. -77.
 -75. -71. -69. -69. -68. -67. -66. -65. -61. -59. -56. -55. -54. -53.
 -51. -49. -46. -44. -42. -38. -33. -23. -23. -21. -17. -11. -11. -11.
 -10.  -9.  -6.  -5.  -4.   0.   1.   3.   5.   9.   9.  11.  13.  18.
  20.  22.  25.  28.  28.  29.  33.  34.  36.  37.  40.  41.  43.  43.
  46.  46.  52.  59.  61.  64.  65.  67.  67.  67.  69.  69.  71.  71.
  72.  72.  72.  74.  80.  82.  83.  86.  87.  87.  90.  92.  94.  95.
  95.  96.][-97. -91. -91. -89. -88. -84. -84. -84. -81. -80. -78. -76. -76. -71.
 -70. -70. -67. -64. -57. -54. -54. -53. -53. -52. -51. -46. -45. -44.
 -43. -43. -40. -38. -31. -29. -28. -27. -23. -21. -14. -12. -12. -11.
 -10. -10.  -8.  -5.  -3.   3.   7.   8.   9.  13.  15.  16.  17.  23.
  23.  24.  28.  28.  32.  33.  33.  35.  36.  36.  36.  37.  37.  38.
  39.  39.  40.  42.  45.  48.  49.  51.  51.  54.  57.  59.  61.  63.
  66.  66.  68.  69.  73.  75.  82.  82.  84.  89.  93.  95.  96.  98.
  99. 100.][-100. -100.  -98.  -96.  -95.  -89.  -71.  -69.  -68.  -64.  -64.  -61.
  -60.  -60.  -59.  -58.  -53.  -51.  -51.  -50.  -48.  -47.  -47.  -44.
  -42.  -41.  -40.  -40.  -40.  -39.  -36.  -36.  -34.  -33.  -28.  -28.
  -25.  -25.  -23.  -19.  -19.  -18.  -17.  -16.  -16.  -15.  -12.  -12.
  -10.   -7.   -7.   -5.   -3.    2.    9.   10.   10.   10.   14.   15.
   18.   19.   21.   24.   28.   33.   33.   35.   35.   36.   41.   43.
   44.   44.   48.   55.   56.   57.   60.   63.   66.   67.   70.   72.
   74.   75.   75.   82.   83.   84.   85.   86.   86.   87.   89.   90.
   93.   93.   97.   99.][-100.  -97.  -97.  -94.  -94.  -94.  -91.  -91.  -85.  -84.  -83.  -82.
  -82.  -81.  -77.  -77.  -75.  -73.  -72.  -72.  -70.  -68.  -65.  -64.
  -60.  -59.  -59.  -57.  -54.  -51.  -51.  -49.  -49.  -47.  -44.  -41.
  -40.  -39.  -34.  -28.  -27.  -21.  -20.  -19.  -19.  -18.   -8.   -8.
   -7.   -4.   -3.   -2.    0.    2.    3.    6.    7.   11.   11.   13.
   18.   21.   22.   29.   32.   34.   36.   38.   42.   43.   45.   50.
   51.   55.   55.   58.   59.   60.   62.   62.   63.   67.   68.   71.
   72.   73.   73.   77.   77.   83.   89.   90.   92.   93.   97.   99.
   99.   99.  100.  100.][-99. -94. -93. -90. -84. -79. -79. -77. -75. -71. -70. -68. -67. -66.
 -63. -63. -60. -60. -59. -58. -56. -52. -52. -50. -49. -49. -49. -47.
 -45. -45. -43. -41. -40. -38. -33. -32. -31. -27. -26. -26. -26. -25.
 -25. -25. -24. -18. -16. -14.  -8.  -6.  -6.  -2.  -1.   0.   1.   4.
   4.   5.   7.   8.   9.  12.  16.  22.  30.  32.  35.  42.  42.  43.
  44.  44.  46.  47.  50.  51.  55.  55.  56.  56.  58.  61.  64.  65.
  67.  69.  77.  80.  82.  82.  83.  84.  84.  86.  87.  88.  90.  91.
  92.  95.][-95. -91. -82. -81. -79. -77. -75. -75. -68. -68. -67. -66. -65. -64.
 -59. -58. -57. -56. -51. -51. -48. -48. -48. -46. -40. -40. -39. -38.
 -36. -35. -34. -33. -33. -31. -30. -29. -25. -24. -23. -21. -21. -20.
 -20. -18. -18. -15. -11. -11.  -5.  -3.  -3.   1.   2.   4.   4.   7.
   7.   8.   9.  10.  10.  12.  13.  14.  14.  15.  20.  24.  27.  29.
  30.  44.  46.  46.  46.  48.  53.  58.  58.  59.  64.  65.  66.  68.
  69.  71.  78.  78.  78.  80.  82.  84.  84.  86.  88.  90.  92.  92.
  93.  99.][-99. -97. -96. -95. -94. -89. -89. -88. -88. -86. -82. -81. -81. -81.
 -80. -80. -77. -75. -69. -62. -62. -58. -55. -53. -52. -51. -47. -46.
 -46. -44. -44. -44. -43. -42. -39. -35. -35. -30. -29. -27. -26. -24.
 -23. -23. -18. -14. -10.  -7.  -5.  -4.  -3.   1.   3.   5.   9.   9.
  12.  15.  15.  19.  19.  20.  23.  24.  25.  30.  35.  37.  42.  45.
  49.  49.  49.  50.  52.  52.  55.  58.  60.  62.  63.  64.  64.  69.
  72.  74.  75.  75.  75.  79.  79.  82.  83.  83.  85.  89.  90.  93.
  96.  98.][-99. -99. -98. -88. -83. -82. -81. -81. -80. -79. -79. -76. -76. -76.
 -76. -74. -68. -63. -63. -63. -63. -63. -62. -61. -59. -58. -57. -55.
 -55. -54. -52. -51. -50. -48. -40. -37. -35. -34. -29. -29. -29. -27.
 -25. -21. -17. -16. -15.  -9.  -8.  -7.  -6.  -6.  -2.   0.   2.   3.
   4.   5.   7.   8.  10.  10.  11.  14.  16.  17.  20.  20.  23.  25.
  29.  29.  31.  36.  41.  43.  46.  49.  54.  55.  56.  57.  60.  64.
  64.  66.  68.  70.  71.  74.  77.  86.  87.  88.  90.  95.  96.  97.
  98.  98.][-100.  -95.  -94.  -90.  -87.  -86.  -86.  -86.  -83.  -81.  -79.  -77.
  -73.  -73.  -72.  -72.  -72.  -65.  -63.  -62.  -59.  -56.  -55.  -53.
  -45.  -43.  -43.  -42.  -40.  -38.  -38.  -37.  -35.  -34.  -34.  -32.
  -30.  -30.  -30.  -29.  -26.  -18.  -14.  -12.   -8.   -8.   -5.   -4.
   -2.   -1.    0.    3.    4.    5.    5.    6.    9.   10.   10.   11.
   14.   16.   16.   17.   20.   28.   30.   34.   34.   35.   35.   36.
   44.   45.   47.   47.   52.   53.   55.   56.   62.   70.   70.   71.
   71.   72.   76.   77.   77.   79.   85.   88.   91.   92.   94.   96.
   99.   99.  100.  100.][-97. -95. -90. -88. -86. -84. -83. -81. -78. -77. -77. -77. -74. -73.
 -71. -66. -65. -64. -61. -61. -60. -59. -57. -57. -57. -57. -56. -55.
 -53. -46. -44. -42. -40. -39. -36. -36. -36. -35. -33. -32. -28. -28.
 -16. -11. -10. -10.  -7.  -7.  -7.  -5.  -5.  -5.  -5.  -4.   2.   5.
   7.   8.   9.  13.  14.  18.  18.  20.  23.  23.  24.  26.  27.  27.
  27.  30.  30.  41.  41.  44.  48.  48.  48.  52.  56.  56.  59.  61.
  61.  68.  70.  72.  75.  81.  83.  86.  88.  88.  89.  90.  95.  95.
  97.  97.][-99. -97. -97. -93. -91. -90. -86. -86. -85. -83. -79. -79. -77. -76.
 -76. -74. -73. -72. -72. -71. -66. -66. -62. -60. -58. -54. -52. -52.
 -51. -42. -38. -37. -36. -34. -32. -32. -31. -30. -29. -28. -28. -25.
 -24. -24. -23. -20. -13. -13. -12. -12.  -9.  -9.  -5.  -3.  -3.  -1.
   1.   3.   6.   7.   9.   9.  13.  15.  17.  18.  20.  25.  28.  29.
  32.  33.  33.  38.  38.  46.  50.  55.  56.  56.  61.  62.  64.  67.
  67.  74.  76.  77.  79.  80.  81.  86.  87.  89.  94.  95.  96.  96.
  99.  99.][-98. -95. -93. -93. -91. -90. -90. -88. -86. -83. -82. -82. -82. -82.
 -80. -78. -77. -76. -73. -69. -68. -68. -67. -65. -63. -63. -61. -56.
 -55. -45. -45. -44. -44. -43. -39. -39. -38. -37. -35. -35. -33. -31.
 -28. -27. -20. -17. -15. -13. -10.  -5.  -4.  -4.  -2.   3.   8.   9.
  10.  12.  12.  13.  14.  15.  17.  18.  23.  23.  25.  26.  27.  30.
  31.  35.  43.  43.  43.  43.  44.  47.  47.  48.  48.  49.  52.  58.
  59.  59.  63.  64.  65.  72.  74.  75.  86.  88.  88.  89.  92. 100.
 100. 100.][-99. -97. -97. -96. -94. -93. -91. -87. -84. -80. -76. -75. -74. -73.
 -71. -69. -68. -63. -63. -59. -59. -55. -55. -51. -50. -48. -47. -46.
 -36. -34. -29. -28. -24. -21. -19. -19. -18. -15. -15. -14. -12. -12.
 -11.  -8.  -7.  -6.  -5.  -4.  -3.  -1.  -1.   2.   3.   5.   9.   9.
  14.  14.  16.  20.  21.  22.  25.  26.  27.  29.  34.  34.  39.  40.
  41.  44.  45.  49.  51.  51.  51.  54.  60.  61.  61.  66.  66.  71.
  74.  76.  76.  78.  78.  80.  81.  84.  86.  90.  94.  94.  95.  95.
  96.  97.][-96. -95. -92. -91. -87. -85. -81. -81. -80. -79. -78. -76. -73. -73.
 -73. -71. -70. -66. -62. -62. -60. -60. -57. -54. -51. -49. -48. -47.
 -47. -47. -42. -39. -39. -39. -38. -37. -34. -32. -30. -25. -23. -20.
 -17. -15. -15. -14. -11. -11.  -8.  -4.  -1.   0.   3.   5.   5.   6.
   6.   7.   8.   8.  15.  16.  23.  25.  27.  30.  31.  40.  42.  45.
  46.  49.  55.  55.  56.  56.  60.  62.  63.  68.  69.  72.  72.  74.
  75.  75.  75.  78.  83.  84.  85.  89.  89.  90.  91.  92.  93.  96.
  96.  98.][-100.  -97.  -97.  -95.  -93.  -93.  -89.  -87.  -87.  -84.  -81.  -80.
  -78.  -72.  -70.  -70.  -68.  -68.  -65.  -62.  -61.  -60.  -57.  -56.
  -55.  -55.  -54.  -52.  -51.  -51.  -48.  -48.  -44.  -43.  -41.  -40.
  -39.  -38.  -38.  -32.  -32.  -27.  -23.  -23.  -22.  -20.  -13.   -9.
   -8.   -7.   -1.    0.    6.    7.   11.   14.   15.   15.   15.   19.
   20.   20.   22.   27.   29.   30.   31.   32.   34.   34.   35.   36.
   38.   41.   41.   41.   42.   46.   47.   50.   55.   57.   58.   60.
   61.   63.   69.   71.   75.   79.   81.   82.   83.   85.   89.   90.
   96.   96.   98.   98.][-96. -95. -92. -90. -90. -90. -87. -85. -84. -84. -81. -78. -78. -75.
 -75. -72. -67. -66. -57. -57. -55. -53. -52. -49. -48. -47. -46. -44.
 -44. -42. -40. -37. -36. -29. -27. -27. -26. -25. -23. -23. -21. -18.
 -17. -16. -15. -12.  -4.   1.   2.   5.   6.  11.  15.  16.  19.  24.
  24.  25.  27.  30.  31.  31.  33.  37.  38.  38.  41.  42.  48.  50.
  52.  54.  55.  56.  59.  64.  64.  65.  66.  67.  68.  75.  78.  81.
  83.  84.  85.  85.  87.  88.  89.  93.  95.  95.  97.  98.  99.  99.
  99. 100.][-97. -91. -89. -89. -88. -85. -83. -82. -82. -81. -79. -78. -72. -70.
 -70. -69. -67. -61. -61. -59. -58. -58. -56. -55. -54. -51. -51. -50.
 -47. -45. -44. -41. -38. -35. -34. -31. -28. -27. -27. -26. -23. -21.
 -21. -20. -18. -11.  -9.  -9.  -7.  -7.  -4.   2.   4.   5.   5.   6.
   6.  10.  10.  11.  12.  14.  16.  22.  23.  29.  31.  33.  35.  37.
  42.  43.  48.  50.  50.  53.  55.  61.  62.  66.  67.  67.  69.  69.
  73.  73.  74.  74.  76.  77.  79.  82.  83.  88.  89.  94.  96.  98.
  98.  99.][-97. -97. -95. -94. -94. -92. -90. -90. -89. -87. -85. -84. -79. -74.
 -73. -68. -63. -60. -52. -46. -44. -44. -43. -42. -41. -40. -40. -40.
 -38. -38. -37. -36. -30. -30. -29. -25. -24. -24. -24. -23. -22. -20.
 -16. -13. -13. -10.  -8.  -6.  -5.  -5.  -4.  -1.   1.   2.   5.   7.
  11.  12.  13.  14.  15.  16.  16.  24.  26.  27.  30.  33.  33.  39.
  39.  41.  46.  47.  50.  50.  53.  54.  55.  57.  57.  61.  64.  68.
  68.  70.  75.  76.  76.  77.  78.  78.  78.  81.  81.  83.  88.  96.
  98. 100.][-95. -92. -88. -87. -86. -86. -84. -81. -81. -80. -78. -77. -70. -66.
 -58. -56. -52. -51. -51. -48. -46. -44. -42. -40. -40. -36. -32. -32.
 -29. -27. -27. -27. -26. -25. -23. -22. -16. -15. -10.  -6.  -4.  -3.
  -3.  -1.  -1.   0.   7.  15.  16.  17.  17.  18.  19.  19.  21.  24.
  25.  30.  32.  33.  34.  34.  35.  36.  38.  40.  41.  46.  46.  56.
  57.  58.  58.  59.  62.  63.  64.  65.  65.  66.  69.  70.  71.  76.
  77.  77.  78.  79.  82.  84.  85.  85.  86.  91.  92.  94.  95.  97.
  99. 100.][-98. -97. -93. -89. -86. -80. -80. -76. -75. -74. -74. -73. -73. -64.
 -62. -61. -59. -58. -56. -53. -52. -52. -47. -46. -45. -44. -44. -41.
 -38. -36. -35. -35. -29. -29. -29. -27. -26. -22. -19. -19. -13.  -8.
  -6.  -3.  -2.  -1.   1.   5.   9.  12.  15.  16.  16.  20.  20.  24.
  25.  25.  26.  26.  27.  27.  28.  30.  30.  32.  44.  45.  51.  53.
  53.  55.  58.  59.  60.  66.  67.  67.  69.  70.  72.  73.  76.  79.
  80.  83.  84.  86.  89.  91.  92.  92.  94.  95.  97.  97.  98. 100.
 100. 100.][-100.  -95.  -90.  -87.  -79.  -76.  -72.  -72.  -71.  -67.  -64.  -64.
  -61.  -59.  -59.  -58.  -58.  -58.  -58.  -57.  -56.  -55.  -50.  -49.
  -47.  -47.  -47.  -43.  -43.  -39.  -39.  -35.  -34.  -32.  -32.  -30.
  -30.  -29.  -28.  -21.  -19.  -18.  -18.  -18.  -14.  -13.  -13.   -8.
   -8.   -7.   -6.   -3.    1.    2.    4.    9.   10.   11.   14.   19.
   22.   24.   33.   35.   36.   37.   38.   38.   42.   44.   46.   48.
   48.   48.   49.   51.   55.   56.   56.   59.   61.   61.   62.   63.
   64.   65.   65.   67.   67.   71.   72.   73.   76.   77.   77.   81.
   85.   93.   94.   96.][-98. -98. -95. -95. -93. -93. -92. -92. -87. -84. -83. -82. -81. -80.
 -76. -75. -75. -75. -74. -69. -66. -62. -61. -60. -60. -60. -59. -54.
 -50. -49. -48. -47. -43. -43. -40. -38. -37. -34. -33. -29. -26. -24.
 -24. -23. -21. -20. -19. -17. -16. -15. -13.  -8.  -8.  -4.  -3.  -2.
   3.   3.   5.   6.   6.   7.   7.   8.  11.  16.  17.  18.  24.  25.
  30.  33.  33.  34.  35.  37.  41.  41.  41.  44.  45.  49.  53.  56.
  56.  57.  58.  63.  65.  66.  69.  71.  71.  74.  86.  89.  89.  91.
  95.  98.][-99. -97. -95. -94. -91. -83. -83. -80. -78. -76. -76. -76. -74. -73.
 -68. -61. -59. -59. -55. -55. -53. -51. -50. -50. -48. -48. -43. -42.
 -41. -33. -33. -31. -30. -29. -24. -24. -21. -20. -18. -15. -14. -14.
 -12. -10.  -9.  -8.  -6.  -6.  -3.  -2.   0.   0.   0.   2.   3.   7.
   8.  11.  12.  13.  14.  16.  17.  18.  19.  20.  22.  23.  26.  26.
  26.  29.  37.  37.  43.  44.  45.  47.  49.  50.  51.  53.  55.  62.
  62.  70.  74.  76.  77.  78.  79.  80.  82.  84.  88.  88.  94.  94.
  96.  97.]