[-99. -99. -93. -89. -87. -86. -83. -82. -79. -78. -78. -78. -78. -76.
 -74. -74. -70. -70. -68. -64. -63. -59. -58. -52. -50. -48. -46. -45.
 -42. -42. -38. -38. -31. -30. -29. -24. -23. -20. -19. -18. -17. -14.
 -13. -12. -11.  -9.  -9.  -8.  -8.  -2.  -1.   0.   7.  12.  14.  14.
  25.  26.  27.  31.  32.  34.  36.  36.  37.  38.  44.  44.  45.  48.
  51.  54.  56.  57.  59.  63.  64.  65.  66.  67.  68.  69.  70.  72.
  73.  74.  74.  76.  76.  78.  84.  84.  93.  93.  93.  95.  96.  97.
  98.  99.][-93. -90. -88. -88. -88. -87. -87. -84. -83. -80. -79. -77. -75. -75.
 -73. -69. -67. -66. -66. -64. -62. -61. -61. -60. -60. -58. -57. -53.
 -53. -53. -51. -48. -45. -45. -42. -41. -38. -37. -37. -36. -36. -35.
 -35. -32. -26. -25. -21. -20. -20. -17. -17. -16. -16. -12.  -8.  -7.
  -5.  -3.  -1.   2.   3.   6.  12.  16.  17.  17.  24.  28.  29.  32.
  33.  35.  36.  41.  43.  44.  45.  46.  48.  52.  55.  60.  62.  62.
  62.  63.  64.  65.  68.  69.  70.  71.  72.  78.  79.  79.  86.  94.
  96. 100.][-92. -91. -90. -89. -84. -84. -79. -77. -77. -74. -73. -68. -68. -65.
 -65. -65. -63. -61. -58. -56. -50. -50. -48. -48. -46. -46. -38. -37.
 -35. -35. -32. -29. -25. -25. -24. -24. -21. -17. -16. -12.  -9.  -6.
  -3.  -1.   0.   3.  10.  11.  19.  20.  21.  22.  24.  25.  25.  26.
  26.  30.  33.  33.  34.  35.  36.  39.  43.  44.  45.  45.  47.  50.
  50.  51.  52.  52.  53.  53.  54.  59.  59.  60.  62.  62.  62.  64.
  71.  74.  76.  78.  78.  80.  82.  90.  91.  92.  93.  94.  95.  96.
  97.  98.][-98. -98. -96. -96. -91. -87. -83. -83. -79. -76. -75. -74. -71. -71.
 -69. -68. -67. -64. -63. -63. -62. -61. -61. -59. -59. -56. -54. -54.
 -54. -50. -47. -42. -40. -39. -37. -36. -35. -27. -24. -22. -21. -21.
 -16. -16. -14. -12. -12.  -9.  -8.  -7.  -5.  -4.  -2.  -2.   2.   4.
   6.   6.   6.   7.   9.  10.  16.  17.  18.  19.  20.  20.  21.  22.
  22.  22.  30.  31.  32.  34.  39.  44.  45.  50.  56.  59.  59.  60.
  60.  60.  63.  63.  66.  70.  73.  74.  77.  79.  79.  79.  80.  91.
  92.  95.][-97. -93. -91. -87. -86. -83. -80. -78. -75. -75. -73. -71. -60. -58.
 -57. -56. -52. -48. -47. -46. -46. -46. -46. -42. -35. -33. -32. -30.
 -30. -28. -26. -25. -25. -24. -24. -18. -16. -15. -15. -14. -11. -10.
  -7.  -4.  -4.  -4.  -1.   1.   3.   4.   5.   6.   6.   7.   8.  10.
  11.  14.  15.  21.  22.  28.  28.  29.  34.  39.  41.  41.  42.  44.
  46.  47.  50.  50.  51.  53.  56.  56.  63.  63.  63.  65.  67.  72.
  73.  73.  74.  81.  83.  86.  89.  90.  92.  95.  95.  95.  96.  96.
  96.  97.][-99. -95. -94. -92. -90. -89. -88. -87. -82. -78. -73. -71. -70. -69.
 -69. -69. -69. -66. -66. -65. -63. -59. -59. -57. -56. -53. -46. -45.
 -44. -44. -43. -40. -39. -39. -38. -36. -36. -34. -33. -30. -29. -28.
 -28. -26. -25. -24. -24. -21. -17. -17. -15. -14. -10.  -7.  -5.  -2.
   1.   1.   3.   5.  10.  17.  17.  18.  23.  25.  25.  29.  34.  34.
  36.  36.  37.  38.  39.  39.  42.  42.  43.  44.  44.  50.  50.  60.
  61.  63.  67.  72.  74.  74.  74.  77.  79.  82.  84.  86.  88.  91.
  91. 100.][-95. -91. -88. -86. -81. -77. -75. -73. -73. -71. -66. -65. -65. -65.
 -63. -61. -54. -53. -52. -48. -46. -41. -40. -37. -37. -37. -36. -32.
 -30. -25. -25. -24. -19. -12. -11. -10.  -7.  -7.   1.   2.   5.  11.
  13.  13.  14.  17.  17.  18.  23.  26.  28.  29.  31.  35.  39.  41.
  41.  44.  45.  46.  54.  54.  56.  58.  59.  61.  61.  61.  61.  62.
  63.  64.  64.  66.  66.  67.  68.  69.  72.  73.  75.  76.  81.  84.
  84.  85.  86.  87.  89.  91.  92.  93.  95.  95.  97.  97.  98.  98.
 100. 100.][-100.  -99.  -97.  -97.  -97.  -91.  -91.  -91.  -89.  -88.  -88.  -87.
  -85.  -82.  -78.  -76.  -76.  -73.  -69.  -67.  -63.  -60.  -57.  -53.
  -50.  -50.  -49.  -47.  -43.  -42.  -42.  -41.  -41.  -39.  -38.  -36.
  -28.  -27.  -27.  -26.  -26.  -25.  -22.  -21.  -15.   -9.   -7.   -7.
   -6.   -4.   -2.   -1.    2.    2.    5.    7.   11.   12.   16.   18.
   22.   25.   31.   33.   33.   33.   35.   36.   37.   38.   41.   41.
   42.   43.   44.   48.   50.   50.   50.   54.   55.   58.   59.   63.
   71.   75.   76.   82.   84.   87.   91.   91.   93.   93.   94.   95.
   97.   97.   98.   98.][-99. -99. -98. -97. -97. -96. -95. -94. -93. -90. -89. -82. -82. -80.
 -80. -78. -78. -75. -74. -74. -74. -72. -72. -64. -61. -57. -56. -53.
 -52. -47. -44. -43. -43. -43. -42. -41. -41. -38. -30. -26. -23. -22.
 -15. -15. -13. -12. -10.  -8.  -7.  -5.  -3.  -3.  -2.  -1.   3.   7.
   8.   8.  14.  21.  25.  27.  28.  28.  29.  31.  32.  33.  33.  34.
  36.  36.  37.  37.  41.  43.  45.  45.  45.  47.  48.  48.  52.  58.
  59.  61.  62.  64.  67.  69.  69.  74.  76.  78.  86.  92.  93.  94.
  96.  98.][-97. -93. -92. -91. -88. -84. -79. -78. -77. -74. -69. -68. -63. -60.
 -58. -54. -53. -51. -51. -49. -48. -48. -46. -46. -45. -44. -43. -40.
 -37. -36. -35. -34. -33. -32. -31. -16. -16. -13. -10.  -8.  -8.  -7.
  -7.  -6.  -5.  -1.   1.   1.   2.   2.   3.   3.   3.   4.   5.   6.
  10.  13.  16.  19.  21.  21.  23.  24.  25.  25.  26.  36.  36.  39.
  41.  42.  45.  45.  46.  49.  56.  56.  59.  62.  65.  67.  67.  68.
  70.  71.  79.  81.  83.  84.  87.  87.  88.  89.  94.  94.  97.  99.
 100. 100.][-100.  -94.  -94.  -92.  -92.  -89.  -88.  -87.  -86.  -86.  -85.  -78.
  -74.  -73.  -72.  -67.  -65.  -63.  -62.  -62.  -61.  -56.  -54.  -52.
  -50.  -41.  -41.  -40.  -35.  -35.  -35.  -35.  -31.  -31.  -30.  -21.
  -20.  -19.  -18.  -17.  -14.  -10.   -7.   -6.   -3.   -1.    0.    1.
    2.    2.    5.    6.    9.   10.   10.   18.   18.   19.   20.   21.
   23.   26.   26.   28.   33.   39.   39.   40.   43.   45.   45.   46.
   50.   54.   55.   55.   55.   57.   58.   58.   61.   64.   71.   72.
   73.   74.   77.   77.   77.   77.   83.   84.   86.   88.   88.   92.
   92.   96.   97.   99.][-100.  -98.  -92.  -91.  -90.  -90.  -85.  -85.  -81.  -79.  -78.  -62.
  -59.  -55.  -52.  -52.  -51.  -51.  -49.  -48.  -46.  -45.  -45.  -44.
  -42.  -38.  -35.  -34.  -33.  -30.  -29.  -24.  -23.  -22.  -22.  -22.
  -19.  -17.  -17.  -16.  -15.  -13.   -9.   -9.   -7.   -4.   -4.    5.
    5.    6.    6.    6.    7.    9.   13.   14.   15.   15.   24.   25.
   29.   35.   37.   37.   37.   38.   38.   42.   44.   49.   55.   56.
   63.   65.   65.   66.   66.   67.   67.   68.   68.   69.   70.   73.
   73.   76.   81.   81.   82.   82.   82.   84.   84.   89.   90.   93.
   96.   97.   98.   98.][-97. -96. -95. -95. -93. -90. -84. -83. -82. -79. -76. -74. -74. -72.
 -72. -71. -70. -68. -67. -67. -65. -65. -65. -61. -59. -59. -57. -57.
 -57. -52. -49. -48. -44. -42. -41. -40. -38. -23. -22. -19. -17. -16.
 -15. -14. -14. -13.  -9.  -9.  -8.  -1.  -1.   0.   4.   5.   5.   6.
   7.   8.   9.  11.  14.  14.  20.  22.  23.  30.  32.  34.  36.  39.
  40.  41.  44.  46.  49.  51.  53.  55.  55.  60.  60.  62.  63.  64.
  67.  68.  72.  73.  74.  77.  78.  79.  82.  84.  85.  91.  93.  98.
  99. 100.][-99. -98. -97. -95. -93. -92. -90. -88. -84. -83. -81. -81. -80. -79.
 -77. -77. -77. -77. -76. -72. -71. -70. -62. -60. -59. -58. -57. -57.
 -57. -56. -50. -49. -44. -40. -39. -38. -34. -33. -30. -29. -29. -21.
 -20. -20. -17. -17. -16. -16. -14.  -7.  -6.  -4.  -3.  -3.   1.   3.
   4.   9.  14.  17.  18.  18.  21.  24.  25.  28.  29.  31.  33.  33.
  37.  41.  44.  44.  47.  50.  52.  52.  52.  53.  53.  56.  58.  64.
  66.  66.  66.  70.  72.  73.  82.  85.  89.  89.  89.  91.  92.  95.
  96.  96.][-99. -96. -95. -92. -89. -89. -86. -84. -83. -82. -76. -72. -69. -69.
 -68. -66. -66. -61. -59. -56. -49. -45. -44. -43. -43. -36. -36. -33.
 -33. -33. -29. -28. -22. -22. -17. -16. -14. -13. -11.  -8.  -6.  -5.
  -1.   4.   5.   9.  10.  11.  15.  15.  16.  17.  19.  21.  25.  25.
  27.  29.  30.  31.  32.  37.  41.  41.  42.  46.  49.  50.  50.  51.
  54.  59.  61.  63.  63.  67.  67.  68.  71.  71.  75.  77.  78.  82.
  82.  82.  86.  88.  89.  89.  89.  91.  92.  92.  93.  93.  93.  93.
  95.  97.][-96. -95. -95. -94. -91. -90. -84. -84. -83. -79. -72. -71. -71. -71.
 -68. -67. -67. -63. -63. -60. -53. -51. -50. -48. -46. -40. -39. -39.
 -37. -37. -35. -33. -29. -28. -27. -22. -21. -20. -19. -19. -19. -14.
 -10.  -1.   1.   4.   6.   8.  12.  13.  13.  14.  15.  16.  17.  18.
  21.  22.  23.  24.  26.  27.  35.  36.  39.  41.  42.  42.  44.  47.
  49.  50.  51.  55.  57.  58.  62.  63.  64.  66.  66.  66.  67.  69.
  73.  74.  75.  76.  80.  80.  83.  83.  88.  91.  92.  94.  94.  94.
  96. 100.][-92. -91. -90. -82. -80. -80. -77. -76. -75. -74. -74. -74. -73. -71.
 -70. -69. -62. -58. -53. -53. -48. -46. -46. -43. -43. -39. -39. -38.
 -37. -37. -34. -32. -32. -32. -27. -23. -20. -19. -17. -16. -14. -13.
 -12. -12.  -9.  -8.  -6.  -6.  -2.  -2.  -2.   6.   7.   7.   9.  11.
  12.  13.  16.  19.  19.  20.  20.  21.  26.  29.  32.  35.  35.  37.
  38.  39.  40.  41.  46.  47.  50.  51.  53.  56.  56.  57.  57.  66.
  69.  73.  74.  76.  83.  86.  87.  87.  87.  89.  90.  90.  92.  96.
  96. 100.][-100.  -93.  -93.  -92.  -88.  -85.  -82.  -82.  -82.  -82.  -82.  -81.
  -81.  -78.  -76.  -70.  -68.  -63.  -59.  -59.  -58.  -57.  -56.  -56.
  -54.  -54.  -53.  -50.  -49.  -48.  -46.  -44.  -44.  -43.  -43.  -43.
  -42.  -41.  -40.  -35.  -35.  -35.  -30.  -30.  -26.  -17.  -15.   -7.
   -5.   -1.   -1.    6.    9.   10.   11.   11.   11.   13.   16.   16.
   17.   21.   26.   30.   31.   31.   33.   35.   41.   44.   45.   46.
   49.   49.   49.   51.   53.   61.   62.   63.   65.   67.   70.   71.
   71.   71.   74.   77.   79.   82.   83.   87.   88.   91.   92.   92.
   94.   94.   97.   98.][-99. -98. -98. -98. -96. -93. -90. -88. -85. -84. -83. -81. -81. -79.
 -75. -73. -68. -68. -68. -66. -64. -63. -61. -56. -54. -45. -42. -37.
 -35. -32. -31. -31. -27. -26. -25. -21. -17. -13. -11.  -9.  -6.  -3.
   0.   0.   1.   4.  11.  11.  12.  17.  18.  18.  18.  18.  19.  20.
  26.  26.  28.  28.  31.  32.  36.  37.  37.  40.  44.  44.  45.  45.
  45.  47.  51.  54.  54.  55.  56.  61.  64.  65.  67.  67.  70.  72.
  72.  75.  76.  79.  80.  82.  84.  86.  86.  87.  89.  90.  90.  95.
  96. 100.][-99. -97. -97. -97. -95. -89. -88. -88. -87. -86. -84. -83. -82. -79.
 -78. -76. -73. -71. -68. -68. -67. -61. -58. -53. -53. -52. -52. -50.
 -48. -47. -46. -44. -41. -39. -38. -38. -36. -36. -33. -32. -30. -30.
 -30. -28. -26. -26. -25. -23. -16. -14. -14. -13.  -9.  -8.  -8.  -8.
  -4.  -2.  -1.   0.   9.  11.  12.  13.  13.  14.  15.  16.  18.  25.
  27.  28.  30.  32.  42.  43.  46.  46.  46.  47.  47.  48.  50.  52.
  55.  58.  59.  65.  78.  80.  80.  85.  88.  89.  90.  92.  93.  98.
  98. 100.][-100.  -99.  -94.  -88.  -88.  -84.  -83.  -81.  -80.  -77.  -77.  -76.
  -75.  -75.  -69.  -69.  -65.  -62.  -61.  -57.  -54.  -53.  -45.  -40.
  -37.  -36.  -35.  -34.  -34.  -32.  -31.  -30.  -21.  -21.  -20.  -19.
  -19.  -18.  -10.   -9.   -9.   -6.   -6.   -2.    2.    4.    7.    7.
    8.   11.   11.   14.   24.   26.   26.   27.   28.   28.   30.   30.
   33.   36.   36.   37.   39.   41.   42.   42.   45.   46.   46.   47.
   49.   49.   52.   53.   54.   54.   55.   56.   57.   58.   67.   68.
   72.   74.   75.   76.   76.   79.   80.   83.   85.   86.   89.   90.
   92.   92.   98.  100.][-100.  -95.  -93.  -89.  -87.  -84.  -83.  -81.  -81.  -79.  -79.  -78.
  -74.  -74.  -73.  -73.  -69.  -62.  -62.  -62.  -60.  -58.  -56.  -52.
  -52.  -50.  -49.  -48.  -47.  -45.  -42.  -42.  -41.  -39.  -39.  -38.
  -36.  -31.  -30.  -29.  -28.  -20.  -19.  -19.  -17.  -16.  -15.  -14.
   -7.   -3.   -3.   -2.    4.    6.    8.    9.    9.   18.   19.   20.
   22.   24.   27.   28.   31.   32.   39.   41.   42.   43.   43.   44.
   47.   50.   51.   53.   54.   56.   57.   62.   69.   70.   70.   72.
   81.   81.   83.   84.   85.   87.   87.   87.   87.   91.   93.   93.
   93.   96.   97.   99.][-100.  -97.  -93.  -91.  -91.  -88.  -86.  -85.  -84.  -81.  -79.  -77.
  -75.  -74.  -73.  -68.  -67.  -67.  -64.  -64.  -63.  -63.  -62.  -57.
  -56.  -53.  -48.  -40.  -39.  -37.  -35.  -33.  -24.  -23.  -22.  -18.
  -18.  -16.  -15.  -12.  -11.  -11.   -9.   -8.   -7.   -5.   -3.   -2.
   -2.   -2.   -1.    3.    5.    8.   10.   12.   12.   13.   14.   15.
   18.   20.   29.   31.   34.   34.   42.   47.   49.   50.   55.   56.
   58.   59.   60.   61.   62.   63.   64.   64.   67.   73.   73.   74.
   77.   78.   79.   79.   79.   81.   85.   87.   87.   88.   90.   91.
   92.   92.   93.   95.][-100.  -99.  -97.  -96.  -93.  -89.  -82.  -81.  -81.  -75.  -71.  -69.
  -68.  -67.  -63.  -61.  -60.  -60.  -59.  -59.  -57.  -53.  -52.  -50.
  -50.  -50.  -49.  -48.  -46.  -44.  -44.  -40.  -38.  -37.  -34.  -32.
  -32.  -31.  -30.  -28.  -26.  -24.  -23.  -21.  -17.   -6.   -3.   -3.
   -3.    3.    8.   18.   18.   19.   20.   21.   23.   25.   26.   28.
   29.   30.   31.   32.   33.   33.   34.   35.   35.   35.   36.   39.
   42.   43.   45.   47.   51.   60.   62.   63.   64.   66.   66.   67.
   70.   70.   70.   73.   75.   82.   84.   89.   91.   95.   96.   97.
   98.  100.  100.  100.][-100. -100.  -99.  -95.  -94.  -92.  -91.  -89.  -87.  -84.  -83.  -79.
  -77.  -77.  -74.  -73.  -68.  -67.  -64.  -59.  -58.  -54.  -54.  -50.
  -45.  -45.  -44.  -42.  -40.  -39.  -36.  -34.  -34.  -28.  -27.  -27.
  -27.  -26.  -25.  -25.  -24.  -19.  -18.  -16.  -16.  -15.  -12.  -11.
   -7.   -4.   -3.   -3.   -3.   -1.    3.    4.    5.    7.    8.   10.
   11.   12.   13.   13.   14.   15.   17.   18.   19.   21.   26.   30.
   30.   36.   36.   38.   39.   40.   41.   44.   47.   48.   55.   55.
   56.   57.   61.   62.   65.   73.   74.   74.   77.   80.   82.   88.
   89.   92.   93.   93.][-100.  -97.  -94.  -86.  -85.  -84.  -83.  -82.  -82.  -81.  -81.  -78.
  -76.  -74.  -68.  -67.  -66.  -65.  -65.  -63.  -63.  -61.  -60.  -60.
  -59.  -56.  -53.  -50.  -49.  -46.  -46.  -45.  -44.  -42.  -34.  -31.
  -31.  -30.  -28.  -25.  -25.  -25.  -20.  -17.  -16.  -15.  -13.   -9.
   -8.   -7.   -7.   -4.    3.    3.    6.    6.    7.    9.    9.   13.
   17.   18.   19.   20.   20.   21.   22.   25.   27.   30.   31.   37.
   37.   42.   42.   49.   53.   55.   57.   59.   66.   67.   68.   69.
   73.   73.   74.   81.   83.   84.   87.   89.   92.   95.   96.   96.
   99.   99.  100.  100.][-97. -94. -94. -94. -93. -89. -78. -76. -74. -73. -70. -63. -62. -58.
 -58. -57. -51. -50. -44. -41. -41. -39. -39. -34. -32. -32. -32. -29.
 -27. -27. -21. -21. -20. -18. -15. -12.  -8.  -6.  -6.  -1.   3.   5.
  10.  12.  13.  14.  14.  14.  16.  19.  19.  19.  21.  22.  23.  24.
  24.  25.  27.  28.  29.  31.  31.  34.  34.  35.  37.  38.  38.  39.
  40.  41.  42.  44.  46.  47.  51.  52.  52.  55.  58.  59.  60.  62.
  63.  65.  66.  67.  69.  71.  73.  76.  82.  83.  83.  87.  94.  96.
  96.  97.][-98. -97. -96. -95. -95. -95. -91. -88. -85. -85. -76. -76. -74. -72.
 -69. -67. -65. -63. -59. -59. -59. -58. -57. -56. -56. -53. -53. -53.
 -52. -51. -48. -47. -44. -42. -39. -36. -32. -32. -30. -30. -25. -23.
 -20. -17. -17. -15. -14. -13. -11.  -3.  -1.   2.   5.   5.   8.  10.
  16.  17.  18.  18.  22.  22.  24.  26.  27.  28.  30.  34.  38.  38.
  41.  44.  50.  50.  51.  51.  52.  55.  56.  58.  60.  61.  66.  68.
  69.  70.  71.  73.  74.  76.  76.  78.  81.  82.  82.  82.  90.  94.
  96.  98.][-100.  -97.  -94.  -93.  -92.  -92.  -88.  -81.  -79.  -78.  -77.  -76.
  -74.  -72.  -72.  -70.  -63.  -63.  -61.  -59.  -54.  -49.  -48.  -43.
  -42.  -40.  -40.  -40.  -40.  -39.  -38.  -38.  -38.  -32.  -31.  -30.
  -26.  -20.  -18.  -17.  -15.  -15.  -14.  -12.  -11.  -10.   -8.   -6.
    0.    1.    2.    2.    4.    8.    9.   13.   13.   15.   19.   21.
   21.   23.   26.   26.   29.   30.   30.   31.   32.   32.   33.   35.
   39.   40.   43.   44.   48.   57.   57.   59.   61.   68.   70.   70.
   71.   74.   76.   78.   79.   82.   83.   83.   86.   88.   90.   93.
   94.   95.   96.   99.][-97. -92. -91. -88. -85. -84. -84. -79. -77. -76. -74. -72. -68. -63.
 -63. -60. -56. -55. -51. -49. -46. -45. -42. -42. -40. -38. -36. -35.
 -30. -28. -22. -21. -20. -19. -19. -18. -14. -14. -13. -11.  -8.  -5.
  -3.  -2.  -1.  10.  16.  17.  17.  19.  24.  25.  33.  35.  36.  38.
  39.  39.  42.  42.  43.  44.  47.  47.  47.  48.  49.  49.  52.  52.
  52.  52.  55.  56.  56.  57.  67.  68.  70.  73.  78.  78.  78.  80.
  82.  82.  82.  83.  86.  87.  87.  88.  89.  89.  90.  92.  93.  95.
  97.  98.][-97. -96. -94. -94. -94. -90. -89. -86. -85. -85. -84. -82. -81. -80.
 -80. -74. -74. -69. -64. -60. -59. -59. -52. -50. -41. -41. -40. -36.
 -34. -34. -33. -33. -32. -30. -30. -23. -20. -19. -15. -14. -13. -12.
 -12.  -9.  -9.  -8.  -4.  -2.  -1.   1.   1.   1.   1.   2.   3.   3.
   7.   8.  11.  12.  13.  20.  21.  22.  22.  22.  23.  23.  27.  27.
  33.  34.  38.  40.  43.  44.  50.  59.  60.  62.  65.  66.  66.  67.
  68.  69.  71.  74.  78.  79.  80.  82.  85.  85.  86.  88.  91.  94.
  96. 100.][-100.  -98.  -97.  -93.  -93.  -93.  -91.  -90.  -90.  -90.  -86.  -86.
  -84.  -82.  -76.  -75.  -73.  -72.  -70.  -66.  -65.  -64.  -61.  -60.
  -58.  -56.  -56.  -53.  -53.  -52.  -46.  -38.  -38.  -33.  -29.  -28.
  -26.  -25.  -23.  -23.  -21.  -19.  -18.  -17.  -12.  -11.   -7.   -6.
    3.   11.   13.   13.   13.   14.   17.   25.   30.   30.   30.   32.
   34.   36.   37.   40.   40.   42.   43.   45.   46.   47.   48.   52.
   52.   55.   55.   56.   57.   64.   64.   66.   68.   71.   71.   77.
   79.   81.   82.   85.   85.   85.   86.   87.   89.   89.   90.   91.
   91.   91.   91.   93.][-100.  -98.  -94.  -93.  -92.  -92.  -91.  -87.  -84.  -84.  -83.  -79.
  -76.  -76.  -75.  -74.  -73.  -67.  -63.  -60.  -59.  -58.  -56.  -55.
  -52.  -50.  -50.  -50.  -49.  -49.  -48.  -44.  -44.  -40.  -39.  -37.
  -37.  -34.  -32.  -30.  -28.  -27.  -26.  -21.  -19.  -17.  -16.  -14.
  -11.   -7.   -6.   -6.    1.    3.    4.    4.    5.   12.   15.   21.
   23.   27.   28.   29.   32.   33.   34.   37.   37.   39.   39.   39.
   42.   43.   43.   46.   46.   47.   48.   49.   51.   51.   51.   56.
   57.   58.   61.   63.   63.   63.   64.   72.   74.   74.   75.   77.
   78.   79.   82.  100.][-99. -99. -95. -94. -94. -93. -91. -89. -88. -87. -85. -79. -77. -75.
 -74. -73. -73. -71. -70. -68. -68. -67. -65. -62. -61. -60. -58. -50.
 -49. -49. -48. -44. -42. -38. -37. -36. -34. -32. -16. -13.  -9.  -8.
  -6.  -6.  -5.  -1.   2.   4.   4.   8.  10.  10.  10.  10.  11.  13.
  15.  16.  19.  24.  25.  27.  27.  31.  31.  31.  36.  38.  39.  40.
  41.  46.  49.  52.  54.  57.  58.  58.  59.  60.  60.  65.  65.  77.
  77.  78.  80.  81.  81.  84.  85.  86.  88.  89.  93.  93.  95.  96.
  97.  97.][-99. -97. -95. -95. -93. -93. -92. -91. -91. -91. -88. -82. -80. -78.
 -74. -73. -72. -70. -67. -66. -66. -60. -55. -54. -53. -52. -51. -50.
 -45. -44. -43. -42. -41. -38. -35. -35. -33. -29. -29. -28. -22. -21.
 -17. -16. -16. -14. -13. -10.  -8.  -7.  -5.  -4.  -4.  -4.  -3.   2.
   2.   3.   5.   9.  14.  16.  17.  17.  17.  24.  25.  26.  26.  29.
  29.  33.  42.  46.  50.  50.  51.  53.  58.  61.  64.  66.  69.  69.
  73.  77.  78.  79.  80.  81.  82.  83.  85.  91.  93.  95.  97.  98.
 100. 100.][-95. -92. -92. -91. -91. -89. -85. -84. -83. -83. -80. -65. -64. -64.
 -63. -61. -58. -55. -55. -54. -53. -52. -49. -47. -45. -37. -32. -27.
 -26. -23. -21. -20. -13.  -5.  -5.  -4.  -3.   2.   4.   4.   7.   9.
   9.  13.  15.  16.  17.  19.  19.  20.  21.  24.  27.  27.  28.  30.
  33.  36.  37.  38.  39.  39.  41.  42.  43.  44.  44.  46.  46.  49.
  49.  50.  51.  53.  54.  55.  55.  60.  61.  65.  66.  67.  67.  70.
  70.  71.  71.  75.  76.  78.  84.  88.  89.  89.  92.  93.  93.  94.
  97. 100.][-100. -100.  -96.  -89.  -87.  -84.  -84.  -82.  -81.  -79.  -76.  -76.
  -75.  -73.  -73.  -69.  -69.  -64.  -64.  -61.  -58.  -58.  -56.  -51.
  -51.  -44.  -42.  -40.  -36.  -35.  -34.  -32.  -31.  -28.  -27.  -22.
  -17.  -16.  -16.  -12.  -10.   -9.   -3.    2.    2.    3.    5.    5.
    7.    8.   15.   17.   18.   18.   19.   22.   25.   26.   27.   27.
   31.   32.   35.   37.   37.   37.   42.   43.   45.   47.   48.   49.
   56.   56.   59.   60.   60.   65.   67.   67.   72.   78.   79.   79.
   79.   81.   85.   86.   87.   87.   89.   90.   92.   92.   93.   94.
   95.   96.   96.   97.][-100.  -99.  -99.  -92.  -90.  -90.  -89.  -87.  -80.  -79.  -78.  -75.
  -73.  -72.  -71.  -66.  -66.  -63.  -61.  -58.  -51.  -50.  -49.  -49.
  -48.  -45.  -43.  -41.  -40.  -38.  -36.  -36.  -34.  -28.  -25.  -25.
  -22.  -20.  -19.  -18.  -15.  -14.  -14.  -13.  -11.   -9.   -5.    1.
    2.    3.    3.    4.    5.   10.   12.   12.   12.   17.   20.   22.
   22.   23.   23.   25.   28.   28.   32.   32.   37.   40.   40.   41.
   43.   43.   45.   46.   47.   54.   62.   62.   63.   64.   65.   67.
   68.   73.   73.   76.   78.   79.   80.   82.   85.   88.   92.   94.
   94.   96.   98.  100.][-99. -94. -91. -90. -87. -82. -82. -80. -78. -77. -73. -72. -70. -70.
 -67. -67. -61. -61. -57. -56. -56. -52. -49. -49. -48. -47. -45. -35.
 -35. -30. -30. -28. -25. -23. -23. -22. -21. -17. -17. -16. -14. -13.
 -12.  -9.  -8.  -7.  -2.  -2.   0.   0.   1.   5.   6.  13.  15.  18.
  22.  25.  27.  28.  29.  31.  32.  32.  34.  35.  37.  38.  40.  41.
  42.  42.  44.  50.  51.  52.  56.  62.  63.  63.  68.  69.  69.  70.
  71.  77.  78.  82.  83.  83.  83.  85.  85.  85.  88.  92.  92.  93.
  99. 100.][-100.  -99.  -98.  -94.  -94.  -93.  -91.  -89.  -87.  -85.  -83.  -82.
  -82.  -81.  -80.  -75.  -73.  -72.  -70.  -69.  -67.  -67.  -64.  -49.
  -48.  -47.  -46.  -44.  -43.  -39.  -35.  -33.  -33.  -32.  -29.  -29.
  -27.  -26.  -26.  -26.  -25.  -19.  -18.  -17.  -14.  -12.  -12.  -11.
   -8.   -7.    0.    0.    1.    2.    6.    7.    9.    9.   12.   14.
   14.   15.   17.   23.   25.   26.   27.   30.   34.   34.   35.   39.
   42.   44.   45.   46.   47.   50.   55.   60.   61.   66.   67.   70.
   71.   72.   72.   73.   74.   75.   77.   77.   78.   80.   84.   88.
   92.   95.   97.  100.][-100.  -99.  -99.  -98.  -97.  -96.  -95.  -94.  -92.  -88.  -88.  -83.
  -74.  -74.  -73.  -71.  -69.  -67.  -64.  -63.  -63.  -60.  -58.  -57.
  -52.  -52.  -47.  -44.  -42.  -41.  -34.  -34.  -33.  -32.  -27.  -24.
  -21.  -21.  -21.  -20.  -20.  -20.  -18.  -15.  -14.  -13.   -6.   -6.
   -6.   -3.   -3.   -2.    1.    3.    6.    9.   14.   16.   17.   19.
   21.   22.   24.   26.   26.   32.   44.   45.   48.   51.   51.   51.
   52.   54.   55.   60.   62.   63.   65.   65.   66.   67.   70.   71.
   73.   75.   77.   80.   82.   83.   84.   87.   89.   93.   93.   95.
   96.   97.   99.   99.][-100. -100.  -99.  -98.  -96.  -94.  -93.  -92.  -90.  -90.  -89.  -86.
  -84.  -83.  -83.  -81.  -77.  -70.  -70.  -61.  -60.  -59.  -53.  -53.
  -51.  -50.  -50.  -49.  -48.  -47.  -43.  -40.  -34.  -33.  -30.  -29.
  -26.  -25.  -24.  -22.  -19.  -18.  -18.  -16.  -15.  -12.  -11.  -10.
   -8.   -8.   -5.   -4.   -2.   -1.    4.    5.   14.   15.   17.   19.
   20.   21.   23.   24.   26.   27.   31.   32.   36.   36.   37.   39.
   43.   43.   48.   51.   53.   61.   63.   66.   67.   70.   72.   72.
   73.   74.   75.   78.   79.   79.   82.   82.   83.   86.   87.   90.
   91.   94.   97.  100.][-98. -98. -97. -96. -93. -92. -90. -89. -81. -73. -72. -72. -72. -70.
 -69. -67. -66. -65. -65. -65. -65. -64. -62. -59. -57. -56. -55. -53.
 -49. -49. -46. -44. -43. -42. -40. -39. -38. -34. -32. -30. -30. -27.
 -27. -25. -25. -24. -23. -20. -19. -14. -12.  -8.  -8.  -7.  -2.  -2.
  -1.   0.   1.   4.   7.   8.  12.  14.  16.  16.  20.  26.  27.  31.
  31.  33.  36.  36.  37.  37.  39.  43.  46.  52.  57.  59.  60.  61.
  61.  64.  65.  67.  69.  69.  70.  76.  82.  89.  91.  93.  93.  95.
  97.  97.][-99. -95. -93. -91. -90. -82. -81. -79. -77. -75. -73. -71. -70. -65.
 -64. -60. -58. -57. -55. -55. -54. -46. -46. -46. -46. -46. -45. -44.
 -44. -43. -43. -41. -37. -37. -36. -32. -30. -30. -28. -25. -21. -16.
 -10.  -9.  -9.  -8.  -7.  -7.   1.   3.   4.   4.   6.   9.  13.  16.
  16.  16.  19.  19.  22.  23.  25.  27.  28.  29.  30.  31.  36.  43.
  44.  46.  49.  53.  56.  59.  60.  62.  67.  68.  71.  72.  74.  75.
  75.  80.  82.  83.  86.  86.  87.  91.  91.  92.  93.  93.  95.  96.
  98.  98.][-97. -95. -94. -92. -90. -83. -80. -78. -75. -74. -70. -69. -69. -69.
 -67. -66. -64. -63. -62. -60. -59. -57. -52. -52. -52. -46. -46. -42.
 -42. -39. -35. -34. -34. -33. -33. -30. -26. -26. -24. -23. -23. -20.
 -19. -13. -11.  -9.  -5.  -5.  -2.   0.   0.   2.  14.  15.  16.  17.
  18.  20.  21.  22.  26.  26.  29.  30.  30.  33.  33.  34.  34.  35.
  36.  37.  40.  46.  46.  47.  49.  51.  51.  54.  57.  59.  61.  62.
  65.  76.  78.  82.  87.  89.  89.  90.  91.  93.  94.  95.  98.  98.
  99. 100.][-99. -97. -96. -94. -94. -92. -92. -90. -88. -88. -84. -79. -79. -78.
 -74. -71. -70. -68. -68. -67. -66. -65. -63. -63. -61. -60. -60. -57.
 -56. -52. -50. -46. -46. -43. -42. -41. -39. -39. -33. -31. -30. -27.
 -26. -25. -20. -18. -15. -12.  -7.  -5.   3.   3.   6.   9.  13.  13.
  14.  14.  19.  22.  22.  23.  30.  31.  33.  38.  39.  41.  43.  50.
  50.  51.  52.  53.  54.  58.  58.  58.  59.  59.  62.  63.  63.  65.
  68.  69.  71.  72.  74.  75.  76.  77.  78.  78.  83.  83.  84.  85.
  91.  91.][-99. -99. -95. -93. -93. -93. -92. -88. -88. -87. -84. -83. -76. -75.
 -73. -71. -70. -69. -66. -64. -62. -56. -55. -51. -49. -49. -43. -42.
 -41. -40. -37. -37. -36. -35. -33. -30. -26. -21. -21. -17. -12. -12.
 -10. -10. -10.  -7.  -6.  -6.  -3.   0.   3.   5.   7.  10.  11.  11.
  11.  17.  17.  23.  25.  28.  30.  30.  31.  33.  33.  34.  34.  36.
  38.  42.  45.  45.  47.  50.  51.  53.  54.  58.  60.  61.  62.  62.
  65.  65.  67.  69.  75.  80.  80.  85.  86.  87.  87.  89.  97.  98.
  98. 100.][-100.  -96.  -95.  -95.  -94.  -91.  -89.  -88.  -86.  -85.  -79.  -77.
  -77.  -75.  -68.  -65.  -65.  -62.  -62.  -60.  -55.  -54.  -52.  -50.
  -47.  -46.  -46.  -44.  -43.  -42.  -38.  -21.  -21.  -13.  -13.  -12.
  -11.  -10.   -9.   -8.   -6.   -5.   -3.   -3.    1.    6.    7.    7.
    7.    8.   13.   14.   15.   16.   19.   24.   24.   24.   25.   26.
   28.   30.   31.   33.   34.   36.   39.   40.   46.   50.   51.   55.
   56.   59.   61.   62.   63.   63.   63.   64.   66.   70.   73.   73.
   73.   73.   74.   74.   76.   79.   80.   83.   83.   84.   92.   95.
   96.   97.   98.  100.][-99. -98. -98. -97. -96. -93. -93. -92. -90. -89. -88. -88. -88. -87.
 -86. -86. -86. -82. -75. -75. -75. -74. -72. -72. -72. -67. -65. -65.
 -63. -63. -62. -59. -58. -57. -53. -53. -51. -51. -48. -46. -43. -43.
 -34. -34. -33. -33. -31. -31. -28. -25. -24. -22. -19. -19. -13. -11.
 -10.  -9.  -8.  -7.  -4.  -3.  -2.   1.   7.   7.   7.  16.  17.  19.
  23.  25.  25.  26.  31.  31.  33.  35.  35.  35.  36.  43.  49.  50.
  50.  53.  58.  66.  71.  76.  80.  82.  83.  88.  88.  94.  96.  96.
 100. 100.][-99. -91. -91. -91. -90. -89. -89. -88. -88. -87. -86. -84. -82. -82.
 -82. -81. -80. -79. -79. -78. -78. -77. -77. -68. -68. -66. -60. -59.
 -58. -58. -53. -53. -49. -47. -46. -45. -44. -42. -40. -33. -32. -29.
 -26. -26. -20. -18. -16. -14. -14. -10.  -8.  -2.   3.   4.   5.   8.
   9.  11.  15.  16.  19.  19.  24.  26.  29.  34.  36.  36.  41.  46.
  47.  47.  48.  51.  54.  57.  57.  58.  60.  62.  64.  65.  66.  66.
  71.  72.  72.  72.  76.  77.  81.  86.  88.  89.  90.  90.  92. 100.
 100. 100.][-100. -100.  -95.  -94.  -93.  -89.  -88.  -87.  -86.  -84.  -82.  -78.
  -78.  -75.  -74.  -73.  -73.  -73.  -71.  -70.  -70.  -70.  -69.  -68.
  -65.  -64.  -64.  -63.  -63.  -62.  -57.  -51.  -45.  -43.  -41.  -41.
  -40.  -39.  -38.  -37.  -32.  -29.  -29.  -26.  -25.  -24.  -23.  -20.
  -18.  -15.  -13.  -10.   -6.   -2.    1.    1.    1.    2.    7.    7.
    7.    9.   11.   12.   13.   15.   16.   22.   23.   24.   28.   28.
   34.   34.   35.   45.   47.   48.   49.   51.   53.   54.   54.   56.
   59.   62.   66.   73.   75.   77.   81.   82.   83.   83.   85.   87.
   89.   90.   95.   99.][-100.  -98.  -98.  -98.  -97.  -96.  -95.  -94.  -89.  -88.  -85.  -84.
  -82.  -76.  -75.  -72.  -68.  -66.  -66.  -62.  -56.  -54.  -52.  -47.
  -45.  -44.  -43.  -40.  -37.  -34.  -30.  -29.  -27.  -25.  -23.  -22.
  -21.  -21.  -19.  -18.  -16.  -16.  -16.  -14.  -12.  -11.   -4.   -1.
   -1.    1.    3.    4.    7.   10.   14.   18.   20.   21.   24.   25.
   29.   30.   31.   32.   34.   35.   40.   42.   46.   46.   51.   55.
   58.   61.   64.   64.   65.   67.   67.   68.   70.   71.   76.   77.
   78.   84.   84.   84.   86.   89.   92.   93.   95.   95.   97.   98.
   98.  100.  100.  100.][-100.  -99.  -93.  -92.  -91.  -91.  -85.  -82.  -77.  -76.  -75.  -72.
  -71.  -70.  -64.  -62.  -58.  -53.  -51.  -50.  -46.  -45.  -41.  -40.
  -37.  -36.  -34.  -33.  -32.  -30.  -29.  -26.  -26.  -20.  -20.  -18.
  -14.  -14.  -12.  -11.  -10.  -10.   -8.   -5.    3.    4.    4.    5.
    5.    8.    9.   12.   16.   19.   22.   27.   30.   32.   34.   39.
   40.   42.   44.   44.   44.   45.   45.   49.   53.   54.   55.   57.
   59.   62.   63.   64.   69.   69.   70.   73.   74.   76.   77.   77.
   79.   79.   82.   82.   82.   83.   84.   85.   86.   89.   92.   92.
   96.   96.   97.   99.][-94. -93. -92. -91. -89. -88. -86. -83. -81. -80. -79. -75. -73. -72.
 -70. -68. -64. -63. -60. -59. -57. -56. -53. -50. -50. -47. -45. -43.
 -43. -40. -39. -37. -37. -36. -33. -32. -32. -30. -29. -28. -25. -25.
 -23. -20. -17. -10.  -7.   0.   3.   5.   6.   8.  10.  12.  16.  20.
  20.  21.  22.  26.  26.  28.  28.  29.  31.  31.  34.  35.  36.  37.
  38.  42.  46.  46.  49.  52.  55.  55.  57.  59.  62.  62.  73.  74.
  78.  80.  81.  82.  83.  85.  85.  85.  86.  87.  90.  92.  95.  96.
  96.  97.][-96. -94. -93. -92. -90. -86. -85. -81. -80. -79. -78. -74. -71. -69.
 -69. -67. -62. -54. -51. -51. -47. -44. -44. -43. -37. -33. -33. -32.
 -31. -31. -30. -28. -27. -25. -25. -24. -23. -21. -12. -10.  -9.  -3.
  -1.   0.   1.   1.   4.   7.   7.   7.   8.  10.  11.  11.  11.  18.
  19.  21.  24.  27.  33.  35.  38.  39.  41.  41.  43.  46.  51.  54.
  58.  58.  59.  61.  62.  63.  65.  66.  71.  72.  73.  76.  76.  76.
  77.  77.  77.  80.  84.  84.  86.  88.  89.  91.  91.  95.  96.  97.
  97.  99.][-100.  -98.  -97.  -97.  -94.  -93.  -93.  -90.  -88.  -88.  -88.  -87.
  -87.  -86.  -86.  -85.  -84.  -81.  -80.  -76.  -76.  -73.  -73.  -65.
  -64.  -62.  -60.  -59.  -56.  -54.  -52.  -52.  -49.  -47.  -46.  -38.
  -38.  -32.  -32.  -22.  -22.  -21.  -20.  -18.  -16.  -15.  -13.   -9.
   -7.   -7.   -2.    0.    3.    8.    9.   10.   10.   11.   12.   13.
   16.   17.   20.   21.   28.   35.   35.   36.   37.   43.   44.   46.
   47.   49.   49.   58.   59.   59.   60.   65.   67.   70.   71.   73.
   75.   80.   82.   83.   83.   86.   86.   86.   87.   88.   90.   93.
   96.   98.   99.   99.][-100. -100.  -99.  -99.  -99.  -98.  -96.  -93.  -92.  -90.  -87.  -83.
  -79.  -78.  -77.  -75.  -72.  -69.  -68.  -62.  -60.  -59.  -59.  -55.
  -55.  -54.  -53.  -51.  -46.  -44.  -43.  -41.  -39.  -37.  -36.  -35.
  -29.  -28.  -28.  -25.  -24.  -23.  -21.  -13.  -12.   -8.   -5.   -4.
   -3.    0.    3.    3.    5.    6.    7.   13.   13.   14.   15.   15.
   19.   26.   36.   37.   40.   41.   43.   44.   53.   54.   57.   58.
   61.   64.   67.   67.   68.   68.   70.   71.   71.   71.   73.   73.
   75.   75.   78.   81.   81.   81.   82.   83.   84.   85.   88.   90.
   93.   94.   94.   99.][-100.  -96.  -93.  -91.  -88.  -88.  -84.  -83.  -80.  -78.  -78.  -78.
  -76.  -76.  -76.  -76.  -76.  -75.  -74.  -73.  -73.  -71.  -67.  -65.
  -64.  -62.  -62.  -59.  -54.  -53.  -51.  -48.  -47.  -46.  -44.  -43.
  -42.  -38.  -36.  -30.  -26.  -23.  -22.  -20.  -19.  -11.  -10.   -9.
   -8.   -5.    1.   10.   11.   17.   20.   23.   25.   27.   31.   34.
   37.   37.   37.   40.   44.   44.   45.   48.   49.   50.   50.   52.
   52.   52.   52.   56.   58.   58.   59.   63.   66.   70.   70.   71.
   74.   76.   81.   82.   86.   89.   90.   90.   92.   96.   96.   98.
   98.   99.  100.  100.][-100. -100.  -99.  -97.  -96.  -91.  -89.  -86.  -76.  -74.  -73.  -72.
  -71.  -71.  -69.  -69.  -68.  -65.  -65.  -61.  -59.  -59.  -58.  -54.
  -53.  -51.  -48.  -47.  -44.  -42.  -41.  -38.  -38.  -38.  -38.  -35.
  -32.  -28.  -21.  -19.  -19.  -16.  -11.   -5.    5.    6.    7.    7.
    9.   11.   18.   19.   20.   21.   23.   23.   24.   24.   27.   27.
   28.   29.   30.   31.   31.   31.   34.   38.   38.   41.   44.   45.
   47.   48.   50.   51.   52.   52.   54.   56.   62.   62.   64.   65.
   65.   65.   67.   69.   69.   70.   70.   79.   81.   83.   84.   85.
   87.   93.   95.  100.][-100.  -99.  -97.  -95.  -95.  -92.  -90.  -88.  -88.  -84.  -84.  -83.
  -83.  -79.  -79.  -77.  -76.  -76.  -74.  -69.  -68.  -65.  -65.  -60.
  -60.  -60.  -54.  -48.  -46.  -45.  -44.  -42.  -40.  -40.  -39.  -35.
  -35.  -31.  -31.  -30.  -29.  -29.  -28.  -27.  -25.  -25.  -24.  -23.
  -18.  -17.  -11.  -11.   -9.   -7.   -4.    0.    2.    7.    8.    8.
    9.   17.   18.   19.   20.   20.   22.   24.   29.   33.   33.   38.
   38.   40.   40.   42.   43.   43.   45.   45.   45.   46.   49.   50.
   50.   56.   66.   68.   69.   70.   72.   76.   81.   83.   85.   94.
   95.   97.   99.  100.][-95. -95. -91. -89. -89. -82. -81. -78. -76. -75. -73. -72. -72. -68.
 -66. -62. -62. -57. -54. -50. -47. -47. -43. -43. -41. -41. -41. -38.
 -37. -31. -29. -26. -26. -25. -23. -22. -22. -21. -18. -17. -17. -17.
 -15. -12. -11. -11.  -9.  -9.  -7.  -6.  -1.   3.   4.   6.   6.  10.
  11.  12.  14.  20.  20.  22.  24.  25.  25.  28.  29.  32.  35.  40.
  40.  40.  41.  42.  49.  53.  55.  57.  62.  67.  70.  70.  70.  70.
  79.  79.  80.  80.  80.  81.  82.  84.  88.  92.  92.  92.  94.  95.
  96.  98.][-99. -96. -94. -83. -82. -78. -76. -76. -75. -67. -63. -62. -60. -56.
 -56. -55. -48. -47. -47. -46. -45. -44. -41. -40. -39. -39. -37. -35.
 -34. -32. -32. -28. -28. -27. -26. -26. -26. -21. -20. -19. -18. -17.
 -15.  -9.  -9.  -8.  -5.  -5.  -4.  -2.  -2.   0.   1.   2.   4.   5.
  10.  16.  16.  16.  18.  20.  21.  24.  27.  27.  28.  29.  29.  32.
  34.  36.  41.  42.  42.  49.  54.  55.  61.  61.  61.  61.  63.  66.
  68.  70.  72.  76.  79.  82.  82.  83.  84.  84.  87.  88.  91.  96.
  97. 100.][-100.  -96.  -94.  -93.  -93.  -88.  -82.  -81.  -80.  -78.  -74.  -67.
  -60.  -59.  -57.  -56.  -50.  -50.  -49.  -47.  -46.  -45.  -40.  -40.
  -35.  -34.  -31.  -31.  -29.  -29.  -25.  -25.  -24.  -23.  -19.  -19.
  -18.  -17.  -17.  -16.  -14.  -11.   -9.   -8.   -8.   -7.   -7.   -5.
   -1.    1.    4.    5.    7.    8.    8.   22.   23.   24.   26.   29.
   33.   33.   38.   38.   38.   39.   41.   44.   48.   57.   59.   60.
   61.   61.   62.   65.   67.   69.   72.   73.   73.   74.   75.   76.
   77.   78.   79.   80.   80.   81.   83.   91.   92.   93.   93.   95.
   97.   97.   98.  100.][-97. -94. -93. -92. -91. -86. -84. -83. -75. -75. -74. -73. -73. -71.
 -69. -68. -68. -67. -66. -65. -65. -63. -63. -55. -54. -52. -51. -50.
 -46. -45. -41. -40. -38. -36. -34. -32. -31. -31. -31. -31. -30. -18.
 -16. -14. -10.  -9.  -8.  -7.  -6.  -2.   2.   2.   2.   2.   5.   5.
   6.   7.   9.  12.  12.  15.  23.  23.  28.  30.  30.  34.  34.  35.
  35.  37.  40.  46.  48.  48.  48.  52.  52.  53.  57.  57.  61.  64.
  64.  66.  66.  73.  76.  77.  88.  89.  90.  91.  93.  93.  95.  97.
  98. 100.][-99. -94. -92. -91. -90. -89. -88. -83. -82. -81. -80. -76. -73. -69.
 -67. -65. -64. -62. -60. -59. -57. -52. -52. -46. -45. -44. -43. -40.
 -40. -36. -36. -35. -34. -32. -27. -25. -25. -22. -20. -20. -17. -16.
 -13.  -5.  -5.  -5.  -5.  -2.  -1.   2.   2.   3.   3.   7.   7.  11.
  13.  15.  15.  16.  18.  19.  21.  31.  32.  33.  36.  36.  40.  41.
  42.  42.  43.  45.  48.  52.  53.  53.  55.  57.  62.  62.  64.  65.
  65.  66.  66.  72.  72.  75.  77.  78.  79.  85.  85.  86.  86.  94.
  98. 100.][-97. -95. -94. -93. -91. -89. -89. -88. -87. -87. -87. -85. -85. -82.
 -81. -81. -80. -75. -72. -70. -65. -64. -59. -58. -57. -56. -56. -55.
 -51. -47. -44. -42. -42. -34. -33. -33. -31. -28. -28. -26. -18. -16.
 -12.  -9.  -9.  -8.  -5.  -1.   3.   3.   4.   9.  13.  13.  14.  16.
  19.  19.  22.  24.  25.  30.  33.  34.  34.  37.  37.  39.  40.  40.
  41.  41.  42.  42.  43.  43.  44.  53.  58.  58.  59.  62.  63.  66.
  67.  71.  73.  75.  75.  77.  77.  80.  83.  87.  88.  90.  91.  94.
  94.  97.][-98. -97. -96. -96. -93. -89. -89. -89. -88. -86. -86. -82. -78. -78.
 -76. -75. -73. -70. -62. -59. -58. -56. -52. -51. -49. -48. -43. -42.
 -42. -37. -37. -37. -33. -32. -29. -27. -26. -23. -22. -18. -18. -17.
 -14. -11. -10.  -9.  -9.  -8.  -2.   2.   3.   6.   9.  12.  13.  16.
  18.  21.  23.  23.  23.  25.  27.  28.  36.  36.  37.  37.  40.  44.
  47.  49.  51.  53.  54.  56.  58.  58.  58.  59.  62.  64.  65.  68.
  69.  69.  73.  73.  76.  81.  82.  85.  87.  88.  88.  92.  93.  97.
  97.  99.][-100.  -99.  -96.  -95.  -93.  -92.  -89.  -85.  -85.  -80.  -79.  -76.
  -72.  -71.  -69.  -68.  -61.  -59.  -57.  -57.  -55.  -52.  -51.  -49.
  -48.  -48.  -47.  -47.  -46.  -40.  -38.  -32.  -30.  -30.  -29.  -28.
  -28.  -25.  -21.  -19.  -16.  -14.   -6.   -6.   -4.   -4.   -3.   -2.
    1.    6.   10.   10.   13.   14.   15.   18.   22.   23.   25.   32.
   35.   40.   40.   42.   43.   43.   43.   44.   44.   45.   45.   46.
   47.   48.   49.   52.   53.   55.   58.   59.   61.   65.   67.   71.
   71.   72.   76.   77.   78.   79.   80.   82.   84.   86.   91.   91.
   92.   94.   98.   98.][-100.  -96.  -95.  -94.  -92.  -90.  -87.  -86.  -83.  -82.  -82.  -80.
  -78.  -75.  -74.  -70.  -67.  -65.  -63.  -60.  -57.  -56.  -54.  -53.
  -52.  -51.  -50.  -47.  -42.  -35.  -33.  -32.  -31.  -21.  -21.  -18.
  -18.  -18.  -17.  -17.  -16.  -15.  -14.  -12.   -9.   -9.   -9.   -5.
   -4.    3.    4.    4.    5.    6.    6.   11.   12.   14.   15.   18.
   23.   23.   25.   26.   29.   29.   31.   36.   37.   38.   41.   41.
   49.   51.   57.   58.   59.   63.   63.   67.   68.   71.   71.   72.
   72.   74.   75.   77.   77.   81.   82.   86.   87.   87.   89.   91.
   94.   96.   97.   99.][-100.  -98.  -91.  -89.  -89.  -87.  -86.  -83.  -82.  -80.  -79.  -77.
  -74.  -73.  -71.  -69.  -65.  -63.  -63.  -62.  -62.  -60.  -57.  -52.
  -47.  -45.  -44.  -41.  -40.  -39.  -36.  -32.  -29.  -28.  -24.  -20.
  -19.  -19.  -14.  -14.  -10.  -10.   -8.   -8.   -7.   -7.   -3.   -1.
   -1.    2.    4.    5.    5.    6.   12.   16.   18.   18.   19.   22.
   25.   31.   32.   34.   37.   39.   40.   42.   44.   45.   47.   48.
   49.   50.   50.   51.   52.   52.   53.   53.   55.   56.   58.   58.
   61.   63.   65.   68.   71.   73.   74.   78.   80.   84.   84.   86.
   87.   90.   93.   95.][-99. -99. -98. -89. -86. -83. -79. -79. -78. -74. -73. -71. -66. -66.
 -61. -61. -53. -52. -49. -45. -45. -43. -42. -41. -41. -41. -40. -38.
 -37. -37. -36. -35. -31. -30. -30. -27. -24. -22. -21. -17. -16. -15.
 -14. -14. -13. -12. -12. -12. -10.  -6.  -6.  -6.  -4.  -2.  -1.   0.
   1.   4.   9.  10.  11.  14.  14.  15.  19.  20.  22.  23.  24.  25.
  28.  33.  34.  36.  36.  42.  46.  49.  53.  54.  56.  57.  57.  57.
  58.  58.  66.  68.  77.  79.  80.  82.  83.  84.  85.  86.  89.  93.
  93.  98.][-98. -98. -97. -97. -94. -93. -92. -89. -86. -83. -83. -81. -76. -74.
 -73. -71. -71. -67. -66. -62. -61. -61. -60. -59. -55. -54. -52. -50.
 -45. -45. -43. -42. -41. -41. -41. -41. -40. -38. -35. -34. -31. -31.
 -30. -27. -25. -20. -16. -16. -13. -12. -10.  -8.  -7.   3.   3.   8.
  12.  12.  13.  21.  22.  28.  28.  29.  31.  33.  40.  41.  43.  45.
  50.  50.  50.  52.  53.  56.  58.  61.  61.  62.  64.  64.  66.  68.
  68.  69.  70.  70.  77.  78.  79.  83.  85.  85.  85.  90.  93.  94.
  98.  99.][-100.  -99.  -97.  -96.  -93.  -92.  -92.  -88.  -86.  -85.  -82.  -80.
  -77.  -77.  -76.  -74.  -72.  -72.  -67.  -66.  -66.  -65.  -64.  -59.
  -57.  -55.  -53.  -51.  -50.  -49.  -48.  -47.  -41.  -41.  -40.  -37.
  -35.  -34.  -32.  -31.  -30.  -27.  -24.  -23.  -17.  -16.  -14.  -13.
  -11.   -9.   -5.   -2.   -1.    4.   13.   15.   18.   19.   25.   30.
   30.   31.   37.   38.   39.   40.   42.   44.   45.   48.   52.   53.
   53.   54.   55.   59.   62.   62.   64.   66.   68.   70.   73.   73.
   74.   77.   78.   81.   82.   83.   85.   85.   87.   88.   89.   93.
   97.   97.   98.   99.][-99. -98. -97. -97. -95. -91. -91. -90. -89. -87. -85. -84. -84. -83.
 -81. -77. -77. -75. -73. -72. -66. -63. -52. -49. -48. -48. -45. -43.
 -41. -32. -32. -32. -29. -26. -22. -22. -20. -20. -15. -14. -12.  -7.
  -7.  -7.  -6.  -3.  -2.   0.   1.   3.   7.  11.  13.  13.  14.  18.
  19.  23.  24.  27.  30.  33.  35.  39.  43.  47.  49.  49.  52.  54.
  54.  55.  57.  57.  63.  63.  63.  65.  66.  66.  69.  71.  71.  72.
  74.  74.  74.  74.  75.  80.  81.  84.  85.  86.  88.  91.  97.  97.
  98.  99.][-96. -94. -93. -93. -92. -91. -78. -77. -73. -73. -73. -72. -71. -71.
 -70. -68. -67. -64. -63. -59. -58. -58. -57. -56. -55. -55. -54. -52.
 -49. -48. -47. -41. -35. -35. -35. -32. -29. -26. -24. -23. -21. -21.
 -20. -19. -19. -18. -17. -17. -14. -12.  -7.  -3.  -2.   1.   1.   1.
   3.   3.   6.  11.  12.  13.  14.  16.  17.  21.  22.  27.  28.  30.
  39.  45.  49.  51.  52.  52.  54.  54.  54.  55.  58.  59.  61.  64.
  65.  65.  66.  72.  72.  76.  77.  77.  79.  81.  88.  93.  94.  96.
 100. 100.][-100.  -99.  -98.  -93.  -92.  -89.  -88.  -86.  -80.  -78.  -77.  -77.
  -75.  -73.  -72.  -70.  -69.  -66.  -64.  -64.  -61.  -57.  -55.  -53.
  -50.  -49.  -43.  -37.  -36.  -35.  -34.  -25.  -25.  -24.  -19.  -17.
  -13.  -11.   -7.   -6.   -5.   -2.   -1.    2.    4.    5.   11.   12.
   15.   17.   18.   20.   21.   22.   22.   24.   25.   26.   27.   28.
   29.   32.   34.   36.   36.   38.   41.   41.   43.   43.   44.   47.
   48.   48.   49.   52.   57.   61.   61.   62.   62.   65.   65.   69.
   69.   71.   74.   75.   77.   78.   78.   80.   80.   84.   85.   87.
   87.   88.   98.  100.][-100. -100.  -97.  -96.  -94.  -93.  -92.  -92.  -88.  -85.  -82.  -81.
  -81.  -80.  -77.  -75.  -72.  -72.  -72.  -70.  -69.  -68.  -66.  -65.
  -63.  -63.  -60.  -59.  -57.  -57.  -55.  -55.  -53.  -44.  -42.  -39.
  -38.  -37.  -35.  -30.  -22.  -21.  -21.  -18.  -15.  -15.  -10.   -7.
   -6.   -5.   -4.   -3.   -3.    2.    9.   13.   16.   16.   18.   18.
   21.   23.   26.   28.   28.   30.   31.   33.   35.   36.   39.   44.
   49.   49.   50.   55.   56.   57.   58.   59.   59.   65.   65.   66.
   67.   67.   68.   69.   77.   80.   84.   85.   87.   90.   90.   91.
   93.   93.   95.   97.][-100. -100.  -96.  -94.  -89.  -87.  -86.  -81.  -81.  -80.  -78.  -78.
  -77.  -77.  -75.  -73.  -73.  -71.  -69.  -69.  -63.  -61.  -59.  -59.
  -57.  -57.  -55.  -52.  -49.  -49.  -47.  -46.  -45.  -43.  -42.  -42.
  -42.  -34.  -31.  -27.  -25.  -24.  -21.  -19.  -18.  -17.  -14.  -11.
   -7.   -6.   -2.    2.    2.    5.    5.    9.   10.   14.   14.   15.
   17.   18.   18.   19.   20.   21.   22.   24.   25.   26.   26.   27.
   29.   32.   36.   37.   40.   42.   43.   44.   45.   51.   55.   56.
   60.   64.   73.   73.   75.   75.   75.   77.   81.   83.   85.   87.
   87.   96.   97.  100.][-100.  -98.  -94.  -94.  -90.  -88.  -85.  -85.  -83.  -81.  -80.  -78.
  -76.  -75.  -71.  -71.  -71.  -69.  -67.  -63.  -59.  -58.  -57.  -50.
  -49.  -47.  -46.  -44.  -43.  -40.  -31.  -30.  -27.  -27.  -23.  -22.
  -22.  -20.  -20.  -18.  -17.  -15.  -13.  -12.  -12.  -12.  -12.  -10.
   -5.   -4.   -2.   -1.    3.    4.    8.    9.   12.   17.   20.   27.
   28.   29.   30.   30.   32.   36.   36.   38.   46.   47.   50.   50.
   52.   52.   53.   56.   56.   57.   59.   59.   61.   62.   64.   67.
   70.   72.   74.   76.   80.   80.   85.   85.   86.   87.   91.   92.
   94.   96.   96.   98.][-97. -95. -94. -90. -90. -89. -86. -86. -83. -81. -78. -77. -73. -71.
 -65. -60. -58. -57. -56. -56. -55. -55. -50. -47. -44. -44. -41. -41.
 -40. -39. -37. -36. -33. -32. -28. -22. -21. -21. -20. -20. -19. -19.
 -18. -17. -13. -13. -11.  -9.  -7.  -2.  -2.  -1.   4.   4.   5.   7.
   9.  11.  12.  15.  16.  17.  20.  24.  25.  26.  29.  30.  31.  31.
  34.  39.  39.  41.  43.  45.  45.  47.  47.  49.  49.  52.  55.  62.
  65.  67.  67.  68.  74.  74.  80.  82.  84.  84.  85.  94.  95.  96.
  99. 100.][-100.  -99.  -94.  -88.  -88.  -86.  -85.  -84.  -81.  -78.  -77.  -77.
  -69.  -69.  -69.  -67.  -66.  -66.  -64.  -59.  -57.  -50.  -43.  -43.
  -41.  -40.  -40.  -34.  -32.  -32.  -30.  -30.  -28.  -23.  -23.  -21.
  -20.  -17.  -14.  -13.  -10.   -9.   -9.   -8.   -4.   -2.   -2.    2.
    4.    4.    5.    5.    6.    7.    8.    8.   13.   14.   15.   19.
   19.   21.   21.   21.   22.   24.   25.   32.   32.   34.   34.   36.
   38.   40.   40.   40.   40.   41.   42.   44.   45.   46.   47.   47.
   48.   52.   52.   53.   55.   56.   61.   62.   66.   67.   70.   85.
   90.   92.   92.   92.][-100.  -98.  -98.  -93.  -92.  -89.  -88.  -87.  -86.  -85.  -83.  -81.
  -76.  -75.  -70.  -61.  -61.  -59.  -55.  -52.  -49.  -47.  -45.  -42.
  -39.  -38.  -36.  -34.  -32.  -30.  -24.  -24.  -24.  -23.  -23.  -22.
  -22.  -19.  -18.  -15.  -14.  -14.  -14.  -10.   -9.   -7.   -6.   -4.
   -1.   -1.    1.    1.    2.    2.    3.   11.   12.   12.   15.   15.
   16.   16.   16.   16.   18.   33.   35.   39.   43.   44.   49.   50.
   51.   52.   52.   54.   57.   58.   62.   65.   67.   70.   71.   71.
   72.   79.   81.   83.   85.   86.   86.   88.   90.   90.   91.   93.
   94.   97.   99.   99.][-99. -99. -99. -99. -94. -91. -91. -88. -88. -87. -85. -82. -82. -77.
 -71. -65. -61. -61. -59. -58. -56. -53. -52. -47. -46. -43. -30. -30.
 -27. -27. -26. -26. -25. -23. -22. -17. -16. -13. -12.  -7.  -3.  -3.
   2.   5.   6.   6.  10.  15.  17.  18.  21.  28.  30.  31.  31.  31.
  33.  34.  35.  36.  38.  38.  38.  39.  40.  40.  41.  42.  46.  47.
  50.  50.  51.  52.  52.  54.  60.  61.  61.  62.  64.  64.  65.  70.
  76.  77.  78.  81.  82.  83.  83.  84.  86.  88.  91.  92.  92.  95.
  95.  97.][-99. -99. -95. -95. -94. -93. -83. -76. -72. -68. -68. -68. -67. -67.
 -59. -55. -53. -51. -50. -48. -48. -45. -43. -40. -34. -33. -31. -29.
 -29. -28. -23. -20. -18. -18. -14.  -7.  -7.  -6.  -5.  -4.  -4.  -2.
  -1.   1.   1.   3.   3.   4.   6.   6.  10.  12.  13.  15.  17.  18.
  18.  19.  19.  19.  23.  23.  24.  25.  25.  29.  31.  34.  35.  37.
  37.  39.  41.  44.  45.  48.  50.  54.  55.  56.  59.  59.  59.  62.
  69.  69.  71.  72.  72.  77.  78.  81.  83.  85.  87.  89.  95.  98.
  98.  99.][-100.  -97.  -94.  -89.  -89.  -88.  -88.  -85.  -79.  -79.  -79.  -78.
  -76.  -73.  -73.  -71.  -67.  -67.  -64.  -61.  -60.  -60.  -59.  -59.
  -57.  -56.  -52.  -52.  -52.  -51.  -41.  -38.  -37.  -35.  -35.  -35.
  -33.  -32.  -29.  -29.  -29.  -28.  -26.  -25.  -20.  -16.  -14.  -14.
  -14.  -14.  -10.   -6.   -5.   -4.   -2.   -2.    2.    4.    5.    7.
    8.    9.   12.   15.   15.   17.   18.   19.   21.   22.   32.   32.
   35.   40.   43.   49.   49.   49.   51.   52.   55.   57.   59.   62.
   62.   63.   63.   68.   76.   78.   78.   80.   81.   81.   83.   84.
   85.   86.   87.   91.][-98. -97. -93. -88. -88. -87. -84. -84. -83. -78. -71. -71. -70. -68.
 -63. -60. -58. -58. -56. -54. -50. -49. -43. -38. -34. -34. -32. -24.
 -22. -21. -20. -20. -15. -14. -10.  -7.  -4.  -3.  -1.  -1.   0.   0.
   1.   4.   5.   7.   9.  10.  13.  14.  17.  17.  19.  19.  24.  25.
  25.  25.  27.  29.  31.  32.  38.  38.  39.  40.  40.  42.  43.  43.
  46.  46.  47.  48.  51.  51.  52.  56.  56.  58.  59.  61.  64.  67.
  67.  67.  73.  73.  75.  77.  78.  80.  85.  86.  89.  93.  96.  97.
  99. 100.][-100.  -99.  -96.  -96.  -91.  -86.  -84.  -83.  -82.  -80.  -80.  -79.
  -79.  -76.  -75.  -73.  -71.  -67.  -64.  -64.  -62.  -60.  -59.  -58.
  -55.  -53.  -50.  -47.  -47.  -44.  -41.  -38.  -38.  -37.  -33.  -32.
  -32.  -28.  -28.  -27.  -25.  -24.  -23.  -23.  -17.  -16.  -16.  -13.
  -11.   -9.   -7.   -7.   -4.   -4.   -1.    1.    4.    7.    7.   10.
   13.   16.   23.   24.   26.   27.   28.   29.   29.   30.   36.   36.
   38.   38.   42.   45.   45.   46.   47.   51.   53.   54.   56.   57.
   59.   60.   60.   63.   63.   65.   67.   68.   74.   80.   82.   82.
   89.   89.   89.   94.][-100. -100.  -98.  -97.  -95.  -94.  -87.  -86.  -80.  -78.  -73.  -70.
  -65.  -63.  -60.  -60.  -58.  -58.  -56.  -55.  -54.  -54.  -54.  -53.
  -51.  -51.  -48.  -47.  -45.  -37.  -34.  -34.  -34.  -33.  -33.  -30.
  -26.  -21.  -21.  -19.  -16.  -12.  -11.  -10.  -10.   -9.   -8.   -7.
   -6.   -3.    5.    6.    6.    7.    8.    9.   11.   14.   16.   18.
   23.   23.   23.   24.   25.   28.   29.   33.   34.   36.   41.   45.
   45.   47.   47.   49.   50.   55.   60.   63.   63.   64.   67.   72.
   76.   77.   78.   84.   85.   85.   86.   88.   91.   94.   95.   95.
   96.   96.   98.   98.][-97. -96. -92. -91. -90. -87. -85. -83. -82. -82. -79. -79. -79. -75.
 -73. -68. -65. -60. -53. -53. -50. -50. -49. -44. -41. -40. -40. -38.
 -37. -37. -35. -35. -34. -34. -29. -29. -28. -26. -25. -24. -23. -23.
 -22. -17. -17. -12. -11.  -8.  -4.  -3.   0.   2.   5.   5.   7.   8.
   8.   9.  10.  10.  14.  17.  17.  18.  22.  24.  28.  29.  29.  32.
  33.  33.  36.  42.  46.  47.  48.  50.  51.  53.  54.  55.  57.  58.
  60.  60.  77.  78.  78.  79.  81.  81.  82.  82.  83.  87.  92.  92.
  98. 100.][-100.  -96.  -95.  -95.  -91.  -91.  -88.  -86.  -83.  -81.  -81.  -80.
  -79.  -78.  -78.  -76.  -75.  -74.  -74.  -72.  -71.  -71.  -69.  -68.
  -67.  -65.  -64.  -64.  -60.  -58.  -57.  -56.  -54.  -53.  -50.  -49.
  -48.  -42.  -41.  -39.  -38.  -36.  -34.  -32.  -32.  -27.  -24.  -22.
  -19.  -14.  -12.  -11.  -10.  -10.   -9.   -2.   -1.   -1.    1.    1.
    4.   15.   16.   20.   22.   23.   26.   26.   27.   29.   36.   39.
   41.   42.   47.   49.   53.   59.   65.   66.   67.   68.   71.   72.
   72.   74.   75.   76.   77.   77.   79.   81.   82.   87.   87.   89.
   90.   97.   97.  100.][-100.  -99.  -97.  -97.  -96.  -95.  -92.  -86.  -82.  -81.  -78.  -78.
  -69.  -68.  -67.  -67.  -67.  -66.  -64.  -59.  -52.  -52.  -51.  -50.
  -50.  -50.  -49.  -48.  -46.  -46.  -46.  -43.  -43.  -43.  -42.  -36.
  -34.  -29.  -28.  -27.  -26.  -24.  -23.  -22.  -19.  -18.  -17.  -17.
  -15.  -12.  -12.  -12.   -9.   -9.   -7.   -6.   -5.   -2.   -2.    0.
    1.    3.    3.    8.   10.   13.   16.   17.   19.   20.   21.   22.
   24.   31.   31.   32.   32.   36.   37.   38.   39.   44.   50.   52.
   55.   66.   76.   79.   82.   82.   83.   86.   87.   87.   89.   90.
   90.   91.   91.   93.][-95. -95. -87. -86. -85. -84. -83. -82. -79. -77. -74. -71. -69. -61.
 -61. -58. -58. -57. -56. -56. -55. -55. -54. -54. -54. -49. -48. -48.
 -46. -43. -39. -38. -34. -31. -30. -30. -26. -25. -24. -23. -23. -21.
 -20. -18. -16. -15. -13. -13. -12. -12.  -9.  -3.  -2.  -2.  -1.   8.
   8.   9.  10.  10.  13.  17.  21.  22.  23.  24.  25.  28.  29.  35.
  38.  41.  41.  43.  49.  54.  56.  57.  57.  57.  61.  63.  63.  64.
  70.  75.  78.  81.  81.  81.  85.  85.  91.  91.  92.  93.  94.  99.
  99. 100.][-97. -96. -93. -92. -92. -92. -90. -87. -86. -84. -81. -81. -80. -80.
 -80. -77. -77. -77. -76. -73. -72. -71. -68. -67. -65. -62. -61. -59.
 -55. -52. -52. -51. -46. -45. -45. -41. -37. -27. -26. -20. -18. -18.
 -18. -10.  -7.   0.   1.   9.  11.  11.  13.  14.  17.  17.  21.  23.
  23.  31.  32.  37.  38.  39.  40.  40.  40.  42.  43.  46.  47.  47.
  48.  51.  53.  56.  57.  59.  61.  67.  68.  71.  74.  75.  77.  78.
  79.  84.  85.  86.  86.  87.  87.  88.  88.  90.  90.  91.  93.  93.
  94.  99.][-100.  -99.  -99.  -99.  -98.  -94.  -91.  -89.  -86.  -82.  -78.  -76.
  -76.  -72.  -69.  -67.  -62.  -61.  -59.  -57.  -57.  -57.  -51.  -51.
  -50.  -48.  -48.  -48.  -46.  -46.  -41.  -40.  -39.  -37.  -34.  -34.
  -30.  -30.  -24.  -23.  -22.  -20.  -19.  -18.  -17.  -14.  -12.  -12.
   -3.   -2.   -1.    9.    9.   11.   12.   13.   15.   20.   22.   22.
   22.   26.   26.   26.   26.   27.   28.   29.   31.   32.   34.   36.
   37.   38.   44.   45.   46.   52.   56.   58.   60.   61.   62.   62.
   73.   73.   76.   76.   77.   78.   79.   80.   83.   86.   86.   88.
   91.   93.   96.   99.][-88. -86. -83. -82. -82. -81. -80. -78. -74. -72. -71. -70. -69. -69.
 -68. -65. -64. -64. -64. -61. -60. -59. -57. -56. -52. -51. -50. -50.
 -49. -48. -46. -44. -40. -40. -39. -34. -34. -27. -23. -21. -16. -12.
 -12. -11.  -8.  -7.  -6.  -6.  -3.   0.   1.   3.   5.   6.   6.   7.
  11.  11.  14.  21.  23.  31.  32.  32.  32.  33.  33.  34.  34.  38.
  39.  39.  41.  42.  46.  46.  47.  48.  52.  52.  58.  60.  62.  66.
  69.  73.  76.  78.  80.  81.  81.  83.  84.  86.  90.  92.  93.  93.
  96.  97.][-99. -97. -96. -95. -95. -93. -90. -90. -89. -86. -85. -84. -83. -77.
 -76. -76. -71. -70. -67. -65. -64. -61. -45. -43. -43. -41. -40. -39.
 -39. -38. -37. -34. -31. -29. -29. -21. -20. -20. -18. -17. -15. -13.
 -13. -12.  -9.  -9.  -9.  -8.  -8.  -3.  -3.   0.   0.   1.   1.   2.
   3.   4.   5.  13.  20.  21.  21.  27.  29.  31.  33.  34.  36.  37.
  43.  47.  47.  51.  56.  59.  60.  61.  64.  66.  68.  68.  68.  70.
  71.  73.  76.  76.  78.  80.  80.  81.  82.  83.  84.  91.  93.  93.
  96. 100.][-99. -95. -94. -94. -94. -93. -93. -91. -91. -90. -90. -89. -86. -82.
 -81. -80. -80. -80. -75. -74. -72. -71. -68. -67. -67. -66. -65. -64.
 -62. -56. -56. -54. -54. -52. -43. -43. -36. -34. -32. -27. -17. -17.
 -15. -11. -10. -10.  -9.  -7.  -6.  -2.   0.   0.   0.   4.   6.   7.
   9.  11.  12.  16.  22.  23.  27.  28.  28.  31.  33.  33.  34.  35.
  36.  38.  40.  41.  42.  45.  49.  52.  53.  54.  56.  62.  63.  65.
  66.  67.  67.  69.  69.  74.  74.  79.  79.  80.  87.  89.  90.  91.
  94.  99.][-99. -98. -94. -93. -91. -91. -88. -88. -84. -82. -80. -80. -76. -75.
 -73. -72. -59. -59. -57. -55. -54. -53. -53. -47. -45. -45. -43. -41.
 -40. -40. -39. -34. -30. -28. -26. -24. -23. -21. -20. -19. -17. -16.
 -13. -12. -12. -10. -10.  -2.  -1.   1.   2.   4.   5.   6.   8.  13.
  17.  18.  20.  23.  28.  33.  34.  36.  36.  41.  43.  45.  47.  49.
  49.  51.  53.  54.  55.  55.  56.  56.  59.  63.  64.  64.  65.  71.
  72.  74.  75.  77.  82.  85.  89.  90.  92.  93.  94.  94.  96.  98.
  99. 100.][-100.  -98.  -94.  -92.  -92.  -87.  -86.  -81.  -81.  -79.  -78.  -73.
  -72.  -71.  -70.  -70.  -66.  -66.  -65.  -58.  -58.  -55.  -54.  -54.
  -51.  -49.  -47.  -45.  -45.  -42.  -42.  -37.  -37.  -37.  -36.  -33.
  -30.  -25.  -23.  -14.  -13.  -11.   -9.   -9.   -7.   -4.   -3.   -3.
    0.    0.    4.    6.    9.   10.   12.   13.   19.   23.   24.   24.
   26.   28.   34.   37.   38.   38.   40.   44.   46.   52.   54.   56.
   58.   60.   64.   69.   70.   71.   72.   72.   73.   73.   74.   75.
   75.   78.   82.   85.   86.   88.   88.   90.   90.   94.   95.   95.
   99.   99.  100.  100.][-99. -97. -91. -88. -84. -84. -82. -77. -77. -76. -73. -72. -68. -66.
 -66. -60. -60. -53. -52. -50. -50. -49. -48. -43. -40. -38. -37. -37.
 -34. -31. -31. -30. -27. -24. -23. -22. -22. -20. -20. -20. -17. -16.
  -8.  -5.  -5.  -4.   0.   5.   6.   9.  10.  14.  14.  15.  17.  19.
  21.  22.  22.  31.  34.  35.  41.  44.  47.  49.  51.  53.  56.  57.
  59.  60.  61.  62.  64.  67.  68.  68.  69.  69.  72.  72.  74.  74.
  80.  88.  89.  89.  91.  91.  93.  93.  93.  94.  94.  96.  96.  96.
  97.  98.]