[-100.  -98.  -97.  -97.  -94.  -91.  -88.  -86.  -86.  -86.  -80.  -76.
  -73.  -70.  -66.  -65.  -64.  -60.  -58.  -57.  -54.  -51.  -48.  -47.
  -46.  -43.  -40.  -40.  -39.  -38.  -37.  -37.  -33.  -33.  -28.  -27.
  -24.  -22.  -21.  -20.  -19.  -16.  -16.  -15.  -13.  -12.  -10.   -8.
   -7.    0.    0.    1.    5.    6.    7.    9.   10.   10.   14.   14.
   16.   17.   20.   20.   21.   21.   26.   27.   28.   36.   39.   39.
   41.   45.   47.   49.   49.   49.   51.   58.   66.   68.   69.   70.
   71.   72.   72.   73.   78.   78.   78.   83.   84.   85.   86.   87.
   91.   97.   98.   99.][-99. -99. -98. -98. -97. -97. -94. -94. -90. -86. -82. -75. -70. -68.
 -67. -66. -64. -64. -60. -59. -59. -57. -56. -54. -53. -52. -51. -50.
 -49. -49. -48. -45. -44. -43. -42. -42. -42. -42. -42. -40. -38. -37.
 -35. -34. -34. -34. -29. -25. -22. -21. -20. -19. -19. -18. -18. -14.
   2.   2.   2.   3.   3.   4.   6.  10.  13.  14.  16.  18.  20.  20.
  20.  22.  27.  29.  30.  32.  36.  38.  39.  40.  48.  53.  57.  58.
  58.  59.  66.  70.  70.  72.  74.  77.  77.  78.  78.  80.  84.  86.
  87.  92.][-98. -96. -96. -94. -94. -94. -91. -91. -90. -89. -86. -86. -83. -78.
 -74. -72. -63. -60. -60. -59. -59. -58. -56. -56. -54. -47. -44. -41.
 -41. -36. -35. -35. -32. -30. -30. -30. -24. -20. -15. -15. -14. -12.
 -12. -11.  -7.  -7.  -6.  -6.  -6.  -4.   2.   2.   3.   4.   4.   5.
  11.  13.  16.  17.  20.  20.  22.  23.  23.  26.  27.  28.  29.  35.
  38.  41.  41.  43.  45.  48.  49.  54.  56.  61.  62.  62.  63.  64.
  67.  68.  70.  72.  73.  74.  78.  79.  85.  87.  88.  90.  94.  98.
  98.  99.][-98. -95. -95. -92. -89. -87. -86. -85. -85. -84. -81. -80. -78. -78.
 -74. -71. -69. -67. -67. -66. -65. -65. -64. -57. -54. -54. -54. -48.
 -48. -47. -46. -45. -45. -41. -38. -37. -36. -33. -30. -29. -28. -24.
 -23. -19. -19. -18. -18. -13. -12. -12.  -9.  -7.  -3.  -1.   0.   1.
  12.  15.  16.  16.  17.  18.  21.  24.  26.  27.  29.  29.  32.  35.
  36.  51.  54.  56.  57.  59.  62.  62.  64.  67.  67.  68.  71.  72.
  72.  74.  75.  77.  83.  88.  88.  89.  89.  89.  91.  92.  92.  93.
  98.  99.][-98. -94. -93. -90. -89. -86. -83. -83. -83. -77. -76. -69. -69. -67.
 -67. -66. -66. -63. -62. -62. -62. -61. -58. -56. -51. -48. -48. -45.
 -45. -44. -43. -42. -41. -41. -41. -41. -40. -40. -35. -34. -33. -33.
 -31. -30. -28. -26. -20. -13. -13. -10.  -8.  -5.  -2.  -1.   3.   8.
   9.  11.  11.  18.  18.  22.  23.  23.  24.  25.  26.  30.  30.  31.
  32.  35.  35.  36.  36.  40.  42.  45.  48.  48.  49.  54.  60.  65.
  65.  68.  73.  77.  79.  83.  83.  84.  88.  88.  92.  94.  95.  96.
  96. 100.][-99. -95. -95. -92. -90. -90. -90. -89. -88. -87. -84. -81. -80. -80.
 -78. -78. -77. -76. -76. -72. -70. -68. -65. -63. -57. -56. -54. -48.
 -46. -43. -43. -42. -42. -40. -39. -34. -33. -30. -26. -21. -19. -18.
 -16. -13. -10.  -8.  -6.  -4.  -4.   2.   9.  10.  11.  12.  20.  21.
  23.  24.  24.  24.  24.  29.  31.  31.  31.  32.  33.  37.  42.  45.
  47.  47.  50.  50.  51.  51.  52.  52.  55.  57.  60.  62.  63.  66.
  67.  67.  71.  71.  76.  78.  79.  79.  81.  81.  84.  89.  89.  93.
  98. 100.][-99. -98. -94. -94. -91. -90. -89. -87. -82. -80. -79. -78. -77. -75.
 -74. -73. -72. -72. -71. -64. -62. -59. -57. -56. -55. -55. -45. -41.
 -37. -34. -33. -33. -32. -31. -29. -26. -25. -22. -21. -21. -17. -14.
 -13. -13. -11. -10. -10. -10.  -8.  -7.   0.   1.   4.   8.   8.  10.
  12.  12.  17.  18.  25.  26.  32.  33.  33.  36.  37.  39.  40.  41.
  41.  42.  49.  49.  49.  50.  51.  52.  52.  55.  55.  55.  57.  59.
  59.  61.  61.  62.  63.  65.  77.  79.  79.  79.  80.  83.  89.  91.
  92. 100.][-100.  -94.  -93.  -86.  -82.  -82.  -81.  -81.  -78.  -77.  -74.  -73.
  -73.  -72.  -70.  -69.  -68.  -68.  -67.  -67.  -65.  -63.  -63.  -62.
  -62.  -62.  -60.  -59.  -57.  -54.  -52.  -51.  -49.  -47.  -46.  -45.
  -44.  -38.  -38.  -37.  -35.  -35.  -33.  -33.  -29.  -28.  -20.  -17.
  -12.   -9.   -8.   -8.   -6.   -1.    2.    2.    5.    6.    9.    9.
   12.   15.   19.   27.   28.   29.   36.   36.   38.   39.   41.   41.
   44.   45.   46.   46.   59.   59.   65.   68.   69.   69.   69.   71.
   74.   76.   78.   79.   82.   89.   90.   90.   92.   93.   94.   94.
   95.   95.   97.   98.][-96. -95. -93. -92. -91. -90. -89. -87. -86. -85. -84. -82. -76. -74.
 -72. -70. -70. -69. -69. -65. -65. -64. -64. -63. -62. -60. -60. -58.
 -57. -56. -54. -53. -49. -46. -46. -39. -37. -31. -31. -31. -29. -27.
 -26. -26. -25. -23. -23. -20. -18. -18. -18. -17. -16. -14. -13. -11.
 -10.  -7.  -7.  -4.   4.   6.   6.   7.  10.  12.  23.  26.  26.  26.
  27.  28.  28.  29.  30.  33.  37.  38.  40.  40.  42.  47.  48.  49.
  49.  49.  59.  60.  67.  67.  76.  80.  82.  87.  88.  91.  91.  97.
  97.  98.][-100. -100.  -96.  -96.  -96.  -92.  -91.  -86.  -84.  -81.  -78.  -73.
  -72.  -70.  -69.  -67.  -64.  -63.  -62.  -62.  -57.  -55.  -54.  -49.
  -44.  -42.  -42.  -36.  -33.  -30.  -29.  -29.  -27.  -25.  -15.   -8.
   -7.   -4.   -4.   -3.   -3.    2.    5.    9.    9.   10.   10.   15.
   17.   18.   22.   22.   23.   25.   26.   26.   29.   31.   32.   34.
   34.   36.   40.   40.   42.   43.   43.   47.   48.   53.   54.   56.
   57.   58.   58.   59.   65.   66.   66.   69.   70.   70.   70.   72.
   74.   78.   78.   78.   79.   79.   80.   87.   88.   89.   90.   91.
   93.   96.   97.   98.][-100. -100.  -99.  -99.  -98.  -96.  -96.  -93.  -90.  -89.  -88.  -88.
  -88.  -86.  -85.  -85.  -81.  -80.  -78.  -76.  -73.  -72.  -70.  -69.
  -67.  -66.  -64.  -59.  -57.  -53.  -53.  -50.  -49.  -49.  -48.  -47.
  -42.  -41.  -40.  -34.  -34.  -31.  -23.  -23.  -20.  -17.  -12.  -11.
  -10.   -4.   -2.    2.    6.   11.   15.   15.   17.   17.   19.   21.
   21.   22.   22.   23.   24.   24.   24.   24.   27.   32.   33.   40.
   41.   42.   45.   46.   47.   48.   61.   61.   63.   65.   66.   66.
   68.   68.   69.   71.   73.   75.   77.   83.   88.   89.   89.   91.
   93.   96.   97.  100.][-100. -100.  -98.  -98.  -97.  -95.  -94.  -94.  -92.  -89.  -89.  -89.
  -89.  -88.  -87.  -87.  -83.  -79.  -78.  -77.  -76.  -73.  -73.  -67.
  -64.  -64.  -62.  -61.  -60.  -55.  -51.  -49.  -47.  -46.  -44.  -43.
  -42.  -40.  -34.  -27.  -27.  -24.  -21.  -18.  -17.  -15.   -5.   -3.
   -2.    5.    6.    6.    8.   11.   12.   13.   16.   16.   20.   21.
   21.   22.   25.   27.   28.   29.   32.   33.   33.   35.   40.   41.
   41.   43.   46.   53.   54.   54.   55.   57.   57.   57.   66.   73.
   75.   76.   77.   78.   80.   80.   84.   84.   86.   88.   93.   96.
   98.   98.   99.  100.][-97. -95. -91. -89. -89. -88. -86. -86. -86. -85. -82. -81. -81. -80.
 -73. -73. -73. -68. -63. -60. -57. -55. -54. -52. -51. -49. -46. -46.
 -46. -38. -37. -32. -31. -31. -30. -30. -29. -28. -26. -24. -20. -17.
 -14. -12. -12.  -9.  -9.  -7.  -3.   0.   0.   4.   7.   8.   9.  10.
  12.  16.  17.  20.  20.  21.  21.  25.  26.  26.  31.  32.  33.  35.
  36.  37.  40.  40.  41.  46.  46.  49.  49.  55.  56.  56.  57.  58.
  60.  60.  61.  64.  65.  69.  74.  78.  86.  89.  90.  92.  93.  94.
  95.  98.][-100.  -99.  -98.  -97.  -96.  -96.  -91.  -90.  -86.  -84.  -84.  -77.
  -75.  -73.  -72.  -65.  -64.  -61.  -59.  -58.  -56.  -54.  -52.  -51.
  -51.  -50.  -50.  -48.  -48.  -44.  -44.  -43.  -42.  -38.  -37.  -29.
  -28.  -25.  -22.  -20.  -19.  -18.  -18.  -13.  -13.   -9.   -4.   -2.
   -2.    0.    5.    7.   11.   11.   14.   25.   26.   30.   31.   34.
   36.   39.   41.   44.   44.   46.   46.   48.   49.   53.   53.   53.
   59.   59.   59.   64.   68.   69.   70.   70.   72.   76.   76.   78.
   78.   79.   79.   83.   84.   85.   87.   87.   88.   89.   91.   93.
   94.   94.   95.   95.][-96. -93. -91. -90. -86. -84. -83. -83. -82. -81. -80. -79. -78. -76.
 -75. -74. -72. -69. -68. -68. -68. -66. -66. -59. -57. -56. -56. -55.
 -55. -52. -46. -45. -38. -36. -36. -33. -31. -30. -28. -20. -18. -16.
 -15. -12.  -9.  -7.  -6.  -3.  -1.   1.   2.   5.   7.  10.  16.  17.
  20.  21.  23.  27.  28.  30.  33.  37.  39.  43.  45.  47.  49.  51.
  53.  54.  54.  55.  57.  57.  61.  62.  66.  66.  68.  69.  69.  70.
  70.  73.  75.  76.  78.  79.  81.  83.  84.  87.  90.  91.  92.  94.
  94.  96.][-100.  -99.  -98.  -96.  -96.  -96.  -95.  -88.  -87.  -86.  -83.  -82.
  -79.  -78.  -76.  -76.  -74.  -74.  -73.  -73.  -72.  -70.  -68.  -67.
  -65.  -61.  -59.  -57.  -53.  -52.  -50.  -48.  -48.  -40.  -38.  -34.
  -33.  -32.  -30.  -25.  -21.  -20.  -18.  -14.  -13.  -12.   -8.   -7.
   -7.   -4.   -3.   -1.   -1.    6.    6.    6.   13.   14.   15.   16.
   22.   25.   25.   26.   28.   35.   35.   36.   38.   42.   43.   47.
   48.   48.   49.   52.   61.   63.   65.   66.   67.   68.   69.   70.
   71.   71.   71.   72.   73.   73.   77.   77.   78.   79.   84.   89.
   91.   91.   93.   97.][-100.  -99.  -93.  -92.  -92.  -90.  -89.  -87.  -83.  -82.  -82.  -81.
  -80.  -80.  -76.  -75.  -72.  -71.  -69.  -66.  -56.  -55.  -53.  -51.
  -49.  -49.  -47.  -46.  -44.  -42.  -42.  -33.  -32.  -32.  -32.  -28.
  -26.  -25.  -18.  -15.  -13.  -13.  -12.  -11.  -10.   -6.   -5.   -4.
   -2.   -2.   -1.    1.    2.    6.   10.   13.   15.   15.   16.   20.
   21.   23.   25.   29.   34.   36.   37.   38.   40.   40.   40.   42.
   43.   45.   46.   48.   48.   52.   52.   53.   57.   61.   62.   67.
   68.   68.   76.   78.   78.   81.   85.   85.   86.   90.   92.   92.
   92.   94.   96.   99.][-96. -96. -93. -90. -88. -86. -86. -83. -82. -81. -80. -79. -76. -72.
 -72. -70. -68. -67. -61. -61. -60. -58. -53. -49. -44. -43. -42. -41.
 -41. -40. -36. -36. -36. -36. -33. -31. -30. -28. -26. -25. -22. -21.
 -20. -17. -15. -13. -13.  -7.  -6.   0.   1.   6.   7.   8.  10.  10.
  11.  14.  14.  15.  17.  20.  20.  23.  25.  25.  26.  29.  30.  31.
  31.  31.  31.  32.  32.  34.  37.  38.  39.  40.  42.  45.  51.  51.
  55.  55.  59.  60.  62.  63.  64.  65.  65.  66.  68.  70.  74.  81.
  92.  95.][-94. -94. -92. -91. -90. -90. -86. -85. -83. -82. -80. -76. -73. -71.
 -69. -69. -68. -68. -66. -60. -60. -57. -57. -56. -53. -48. -48. -45.
 -43. -43. -42. -39. -38. -37. -37. -37. -33. -26. -21. -19. -13. -13.
 -10. -10.  -9.  -1.   2.   2.   2.   3.   5.   8.  12.  13.  16.  17.
  17.  18.  22.  25.  25.  27.  28.  28.  32.  36.  40.  41.  48.  52.
  56.  58.  62.  63.  63.  65.  67.  67.  70.  71.  74.  75.  76.  77.
  77.  79.  81.  82.  84.  84.  84.  86.  88.  91.  94.  94.  95.  97.
 100. 100.][-98. -97. -93. -89. -74. -72. -71. -69. -68. -68. -67. -65. -64. -62.
 -61. -61. -60. -58. -53. -50. -47. -47. -44. -43. -41. -40. -38. -36.
 -34. -34. -27. -25. -24. -23. -23. -16. -16. -14. -14. -13. -13. -12.
 -10.  -9.  -9.  -6.  -5.  -2.   3.   4.   4.   6.   7.  11.  11.  12.
  13.  18.  23.  23.  33.  36.  39.  40.  41.  46.  47.  49.  49.  54.
  54.  55.  55.  55.  57.  58.  58.  59.  59.  59.  62.  62.  63.  63.
  68.  70.  71.  74.  74.  76.  77.  80.  81.  84.  88.  89.  93.  94.
  96.  99.][-99. -93. -91. -88. -88. -81. -80. -80. -78. -76. -75. -73. -71. -68.
 -67. -66. -65. -64. -63. -63. -63. -63. -61. -57. -51. -50. -49. -47.
 -46. -43. -38. -36. -35. -32. -31. -31. -29. -25. -24. -23. -16. -14.
 -14. -12. -10. -10.  -7.  -4.   2.   5.   7.   8.   9.  11.  12.  13.
  13.  15.  15.  18.  19.  20.  23.  25.  27.  28.  31.  35.  35.  37.
  41.  44.  46.  47.  47.  51.  53.  56.  58.  60.  60.  66.  66.  66.
  68.  70.  73.  74.  79.  82.  83.  84.  85.  91.  93.  93.  93.  95.
  97.  98.][-98. -98. -95. -85. -85. -81. -80. -78. -74. -72. -72. -71. -71. -69.
 -66. -63. -63. -62. -61. -59. -59. -57. -51. -50. -49. -42. -42. -40.
 -39. -37. -33. -30. -30. -30. -27. -26. -25. -22. -19. -18. -18.  -7.
  -6.  -5.  -4.  -4.   7.   7.   9.  10.  11.  18.  21.  21.  25.  25.
  28.  30.  33.  35.  35.  38.  38.  38.  43.  44.  47.  48.  49.  49.
  51.  51.  52.  56.  56.  56.  57.  59.  62.  69.  70.  71.  77.  78.
  80.  84.  85.  87.  88.  89.  90.  91.  91.  92.  93.  96.  98.  98.
  99. 100.][-100. -100.  -99.  -99.  -99.  -94.  -90.  -88.  -87.  -86.  -81.  -79.
  -79.  -78.  -77.  -76.  -71.  -69.  -67.  -65.  -62.  -59.  -59.  -58.
  -57.  -56.  -48.  -48.  -48.  -47.  -47.  -47.  -44.  -35.  -33.  -32.
  -30.  -30.  -28.  -28.  -27.  -25.  -24.  -22.  -21.  -19.  -15.   -9.
   -8.    2.    6.   10.   14.   18.   18.   19.   21.   22.   25.   28.
   28.   29.   30.   34.   36.   39.   40.   42.   43.   44.   46.   47.
   48.   48.   48.   49.   54.   54.   60.   63.   63.   64.   64.   66.
   69.   71.   74.   75.   75.   79.   84.   86.   87.   87.   88.   88.
   97.   97.   98.  100.][-99. -95. -93. -90. -89. -87. -81. -77. -76. -73. -73. -72. -71. -68.
 -67. -64. -63. -62. -59. -55. -55. -52. -52. -51. -51. -51. -50. -46.
 -46. -45. -45. -42. -39. -39. -38. -36. -35. -35. -34. -34. -34. -34.
 -32. -32. -28. -27. -24. -23. -21. -15. -14.  -8.  -8.  -5.  -4.  -2.
  -2.   2.   3.   3.   7.  11.  13.  19.  24.  25.  28.  29.  30.  31.
  32.  33.  33.  35.  36.  37.  38.  40.  43.  45.  45.  50.  50.  53.
  60.  60.  61.  61.  63.  64.  64.  67.  67.  67.  69.  77.  84.  92.
  93. 100.][-100. -100.  -98.  -94.  -94.  -93.  -82.  -81.  -80.  -79.  -79.  -74.
  -72.  -71.  -71.  -69.  -65.  -64.  -63.  -63.  -61.  -58.  -54.  -53.
  -53.  -44.  -42.  -41.  -37.  -36.  -32.  -31.  -31.  -31.  -28.  -26.
  -19.  -18.  -16.  -15.  -10.   -9.   -8.   -7.   -6.   -1.    3.    5.
    6.    7.    7.    7.   11.   12.   15.   24.   26.   26.   26.   31.
   31.   33.   34.   35.   38.   39.   42.   44.   44.   47.   54.   55.
   57.   58.   59.   60.   60.   61.   64.   65.   66.   67.   69.   71.
   72.   72.   73.   74.   77.   78.   79.   82.   84.   89.   93.   96.
   97.   98.  100.  100.][-99. -97. -97. -96. -95. -93. -91. -90. -89. -88. -86. -84. -83. -83.
 -82. -81. -81. -79. -75. -74. -74. -73. -69. -67. -65. -63. -61. -60.
 -60. -52. -50. -45. -44. -42. -41. -38. -37. -36. -36. -34. -33. -32.
 -31. -30. -27. -24. -24. -23. -22. -19. -19. -12. -11.  -8.  -7.  -5.
   0.   3.   6.   7.   8.  14.  15.  19.  26.  28.  32.  33.  41.  43.
  43.  45.  47.  47.  49.  54.  55.  55.  58.  59.  60.  61.  63.  65.
  70.  71.  71.  73.  74.  75.  76.  77.  79.  80.  82.  86.  93.  96.
  98. 100.][-99. -98. -94. -91. -90. -88. -83. -83. -78. -76. -76. -75. -73. -72.
 -68. -68. -66. -65. -63. -62. -62. -54. -54. -53. -53. -52. -51. -50.
 -49. -45. -44. -43. -40. -37. -36. -33. -32. -31. -23. -20. -19. -19.
 -18. -18. -18. -18. -16.  -9.  -1.   0.   0.   3.   5.   6.   8.   9.
  11.  14.  15.  18.  26.  28.  30.  33.  33.  37.  39.  40.  41.  42.
  43.  44.  44.  48.  50.  50.  52.  53.  56.  56.  58.  59.  62.  63.
  68.  69.  69.  73.  75.  77.  78.  87.  88.  91.  94.  96.  97.  97.
  98. 100.][-100.  -93.  -93.  -91.  -91.  -89.  -86.  -85.  -85.  -84.  -83.  -82.
  -77.  -71.  -70.  -69.  -67.  -63.  -62.  -61.  -58.  -57.  -53.  -45.
  -43.  -42.  -41.  -41.  -40.  -40.  -37.  -36.  -36.  -33.  -32.  -32.
  -31.  -28.  -23.  -18.  -13.   -9.   -8.   -7.   -6.   -5.   -5.    3.
    3.    7.    7.    8.    9.   14.   16.   17.   18.   18.   19.   19.
   22.   22.   23.   25.   25.   28.   30.   31.   31.   39.   42.   43.
   45.   45.   46.   50.   50.   51.   53.   54.   54.   54.   57.   58.
   59.   60.   61.   68.   70.   71.   71.   72.   82.   82.   84.   87.
   88.   94.   99.  100.][-99. -99. -98. -98. -96. -96. -91. -88. -87. -84. -82. -80. -80. -78.
 -78. -75. -69. -69. -65. -61. -60. -58. -57. -56. -53. -51. -45. -45.
 -42. -39. -38. -37. -33. -31. -28. -28. -27. -27. -25. -25. -23. -23.
 -23. -20. -18. -17. -16. -15. -15. -12.  -9.  -8.  -8.  -5.  -4.  -3.
   4.  10.  12.  13.  13.  13.  16.  16.  16.  18.  18.  21.  22.  24.
  25.  33.  38.  40.  44.  44.  46.  51.  56.  57.  58.  58.  59.  60.
  62.  65.  71.  72.  74.  76.  80.  81.  82.  83.  84.  89.  91.  92.
  95.  98.][-99. -95. -95. -92. -92. -91. -90. -88. -88. -88. -75. -74. -72. -71.
 -70. -67. -66. -64. -63. -62. -58. -57. -55. -54. -54. -52. -48. -46.
 -44. -43. -42. -34. -34. -34. -32. -30. -27. -27. -26. -23. -22. -21.
 -20. -19. -17. -12.  -9.  -9.  -7.  -7.  -7.  -7.  -6.  -3.  -3.   2.
   4.   5.   6.   8.  11.  12.  15.  16.  18.  20.  20.  20.  24.  25.
  29.  29.  31.  32.  33.  33.  34.  36.  37.  38.  38.  44.  44.  47.
  52.  57.  59.  60.  61.  61.  64.  66.  67.  68.  69.  71.  72.  72.
  88.  95.][-100. -100.  -98.  -97.  -95.  -94.  -85.  -80.  -76.  -76.  -70.  -69.
  -67.  -67.  -65.  -65.  -63.  -63.  -62.  -61.  -59.  -59.  -58.  -57.
  -57.  -56.  -52.  -50.  -49.  -44.  -44.  -43.  -42.  -36.  -34.  -34.
  -33.  -32.  -32.  -29.  -25.  -24.  -20.  -18.  -17.  -15.  -15.  -12.
  -10.  -10.  -10.   -8.   -8.   -8.   -6.   -4.    3.    6.    8.   13.
   14.   18.   19.   24.   25.   26.   29.   29.   33.   35.   36.   39.
   39.   43.   43.   45.   45.   46.   46.   54.   55.   56.   57.   58.
   63.   66.   70.   71.   72.   73.   79.   82.   84.   85.   92.   93.
   94.   97.   97.   99.][-100.  -98.  -96.  -95.  -94.  -89.  -87.  -83.  -81.  -80.  -80.  -79.
  -77.  -77.  -73.  -72.  -71.  -69.  -69.  -64.  -63.  -60.  -60.  -59.
  -54.  -54.  -50.  -48.  -47.  -41.  -41.  -36.  -29.  -29.  -28.  -27.
  -27.  -25.  -24.  -20.  -18.  -18.  -17.  -16.  -12.   -9.   -7.   -7.
   -7.   -6.   -6.   -3.   -1.   -1.    1.    1.    1.    5.    7.   13.
   14.   21.   24.   24.   25.   33.   33.   34.   38.   45.   45.   49.
   51.   52.   52.   53.   54.   54.   56.   57.   58.   59.   59.   59.
   60.   61.   63.   67.   70.   72.   72.   73.   73.   74.   76.   77.
   81.   82.   85.   91.][-95. -92. -92. -91. -86. -83. -80. -79. -72. -72. -72. -70. -65. -64.
 -64. -62. -62. -61. -59. -57. -47. -47. -45. -45. -42. -38. -38. -37.
 -35. -34. -31. -28. -28. -28. -28. -25. -23. -21. -20. -17. -16. -16.
 -16. -15.  -9.  -5.  -5.  -5.  -4.  -3.  -3.  -2.  -1.   1.   3.   7.
   7.  10.  13.  14.  15.  15.  15.  22.  24.  27.  29.  37.  37.  41.
  42.  45.  51.  51.  53.  54.  63.  63.  63.  63.  63.  64.  67.  68.
  68.  71.  72.  72.  73.  75.  78.  78.  81.  83.  87.  90.  91.  93.
  97. 100.][-100.  -99.  -98.  -98.  -97.  -97.  -97.  -95.  -95.  -93.  -90.  -90.
  -87.  -84.  -84.  -83.  -81.  -80.  -75.  -71.  -68.  -67.  -67.  -65.
  -63.  -62.  -62.  -61.  -60.  -59.  -58.  -55.  -53.  -51.  -50.  -47.
  -44.  -30.  -27.  -25.  -22.  -20.  -18.  -17.  -17.  -17.  -15.  -11.
  -10.   -6.   -4.   -3.    2.    6.    6.    7.    9.   10.   11.   13.
   16.   17.   23.   23.   26.   27.   35.   37.   38.   42.   46.   49.
   49.   52.   53.   57.   58.   60.   62.   63.   63.   65.   66.   67.
   68.   69.   71.   74.   75.   75.   80.   81.   82.   84.   86.   86.
   95.   95.   97.   98.][-100.  -99.  -98.  -97.  -95.  -95.  -91.  -90.  -82.  -78.  -77.  -76.
  -72.  -71.  -69.  -67.  -66.  -65.  -60.  -54.  -50.  -50.  -42.  -38.
  -37.  -35.  -31.  -30.  -29.  -26.  -26.  -24.  -23.  -14.  -14.  -13.
  -13.  -13.  -10.   -5.   -5.   -5.   -3.   -2.   -2.    5.    8.    9.
   11.   12.   14.   17.   18.   18.   23.   24.   28.   31.   32.   34.
   36.   37.   39.   40.   40.   40.   40.   41.   43.   47.   48.   48.
   49.   52.   55.   57.   57.   58.   60.   62.   64.   64.   67.   68.
   71.   75.   76.   77.   80.   83.   83.   84.   85.   90.   92.   94.
   96.   96.  100.  100.][-100.  -94.  -93.  -91.  -89.  -88.  -84.  -83.  -83.  -80.  -76.  -73.
  -72.  -69.  -67.  -67.  -65.  -63.  -62.  -62.  -58.  -58.  -54.  -52.
  -50.  -49.  -45.  -42.  -42.  -41.  -39.  -39.  -38.  -36.  -34.  -33.
  -26.  -23.  -22.  -22.  -16.  -16.  -15.  -11.  -10.  -10.   -9.   -8.
   -3.   -1.    0.    0.    1.    3.    3.    6.   12.   13.   19.   22.
   25.   26.   28.   30.   31.   33.   35.   40.   40.   41.   41.   44.
   45.   45.   54.   55.   58.   58.   60.   62.   62.   63.   65.   66.
   68.   69.   69.   72.   73.   74.   75.   77.   81.   90.   91.   94.
   94.   97.   98.   99.][-100.  -98.  -97.  -95.  -94.  -89.  -75.  -75.  -72.  -70.  -67.  -62.
  -62.  -61.  -58.  -57.  -57.  -55.  -52.  -51.  -49.  -48.  -45.  -44.
  -44.  -39.  -37.  -36.  -34.  -33.  -33.  -32.  -32.  -27.  -25.  -23.
  -10.   -7.   -6.   -5.   -4.   -4.    1.    2.    6.    6.    7.    7.
    7.    7.    8.   10.   12.   13.   15.   15.   16.   16.   17.   17.
   20.   26.   33.   37.   38.   38.   41.   41.   41.   43.   43.   45.
   48.   49.   50.   52.   54.   58.   58.   58.   59.   61.   62.   66.
   68.   72.   72.   73.   79.   79.   79.   84.   85.   86.   88.   89.
   96.   97.   97.  100.][-99. -99. -97. -94. -89. -87. -87. -86. -85. -84. -82. -80. -79. -78.
 -75. -73. -72. -72. -66. -66. -66. -65. -63. -61. -61. -61. -61. -60.
 -59. -58. -57. -54. -52. -48. -46. -46. -42. -40. -35. -35. -24. -22.
 -22. -21. -21. -18. -18. -17. -15. -14.  -8.  -7.  -6.  -3.  -2.   4.
   5.   5.  10.  10.  11.  19.  22.  22.  24.  28.  29.  33.  33.  34.
  37.  38.  38.  40.  41.  46.  46.  49.  51.  51.  52.  52.  53.  63.
  64.  67.  72.  73.  74.  75.  82.  83.  84.  85.  86.  87.  91.  92.
  95.  98.][-99. -97. -93. -93. -89. -84. -83. -80. -80. -79. -78. -77. -77. -72.
 -72. -71. -70. -67. -64. -56. -56. -56. -55. -53. -52. -52. -51. -41.
 -40. -39. -36. -33. -31. -28. -28. -28. -27. -27. -25. -24. -23. -20.
 -16. -16. -15. -14. -13. -11. -10.  -8.  -7.  -2.   1.   2.   8.   9.
   9.  10.  13.  15.  18.  19.  23.  23.  26.  26.  28.  29.  31.  31.
  32.  33.  36.  38.  45.  47.  48.  55.  59.  60.  61.  65.  65.  68.
  69.  70.  76.  80.  83.  87.  88.  89.  89.  93.  94.  97.  98.  99.
 100. 100.][-98. -94. -87. -85. -82. -76. -75. -75. -75. -74. -73. -72. -69. -68.
 -62. -61. -58. -56. -53. -50. -50. -50. -49. -46. -46. -46. -42. -42.
 -40. -39. -34. -34. -33. -30. -28. -23. -18. -17. -16. -16. -12. -12.
 -11.  -8.  -7.  -5.   0.   2.   3.   4.   8.  10.  13.  13.  16.  17.
  17.  20.  21.  22.  23.  24.  25.  26.  28.  30.  30.  32.  34.  39.
  42.  42.  44.  45.  45.  46.  48.  49.  50.  56.  57.  62.  63.  64.
  64.  66.  69.  71.  77.  80.  80.  82.  82.  83.  88.  90.  95.  96.
  96.  99.][-100.  -93.  -93.  -90.  -90.  -89.  -83.  -82.  -80.  -80.  -79.  -78.
  -76.  -75.  -73.  -69.  -68.  -68.  -65.  -64.  -61.  -60.  -59.  -57.
  -56.  -55.  -55.  -55.  -55.  -54.  -50.  -49.  -47.  -47.  -46.  -46.
  -44.  -43.  -42.  -41.  -39.  -38.  -38.  -35.  -34.  -34.  -32.  -30.
  -30.  -23.  -23.  -21.  -21.  -20.  -13.  -13.  -11.  -10.   -6.   -6.
   -5.   -4.   -3.   -3.   -3.   -2.    0.    1.    2.    6.    8.   12.
   13.   16.   17.   21.   22.   27.   29.   30.   35.   41.   43.   43.
   53.   54.   56.   60.   62.   62.   66.   66.   70.   72.   75.   76.
   77.   95.   96.   97.][-97. -96. -96. -90. -90. -88. -85. -84. -83. -78. -77. -74. -70. -65.
 -63. -62. -61. -60. -58. -55. -53. -52. -51. -51. -50. -48. -47. -43.
 -42. -41. -41. -38. -37. -36. -32. -32. -30. -24. -23. -20. -17. -17.
 -15. -13. -10.  -9.  -6.  -5.  -4.  -1.   1.   2.   4.   5.   5.  14.
  19.  30.  31.  32.  34.  38.  38.  38.  38.  38.  41.  41.  42.  46.
  47.  48.  48.  48.  48.  49.  53.  55.  59.  60.  61.  65.  69.  71.
  72.  74.  76.  77.  79.  80.  80.  82.  84.  88.  89.  92.  92.  97.
  99.  99.][-100.  -99.  -96.  -96.  -95.  -76.  -76.  -73.  -73.  -72.  -72.  -70.
  -69.  -66.  -66.  -64.  -64.  -58.  -56.  -51.  -42.  -35.  -33.  -26.
  -25.  -25.  -25.  -23.  -21.  -16.  -14.  -13.  -13.  -10.   -9.   -8.
   -7.   -6.   -5.   -4.    0.    0.    2.    3.    6.    6.    8.   10.
   14.   15.   21.   22.   25.   25.   26.   27.   33.   33.   35.   36.
   39.   43.   44.   45.   45.   49.   50.   51.   52.   52.   53.   54.
   55.   57.   57.   60.   65.   66.   69.   71.   71.   71.   73.   75.
   75.   75.   76.   78.   81.   81.   84.   85.   85.   86.   88.   89.
   89.   93.   98.  100.][-96. -93. -93. -91. -86. -86. -85. -83. -80. -78. -76. -76. -71. -67.
 -67. -66. -62. -60. -59. -59. -56. -53. -51. -48. -38. -33. -31. -28.
 -24. -19. -18. -18. -13.  -9.  -9.  -9.  -8.  -8.  -6.  -5.  -4.  -1.
   1.   1.   3.   3.   5.   6.   6.   8.  11.  12.  13.  14.  15.  15.
  19.  19.  20.  20.  20.  22.  30.  32.  33.  34.  35.  36.  37.  42.
  44.  46.  47.  47.  50.  53.  53.  54.  56.  58.  61.  64.  68.  69.
  69.  71.  72.  72.  74.  75.  80.  80.  81.  83.  87.  87.  87.  88.
  96.  96.][-99. -98. -97. -95. -87. -84. -76. -72. -71. -71. -69. -69. -67. -65.
 -63. -63. -61. -59. -51. -47. -45. -40. -37. -37. -29. -28. -27. -27.
 -25. -23. -16. -11.  -7.  -7.  -6.  -5.  -3.   0.   1.   6.  12.  13.
  13.  15.  17.  17.  18.  21.  26.  27.  31.  32.  32.  33.  33.  38.
  39.  41.  41.  44.  44.  45.  46.  51.  52.  55.  55.  56.  58.  58.
  60.  60.  60.  61.  64.  65.  65.  66.  66.  70.  71.  71.  77.  77.
  78.  79.  79.  80.  81.  81.  81.  82.  88.  88.  90.  95.  95.  98.
 100. 100.][-98. -95. -94. -93. -86. -85. -84. -84. -82. -77. -75. -73. -69. -68.
 -67. -66. -64. -63. -62. -61. -61. -59. -59. -58. -55. -54. -52. -47.
 -45. -45. -42. -40. -39. -37. -37. -36. -34. -32. -27. -26. -24. -21.
 -21. -20. -15. -12. -10.  -9.  -8.   2.   9.  10.  11.  12.  13.  15.
  20.  21.  22.  28.  31.  33.  34.  36.  37.  41.  44.  45.  49.  49.
  51.  51.  52.  56.  56.  56.  59.  59.  59.  62.  63.  65.  65.  66.
  69.  69.  70.  73.  74.  77.  78.  80.  84.  84.  86.  95.  95.  95.
  97.  98.][-95. -94. -94. -89. -88. -87. -77. -76. -75. -74. -74. -66. -63. -58.
 -56. -56. -56. -55. -55. -54. -53. -53. -49. -47. -43. -42. -39. -38.
 -36. -36. -33. -29. -29. -27. -25. -23. -23. -20. -20. -15. -14. -11.
 -10.  -8.  -7.  -6.  -3.   0.   1.   2.   4.   7.   9.  17.  22.  23.
  24.  27.  31.  35.  37.  38.  38.  40.  40.  41.  41.  45.  47.  51.
  51.  53.  56.  57.  58.  58.  58.  62.  63.  65.  65.  68.  70.  70.
  70.  71.  74.  74.  82.  82.  83.  83.  90.  91.  92.  94.  94.  96.
  98.  98.][-97. -91. -91. -89. -86. -84. -82. -80. -78. -76. -75. -74. -72. -71.
 -67. -63. -57. -53. -52. -52. -46. -46. -45. -44. -43. -43. -42. -42.
 -37. -33. -30. -30. -30. -29. -29. -28. -22. -21. -18. -15. -13. -12.
 -12. -11.  -6.  -6.  -4.  -2.   0.   5.   8.  10.  10.  11.  12.  14.
  15.  15.  20.  22.  23.  24.  24.  24.  27.  28.  28.  32.  32.  33.
  34.  34.  35.  35.  36.  37.  41.  47.  49.  51.  51.  51.  57.  58.
  63.  63.  67.  67.  70.  71.  71.  75.  76.  76.  82.  85.  86.  90.
  94.  95.][-100.  -98.  -93.  -93.  -92.  -87.  -83.  -82.  -81.  -79.  -77.  -74.
  -71.  -70.  -70.  -68.  -68.  -66.  -65.  -62.  -59.  -59.  -59.  -58.
  -57.  -55.  -55.  -51.  -49.  -47.  -47.  -41.  -41.  -40.  -38.  -38.
  -33.  -31.  -28.  -28.  -27.  -27.  -19.  -18.  -17.  -15.  -14.  -14.
  -14.  -10.   -8.   -5.   -3.   -3.   -2.    1.    1.    2.    8.    9.
   11.   16.   19.   23.   25.   29.   29.   31.   32.   40.   50.   51.
   52.   52.   54.   57.   59.   59.   61.   62.   64.   64.   64.   65.
   66.   69.   69.   71.   71.   72.   75.   79.   81.   82.   93.   93.
   96.   97.   98.   99.][-99. -99. -99. -99. -97. -95. -91. -89. -87. -86. -86. -84. -84. -80.
 -79. -72. -71. -68. -67. -67. -65. -65. -63. -61. -58. -56. -56. -55.
 -54. -53. -52. -51. -49. -43. -40. -36. -30. -30. -25. -22. -16. -15.
 -14. -13.  -8.  -6.  -2.  -2.  -2.   1.   2.   8.   8.  10.  12.  16.
  19.  23.  26.  26.  27.  28.  28.  29.  30.  31.  31.  33.  38.  41.
  41.  42.  43.  46.  47.  57.  58.  58.  60.  62.  64.  66.  68.  74.
  74.  78.  79.  86.  88.  89.  91.  92.  93.  93.  94.  95.  95.  96.
  98.  98.][-100.  -99.  -97.  -96.  -94.  -92.  -92.  -92.  -92.  -92.  -92.  -85.
  -84.  -81.  -78.  -75.  -71.  -71.  -71.  -70.  -66.  -64.  -61.  -61.
  -56.  -56.  -47.  -46.  -46.  -44.  -43.  -43.  -43.  -40.  -34.  -33.
  -33.  -31.  -30.  -30.  -29.  -28.  -28.  -25.  -22.  -21.  -16.   -9.
   -8.   -8.   -6.   -5.   -2.   -2.   -1.   -1.    0.    0.    4.    4.
    8.   11.   11.   13.   14.   18.   19.   19.   20.   22.   23.   27.
   27.   28.   28.   30.   43.   45.   49.   49.   50.   50.   51.   55.
   57.   58.   59.   60.   65.   68.   70.   74.   77.   83.   86.   88.
   89.   91.   92.  100.][-98. -96. -94. -93. -91. -90. -87. -87. -84. -80. -79. -78. -77. -77.
 -74. -72. -70. -68. -66. -63. -61. -60. -56. -55. -54. -51. -50. -45.
 -43. -40. -38. -37. -36. -33. -32. -30. -28. -20. -19. -17. -15. -14.
  -8.  -7.   3.   4.  10.  11.  12.  12.  12.  16.  16.  17.  18.  19.
  20.  21.  24.  27.  28.  28.  29.  32.  32.  34.  36.  40.  44.  44.
  48.  49.  51.  51.  52.  57.  57.  60.  62.  64.  66.  69.  70.  70.
  79.  81.  82.  82.  84.  85.  85.  87.  88.  88.  89.  93.  93.  96.
  97. 100.][-100.  -99.  -98.  -94.  -92.  -89.  -86.  -85.  -83.  -83.  -80.  -75.
  -75.  -74.  -72.  -70.  -69.  -66.  -66.  -63.  -63.  -63.  -59.  -56.
  -54.  -46.  -45.  -44.  -41.  -40.  -39.  -39.  -38.  -34.  -32.  -32.
  -32.  -31.  -31.  -27.  -26.  -25.  -24.  -24.  -15.  -14.  -14.   -7.
   -2.   -1.    0.    5.    6.    6.    6.   11.   13.   13.   14.   21.
   23.   24.   25.   26.   26.   27.   28.   29.   31.   32.   34.   36.
   40.   40.   44.   46.   49.   49.   53.   57.   59.   59.   59.   63.
   76.   76.   77.   80.   81.   81.   83.   84.   86.   88.   92.   96.
   96.   96.   97.   97.][-99. -94. -91. -90. -89. -86. -84. -83. -83. -82. -82. -82. -81. -78.
 -76. -75. -73. -73. -72. -69. -68. -65. -65. -65. -63. -63. -58. -56.
 -55. -46. -44. -44. -36. -36. -34. -33. -32. -31. -31. -30. -27. -25.
 -25. -24. -21. -19. -17. -16. -12. -10.  -7.  -4.  -3.   2.   2.   6.
   6.   6.   6.  10.  10.  12.  14.  15.  16.  18.  22.  22.  23.  25.
  26.  26.  27.  33.  39.  42.  46.  47.  47.  52.  53.  54.  54.  56.
  59.  63.  65.  66.  66.  69.  73.  76.  78.  81.  83.  85.  87.  89.
  98. 100.][-100.  -95.  -93.  -93.  -91.  -90.  -88.  -84.  -83.  -82.  -82.  -81.
  -77.  -73.  -70.  -63.  -61.  -59.  -59.  -57.  -42.  -42.  -41.  -40.
  -36.  -34.  -32.  -31.  -19.  -19.  -18.  -18.  -17.  -17.  -12.   -8.
   -8.   -7.   -7.   -3.   -3.   -3.   -1.    1.    3.    4.    5.    5.
    6.    9.   11.   12.   15.   17.   18.   20.   20.   21.   22.   24.
   27.   29.   30.   30.   32.   32.   33.   38.   40.   48.   49.   50.
   50.   54.   57.   58.   58.   62.   67.   69.   69.   70.   70.   72.
   72.   74.   75.   75.   76.   78.   83.   85.   87.   90.   91.   92.
   93.   98.  100.  100.][-100. -100.  -96.  -94.  -92.  -89.  -88.  -87.  -85.  -85.  -84.  -80.
  -72.  -71.  -69.  -69.  -64.  -62.  -55.  -51.  -51.  -48.  -48.  -47.
  -43.  -41.  -38.  -37.  -37.  -31.  -30.  -26.  -24.  -19.  -19.  -10.
   -4.   -3.   -1.   -1.    1.    1.    4.    5.    5.    7.    9.   10.
   10.   12.   13.   14.   14.   18.   19.   22.   28.   31.   31.   32.
   32.   33.   33.   35.   35.   40.   43.   46.   47.   48.   49.   50.
   51.   53.   54.   54.   56.   59.   60.   63.   64.   67.   68.   69.
   70.   72.   72.   73.   77.   79.   79.   82.   82.   82.   84.   86.
   88.   89.   95.   99.][-98. -94. -89. -89. -88. -86. -81. -79. -79. -78. -78. -74. -74. -71.
 -69. -68. -62. -61. -50. -49. -49. -48. -48. -47. -41. -31. -31. -26.
 -25. -24. -24. -20. -18.  -8.  -7.   0.   2.   3.   5.   6.   6.   8.
   8.  13.  13.  13.  15.  15.  16.  19.  20.  20.  25.  26.  27.  27.
  29.  35.  37.  42.  47.  48.  49.  49.  52.  52.  55.  60.  60.  61.
  62.  62.  63.  67.  71.  71.  72.  72.  73.  74.  74.  76.  76.  76.
  77.  77.  78.  78.  79.  79.  80.  80.  80.  82.  83.  87.  87.  88.
  88.  97.][-100.  -99.  -93.  -92.  -91.  -87.  -86.  -86.  -85.  -84.  -84.  -83.
  -82.  -81.  -80.  -77.  -72.  -70.  -69.  -69.  -68.  -68.  -64.  -64.
  -63.  -63.  -60.  -60.  -57.  -56.  -55.  -54.  -54.  -51.  -50.  -48.
  -47.  -47.  -47.  -41.  -36.  -35.  -34.  -34.  -32.  -30.  -29.  -28.
  -28.  -26.  -24.  -24.  -21.   -3.   -1.    7.   10.   11.   16.   19.
   19.   21.   21.   22.   27.   32.   37.   38.   39.   40.   40.   46.
   50.   51.   56.   56.   58.   60.   60.   61.   62.   67.   70.   73.
   74.   75.   77.   77.   80.   81.   84.   88.   89.   90.   94.   96.
   98.   98.   99.  100.][-99. -97. -97. -97. -93. -90. -90. -82. -81. -76. -75. -72. -70. -59.
 -59. -56. -56. -55. -54. -47. -47. -47. -44. -42. -34. -34. -33. -27.
 -25. -24. -22. -22. -17. -12. -11. -10. -10.  -8.  -6.  -3.  -2.  -2.
  -1.   0.   1.   2.   3.   5.   5.   5.   7.   9.   9.  10.  10.  10.
  12.  14.  21.  23.  23.  27.  28.  30.  33.  36.  37.  45.  46.  47.
  48.  51.  51.  52.  52.  59.  63.  63.  64.  66.  66.  67.  70.  74.
  75.  76.  77.  81.  82.  82.  84.  85.  85.  87.  91.  91.  93.  95.
  99.  99.][-99. -94. -92. -91. -87. -84. -82. -82. -78. -74. -70. -68. -67. -63.
 -62. -58. -57. -57. -56. -55. -54. -52. -51. -47. -46. -45. -44. -38.
 -38. -37. -35. -35. -32. -28. -23. -22. -21. -21. -21. -20. -16. -16.
 -15. -11. -10.  -8.  -6.  -6.  -3.  -3.  -1.   0.   0.   2.   6.   9.
   9.  13.  18.  22.  22.  23.  25.  29.  34.  36.  37.  37.  41.  41.
  42.  45.  46.  49.  52.  59.  60.  60.  63.  64.  64.  66.  67.  71.
  74.  76.  77.  83.  84.  84.  86.  86.  87.  87.  90.  91.  93.  94.
  95.  98.][-99. -97. -95. -93. -89. -88. -87. -83. -78. -76. -76. -74. -73. -72.
 -71. -67. -60. -59. -58. -57. -56. -56. -54. -50. -48. -48. -39. -38.
 -38. -36. -33. -27. -25. -25. -22. -18. -15. -14. -14. -13. -13. -11.
 -10. -10.  -9.  -7.  -7.  -5.  -3.  -1.   0.   2.   2.   5.   6.   7.
  10.  10.  11.  11.  13.  14.  16.  27.  28.  29.  31.  33.  35.  37.
  42.  43.  48.  48.  48.  49.  50.  53.  62.  63.  63.  64.  65.  66.
  68.  70.  73.  78.  79.  82.  87.  90.  91.  91.  94.  97.  97.  99.
 100. 100.][-99. -96. -96. -92. -91. -86. -84. -84. -81. -79. -77. -75. -74. -68.
 -68. -67. -66. -62. -62. -60. -59. -57. -56. -56. -53. -48. -47. -36.
 -30. -28. -28. -27. -26. -19. -12. -11. -11.  -9.  -8.  -4.  -3.  -3.
  -2.   2.   4.   8.   9.   9.  11.  13.  14.  17.  18.  18.  20.  25.
  25.  28.  29.  30.  30.  31.  36.  36.  38.  39.  40.  40.  43.  43.
  43.  44.  45.  45.  46.  50.  53.  55.  57.  62.  63.  63.  64.  65.
  65.  68.  68.  70.  72.  74.  76.  80.  84.  87.  90.  90.  91.  95.
  98. 100.][-99. -99. -97. -97. -91. -86. -85. -84. -83. -82. -79. -77. -73. -66.
 -63. -63. -62. -62. -57. -53. -50. -49. -49. -48. -45. -45. -40. -39.
 -38. -36. -35. -33. -32. -29. -25. -20. -15. -13. -13. -12.  -8.  -2.
   1.   2.   2.   3.   5.   7.   8.   9.   9.  10.  11.  22.  23.  23.
  25.  25.  27.  27.  27.  29.  32.  35.  35.  35.  35.  38.  42.  42.
  43.  43.  47.  50.  50.  50.  50.  51.  58.  59.  60.  60.  61.  62.
  62.  64.  67.  69.  75.  77.  78.  80.  81.  82.  82.  83.  88.  91.
  98.  99.][-100.  -94.  -93.  -93.  -91.  -84.  -74.  -72.  -71.  -70.  -68.  -67.
  -66.  -64.  -64.  -61.  -60.  -57.  -57.  -53.  -47.  -45.  -37.  -35.
  -35.  -32.  -31.  -28.  -27.  -26.  -25.  -25.  -23.  -20.  -19.  -13.
  -12.  -11.  -10.   -7.   -6.   -3.   -2.   -2.    0.    2.    4.    6.
    7.    8.    9.   13.   13.   13.   14.   18.   27.   27.   34.   37.
   39.   40.   40.   41.   44.   45.   45.   47.   48.   49.   49.   50.
   51.   52.   52.   55.   55.   65.   66.   70.   70.   70.   72.   73.
   73.   73.   74.   77.   80.   81.   81.   87.   87.   88.   88.   89.
   91.   93.   95.   96.][-99. -98. -96. -96. -94. -93. -93. -89. -89. -87. -87. -86. -85. -82.
 -76. -75. -73. -72. -71. -69. -69. -68. -67. -65. -63. -58. -58. -58.
 -56. -50. -49. -49. -48. -47. -47. -46. -46. -43. -42. -41. -34. -29.
 -28. -27. -25. -24. -22. -21. -21. -18. -15. -10.  -7.  -1.   1.   6.
   7.   8.   8.   8.   8.  13.  15.  17.  21.  23.  27.  29.  32.  32.
  32.  35.  35.  37.  41.  44.  51.  52.  53.  55.  56.  57.  58.  61.
  65.  69.  71.  74.  74.  76.  78.  81.  82.  83.  83.  91.  95.  96.
  96. 100.][-97. -96. -96. -94. -94. -94. -93. -89. -86. -83. -75. -74. -73. -73.
 -73. -72. -72. -67. -67. -65. -63. -60. -57. -56. -56. -56. -55. -55.
 -50. -49. -48. -44. -44. -43. -41. -39. -38. -32. -31. -27. -25. -25.
 -23. -23. -22. -21. -17. -15. -10.  -5.  -5.  -5.  -4.   2.   3.   3.
   4.   6.   9.  10.  12.  14.  15.  16.  16.  19.  20.  20.  22.  25.
  26.  27.  28.  29.  30.  36.  38.  40.  42.  46.  48.  48.  52.  61.
  62.  65.  66.  66.  70.  74.  77.  79.  82.  84.  85.  86.  87.  91.
  97.  98.][-98. -98. -97. -95. -95. -94. -94. -93. -92. -92. -82. -81. -74. -73.
 -72. -70. -66. -63. -60. -59. -56. -55. -53. -52. -51. -47. -41. -37.
 -35. -33. -30. -28. -27. -27. -24. -24. -23. -19. -18. -18. -15. -15.
 -15. -15. -15. -12. -11. -11.  -8.  -7.  -7.  -3.   0.   1.   2.   2.
   3.   6.   8.  10.  11.  12.  18.  22.  25.  27.  27.  28.  31.  32.
  32.  32.  33.  34.  34.  35.  36.  41.  46.  50.  51.  56.  61.  64.
  64.  65.  66.  75.  77.  82.  83.  85.  86.  89.  90.  92.  93.  93.
  97. 100.][-100.  -98.  -97.  -97.  -96.  -95.  -90.  -89.  -88.  -88.  -85.  -84.
  -81.  -79.  -79.  -78.  -77.  -76.  -76.  -73.  -69.  -69.  -66.  -62.
  -55.  -55.  -53.  -53.  -49.  -46.  -43.  -41.  -38.  -34.  -31.  -30.
  -30.  -30.  -29.  -28.  -24.  -23.  -22.  -21.  -20.  -16.  -15.  -11.
  -10.   -8.   -6.   -5.   -4.   -4.   -2.    1.    2.    9.    9.   13.
   15.   15.   20.   20.   23.   25.   30.   37.   38.   39.   42.   42.
   45.   48.   48.   52.   56.   58.   63.   64.   66.   69.   73.   73.
   76.   77.   77.   82.   82.   85.   88.   88.   89.   94.   95.   96.
   96.   97.  100.  100.][-100. -100.  -99.  -98.  -92.  -91.  -88.  -88.  -87.  -86.  -86.  -83.
  -77.  -74.  -73.  -66.  -66.  -62.  -62.  -62.  -61.  -59.  -59.  -55.
  -52.  -50.  -50.  -49.  -48.  -48.  -42.  -41.  -41.  -40.  -38.  -38.
  -38.  -35.  -35.  -34.  -33.  -31.  -29.  -28.  -27.  -21.  -20.  -18.
  -15.  -15.  -12.  -11.   -8.   -3.   -1.   -1.    1.    1.    2.    7.
   12.   13.   16.   18.   18.   19.   20.   24.   25.   25.   26.   29.
   31.   31.   32.   33.   35.   36.   36.   42.   44.   46.   50.   61.
   62.   62.   67.   68.   79.   80.   86.   87.   89.   91.   92.   95.
   95.   96.   96.   99.][-100.  -98.  -97.  -96.  -95.  -93.  -93.  -93.  -90.  -90.  -89.  -88.
  -87.  -86.  -85.  -85.  -83.  -82.  -80.  -79.  -78.  -75.  -74.  -73.
  -71.  -71.  -70.  -68.  -64.  -58.  -56.  -56.  -53.  -52.  -51.  -50.
  -47.  -46.  -45.  -42.  -41.  -41.  -39.  -38.  -29.  -27.  -26.  -23.
  -22.  -19.  -19.  -18.  -16.  -15.  -13.   -8.   -6.   -3.   -1.   -1.
   -1.    0.    1.    3.   11.   12.   13.   14.   17.   17.   22.   22.
   22.   25.   26.   28.   29.   31.   32.   34.   40.   44.   45.   46.
   46.   50.   54.   57.   60.   61.   62.   64.   65.   72.   73.   77.
   82.   84.   90.   93.][-97. -93. -92. -91. -90. -88. -86. -81. -80. -74. -68. -60. -60. -54.
 -51. -50. -48. -45. -43. -36. -32. -31. -31. -29. -29. -25. -25. -22.
 -16. -10. -10.  -6.  -5.  -4.  -3.  -3.  -1.  -1.   3.   5.   9.  10.
  12.  13.  13.  17.  20.  22.  23.  26.  26.  27.  29.  29.  29.  30.
  32.  36.  38.  42.  44.  45.  47.  51.  51.  52.  52.  53.  57.  57.
  58.  60.  62.  66.  67.  68.  68.  68.  69.  69.  70.  74.  76.  77.
  78.  79.  79.  81.  86.  87.  87.  89.  91.  92.  98.  98.  98. 100.
 100. 100.][-98. -98. -97. -96. -94. -89. -87. -87. -78. -77. -75. -74. -74. -70.
 -70. -69. -67. -66. -65. -65. -65. -62. -62. -58. -56. -51. -46. -44.
 -40. -37. -33. -29. -24. -24. -23. -22. -20. -15. -15. -15. -14. -14.
 -12.  -6.   1.   5.   6.   6.   7.  10.  11.  11.  16.  16.  19.  20.
  22.  23.  23.  27.  29.  30.  31.  31.  36.  37.  38.  39.  42.  47.
  49.  50.  51.  54.  55.  56.  57.  59.  61.  62.  62.  66.  66.  67.
  68.  68.  69.  70.  75.  77.  80.  80.  82.  84.  86.  88.  91.  91.
  93.  93.][-100. -100. -100.  -99.  -99.  -98.  -92.  -90.  -90.  -87.  -85.  -83.
  -82.  -79.  -69.  -62.  -59.  -57.  -52.  -49.  -49.  -46.  -40.  -39.
  -36.  -36.  -34.  -33.  -28.  -25.  -23.  -23.  -20.  -17.  -16.  -14.
  -12.  -11.   -9.   -9.   -9.   -4.   -2.    2.    4.    5.    6.    9.
   10.   10.   16.   16.   17.   18.   19.   21.   23.   23.   26.   28.
   30.   33.   34.   37.   37.   38.   38.   39.   40.   41.   41.   42.
   44.   44.   45.   46.   48.   49.   54.   56.   57.   60.   66.   69.
   70.   75.   76.   78.   79.   80.   84.   85.   87.   92.   92.   96.
   96.   98.   99.  100.][-98. -89. -88. -84. -84. -82. -80. -78. -78. -75. -73. -71. -61. -61.
 -58. -52. -50. -49. -46. -45. -45. -43. -41. -40. -40. -37. -36. -35.
 -34. -34. -31. -31. -22. -22. -20. -17. -17. -12. -10.  -9.  -6.  -4.
   3.   5.   6.   6.   8.   8.   9.   9.  11.  11.  12.  13.  13.  13.
  17.  18.  21.  26.  28.  29.  30.  34.  39.  40.  40.  40.  41.  41.
  42.  44.  47.  51.  53.  54.  55.  57.  59.  61.  63.  65.  67.  67.
  68.  72.  74.  75.  75.  76.  77.  81.  82.  83.  85.  85.  94.  97.
  97.  98.][-99. -97. -97. -95. -91. -90. -89. -79. -79. -79. -78. -77. -74. -72.
 -72. -71. -71. -68. -66. -65. -64. -63. -62. -61. -58. -56. -51. -45.
 -44. -44. -39. -38. -37. -35. -35. -30. -27. -27. -21. -20. -19. -18.
 -17. -14.  -7.  -7.  -6.  -6.  -2.   1.   3.  10.  12.  14.  16.  17.
  18.  18.  20.  23.  26.  26.  27.  28.  30.  32.  33.  33.  35.  37.
  38.  38.  41.  44.  46.  47.  49.  52.  54.  55.  56.  64.  64.  66.
  68.  71.  72.  73.  75.  82.  85.  86.  87.  87.  88.  94.  94.  95.
  96.  96.][-99. -97. -95. -94. -90. -87. -84. -84. -81. -81. -79. -77. -74. -73.
 -69. -68. -62. -59. -56. -54. -52. -50. -50. -46. -45. -43. -43. -39.
 -37. -36. -35. -28. -25. -25. -25. -24. -24. -22. -21. -18. -16. -12.
 -10.  -8.  -6.  -6.  -4.  -3.  -2.   1.   7.   7.   8.   9.  13.  15.
  16.  17.  20.  22.  24.  26.  28.  30.  33.  34.  34.  36.  37.  38.
  38.  39.  44.  47.  50.  51.  53.  54.  54.  56.  57.  58.  59.  62.
  65.  67.  69.  69.  74.  78.  81.  81.  85.  91.  92.  96.  97.  98.
  99. 100.][-97. -96. -94. -86. -86. -85. -83. -83. -79. -79. -76. -76. -73. -73.
 -69. -68. -65. -64. -63. -62. -60. -60. -59. -58. -57. -57. -55. -55.
 -54. -54. -45. -44. -42. -40. -40. -37. -36. -33. -32. -31. -24. -23.
 -19. -16. -15.  -9.  -8.  -2.   0.   1.   2.   6.   8.  11.  15.  22.
  23.  25.  25.  30.  30.  31.  35.  35.  38.  38.  39.  40.  41.  45.
  46.  46.  47.  49.  51.  55.  58.  61.  66.  67.  69.  73.  79.  82.
  83.  87.  87.  88.  89.  90.  90.  91.  93.  94.  95.  97.  98.  98.
 100. 100.][-99. -99. -98. -97. -96. -94. -93. -92. -89. -87. -86. -85. -84. -82.
 -78. -76. -74. -74. -73. -72. -72. -68. -66. -63. -63. -62. -61. -59.
 -57. -52. -51. -50. -49. -45. -42. -42. -41. -41. -41. -38. -34. -34.
 -30. -29. -25. -24. -23. -22. -21. -18. -18. -15. -14. -12.  -9.  -8.
  -8.  -6.  -5.  -4.  -3.  -2.   3.   4.  11.  13.  14.  14.  18.  23.
  32.  34.  38.  41.  42.  42.  42.  49.  50.  51.  54.  54.  58.  60.
  69.  69.  70.  71.  73.  73.  77.  78.  78.  84.  86.  86.  87.  88.
  91.  96.][-99. -99. -99. -97. -97. -97. -92. -92. -90. -86. -83. -82. -80. -79.
 -79. -76. -73. -68. -64. -62. -61. -60. -59. -59. -58. -57. -55. -54.
 -52. -51. -51. -43. -39. -36. -35. -35. -34. -32. -30. -29. -26. -25.
 -24. -23. -22. -19. -19. -18. -15. -15. -11. -10.  -8.  -4.  -3.   0.
   2.   5.   6.   6.   6.   8.   9.   9.  10.  13.  15.  16.  21.  21.
  22.  27.  29.  30.  32.  32.  33.  33.  35.  37.  42.  46.  47.  47.
  49.  54.  59.  65.  68.  73.  73.  77.  80.  80.  85.  86.  89.  89.
  90.  96.][-99. -90. -89. -86. -83. -82. -77. -76. -75. -74. -73. -67. -66. -64.
 -61. -59. -55. -55. -47. -45. -44. -41. -41. -38. -37. -37. -29. -25.
 -24. -23. -13. -12. -11. -11.  -2.  -1.   3.   5.   6.  10.  11.  11.
  12.  14.  16.  22.  25.  25.  25.  27.  31.  33.  34.  41.  42.  44.
  48.  48.  52.  54.  57.  57.  58.  62.  62.  62.  63.  64.  64.  67.
  69.  70.  76.  77.  77.  77.  77.  77.  78.  79.  79.  81.  83.  83.
  84.  84.  85.  86.  91.  92.  93.  94.  94.  95.  95.  95.  97.  97.
  97.  99.][-95. -93. -91. -91. -82. -80. -78. -73. -70. -70. -69. -67. -67. -66.
 -66. -59. -57. -55. -53. -50. -49. -47. -47. -46. -44. -42. -42. -39.
 -39. -33. -32. -26. -25. -24. -23. -23. -23. -23. -16. -14. -14. -14.
 -11.  -7.  -7.  -7.  -5.   1.   1.   4.   6.   7.   7.   7.   8.   9.
   9.  10.  15.  16.  17.  20.  23.  28.  29.  33.  39.  41.  49.  50.
  56.  56.  56.  58.  58.  60.  62.  63.  66.  69.  70.  70.  71.  71.
  73.  75.  78.  80.  81.  81.  82.  85.  89.  90.  92.  94.  96.  97.
 100. 100.][-96. -93. -88. -85. -85. -84. -82. -81. -78. -73. -72. -71. -70. -70.
 -70. -69. -65. -62. -61. -60. -57. -55. -47. -46. -46. -43. -36. -35.
 -34. -33. -32. -30. -29. -27. -24. -23. -22. -21. -20. -17. -13. -12.
 -10.  -9.  -9.  -8.  -7.  -6.  -3.  -3.  -1.   2.   5.   6.  10.  13.
  16.  17.  18.  23.  25.  25.  26.  29.  30.  30.  31.  36.  40.  42.
  43.  51.  55.  57.  58.  63.  65.  68.  69.  70.  73.  74.  75.  76.
  78.  79.  79.  80.  81.  82.  83.  84.  87.  87.  88.  92.  93.  93.
  97. 100.][-99. -98. -96. -96. -96. -88. -85. -82. -79. -78. -75. -74. -73. -73.
 -72. -71. -70. -68. -67. -66. -63. -60. -59. -58. -53. -52. -49. -45.
 -44. -43. -43. -42. -37. -36. -34. -32. -31. -27. -25. -19. -19. -18.
 -18. -17. -17. -16. -14. -13. -11. -10.  -7.  -7.  -2.   0.   1.   3.
   6.   8.   9.  11.  14.  17.  23.  24.  26.  27.  30.  30.  33.  38.
  42.  44.  44.  46.  54.  56.  57.  62.  65.  66.  68.  69.  72.  74.
  76.  76.  78.  78.  81.  83.  85.  85.  88.  92.  93.  94.  95.  99.
 100. 100.][-98. -93. -90. -88. -87. -86. -85. -83. -82. -77. -66. -65. -65. -63.
 -59. -59. -59. -51. -50. -45. -45. -44. -40. -40. -37. -36. -32. -29.
 -24. -24. -18. -18. -17. -15. -13. -12. -11. -10. -10.  -6.   3.   5.
   6.   8.   9.  11.  11.  11.  12.  18.  18.  19.  21.  21.  22.  24.
  26.  27.  27.  29.  30.  30.  31.  35.  41.  41.  44.  50.  50.  53.
  53.  55.  60.  61.  62.  64.  65.  66.  71.  73.  75.  77.  78.  78.
  80.  81.  81.  81.  82.  88.  88.  89.  90.  91.  91.  94.  96.  98.
  98.  99.][-98. -94. -91. -90. -89. -86. -83. -78. -76. -73. -68. -62. -62. -61.
 -60. -59. -58. -54. -51. -46. -41. -39. -39. -35. -35. -32. -29. -29.
 -29. -28. -25. -25. -21. -19. -18. -17. -14. -13. -13.  -6.  -4.  -3.
  -3.   2.   4.   6.   7.   9.   9.  12.  14.  17.  17.  18.  19.  20.
  25.  26.  27.  27.  29.  31.  32.  34.  34.  38.  39.  41.  43.  44.
  45.  47.  48.  48.  48.  51.  51.  51.  53.  58.  58.  59.  59.  61.
  62.  64.  64.  68.  71.  73.  73.  75.  76.  81.  85.  89.  90.  93.
  95.  98.][-98. -95. -95. -94. -91. -88. -86. -85. -84. -79. -78. -76. -76. -72.
 -70. -68. -66. -63. -61. -61. -60. -58. -57. -56. -47. -45. -45. -43.
 -43. -41. -40. -39. -38. -32. -31. -31. -27. -26. -25. -24. -23. -22.
 -21. -20. -12. -12. -11.  -4.   1.   4.   5.   7.   7.  18.  19.  20.
  25.  30.  31.  33.  34.  37.  39.  41.  43.  45.  45.  45.  45.  46.
  47.  51.  55.  55.  55.  59.  60.  64.  65.  67.  68.  69.  70.  72.
  77.  82.  83.  83.  86.  88.  90.  91.  93.  93.  94.  96.  97.  97.
  98. 100.][-98. -95. -95. -90. -84. -84. -83. -81. -80. -77. -73. -71. -66. -66.
 -65. -61. -58. -55. -54. -51. -49. -48. -47. -46. -43. -43. -40. -40.
 -39. -39. -34. -34. -33. -28. -25. -25. -24. -24. -18. -18. -15. -14.
 -11. -10.  -8.  -8.   0.   5.   6.   9.  11.  11.  20.  21.  23.  28.
  33.  33.  34.  34.  35.  35.  37.  37.  37.  40.  45.  46.  47.  49.
  50.  51.  52.  52.  54.  58.  60.  60.  62.  72.  75.  75.  76.  76.
  78.  79.  79.  79.  81.  81.  82.  82.  82.  85.  85.  88.  88.  94.
  94.  97.][-100. -100.  -99.  -94.  -93.  -93.  -92.  -91.  -87.  -85.  -79.  -76.
  -68.  -65.  -63.  -61.  -59.  -53.  -49.  -47.  -46.  -46.  -42.  -36.
  -33.  -32.  -32.  -30.  -29.  -29.  -20.  -18.   -6.   -5.   -2.    0.
    1.    1.    6.    6.    9.   11.   15.   15.   16.   16.   16.   17.
   17.   18.   20.   22.   22.   23.   25.   26.   27.   30.   34.   34.
   35.   37.   38.   42.   42.   45.   47.   49.   49.   50.   51.   53.
   54.   56.   56.   58.   58.   58.   59.   62.   65.   66.   67.   67.
   69.   70.   73.   73.   75.   77.   83.   86.   89.   90.   92.   94.
   98.   98.   99.  100.][-97. -97. -91. -90. -90. -86. -82. -82. -80. -74. -72. -72. -71. -70.
 -66. -62. -60. -58. -55. -55. -53. -51. -51. -51. -50. -47. -47. -43.
 -42. -42. -42. -41. -37. -36. -35. -35. -34. -27. -17. -17. -17. -16.
 -14.  -9.  -8.  -7.  -3.  -3.  -3.   0.   1.   2.   4.   4.   6.  13.
  14.  15.  17.  17.  19.  24.  24.  28.  29.  32.  32.  32.  35.  37.
  37.  39.  43.  44.  48.  48.  51.  51.  51.  57.  58.  61.  61.  63.
  67.  68.  68.  69.  83.  83.  84.  85.  86.  87.  88.  91.  92.  94.
  98. 100.][-100.  -99.  -99.  -97.  -95.  -93.  -88.  -87.  -87.  -85.  -84.  -83.
  -83.  -79.  -77.  -74.  -74.  -73.  -70.  -66.  -64.  -61.  -61.  -55.
  -55.  -53.  -53.  -50.  -49.  -43.  -42.  -36.  -35.  -34.  -32.  -25.
  -22.  -21.  -20.  -19.  -19.  -14.  -14.  -12.   -1.    1.    2.    4.
    4.    6.   10.   10.   11.   12.   13.   15.   16.   17.   19.   19.
   21.   22.   26.   26.   29.   32.   35.   36.   37.   38.   39.   41.
   42.   49.   52.   54.   54.   57.   58.   58.   60.   62.   64.   65.
   65.   66.   75.   76.   76.   81.   87.   87.   87.   88.   91.   93.
   97.   97.   99.   99.][-97. -92. -87. -86. -77. -76. -75. -72. -71. -70. -69. -69. -65. -64.
 -63. -56. -56. -56. -55. -51. -49. -45. -44. -37. -36. -35. -34. -33.
 -33. -31. -29. -28. -28. -28. -24. -23. -23. -22. -20. -17. -17. -16.
 -15. -14. -13. -12.  -8.  -7.   0.   2.   3.   4.   4.   5.   8.   9.
  10.  11.  11.  14.  18.  20.  21.  27.  31.  32.  33.  34.  34.  36.
  38.  49.  54.  54.  55.  61.  63.  64.  64.  66.  68.  72.  78.  81.
  81.  81.  81.  82.  83.  90.  90.  91.  92.  92.  94.  94.  98.  99.
  99.  99.][-99. -98. -95. -91. -90. -88. -88. -84. -84. -83. -79. -77. -77. -76.
 -75. -71. -69. -66. -62. -62. -60. -59. -59. -58. -56. -52. -48. -47.
 -44. -43. -37. -34. -32. -29. -29. -24. -23. -20. -11.  -9.  -7.  -7.
  -6.  -5.   1.   2.   3.   6.  10.  10.  12.  16.  18.  20.  21.  23.
  24.  26.  26.  28.  30.  30.  32.  33.  34.  37.  38.  39.  39.  40.
  40.  46.  49.  49.  50.  50.  51.  53.  54.  59.  59.  61.  64.  65.
  66.  69.  70.  72.  75.  78.  80.  85.  88.  88.  91.  92.  93.  94.
  95.  97.][-99. -95. -95. -93. -90. -89. -87. -80. -68. -63. -61. -61. -59. -58.
 -58. -58. -53. -52. -47. -46. -42. -39. -36. -33. -31. -29. -28. -28.
 -27. -25. -25. -23. -22. -22. -19. -15. -12. -11. -11.  -7.  -6.  -4.
  -2.   2.   2.   3.   5.   6.   7.   8.   9.  19.  21.  23.  26.  26.
  30.  34.  37.  37.  40.  40.  41.  41.  43.  43.  48.  49.  49.  51.
  54.  56.  56.  57.  58.  61.  62.  62.  63.  64.  64.  65.  67.  67.
  72.  73.  77.  81.  83.  83.  83.  83.  87.  88.  89.  94.  94.  96.
  97.  99.][-95. -95. -93. -93. -89. -85. -81. -80. -79. -78. -77. -76. -76. -74.
 -73. -66. -64. -64. -62. -61. -61. -58. -58. -58. -54. -52. -49. -48.
 -40. -34. -34. -33. -32. -32. -31. -28. -27. -25. -23. -21. -17. -14.
 -13. -11.  -2.   1.   1.   2.   2.   2.   3.   3.   5.  10.  11.  12.
  16.  17.  17.  18.  20.  23.  24.  27.  28.  32.  34.  34.  38.  38.
  39.  40.  41.  41.  47.  48.  48.  48.  49.  50.  55.  58.  59.  59.
  62.  62.  63.  70.  70.  72.  78.  78.  78.  79.  83.  90.  92.  94.
  98. 100.][-98. -93. -88. -83. -81. -80. -77. -76. -76. -74. -72. -69. -69. -65.
 -65. -58. -57. -57. -55. -55. -55. -55. -54. -54. -53. -52. -48. -46.
 -44. -40. -30. -29. -29. -27. -25. -24. -20. -20. -20. -17. -15. -11.
 -10.  -6.   3.   6.   9.  12.  12.  13.  14.  15.  16.  18.  19.  20.
  23.  24.  32.  32.  35.  36.  36.  39.  44.  44.  47.  48.  48.  51.
  51.  54.  56.  56.  57.  57.  58.  59.  63.  64.  67.  70.  71.  75.
  76.  77.  79.  80.  82.  83.  88.  88.  90.  92.  92.  92.  92.  94.
  97.  98.][-100. -100.  -99.  -99.  -97.  -97.  -96.  -93.  -91.  -90.  -83.  -80.
  -79.  -77.  -77.  -76.  -76.  -75.  -73.  -71.  -70.  -67.  -66.  -66.
  -62.  -58.  -55.  -52.  -52.  -51.  -48.  -46.  -46.  -45.  -39.  -39.
  -39.  -37.  -35.  -33.  -32.  -31.  -31.  -30.  -30.  -29.  -28.  -24.
  -22.  -21.  -19.  -19.  -18.  -16.  -16.  -14.  -14.   -9.   -6.   -4.
    0.    2.    7.    7.    9.    9.   10.   10.   12.   21.   22.   26.
   27.   32.   35.   36.   39.   40.   41.   43.   48.   48.   52.   55.
   59.   60.   62.   63.   65.   72.   73.   78.   81.   82.   84.   94.
   96.   97.   97.  100.][-100. -100.  -98.  -93.  -93.  -88.  -85.  -81.  -79.  -79.  -78.  -78.
  -77.  -75.  -74.  -70.  -69.  -68.  -68.  -67.  -66.  -64.  -63.  -63.
  -61.  -54.  -53.  -53.  -49.  -45.  -43.  -37.  -29.  -29.  -28.  -28.
  -27.  -21.  -21.  -21.  -17.  -14.  -14.  -10.   -8.   -3.   -1.    0.
    2.    2.    3.    5.    7.    9.    9.   12.   14.   16.   17.   20.
   21.   23.   24.   29.   32.   33.   34.   34.   39.   42.   42.   45.
   47.   50.   52.   52.   52.   55.   55.   57.   64.   65.   72.   76.
   77.   77.   77.   79.   79.   86.   87.   88.   88.   91.   91.   93.
   95.   97.   98.  100.][-98. -92. -90. -89. -88. -86. -84. -84. -83. -82. -80. -78. -77. -76.
 -75. -75. -75. -72. -71. -71. -65. -65. -65. -64. -61. -61. -60. -53.
 -53. -52. -51. -50. -50. -50. -49. -48. -46. -46. -43. -42. -37. -29.
 -28. -26. -25. -25. -22. -20. -20. -17. -13. -11. -11.  -9.  -3.  -2.
  -1.  -1.   3.   6.   6.   7.   8.  10.  14.  15.  17.  20.  23.  26.
  26.  27.  29.  30.  33.  40.  45.  47.  50.  52.  53.  54.  59.  62.
  62.  69.  70.  77.  79.  80.  80.  80.  85.  86.  88.  90.  95.  97.
  98.  99.][-96. -93. -90. -88. -87. -86. -81. -81. -76. -75. -72. -65. -64. -63.
 -62. -61. -60. -60. -56. -54. -50. -49. -44. -43. -35. -30. -28. -26.
 -25. -25. -24. -21. -18. -18. -13. -12. -12. -10.  -6.  -6.  -5.  -4.
  -3.  -3.  -1.   2.   2.   4.   5.   5.   5.   9.  10.  11.  11.  12.
  12.  12.  13.  14.  14.  15.  15.  17.  19.  22.  24.  28.  30.  31.
  31.  31.  34.  34.  35.  39.  41.  42.  44.  47.  49.  50.  54.  56.
  60.  65.  65.  67.  67.  67.  72.  74.  77.  77.  80.  82.  83.  85.
  97. 100.][-99. -99. -90. -87. -85. -85. -84. -84. -78. -75. -73. -72. -72. -70.
 -68. -57. -57. -56. -55. -53. -50. -47. -47. -40. -38. -36. -35. -35.
 -31. -30. -29. -29. -28. -28. -24. -19. -18. -12. -12. -10. -10.  -8.
  -7.  -7.  -4.  -4.  -4.  -2.   1.   3.   4.   6.   9.   9.  10.  14.
  14.  14.  15.  16.  16.  17.  18.  20.  24.  31.  37.  40.  43.  47.
  47.  48.  54.  56.  58.  60.  62.  63.  66.  67.  72.  73.  75.  77.
  79.  79.  79.  80.  80.  81.  87.  91.  91.  93.  94.  96.  98.  98.
  98.  99.]