[-94. -90. -90. -84. -81. -80. -79. -74. -74. -74. -71. -71. -65. -65.
 -62. -59. -58. -58. -54. -53. -53. -52. -51. -50. -50. -50. -50. -41.
 -38. -37. -33. -33. -33. -31. -28. -27. -22. -17. -16. -12.  -6.  -5.
   3.   4.   5.   6.  10.  15.  16.  21.  27.  29.  30.  33.  34.  36.
  38.  39.  40.  41.  44.  46.  46.  47.  47.  48.  49.  51.  52.  52.
  54.  57.  57.  58.  58.  61.  61.  63.  64.  65.  67.  69.  72.  78.
  78.  79.  79.  82.  83.  83.  86.  87.  87.  88.  89.  90.  90.  90.
  91.  93.][-95. -94. -92. -90. -90. -88. -82. -82. -79. -76. -75. -73. -72. -71.
 -71. -71. -65. -64. -62. -62. -61. -59. -56. -53. -52. -49. -47. -43.
 -42. -42. -38. -38. -32. -26. -18. -17. -17. -16. -14. -13. -12.  -9.
  -6.  -3.  10.  11.  12.  12.  13.  14.  17.  18.  18.  20.  21.  22.
  22.  26.  29.  30.  35.  35.  36.  36.  37.  39.  39.  40.  41.  41.
  42.  44.  49.  50.  55.  55.  56.  57.  58.  62.  62.  63.  64.  66.
  68.  70.  70.  82.  83.  83.  85.  86.  87.  90.  91.  92.  96.  96.
 100. 100.][-99. -96. -96. -96. -94. -93. -86. -82. -82. -82. -81. -78. -75. -74.
 -68. -68. -67. -67. -64. -61. -59. -58. -56. -56. -54. -51. -51. -50.
 -49. -49. -48. -43. -43. -41. -41. -40. -36. -33. -31. -30. -28. -25.
 -25. -24. -21. -21. -20. -18. -18. -15. -14. -11. -10.  -8.  -5.  -1.
   1.   5.   8.   9.  14.  15.  20.  21.  22.  25.  32.  32.  37.  37.
  39.  42.  43.  45.  45.  46.  49.  51.  52.  58.  59.  60.  60.  61.
  63.  63.  65.  67.  73.  74.  74.  77.  80.  80.  81.  83.  84.  88.
  93.  99.][-97. -95. -94. -93. -91. -84. -80. -78. -77. -76. -75. -75. -72. -70.
 -67. -66. -66. -63. -62. -58. -55. -48. -47. -45. -45. -38. -37. -33.
 -31. -31. -29. -28. -28. -27. -18. -15. -14. -13. -11.  -7.  -6.  -5.
  -1.   6.   7.   9.   9.   9.  11.  14.  18.  18.  28.  28.  30.  30.
  34.  36.  37.  37.  38.  40.  40.  41.  41.  43.  43.  44.  44.  45.
  50.  51.  51.  51.  54.  55.  56.  60.  60.  61.  61.  62.  62.  64.
  65.  67.  71.  72.  73.  73.  75.  75.  78.  79.  81.  88.  91.  91.
  93.  97.][-100.  -98.  -97.  -93.  -90.  -89.  -88.  -88.  -81.  -79.  -77.  -73.
  -70.  -70.  -67.  -64.  -61.  -58.  -57.  -57.  -56.  -52.  -42.  -41.
  -40.  -37.  -37.  -34.  -32.  -32.  -32.  -30.  -29.  -28.  -27.  -24.
  -21.  -21.  -18.  -15.   -9.   -9.   -9.   -5.   -3.   -2.   -1.    0.
    1.    2.    6.    9.   11.   12.   12.   12.   15.   15.   15.   21.
   24.   24.   26.   28.   28.   29.   33.   34.   35.   38.   48.   49.
   49.   54.   54.   56.   57.   58.   58.   60.   61.   61.   64.   66.
   70.   73.   75.   80.   83.   85.   86.   88.   89.   90.   94.   94.
   97.   97.   98.   99.][-100.  -96.  -92.  -89.  -86.  -84.  -84.  -84.  -82.  -81.  -77.  -76.
  -76.  -72.  -64.  -64.  -63.  -63.  -59.  -56.  -55.  -49.  -45.  -42.
  -41.  -39.  -38.  -35.  -35.  -33.  -30.  -26.  -23.  -21.  -20.  -19.
  -16.  -16.  -12.  -10.   -9.   -7.   -7.   -2.   -2.    2.    2.    3.
    4.    6.    8.    8.    9.   14.   18.   19.   21.   23.   29.   33.
   33.   36.   39.   41.   42.   43.   45.   45.   46.   49.   51.   53.
   54.   57.   57.   59.   61.   65.   70.   74.   75.   77.   77.   78.
   79.   81.   81.   82.   84.   85.   86.   88.   88.   92.   92.   94.
   96.   96.   99.   99.][-97. -96. -95. -87. -85. -81. -80. -74. -66. -66. -61. -59. -57. -50.
 -44. -42. -41. -37. -36. -35. -32. -31. -30. -28. -26. -26. -24. -22.
 -21. -20. -19. -18. -18. -15. -15. -14. -13. -13. -11. -10.  -6.  -2.
   2.   2.   4.   4.   6.  12.  13.  14.  17.  19.  25.  26.  26.  27.
  27.  29.  29.  37.  38.  39.  39.  40.  42.  44.  45.  49.  51.  52.
  55.  55.  56.  57.  61.  61.  63.  64.  65.  66.  68.  69.  71.  73.
  75.  75.  77.  79.  79.  83.  87.  88.  89.  91.  95.  97.  97.  99.
  99. 100.][-100.  -92.  -88.  -86.  -80.  -77.  -76.  -74.  -72.  -71.  -69.  -69.
  -63.  -63.  -61.  -61.  -60.  -57.  -51.  -49.  -49.  -45.  -43.  -42.
  -41.  -40.  -38.  -37.  -33.  -32.  -28.  -25.  -23.  -23.  -22.  -20.
  -19.  -18.  -18.  -15.  -11.  -10.   -9.   -9.   -9.   -9.   -8.   -4.
   -2.   -2.   -1.   -1.   -1.    1.    5.    5.    6.    6.    6.    7.
   10.   12.   13.   15.   16.   20.   21.   24.   26.   32.   33.   34.
   39.   43.   45.   48.   49.   51.   51.   55.   59.   60.   60.   61.
   62.   63.   63.   75.   76.   80.   82.   84.   87.   88.   88.   89.
   93.   99.   99.  100.][-99. -98. -98. -91. -89. -89. -88. -86. -86. -85. -81. -80. -78. -74.
 -73. -72. -66. -64. -64. -64. -62. -60. -60. -60. -57. -55. -54. -54.
 -52. -51. -48. -48. -46. -45. -42. -40. -39. -39. -37. -33. -33. -32.
 -32. -32. -31. -30. -27. -27. -26. -26. -25. -24. -23. -22. -22. -19.
 -17. -13.  -7.  -3.  -1.   4.   4.   5.   8.   9.  10.  10.  13.  15.
  17.  21.  24.  25.  30.  33.  37.  40.  53.  54.  60.  62.  63.  66.
  67.  70.  71.  73.  73.  77.  77.  81.  81.  81.  83.  84.  87.  94.
  95.  95.][-94. -94. -93. -92. -83. -82. -79. -78. -77. -77. -76. -74. -72. -70.
 -70. -61. -61. -60. -57. -56. -55. -53. -49. -49. -47. -46. -45. -45.
 -44. -43. -35. -33. -32. -32. -31. -29. -27. -26. -19. -19. -15.  -9.
  -9.  -8.  -3.  -3.  -3.   2.   7.   9.  11.  13.  14.  15.  16.  17.
  19.  23.  23.  26.  28.  31.  37.  39.  47.  49.  50.  55.  57.  58.
  59.  63.  65.  66.  71.  72.  72.  73.  73.  74.  77.  77.  77.  82.
  82.  84.  84.  86.  87.  87.  91.  93.  93.  94.  95.  97.  98.  98.
  98.  99.][-100.  -95.  -93.  -92.  -91.  -91.  -89.  -89.  -85.  -83.  -81.  -81.
  -78.  -77.  -77.  -74.  -71.  -70.  -70.  -68.  -68.  -67.  -63.  -60.
  -58.  -54.  -52.  -51.  -48.  -48.  -47.  -47.  -47.  -47.  -41.  -40.
  -38.  -36.  -35.  -34.  -34.  -33.  -33.  -33.  -30.  -28.  -26.  -24.
  -23.  -20.  -19.  -17.  -12.  -10.   -9.   -9.   -8.    0.    3.    4.
   10.   11.   15.   16.   18.   19.   20.   21.   25.   28.   29.   31.
   32.   33.   36.   40.   41.   42.   44.   49.   51.   52.   54.   55.
   56.   61.   64.   70.   71.   72.   80.   86.   87.   92.   93.   95.
   97.   97.   97.   98.][-100.  -98.  -97.  -96.  -95.  -95.  -94.  -92.  -90.  -88.  -85.  -85.
  -84.  -84.  -84.  -83.  -83.  -82.  -80.  -75.  -75.  -73.  -71.  -66.
  -66.  -61.  -61.  -53.  -52.  -49.  -43.  -40.  -36.  -34.  -30.  -16.
  -11.   -8.   -7.   -2.    0.    0.    2.    2.    5.    6.    8.    9.
   18.   19.   22.   22.   22.   26.   29.   29.   32.   33.   34.   34.
   39.   41.   42.   45.   46.   48.   48.   50.   51.   54.   54.   55.
   59.   59.   61.   63.   63.   64.   65.   68.   69.   72.   74.   82.
   82.   84.   84.   85.   85.   88.   90.   91.   92.   93.   93.   95.
   95.   95.   96.   99.][-99. -98. -95. -95. -94. -94. -90. -89. -88. -85. -83. -78. -76. -69.
 -68. -67. -65. -62. -60. -58. -57. -54. -51. -48. -48. -46. -43. -43.
 -41. -39. -39. -37. -36. -35. -34. -32. -32. -31. -28. -27. -26. -25.
 -25. -24. -22. -21. -20. -17. -15. -13.  -9.  -5.  -1.   2.   2.   3.
   6.   7.   9.  13.  16.  16.  17.  17.  17.  20.  27.  30.  35.  38.
  45.  50.  50.  52.  54.  55.  55.  62.  65.  66.  68.  68.  72.  72.
  72.  73.  74.  74.  75.  76.  78.  81.  83.  86.  88.  90.  92.  93.
  96.  97.][-100.  -98.  -96.  -94.  -92.  -91.  -91.  -89.  -82.  -82.  -80.  -79.
  -75.  -75.  -74.  -74.  -64.  -64.  -61.  -61.  -60.  -59.  -58.  -57.
  -55.  -55.  -55.  -55.  -53.  -53.  -52.  -50.  -48.  -46.  -43.  -40.
  -37.  -36.  -36.  -34.  -34.  -33.  -32.  -32.  -30.  -24.  -23.  -22.
  -19.  -18.  -16.  -15.   -6.   -5.   -2.    3.    4.    6.    6.    9.
   11.   15.   16.   16.   20.   20.   21.   28.   28.   32.   34.   36.
   38.   39.   41.   43.   44.   44.   50.   53.   53.   54.   54.   55.
   60.   62.   65.   66.   66.   69.   70.   73.   78.   85.   86.   86.
   91.   96.   97.   99.][-97. -97. -96. -90. -88. -87. -87. -85. -84. -84. -81. -79. -78. -78.
 -76. -75. -74. -74. -72. -71. -71. -68. -63. -59. -57. -56. -56. -55.
 -52. -52. -52. -50. -48. -48. -43. -42. -42. -40. -38. -38. -38. -32.
 -28. -27. -27. -26. -19. -16. -14.  -7.  -1.   4.   5.   7.  15.  15.
  16.  16.  18.  19.  19.  20.  22.  24.  25.  26.  28.  28.  31.  36.
  36.  37.  39.  40.  41.  41.  45.  47.  49.  50.  55.  59.  59.  60.
  62.  63.  64.  66.  66.  67.  70.  74.  76.  80.  81.  83.  93.  97.
 100. 100.][-99. -98. -94. -92. -90. -89. -88. -88. -81. -78. -72. -70. -66. -66.
 -65. -62. -61. -61. -60. -53. -48. -48. -42. -42. -41. -41. -39. -35.
 -31. -31. -29. -26. -23. -20. -17. -17. -15. -14. -14. -13. -13. -12.
  -3.   0.   1.   2.   3.   4.   4.   6.   9.  13.  16.  17.  18.  19.
  20.  25.  26.  27.  31.  34.  34.  34.  37.  37.  38.  43.  45.  46.
  50.  50.  50.  50.  52.  53.  54.  55.  55.  57.  59.  64.  66.  69.
  71.  72.  72.  77.  81.  82.  83.  88.  92.  94.  94.  94.  97.  98.
 100. 100.][-98. -97. -95. -95. -90. -88. -86. -82. -80. -79. -78. -74. -73. -73.
 -72. -68. -63. -63. -58. -53. -49. -46. -45. -41. -38. -38. -37. -37.
 -35. -34. -31. -29. -28. -27. -26. -23. -22. -20. -18. -17. -13. -12.
  -5.   0.   2.   4.   6.  10.  12.  16.  17.  20.  21.  21.  25.  27.
  28.  29.  33.  34.  34.  35.  39.  39.  44.  46.  46.  48.  49.  50.
  52.  53.  54.  55.  57.  59.  59.  62.  64.  64.  66.  68.  68.  69.
  70.  70.  74.  75.  78.  84.  89.  90.  92.  93.  94.  94.  94.  95.
  97.  99.][-99. -98. -92. -91. -90. -90. -84. -84. -83. -81. -81. -79. -78. -75.
 -75. -74. -71. -69. -67. -65. -62. -61. -58. -55. -55. -52. -50. -50.
 -45. -42. -39. -39. -30. -30. -29. -29. -24. -23. -11.  -7.  -7.  -5.
  -5.  -2.  -1.   0.   2.   3.   5.   8.  10.  12.  13.  14.  16.  21.
  22.  29.  30.  30.  30.  34.  35.  39.  40.  41.  44.  45.  45.  46.
  51.  52.  54.  58.  61.  63.  65.  65.  66.  66.  67.  68.  68.  69.
  72.  75.  75.  76.  76.  79.  79.  81.  87.  90.  92.  92.  95.  96.
  96. 100.][-100.  -99.  -98.  -98.  -96.  -95.  -94.  -94.  -90.  -89.  -87.  -85.
  -81.  -79.  -77.  -77.  -76.  -75.  -74.  -74.  -70.  -69.  -68.  -66.
  -66.  -62.  -55.  -55.  -54.  -47.  -43.  -42.  -39.  -36.  -36.  -35.
  -30.  -29.  -27.  -25.  -19.  -14.  -14.  -13.  -13.  -11.  -10.   -8.
   -7.   -5.   -5.   -2.   -1.    0.    2.    2.    5.    5.   12.   18.
   22.   23.   23.   25.   34.   35.   38.   42.   49.   51.   54.   54.
   54.   56.   57.   58.   59.   60.   62.   65.   66.   67.   76.   77.
   81.   86.   87.   89.   90.   91.   91.   91.   92.   92.   92.   93.
   94.   97.   97.   98.][-97. -97. -96. -96. -92. -90. -90. -88. -88. -87. -83. -82. -81. -77.
 -75. -72. -68. -67. -67. -66. -60. -58. -53. -52. -45. -45. -44. -44.
 -41. -39. -37. -34. -30. -30. -27. -26. -25. -22. -22. -20. -18. -17.
 -17. -16. -15. -15. -14. -13. -12. -11. -11. -10. -10. -10.  -8.  -5.
  -3.  -2.  -2.   2.   8.  11.  17.  18.  18.  20.  21.  22.  25.  26.
  27.  29.  29.  30.  32.  33.  37.  47.  49.  50.  53.  56.  56.  62.
  69.  75.  76.  76.  77.  78.  79.  80.  80.  82.  88.  91.  93.  95.
  95.  99.][-99. -98. -96. -94. -93. -91. -89. -89. -86. -86. -83. -82. -81. -79.
 -74. -73. -72. -71. -69. -65. -64. -64. -63. -63. -62. -61. -60. -59.
 -58. -57. -56. -54. -53. -52. -50. -50. -47. -42. -42. -40. -39. -32.
 -31. -28. -27. -24. -23. -16. -16. -14. -14. -12.  -9.  -3.  -2.  -2.
  -2.  -1.   0.   4.   7.   7.   7.  10.  10.  10.  13.  17.  21.  21.
  24.  29.  30.  31.  34.  35.  36.  40.  46.  47.  51.  52.  57.  60.
  61.  62.  62.  71.  71.  74.  77.  79.  79.  80.  82.  86.  87.  94.
  94. 100.][-97. -97. -94. -88. -88. -78. -76. -74. -74. -73. -71. -68. -66. -62.
 -62. -61. -61. -57. -57. -56. -55. -54. -54. -53. -51. -51. -47. -46.
 -46. -45. -43. -39. -33. -31. -29. -29. -27. -27. -26. -24. -21. -20.
 -15. -12.  -9.  -6.  -2.   3.   4.   6.   9.  10.  11.  11.  12.  12.
  12.  14.  16.  17.  22.  24.  31.  34.  35.  36.  37.  39.  42.  43.
  45.  47.  48.  50.  53.  55.  58.  60.  60.  61.  61.  63.  63.  63.
  66.  66.  72.  73.  73.  76.  76.  77.  81.  84.  84.  86.  92.  93.
  94.  95.][-100.  -99.  -98.  -94.  -93.  -93.  -91.  -89.  -88.  -87.  -86.  -85.
  -84.  -83.  -79.  -77.  -75.  -74.  -72.  -71.  -71.  -62.  -61.  -59.
  -59.  -57.  -55.  -54.  -53.  -51.  -49.  -49.  -48.  -44.  -41.  -41.
  -35.  -33.  -30.  -29.  -28.  -28.  -26.  -25.  -22.  -20.  -16.  -16.
  -13.  -13.  -12.  -12.   -8.   -3.   -2.    6.    9.   11.   13.   14.
   16.   16.   18.   20.   20.   21.   24.   24.   25.   28.   30.   32.
   35.   36.   38.   39.   41.   44.   50.   52.   53.   54.   63.   63.
   65.   66.   66.   67.   68.   71.   72.   80.   82.   83.   83.   83.
   89.   90.   90.   91.][-100. -100.  -97.  -94.  -93.  -92.  -88.  -84.  -83.  -82.  -82.  -82.
  -80.  -77.  -77.  -73.  -73.  -68.  -67.  -67.  -65.  -63.  -61.  -56.
  -50.  -48.  -47.  -46.  -46.  -46.  -42.  -31.  -29.  -29.  -26.  -24.
  -24.  -21.  -20.  -15.  -10.  -10.   -3.   -3.    1.    3.    4.    4.
    6.    9.   11.   14.   18.   20.   20.   20.   20.   21.   22.   24.
   25.   27.   29.   32.   33.   36.   39.   41.   43.   43.   43.   46.
   47.   48.   51.   51.   53.   57.   57.   61.   62.   63.   67.   68.
   68.   69.   70.   71.   75.   75.   78.   79.   79.   81.   83.   84.
   86.   87.   89.   94.][-96. -96. -95. -95. -94. -92. -86. -83. -83. -80. -79. -78. -75. -75.
 -74. -74. -70. -68. -65. -65. -61. -59. -58. -51. -51. -51. -49. -42.
 -40. -38. -32. -31. -28. -28. -28. -26. -26. -24. -21. -20. -19. -17.
 -17. -16. -15.  -9.  -9.  -7.  -7.  -6.  -5.   0.   2.   5.   6.   7.
  10.  11.  11.  18.  23.  24.  25.  26.  27.  33.  36.  37.  37.  38.
  41.  49.  50.  52.  55.  55.  56.  61.  61.  65.  66.  66.  66.  67.
  71.  73.  73.  74.  78.  79.  84.  84.  84.  89.  91.  92.  92.  96.
  98.  98.][-100.  -99.  -92.  -92.  -90.  -90.  -86.  -81.  -80.  -80.  -78.  -78.
  -77.  -77.  -76.  -76.  -74.  -70.  -67.  -47.  -47.  -46.  -46.  -46.
  -46.  -41.  -38.  -37.  -36.  -36.  -35.  -32.  -30.  -30.  -29.  -26.
  -24.  -21.  -17.  -15.  -14.  -10.   -6.   -5.   -5.   -4.   -1.    0.
    2.    5.    6.    7.    7.    8.    9.   10.   14.   15.   15.   18.
   20.   21.   25.   26.   28.   28.   32.   35.   36.   36.   39.   45.
   49.   50.   52.   52.   54.   55.   55.   57.   59.   63.   66.   71.
   75.   75.   75.   78.   79.   79.   81.   84.   93.   94.   95.   97.
   97.   97.  100.  100.][-100.  -98.  -90.  -89.  -87.  -85.  -84.  -84.  -83.  -74.  -74.  -74.
  -70.  -68.  -67.  -62.  -60.  -60.  -59.  -56.  -53.  -53.  -52.  -50.
  -50.  -50.  -47.  -41.  -39.  -34.  -29.  -29.  -25.  -23.  -17.  -15.
  -13.  -12.  -10.  -10.   -9.   -9.   -8.   -5.   -5.   -3.   -2.   -1.
    0.    1.    3.    4.    6.   11.   11.   15.   22.   25.   29.   31.
   34.   35.   37.   37.   39.   41.   41.   44.   44.   45.   49.   51.
   51.   52.   59.   59.   59.   62.   62.   62.   62.   69.   69.   73.
   76.   76.   77.   78.   79.   79.   82.   85.   92.   92.   93.   97.
   98.  100.  100.  100.][-97. -97. -96. -95. -93. -92. -92. -88. -83. -83. -81. -79. -78. -75.
 -73. -70. -65. -65. -64. -63. -61. -59. -59. -52. -51. -48. -48. -46.
 -46. -44. -43. -41. -41. -41. -37. -37. -31. -27. -27. -24. -23. -20.
 -20. -17. -17. -17. -16. -13.  -6.  -6.  -5.  -5.  -3.   0.   6.  10.
  13.  17.  18.  19.  21.  22.  22.  23.  27.  27.  28.  33.  33.  34.
  38.  41.  45.  45.  52.  53.  54.  56.  57.  61.  62.  65.  67.  67.
  70.  71.  74.  74.  75.  82.  87.  87.  89.  91.  92.  94.  94.  97.
  98. 100.][-99. -93. -93. -92. -92. -91. -87. -87. -85. -85. -81. -81. -79. -77.
 -77. -76. -76. -75. -72. -70. -69. -69. -69. -69. -67. -66. -65. -65.
 -64. -62. -62. -59. -56. -56. -50. -48. -43. -43. -42. -37. -37. -34.
 -31. -28. -28. -25. -23. -20. -19. -17. -15. -14.  -8.  -5.  -1.   5.
   5.   6.   7.  15.  18.  18.  19.  19.  19.  23.  23.  27.  28.  30.
  32.  35.  40.  41.  41.  41.  42.  43.  46.  46.  47.  48.  49.  53.
  60.  66.  71.  74.  76.  77.  79.  81.  85.  86.  87.  90.  90.  96.
  97.  98.][-98. -97. -94. -93. -93. -93. -92. -91. -88. -86. -85. -80. -79. -78.
 -78. -76. -76. -75. -73. -72. -72. -69. -67. -61. -60. -58. -57. -56.
 -53. -51. -50. -50. -48. -37. -35. -31. -29. -28. -28. -25. -22. -15.
 -14.  -7.  -3.  -3.  -1.   0.   1.   5.   6.   8.  12.  14.  15.  16.
  21.  21.  24.  25.  28.  28.  31.  33.  33.  34.  35.  38.  45.  46.
  48.  51.  53.  58.  59.  62.  63.  64.  65.  65.  66.  67.  68.  68.
  68.  68.  71.  75.  81.  82.  90.  92.  92.  93.  93.  95.  95.  98.
  99. 100.][-97. -96. -89. -82. -80. -78. -75. -64. -63. -62. -62. -61. -60. -60.
 -60. -59. -54. -54. -54. -53. -52. -51. -51. -48. -46. -46. -45. -45.
 -45. -42. -41. -40. -38. -27. -24. -24. -23. -18. -18. -18. -17. -14.
 -12. -11.  -8.  -7.   0.   0.   2.   5.   6.   7.  10.  15.  20.  21.
  22.  23.  25.  25.  27.  27.  30.  36.  37.  39.  40.  41.  43.  43.
  44.  44.  45.  46.  46.  46.  47.  47.  50.  51.  58.  60.  67.  68.
  70.  71.  72.  75.  81.  83.  86.  86.  90.  94.  94.  96.  96.  97.
  98.  99.][-99. -98. -96. -95. -89. -84. -80. -80. -79. -77. -72. -71. -69. -67.
 -65. -65. -62. -62. -61. -55. -55. -55. -54. -52. -49. -49. -45. -44.
 -44. -41. -39. -38. -37. -32. -30. -17. -11.  -8.  -8.  -7.  -6.  -6.
  -5.  -5.  -1.   0.   3.   4.   5.   6.   9.  11.  12.  13.  16.  16.
  17.  17.  20.  21.  22.  24.  32.  35.  36.  37.  38.  39.  39.  41.
  42.  43.  43.  45.  46.  49.  53.  54.  56.  57.  59.  62.  63.  66.
  68.  69.  71.  71.  75.  75.  75.  76.  80.  80.  81.  82.  92.  93.
  97.  98.][-99. -97. -95. -94. -94. -92. -90. -88. -88. -86. -85. -85. -83. -83.
 -83. -81. -80. -79. -79. -79. -78. -77. -76. -72. -71. -66. -66. -61.
 -55. -52. -52. -51. -50. -49. -48. -46. -45. -44. -40. -38. -37. -32.
 -32. -26. -26. -24. -24. -23. -16. -15. -14. -12. -11. -10.  -5.  -5.
  -4.  -2.   2.   3.   3.   6.   6.   7.   7.  11.  13.  17.  17.  21.
  22.  27.  28.  33.  34.  34.  37.  41.  44.  46.  46.  50.  51.  55.
  57.  57.  62.  64.  64.  65.  66.  74.  76.  81.  85.  92.  94.  94.
  97.  98.][-98. -97. -97. -96. -95. -92. -91. -89. -89. -89. -87. -87. -86. -82.
 -82. -82. -82. -80. -80. -79. -78. -73. -72. -64. -63. -62. -62. -61.
 -56. -56. -55. -52. -52. -49. -44. -41. -40. -36. -34. -31. -30. -27.
 -25. -24. -19. -17. -17. -12. -10.  -5.  -2.  -2.   2.   2.   2.   6.
   6.   6.  11.  13.  14.  15.  19.  28.  33.  33.  36.  36.  37.  41.
  42.  43.  44.  45.  46.  47.  51.  53.  54.  55.  56.  58.  65.  65.
  68.  69.  70.  73.  74.  74.  77.  77.  80.  80.  83.  89.  89.  91.
  99. 100.][-100.  -99.  -98.  -98.  -96.  -94.  -91.  -88.  -86.  -85.  -84.  -84.
  -83.  -80.  -79.  -78.  -74.  -70.  -69.  -69.  -69.  -65.  -64.  -60.
  -60.  -57.  -53.  -46.  -44.  -43.  -41.  -41.  -41.  -39.  -38.  -34.
  -32.  -32.  -29.  -29.  -29.  -27.  -25.  -21.  -21.  -19.  -19.  -18.
  -17.  -17.  -15.  -11.  -10.   -8.   -7.   -4.   -1.    4.    7.   10.
   19.   26.   27.   28.   28.   30.   34.   37.   37.   37.   38.   41.
   43.   44.   47.   49.   51.   51.   54.   54.   58.   58.   58.   64.
   70.   75.   78.   79.   82.   83.   88.   88.   89.   93.   95.   97.
   98.   99.   99.  100.][-95. -95. -95. -94. -93. -92. -90. -89. -88. -86. -86. -85. -84. -82.
 -82. -82. -81. -79. -78. -72. -67. -64. -64. -64. -62. -60. -58. -58.
 -57. -53. -47. -45. -45. -41. -39. -38. -36. -35. -34. -34. -34. -33.
 -32. -32. -30. -25. -20. -16.  -7.  -5.  -5.  -4.  -1.   7.  14.  17.
  20.  25.  28.  30.  32.  32.  34.  35.  36.  39.  40.  40.  40.  40.
  41.  41.  45.  46.  47.  49.  52.  58.  59.  60.  63.  65.  65.  66.
  66.  69.  78.  78.  79.  82.  82.  84.  85.  86.  86.  86.  89.  90.
  91.  95.][-95. -93. -93. -92. -87. -86. -78. -76. -71. -70. -69. -68. -66. -65.
 -64. -59. -59. -58. -50. -48. -47. -46. -43. -43. -43. -40. -40. -25.
 -25. -25. -24. -22. -21. -19. -19. -18. -17. -17.  -3.   1.   5.   7.
   7.   9.   9.  11.  12.  14.  15.  16.  20.  23.  25.  25.  26.  28.
  28.  28.  29.  37.  38.  40.  41.  42.  42.  43.  46.  47.  47.  49.
  49.  50.  50.  51.  57.  58.  62.  66.  66.  68.  70.  70.  75.  77.
  77.  82.  85.  86.  88.  88.  92.  93.  93.  94.  95.  95.  96.  97.
  97. 100.][-100.  -97.  -93.  -91.  -84.  -84.  -84.  -80.  -77.  -73.  -73.  -72.
  -69.  -68.  -67.  -67.  -65.  -63.  -63.  -61.  -58.  -55.  -52.  -51.
  -50.  -50.  -48.  -48.  -46.  -45.  -36.  -28.  -24.  -21.  -20.  -18.
  -17.  -15.   -8.   -8.   -7.   -7.   -5.   -3.    1.    4.    7.    7.
    9.   10.   11.   13.   13.   17.   21.   23.   24.   27.   27.   30.
   32.   33.   34.   35.   35.   36.   37.   38.   41.   41.   42.   42.
   46.   47.   49.   50.   50.   53.   53.   59.   60.   61.   63.   65.
   66.   69.   70.   70.   71.   75.   77.   79.   80.   82.   88.   91.
   93.   96.   97.   98.][-100. -100.  -97.  -96.  -95.  -94.  -92.  -90.  -84.  -83.  -81.  -79.
  -76.  -74.  -74.  -73.  -70.  -66.  -66.  -65.  -61.  -60.  -57.  -50.
  -49.  -47.  -44.  -42.  -38.  -37.  -37.  -37.  -36.  -33.  -32.  -30.
  -24.  -22.  -21.  -20.  -16.  -16.  -16.  -12.  -11.   -8.   -5.   -2.
   -1.    1.    7.    9.   11.   11.   12.   13.   16.   19.   20.   24.
   25.   28.   28.   29.   31.   32.   41.   47.   48.   52.   55.   56.
   57.   59.   60.   65.   66.   66.   67.   68.   68.   73.   75.   76.
   77.   77.   78.   81.   83.   85.   87.   87.   89.   90.   90.   93.
   94.   95.   96.   97.][-97. -92. -91. -91. -88. -87. -86. -77. -75. -74. -73. -72. -72. -71.
 -70. -69. -66. -66. -65. -58. -51. -47. -47. -46. -45. -40. -36. -36.
 -34. -27. -26. -25. -25. -23. -23. -22. -22. -16. -14. -11. -11.  -9.
  -9.  -8.  -8.  -7.  -2.  -1.   1.   1.   2.   4.   9.   9.  10.  13.
  13.  16.  20.  22.  24.  25.  27.  32.  33.  33.  35.  36.  37.  39.
  41.  43.  44.  50.  51.  53.  55.  55.  57.  57.  65.  70.  73.  73.
  74.  79.  81.  82.  82.  84.  85.  86.  91.  91.  92.  93.  95.  97.
  98.  99.][-100.  -99.  -96.  -96.  -95.  -94.  -92.  -90.  -89.  -84.  -84.  -83.
  -83.  -82.  -82.  -82.  -79.  -75.  -72.  -72.  -69.  -68.  -68.  -66.
  -64.  -62.  -62.  -60.  -59.  -55.  -55.  -50.  -45.  -42.  -39.  -32.
  -29.  -29.  -26.  -26.  -25.  -22.  -21.  -19.  -19.  -18.  -18.  -17.
  -15.  -12.  -12.  -10.   -6.   -6.   -3.   -1.   -1.    1.    1.    2.
    8.   13.   14.   16.   16.   18.   20.   21.   22.   24.   24.   27.
   28.   33.   35.   40.   41.   46.   47.   47.   49.   50.   51.   52.
   54.   57.   59.   59.   60.   61.   69.   70.   74.   76.   77.   79.
   82.   84.   88.   92.][-97. -97. -97. -95. -92. -90. -88. -88. -88. -84. -82. -81. -77. -77.
 -75. -75. -74. -73. -73. -69. -68. -66. -66. -61. -60. -59. -59. -58.
 -57. -52. -52. -49. -48. -47. -38. -36. -34. -33. -33. -29. -28. -16.
 -16. -15. -13.  -3.  -1.   0.   3.   4.   5.   6.   7.   7.   8.  10.
  12.  13.  18.  19.  19.  19.  25.  33.  36.  37.  37.  38.  39.  43.
  43.  47.  49.  49.  50.  50.  50.  56.  57.  63.  63.  63.  64.  68.
  71.  71.  73.  73.  74.  75.  76.  77.  77.  78.  82.  84.  85.  86.
  93. 100.][-100. -100.  -99.  -96.  -95.  -95.  -94.  -94.  -87.  -85.  -82.  -79.
  -79.  -76.  -75.  -73.  -71.  -70.  -69.  -68.  -63.  -62.  -59.  -59.
  -56.  -55.  -52.  -51.  -49.  -48.  -46.  -45.  -43.  -43.  -42.  -38.
  -32.  -31.  -29.  -28.  -26.  -25.  -22.  -22.  -20.  -17.  -16.  -12.
  -12.  -11.  -10.   -9.   -3.    3.    4.    6.    7.    8.   13.   15.
   18.   18.   18.   20.   20.   22.   23.   28.   28.   29.   33.   34.
   34.   35.   36.   37.   38.   38.   50.   54.   55.   55.   58.   62.
   62.   62.   63.   70.   70.   71.   72.   78.   79.   82.   82.   84.
   86.   93.   94.  100.][-100.  -99.  -99.  -96.  -96.  -93.  -92.  -92.  -90.  -89.  -89.  -87.
  -84.  -78.  -75.  -72.  -69.  -69.  -68.  -67.  -64.  -63.  -62.  -61.
  -59.  -59.  -58.  -57.  -54.  -53.  -48.  -47.  -46.  -45.  -37.  -34.
  -33.  -32.  -30.  -28.  -21.  -18.  -14.  -13.   -9.   -9.   -7.   -4.
   -1.    6.    8.    8.   10.   14.   15.   16.   19.   19.   21.   22.
   23.   24.   25.   25.   25.   25.   25.   26.   29.   29.   32.   33.
   38.   38.   39.   39.   41.   45.   46.   47.   49.   50.   53.   54.
   59.   61.   62.   63.   70.   76.   76.   83.   83.   84.   85.   87.
   91.   94.   96.   98.][-99. -98. -96. -96. -95. -94. -91. -90. -87. -83. -83. -79. -73. -71.
 -70. -70. -70. -70. -70. -68. -65. -64. -62. -62. -60. -57. -56. -55.
 -54. -53. -47. -47. -47. -46. -42. -40. -40. -38. -34. -34. -31. -31.
 -29. -25. -23. -14. -10.  -9.  -9.  -9.  -8.  -8.   5.  11.  13.  15.
  17.  17.  19.  20.  28.  28.  29.  30.  36.  40.  41.  44.  44.  45.
  47.  47.  47.  47.  48.  49.  50.  51.  54.  55.  59.  62.  75.  78.
  79.  80.  82.  82.  84.  84.  85.  86.  87.  87.  93.  93.  94.  94.
  95.  99.][-99. -97. -95. -93. -92. -91. -87. -84. -83. -81. -81. -80. -79. -78.
 -76. -76. -74. -72. -72. -70. -69. -65. -64. -62. -62. -56. -55. -52.
 -50. -47. -47. -33. -32. -30. -29. -29. -27. -27. -25. -25. -23. -22.
 -22. -18. -15. -12. -11. -11. -10. -10.  -3.  -1.  -1.   2.   2.   7.
  10.  10.  12.  14.  14.  16.  18.  23.  27.  30.  30.  32.  32.  32.
  33.  41.  41.  41.  43.  44.  49.  50.  50.  54.  54.  56.  56.  58.
  58.  63.  66.  66.  74.  82.  83.  85.  89.  89.  92.  92.  94.  96.
  97. 100.][-95. -92. -92. -92. -89. -87. -86. -86. -85. -83. -77. -76. -76. -71.
 -67. -66. -65. -64. -63. -60. -49. -47. -45. -40. -40. -39. -36. -34.
 -34. -34. -31. -31. -30. -29. -29. -26. -22. -20. -19. -16. -12. -11.
  -6.  -6.  -5.   1.   4.   5.   5.   7.   8.  10.  15.  16.  16.  19.
  21.  23.  27.  28.  29.  33.  36.  37.  41.  44.  44.  45.  46.  47.
  48.  50.  51.  53.  53.  56.  56.  57.  58.  58.  59.  62.  63.  66.
  66.  70.  71.  72.  72.  75.  76.  77.  77.  79.  80.  81.  84.  89.
  96.  99.][-90. -90. -89. -88. -86. -86. -86. -83. -83. -79. -79. -78. -77. -77.
 -76. -70. -69. -64. -63. -61. -60. -58. -54. -53. -48. -47. -46. -46.
 -46. -46. -44. -44. -42. -39. -34. -30. -29. -28. -27. -27. -21. -21.
 -14. -14.  -9.  -7.  -6.  -2.  -2.  -1.   4.   5.   8.   8.  10.  14.
  14.  15.  15.  17.  17.  19.  22.  24.  25.  33.  34.  37.  41.  45.
  51.  52.  52.  54.  57.  58.  61.  62.  65.  66.  67.  73.  75.  79.
  82.  83.  84.  85.  87.  88.  88.  89.  91.  92.  94.  94.  95.  95.
  97.  98.][-100.  -98.  -97.  -95.  -94.  -94.  -93.  -91.  -90.  -85.  -84.  -82.
  -80.  -76.  -75.  -71.  -68.  -61.  -59.  -57.  -56.  -53.  -52.  -48.
  -46.  -45.  -44.  -41.  -36.  -34.  -32.  -26.  -24.  -23.  -22.  -21.
  -14.  -13.   -9.   -8.   -5.   -4.   -4.   -3.   -2.   -1.    3.    4.
    5.    6.    9.   12.   13.   15.   16.   16.   16.   18.   18.   19.
   20.   24.   24.   25.   26.   28.   31.   32.   33.   34.   35.   36.
   38.   41.   43.   45.   49.   51.   53.   55.   55.   56.   61.   62.
   62.   64.   67.   68.   71.   73.   77.   78.   82.   83.   83.   88.
   93.   94.   95.   98.][-97. -97. -91. -91. -91. -91. -90. -90. -88. -88. -87. -85. -85. -84.
 -83. -81. -77. -77. -74. -74. -74. -73. -71. -71. -70. -70. -67. -66.
 -64. -63. -62. -61. -61. -55. -54. -54. -54. -51. -51. -46. -45. -42.
 -38. -34. -31. -31. -29. -28. -26. -25. -24. -23. -23. -20. -13.  -9.
  -8.  -7.  -5.  -4.   1.   1.   3.   9.  13.  14.  27.  28.  29.  30.
  30.  30.  31.  33.  37.  40.  41.  42.  45.  49.  52.  57.  65.  65.
  65.  69.  72.  73.  76.  81.  84.  87.  88.  89.  89.  90.  92.  92.
  96. 100.][-98. -97. -93. -90. -88. -88. -88. -88. -87. -83. -80. -76. -74. -74.
 -72. -70. -69. -68. -64. -60. -54. -52. -52. -51. -51. -48. -48. -47.
 -44. -43. -41. -40. -32. -30. -29. -28. -26. -26. -26. -17. -12. -10.
 -10. -10.  -8.  -7.  -7.  -3.  -2.  -1.   4.   4.  10.  12.  12.  15.
  15.  16.  18.  19.  19.  21.  23.  25.  27.  27.  30.  32.  33.  37.
  39.  40.  44.  44.  46.  49.  52.  54.  56.  57.  58.  60.  65.  66.
  69.  71.  76.  76.  78.  81.  81.  87.  89.  90.  90.  91.  92.  95.
  96. 100.][-99. -92. -87. -86. -79. -77. -77. -75. -73. -73. -72. -71. -67. -66.
 -65. -64. -54. -53. -43. -41. -36. -33. -31. -30. -27. -25. -24. -23.
 -22. -18. -18. -16. -13. -13. -12. -11. -10.  -6.  -6.  -5.  -5.  -3.
  -2.   1.   1.   4.   7.  10.  12.  16.  19.  20.  20.  23.  24.  25.
  25.  25.  27.  28.  29.  32.  36.  37.  39.  41.  47.  47.  48.  48.
  49.  50.  56.  57.  58.  60.  63.  64.  66.  67.  68.  68.  74.  76.
  80.  80.  83.  83.  84.  85.  86.  90.  92.  93.  94.  95.  97.  99.
  99. 100.][-99. -98. -95. -95. -94. -87. -80. -79. -77. -76. -72. -71. -70. -70.
 -65. -60. -59. -55. -55. -55. -52. -51. -50. -48. -46. -43. -38. -38.
 -38. -33. -30. -29. -28. -24. -24. -23. -20. -20. -18. -18. -17. -17.
 -16. -13. -12.  -8.  -4.  -3.  -2.   1.   1.   2.   2.   3.   4.   4.
   7.  11.  11.  11.  12.  17.  25.  28.  32.  33.  34.  38.  40.  43.
  44.  49.  49.  51.  54.  55.  56.  59.  61.  66.  67.  67.  69.  71.
  71.  72.  75.  75.  77.  78.  78.  81.  82.  82.  85.  89.  91.  93.
  97. 100.][-95. -88. -87. -86. -82. -82. -80. -79. -78. -77. -76. -76. -73. -69.
 -68. -68. -65. -60. -58. -58. -57. -54. -54. -51. -49. -48. -48. -47.
 -47. -46. -46. -42. -41. -41. -39. -38. -38. -38. -36. -34. -31. -30.
 -29. -28. -27. -26. -23. -23. -21. -16.  -8.  -8.  -6.  -5.  -1.   3.
   3.   6.  10.  12.  17.  17.  17.  18.  19.  31.  33.  33.  36.  38.
  39.  40.  40.  40.  44.  45.  48.  48.  48.  49.  50.  51.  54.  57.
  60.  68.  72.  75.  82.  82.  82.  83.  84.  87.  89.  90.  94.  96.
  99. 100.][-96. -94. -91. -88. -85. -84. -78. -77. -77. -75. -74. -71. -71. -69.
 -67. -67. -67. -66. -60. -57. -54. -52. -49. -49. -45. -45. -38. -38.
 -38. -38. -35. -35. -35. -35. -32. -28. -26. -24. -23. -21. -19. -18.
 -18. -16. -12. -10.  -9.  -6.  -6.  -2.  -1.   0.   3.   3.   4.   9.
   9.  15.  17.  26.  28.  32.  35.  35.  39.  40.  43.  47.  47.  52.
  53.  53.  54.  55.  56.  58.  58.  59.  63.  64.  65.  66.  67.  72.
  73.  74.  75.  75.  76.  77.  78.  79.  85.  86.  89.  90.  97.  98.
  99. 100.][-100.  -91.  -89.  -86.  -86.  -83.  -82.  -82.  -82.  -81.  -78.  -77.
  -77.  -75.  -74.  -73.  -70.  -67.  -66.  -62.  -54.  -51.  -50.  -47.
  -45.  -45.  -42.  -42.  -40.  -36.  -32.  -28.  -25.  -25.  -24.  -24.
  -21.  -14.  -13.  -11.   -9.   -8.   -7.   -7.   -3.   -3.   -1.    1.
    4.    5.    5.    5.    6.    7.    7.   10.   16.   21.   23.   24.
   27.   28.   31.   31.   33.   34.   38.   38.   40.   40.   44.   46.
   46.   48.   55.   57.   59.   59.   61.   63.   63.   66.   71.   71.
   77.   80.   83.   83.   84.   85.   86.   87.   89.   90.   92.   95.
   96.   96.   98.   99.][-100.  -99.  -94.  -86.  -84.  -82.  -81.  -76.  -73.  -72.  -67.  -67.
  -67.  -65.  -63.  -62.  -60.  -57.  -56.  -56.  -55.  -54.  -54.  -53.
  -44.  -41.  -37.  -36.  -36.  -32.  -29.  -26.  -23.  -21.  -15.  -10.
   -9.   -8.   -7.   -4.   -2.    0.    2.    3.    4.    4.    4.    5.
    6.    7.    7.    9.   10.   11.   12.   14.   15.   21.   28.   33.
   35.   38.   38.   40.   41.   45.   46.   50.   51.   51.   52.   52.
   52.   54.   54.   54.   54.   55.   56.   56.   57.   57.   57.   61.
   66.   67.   70.   78.   78.   80.   81.   82.   88.   89.   91.   93.
   94.   96.   98.   99.][-99. -98. -91. -90. -87. -86. -81. -79. -75. -75. -75. -71. -69. -69.
 -68. -67. -65. -65. -62. -57. -57. -57. -56. -53. -53. -51. -51. -49.
 -46. -42. -39. -34. -31. -29. -27. -19. -19. -18. -18. -15. -10. -10.
   2.   4.   6.   8.   8.   9.   9.  11.  12.  12.  15.  18.  24.  25.
  25.  26.  26.  27.  27.  27.  29.  30.  31.  31.  32.  33.  34.  34.
  35.  36.  38.  41.  45.  45.  48.  49.  51.  51.  54.  57.  63.  64.
  64.  66.  68.  72.  73.  75.  82.  85.  87.  88.  96.  98.  98.  98.
  99. 100.][-100.  -95.  -93.  -89.  -87.  -84.  -81.  -81.  -80.  -77.  -76.  -75.
  -74.  -74.  -70.  -68.  -63.  -62.  -61.  -59.  -59.  -55.  -53.  -50.
  -50.  -50.  -49.  -47.  -47.  -45.  -38.  -38.  -36.  -34.  -28.  -27.
  -27.  -26.  -22.  -21.  -20.  -20.  -20.  -19.  -19.  -14.  -13.  -12.
  -11.   -9.   -7.   -4.   -4.   -1.   -1.    1.    4.    9.    9.   10.
   14.   15.   15.   17.   19.   19.   19.   21.   21.   23.   25.   26.
   28.   33.   33.   34.   34.   36.   43.   46.   56.   57.   61.   62.
   68.   69.   71.   78.   82.   83.   84.   85.   90.   91.   94.   94.
   94.   97.   99.   99.][-97. -95. -93. -93. -90. -90. -88. -87. -86. -84. -83. -81. -80. -77.
 -74. -73. -71. -71. -69. -68. -68. -65. -64. -60. -57. -57. -56. -56.
 -55. -51. -49. -38. -36. -33. -32. -31. -26. -25. -21. -19. -18. -18.
 -18. -16. -16. -14.  -7.  -5.  -5.  -2.   0.   4.   5.   9.  10.  11.
  13.  18.  20.  21.  21.  23.  27.  29.  30.  31.  32.  34.  36.  37.
  41.  45.  45.  47.  52.  52.  54.  54.  56.  59.  60.  64.  64.  66.
  66.  67.  70.  71.  71.  73.  80.  80.  82.  85.  89.  90.  90.  95.
  96.  99.][-99. -98. -97. -94. -93. -91. -89. -86. -80. -78. -77. -76. -71. -68.
 -66. -66. -66. -65. -62. -61. -55. -48. -46. -45. -44. -42. -42. -40.
 -39. -38. -37. -36. -36. -35. -35. -33. -32. -32. -30. -27. -27. -24.
 -20. -15. -13. -12. -10.  -9.  -4.  -4.  -3.  -3.  -3.  -3.  -1.   0.
   5.   6.   6.   8.  11.  11.  12.  14.  14.  17.  18.  19.  24.  27.
  31.  34.  34.  35.  45.  49.  49.  49.  52.  57.  58.  59.  64.  68.
  71.  71.  78.  78.  80.  80.  83.  83.  85.  87.  90.  93.  97.  97.
  97. 100.][-99. -98. -96. -94. -94. -94. -87. -84. -82. -82. -81. -81. -79. -77.
 -77. -74. -74. -73. -70. -66. -63. -63. -62. -62. -61. -59. -55. -49.
 -49. -44. -43. -32. -32. -31. -28. -28. -24. -22. -21. -20. -19. -17.
 -17. -15. -14. -14. -13. -10.  -8.  -5.  -3.   5.   7.   9.  11.  17.
  17.  17.  19.  20.  20.  23.  23.  23.  24.  24.  24.  27.  34.  35.
  36.  39.  43.  46.  47.  48.  49.  53.  53.  55.  57.  69.  72.  78.
  78.  78.  79.  79.  79.  81.  86.  87.  90.  92.  93.  94.  94.  94.
  95.  96.][-100.  -98.  -97.  -96.  -94.  -93.  -92.  -87.  -86.  -84.  -82.  -82.
  -81.  -78.  -78.  -74.  -70.  -70.  -67.  -67.  -61.  -60.  -58.  -57.
  -56.  -54.  -51.  -47.  -47.  -46.  -44.  -41.  -40.  -38.  -37.  -34.
  -34.  -34.  -30.  -25.  -25.  -22.  -19.  -19.  -18.  -14.   -9.   -7.
   -4.   -1.    0.    3.    5.    5.    5.    6.    7.   10.   10.   13.
   13.   13.   15.   17.   24.   26.   28.   29.   30.   30.   31.   31.
   32.   42.   52.   58.   61.   63.   66.   67.   67.   69.   70.   70.
   72.   74.   76.   78.   79.   79.   80.   81.   82.   90.   90.   94.
   95.   95.   96.   97.][-100.  -98.  -97.  -96.  -94.  -94.  -93.  -92.  -91.  -89.  -88.  -88.
  -86.  -86.  -80.  -77.  -71.  -70.  -69.  -64.  -63.  -57.  -57.  -56.
  -56.  -51.  -49.  -47.  -47.  -44.  -41.  -39.  -36.  -33.  -33.  -31.
  -29.  -29.  -28.  -27.  -27.  -27.  -25.  -22.  -22.  -18.  -17.  -15.
  -11.  -10.   -9.   -9.   -9.   -4.   -3.   -3.   -2.    4.    8.   16.
   17.   18.   20.   21.   23.   27.   34.   35.   39.   40.   42.   42.
   43.   49.   49.   50.   50.   53.   55.   56.   62.   62.   66.   68.
   70.   73.   74.   79.   79.   82.   82.   83.   87.   89.   91.   91.
   92.   93.   94.  100.][-97. -97. -96. -95. -92. -92. -91. -86. -84. -84. -81. -80. -79. -78.
 -78. -77. -70. -69. -68. -68. -67. -67. -65. -65. -64. -63. -61. -55.
 -51. -50. -45. -45. -42. -42. -41. -41. -40. -37. -34. -33. -31. -30.
 -23. -23. -21. -20. -20. -18. -17. -14. -10.  -9.  -6.   1.   4.  14.
  19.  19.  20.  21.  23.  24.  25.  25.  25.  26.  26.  27.  29.  29.
  38.  40.  40.  41.  43.  50.  53.  55.  55.  61.  61.  62.  65.  66.
  69.  70.  70.  72.  73.  74.  79.  82.  82.  85.  87.  88.  89.  92.
  95.  97.][-99. -98. -98. -97. -95. -90. -86. -84. -83. -81. -80. -78. -77. -77.
 -75. -71. -71. -67. -66. -65. -65. -64. -64. -63. -59. -58. -53. -52.
 -46. -43. -42. -42. -41. -38. -36. -35. -35. -35. -34. -34. -30. -29.
 -23. -22. -21. -21. -15. -12.  -9.  -5.  -4.  -3.  -2.  -1.   4.   5.
   6.   6.   6.   7.  11.  12.  13.  27.  29.  31.  34.  35.  36.  39.
  40.  42.  43.  44.  44.  45.  45.  48.  48.  50.  51.  52.  53.  54.
  56.  58.  61.  65.  70.  72.  72.  78.  80.  85.  86.  91.  92.  95.
  98.  99.][-99. -96. -95. -93. -92. -86. -86. -80. -79. -78. -76. -75. -75. -73.
 -69. -69. -65. -65. -61. -61. -61. -60. -59. -57. -56. -54. -50. -47.
 -47. -45. -44. -44. -43. -36. -35. -33. -30. -28. -26. -24. -19. -18.
  -3.  -3.  -3.   0.   1.   1.   3.   7.   8.   9.  10.  10.  10.  11.
  12.  13.  15.  17.  18.  20.  21.  23.  24.  25.  25.  25.  26.  27.
  28.  32.  32.  33.  33.  33.  34.  34.  36.  42.  49.  51.  52.  52.
  53.  53.  59.  61.  62.  64.  77.  78.  81.  82.  84.  85.  88.  91.
  96.  98.][-100.  -98.  -95.  -94.  -90.  -89.  -89.  -85.  -85.  -82.  -80.  -78.
  -77.  -76.  -75.  -74.  -69.  -68.  -68.  -65.  -65.  -59.  -58.  -57.
  -50.  -49.  -46.  -46.  -44.  -44.  -42.  -36.  -34.  -31.  -31.  -29.
  -27.  -27.  -25.  -21.  -19.  -19.  -17.  -17.  -13.  -13.  -13.  -10.
  -10.   -3.    8.    9.    9.   11.   12.   12.   13.   14.   15.   16.
   16.   16.   21.   22.   24.   24.   24.   25.   27.   28.   30.   30.
   32.   32.   35.   36.   36.   39.   39.   41.   43.   46.   48.   48.
   53.   54.   59.   60.   61.   62.   64.   65.   66.   69.   70.   70.
   77.   95.   97.   99.][-96. -95. -95. -94. -94. -92. -92. -89. -86. -82. -81. -80. -79. -76.
 -74. -73. -69. -67. -66. -63. -63. -62. -61. -59. -58. -58. -55. -54.
 -54. -51. -51. -49. -44. -44. -43. -42. -40. -40. -40. -34. -33. -32.
 -31. -22. -22. -21. -20. -19. -11.  -3.   0.   0.   5.   7.   9.  14.
  18.  18.  19.  19.  21.  22.  31.  31.  32.  33.  34.  36.  41.  41.
  41.  42.  43.  46.  54.  59.  62.  62.  62.  66.  66.  67.  67.  68.
  68.  68.  70.  71.  76.  77.  79.  80.  81.  82.  85.  87.  88.  95.
  96.  96.][-100. -100.  -99.  -96.  -96.  -91.  -90.  -88.  -88.  -79.  -77.  -77.
  -76.  -75.  -75.  -75.  -74.  -72.  -68.  -67.  -67.  -65.  -64.  -60.
  -57.  -56.  -54.  -53.  -47.  -47.  -47.  -43.  -41.  -37.  -33.  -31.
  -30.  -18.  -18.  -14.   -5.   -2.    0.    7.    8.    9.   10.   11.
   11.   11.   13.   14.   14.   15.   17.   22.   22.   23.   24.   24.
   28.   28.   29.   30.   37.   39.   40.   42.   44.   45.   47.   49.
   50.   51.   52.   52.   52.   53.   55.   57.   60.   60.   60.   68.
   68.   70.   71.   75.   77.   78.   80.   82.   84.   87.   87.   90.
   92.   94.   95.   97.][-100.  -99.  -99.  -95.  -92.  -90.  -90.  -85.  -83.  -79.  -78.  -75.
  -68.  -61.  -61.  -53.  -53.  -52.  -52.  -52.  -50.  -47.  -43.  -41.
  -39.  -36.  -36.  -32.  -30.  -30.  -29.  -28.  -27.  -27.  -26.  -26.
  -25.  -22.  -21.  -21.  -19.  -14.  -13.  -11.  -11.   -9.   -3.   -2.
   -2.    1.    1.    4.    6.   11.   14.   14.   16.   16.   17.   24.
   25.   27.   33.   38.   39.   42.   42.   44.   44.   45.   46.   46.
   47.   49.   51.   53.   56.   59.   61.   61.   61.   62.   62.   63.
   67.   71.   72.   74.   74.   76.   80.   80.   80.   81.   84.   87.
   88.   92.   92.   94.][-99. -94. -91. -91. -90. -88. -86. -82. -79. -79. -76. -73. -68. -67.
 -67. -65. -63. -62. -61. -55. -53. -48. -47. -43. -42. -41. -40. -38.
 -34. -34. -34. -27. -24. -18. -10.  -9.  -8.  -6.  -6.  -4.  -4.  -1.
   0.   0.  18.  19.  22.  23.  24.  29.  29.  30.  31.  31.  33.  35.
  35.  36.  36.  38.  40.  41.  46.  48.  49.  50.  51.  52.  53.  54.
  57.  58.  60.  61.  62.  64.  64.  66.  67.  69.  69.  70.  75.  77.
  78.  79.  79.  79.  81.  81.  82.  82.  82.  83.  83.  86.  88.  97.
  97. 100.][-99. -95. -95. -94. -88. -88. -88. -88. -85. -84. -82. -81. -80. -80.
 -73. -72. -69. -66. -66. -65. -62. -61. -61. -60. -58. -48. -48. -45.
 -44. -43. -42. -41. -41. -34. -33. -31. -31. -31. -28. -27. -25. -22.
 -19. -18. -16. -16. -16. -14. -13. -13. -11. -11. -11.  -6.  -3.   1.
   5.   6.   9.  10.  13.  13.  15.  22.  22.  28.  31.  37.  39.  40.
  40.  45.  45.  46.  51.  52.  52.  53.  53.  54.  56.  58.  62.  65.
  67.  69.  72.  73.  77.  77.  78.  79.  82.  89.  90.  91.  91.  92.
  93.  93.][-100.  -99.  -99.  -97.  -94.  -90.  -90.  -88.  -87.  -86.  -84.  -82.
  -82.  -78.  -75.  -72.  -68.  -68.  -65.  -62.  -61.  -55.  -52.  -52.
  -51.  -50.  -49.  -47.  -46.  -45.  -43.  -41.  -37.  -34.  -29.  -28.
  -23.  -22.  -21.  -20.  -18.  -16.  -16.  -13.  -13.  -10.   -8.   -6.
   -5.   -4.    0.    3.    5.    8.   10.   14.   14.   17.   19.   21.
   21.   23.   27.   34.   39.   40.   41.   41.   43.   44.   44.   45.
   46.   48.   52.   58.   58.   60.   60.   69.   69.   70.   71.   71.
   78.   78.   80.   80.   81.   82.   83.   85.   86.   87.   88.   91.
   95.   96.   98.  100.][-100.  -98.  -98.  -97.  -97.  -97.  -97.  -91.  -87.  -87.  -87.  -86.
  -85.  -85.  -82.  -81.  -79.  -76.  -75.  -75.  -74.  -73.  -71.  -71.
  -70.  -69.  -62.  -56.  -54.  -53.  -52.  -46.  -45.  -44.  -43.  -41.
  -35.  -31.  -28.  -27.  -26.  -23.  -21.  -17.  -15.  -14.  -13.  -13.
  -10.   -9.   -6.   -5.   -5.   -5.   -3.   -2.   -1.    4.    4.    5.
    7.    9.   12.   16.   17.   19.   20.   20.   27.   27.   29.   35.
   35.   36.   37.   39.   44.   46.   49.   51.   51.   51.   53.   56.
   63.   64.   67.   73.   73.   74.   75.   76.   76.   79.   79.   81.
   84.   86.   95.   99.][-99. -98. -97. -96. -93. -85. -84. -83. -82. -81. -80. -80. -71. -70.
 -68. -67. -66. -65. -64. -59. -54. -54. -54. -54. -53. -50. -45. -42.
 -38. -38. -33. -32. -32. -31. -31. -29. -28. -27. -27. -26. -24. -23.
 -19. -19. -18. -17. -16. -15. -13. -12.  -7.  -2.  -1.   1.   2.   4.
   7.  17.  21.  21.  21.  24.  25.  26.  27.  27.  28.  31.  31.  32.
  32.  34.  41.  44.  44.  45.  45.  45.  45.  48.  49.  49.  50.  53.
  59.  62.  63.  65.  65.  77.  77.  81.  83.  83.  89.  89.  90.  93.
  97. 100.][-99. -98. -98. -97. -97. -97. -96. -95. -93. -92. -92. -89. -87. -87.
 -87. -87. -84. -84. -84. -82. -81. -78. -77. -76. -76. -74. -70. -66.
 -63. -63. -62. -58. -57. -54. -53. -52. -52. -51. -47. -46. -44. -44.
 -41. -41. -37. -36. -36. -34. -33. -30. -30. -30. -27. -26. -26. -25.
 -24. -23. -18. -14.   4.   7.  10.  14.  14.  18.  19.  20.  24.  24.
  28.  30.  32.  36.  40.  41.  42.  42.  44.  45.  46.  48.  50.  50.
  51.  53.  58.  61.  61.  63.  67.  68.  68.  70.  75.  80.  84.  88.
  93.  99.][-98. -97. -96. -95. -95. -93. -93. -88. -81. -80. -79. -79. -69. -68.
 -66. -66. -65. -65. -65. -64. -64. -55. -55. -55. -54. -54. -52. -49.
 -44. -43. -41. -40. -37. -33. -29. -28. -26. -22. -21. -20. -16. -16.
 -14. -12. -12.  -8.  -5.  -4.  -4.  -2.  -2.  -1.  -1.   1.   6.   7.
   8.  10.  13.  14.  16.  20.  21.  25.  26.  26.  29.  32.  33.  34.
  36.  36.  38.  40.  42.  45.  45.  48.  49.  49.  52.  53.  54.  58.
  61.  66.  66.  66.  70.  74.  80.  83.  84.  85.  86.  92.  92.  93.
  99.  99.][-94. -91. -91. -90. -86. -85. -84. -84. -83. -81. -79. -77. -74. -72.
 -72. -68. -68. -64. -64. -63. -62. -61. -60. -59. -57. -57. -54. -51.
 -49. -48. -48. -43. -40. -39. -34. -32. -31. -29. -27. -18. -15. -14.
 -14.  -9.  -9.  -3.  -3.   0.   2.   4.   6.   8.   8.  12.  13.  19.
  19.  21.  22.  22.  26.  27.  31.  31.  34.  34.  36.  37.  40.  48.
  48.  48.  54.  54.  59.  66.  66.  66.  67.  67.  69.  70.  71.  75.
  79.  79.  80.  81.  82.  82.  84.  87.  87.  88.  88.  91.  93.  94.
  94.  98.][-100.  -94.  -90.  -85.  -84.  -81.  -81.  -78.  -78.  -73.  -73.  -72.
  -72.  -72.  -71.  -69.  -68.  -67.  -66.  -65.  -62.  -62.  -61.  -59.
  -57.  -57.  -52.  -51.  -46.  -46.  -42.  -41.  -40.  -38.  -36.  -34.
  -32.  -26.  -25.  -24.  -22.  -19.  -17.  -17.  -17.  -14.  -14.  -11.
  -11.  -11.   -8.   -6.   -3.    1.    1.    4.    4.    6.    6.    6.
    6.   11.   15.   16.   22.   25.   26.   27.   34.   36.   37.   41.
   42.   42.   44.   46.   50.   59.   59.   60.   63.   65.   66.   66.
   70.   71.   72.   73.   73.   76.   77.   79.   79.   81.   84.   88.
   90.   92.   95.   96.][-99. -94. -91. -90. -88. -88. -86. -83. -81. -80. -74. -71. -66. -66.
 -66. -63. -58. -58. -56. -54. -54. -53. -52. -51. -51. -49. -47. -47.
 -44. -42. -41. -39. -36. -36. -35. -35. -30. -30. -27. -27. -25. -21.
 -21. -15.  -9.  -6.  -5.  -4.  -4.  -3.  -1.   2.   2.   3.   6.  14.
  15.  20.  21.  23.  24.  33.  35.  37.  37.  39.  39.  41.  41.  43.
  44.  44.  44.  45.  48.  50.  50.  50.  61.  61.  67.  70.  73.  74.
  74.  74.  78.  78.  79.  84.  85.  86.  87.  89.  90.  91.  98.  98.
  98.  99.][-100.  -98.  -97.  -92.  -90.  -89.  -86.  -85.  -81.  -75.  -72.  -70.
  -66.  -65.  -64.  -62.  -62.  -61.  -59.  -58.  -57.  -57.  -56.  -53.
  -48.  -47.  -45.  -44.  -44.  -41.  -41.  -41.  -39.  -39.  -38.  -35.
  -34.  -27.  -27.  -27.  -26.  -25.  -23.  -22.  -22.  -20.  -18.  -18.
  -11.   -9.   -5.   -5.   -3.   -3.    0.    3.    4.    5.    5.   13.
   14.   16.   18.   18.   18.   20.   21.   23.   26.   26.   28.   28.
   33.   33.   35.   37.   41.   42.   46.   49.   51.   52.   59.   62.
   64.   68.   68.   71.   72.   74.   77.   79.   81.   82.   87.   89.
   89.   89.   92.   96.][-98. -94. -93. -90. -88. -88. -87. -83. -75. -71. -70. -69. -68. -66.
 -65. -64. -62. -60. -57. -54. -53. -44. -40. -39. -36. -35. -32. -26.
 -23. -21. -20. -18. -18. -17. -14. -13.  -8.  -4.  -3.  -2.  -2.   0.
   0.   1.   2.   2.   3.   3.   3.  11.  12.  14.  17.  17.  18.  20.
  22.  25.  27.  31.  32.  32.  36.  37.  40.  41.  42.  43.  44.  45.
  46.  49.  51.  51.  52.  53.  56.  57.  58.  58.  58.  69.  72.  73.
  73.  78.  84.  85.  86.  88.  88.  89.  90.  91.  91.  92.  93.  93.
  94.  95.][-100. -100.  -98.  -97.  -96.  -96.  -95.  -93.  -92.  -91.  -90.  -84.
  -81.  -80.  -80.  -70.  -67.  -67.  -66.  -64.  -63.  -62.  -61.  -61.
  -61.  -59.  -57.  -52.  -51.  -49.  -44.  -41.  -40.  -38.  -34.  -31.
  -26.  -26.  -24.  -24.  -23.  -22.  -22.  -20.  -19.  -17.  -17.  -16.
  -14.  -10.   -1.    1.   11.   13.   14.   15.   16.   18.   18.   20.
   25.   29.   32.   36.   36.   40.   41.   42.   46.   47.   48.   49.
   52.   55.   56.   56.   59.   60.   61.   64.   67.   70.   72.   73.
   73.   76.   77.   79.   79.   84.   85.   86.   87.   88.   89.   91.
   92.   98.   98.   99.][-99. -98. -94. -91. -91. -90. -90. -83. -81. -79. -73. -69. -66. -64.
 -63. -61. -60. -60. -58. -54. -52. -52. -42. -42. -38. -36. -36. -36.
 -33. -31. -29. -25. -25. -24. -24. -23. -20. -20. -20. -19. -17. -15.
 -15. -13. -12.  -7.  -7.  -6.  -5.  -3.   2.   3.   4.   7.   7.  21.
  21.  23.  26.  28.  31.  32.  32.  35.  38.  38.  40.  41.  42.  43.
  44.  45.  48.  51.  51.  54.  54.  60.  60.  61.  65.  65.  67.  67.
  68.  74.  76.  79.  79.  82.  83.  84.  84.  86.  88.  91.  92.  92.
  93.  96.][-99. -98. -94. -94. -94. -88. -87. -85. -82. -80. -79. -79. -78. -75.
 -72. -72. -67. -64. -61. -60. -58. -57. -57. -55. -55. -52. -51. -50.
 -46. -46. -43. -42. -42. -41. -41. -37. -37. -36. -33. -32. -31. -30.
 -25. -24. -23. -19. -16. -15. -13. -12. -11.  -9.  -7.  -5.  -4.  -1.
  -1.   0.  10.  12.  13.  13.  17.  18.  22.  23.  27.  33.  35.  35.
  36.  37.  38.  39.  42.  44.  45.  52.  55.  56.  60.  60.  62.  63.
  65.  66.  67.  68.  72.  73.  75.  77.  79.  85.  88.  89.  93.  97.
  98. 100.][-97. -97. -97. -96. -95. -91. -90. -89. -88. -84. -83. -82. -80. -79.
 -78. -77. -76. -75. -72. -72. -72. -68. -66. -66. -64. -61. -56. -55.
 -50. -50. -49. -47. -43. -42. -41. -35. -34. -32. -31. -22. -21. -19.
 -18. -13. -12. -10.  -9.  -7.  -5.  -4.  -1.   3.   6.  11.  14.  14.
  15.  16.  16.  18.  18.  18.  18.  19.  21.  21.  23.  24.  25.  27.
  29.  30.  31.  35.  38.  40.  44.  45.  50.  51.  51.  52.  55.  59.
  60.  67.  67.  68.  69.  73.  75.  76.  76.  79.  86.  87.  87.  88.
  89. 100.][-100. -100.  -99.  -98.  -98.  -96.  -95.  -91.  -91.  -90.  -90.  -86.
  -85.  -82.  -81.  -79.  -76.  -70.  -69.  -66.  -65.  -65.  -65.  -62.
  -62.  -58.  -55.  -53.  -52.  -51.  -44.  -43.  -38.  -30.  -27.  -27.
  -25.  -24.  -20.  -17.   -9.   -6.   -5.    0.    1.    2.    4.    4.
    5.    6.    9.   10.   12.   12.   14.   19.   19.   20.   21.   23.
   24.   29.   37.   37.   37.   41.   42.   42.   42.   44.   45.   48.
   49.   49.   49.   50.   50.   51.   52.   57.   58.   60.   64.   66.
   69.   70.   73.   75.   79.   82.   82.   87.   92.   94.   95.   95.
   95.   97.   98.  100.][-100. -100.  -97.  -96.  -89.  -85.  -83.  -82.  -82.  -82.  -78.  -77.
  -76.  -76.  -75.  -71.  -69.  -68.  -66.  -64.  -62.  -62.  -61.  -61.
  -61.  -59.  -58.  -57.  -56.  -55.  -55.  -52.  -51.  -50.  -44.  -42.
  -42.  -42.  -41.  -38.  -37.  -34.  -34.  -30.  -25.  -24.  -18.  -14.
  -13.  -12.  -11.  -11.   -8.   -7.   -5.   -2.    2.    4.    5.    8.
    9.    9.   12.   17.   18.   23.   25.   25.   32.   32.   34.   34.
   35.   38.   38.   44.   45.   48.   51.   51.   53.   54.   55.   55.
   58.   60.   61.   64.   65.   70.   71.   72.   75.   76.   79.   81.
   87.   90.   91.   94.][-100. -100.  -99.  -99.  -99.  -98.  -96.  -94.  -93.  -92.  -91.  -86.
  -83.  -83.  -82.  -81.  -74.  -74.  -72.  -70.  -70.  -68.  -67.  -67.
  -66.  -65.  -65.  -62.  -58.  -57.  -55.  -55.  -54.  -52.  -48.  -47.
  -43.  -43.  -43.  -37.  -37.  -35.  -31.  -27.  -26.  -21.  -20.  -16.
  -14.  -12.  -12.  -10.  -10.   -8.   -1.    2.    9.    9.    9.   10.
   12.   16.   19.   20.   20.   21.   32.   36.   40.   40.   41.   41.
   49.   52.   54.   54.   57.   60.   61.   61.   62.   62.   62.   66.
   69.   70.   75.   75.   80.   83.   84.   84.   87.   91.   91.   94.
   96.   99.  100.  100.][-94. -92. -91. -89. -82. -80. -79. -77. -76. -74. -72. -66. -63. -61.
 -61. -61. -58. -56. -54. -54. -52. -48. -46. -45. -44. -43. -42. -38.
 -37. -32. -32. -30. -28. -28. -26. -25. -18. -14. -13.  -9.  -8.  -4.
  -2.  -2.   0.   0.   1.   5.   5.   7.   9.   9.  14.  21.  21.  23.
  26.  27.  28.  29.  29.  32.  36.  37.  38.  38.  41.  41.  44.  48.
  48.  51.  54.  57.  60.  64.  67.  67.  67.  69.  71.  73.  73.  75.
  79.  80.  81.  82.  83.  83.  83.  85.  86.  87.  90.  91.  91.  92.
  94.  97.][-100.  -93.  -92.  -91.  -88.  -88.  -85.  -83.  -81.  -77.  -77.  -76.
  -75.  -74.  -74.  -58.  -56.  -52.  -51.  -49.  -47.  -47.  -46.  -44.
  -40.  -28.  -22.  -19.  -16.  -14.  -12.  -11.  -10.   -8.   -7.   -7.
   -5.   -5.   -4.   -2.   -2.    0.    4.    5.    7.    9.   11.   11.
   17.   25.   28.   28.   30.   30.   30.   31.   31.   32.   37.   37.
   38.   39.   44.   44.   44.   44.   44.   45.   47.   47.   47.   49.
   50.   53.   55.   56.   57.   57.   59.   59.   60.   61.   62.   65.
   65.   72.   73.   73.   75.   78.   79.   81.   84.   84.   92.   93.
   94.   97.   98.   98.][-99. -97. -95. -93. -89. -89. -81. -80. -77. -74. -72. -66. -65. -60.
 -60. -58. -55. -54. -53. -52. -49. -48. -47. -47. -46. -39. -39. -36.
 -35. -35. -34. -33. -30. -28. -24. -24. -24. -23. -20. -19. -18. -18.
 -16. -13. -12.  -8.  -7.  -6.  -5.  -1.   4.   5.   5.  11.  11.  12.
  13.  17.  18.  18.  18.  20.  24.  28.  37.  38.  40.  41.  45.  48.
  49.  50.  55.  58.  59.  69.  69.  70.  77.  78.  79.  80.  81.  82.
  82.  84.  84.  86.  87.  88.  89.  90.  90.  91.  93.  95.  96.  97.
  97.  99.][-100.  -95.  -91.  -90.  -85.  -84.  -82.  -82.  -81.  -79.  -78.  -77.
  -77.  -76.  -76.  -73.  -73.  -73.  -72.  -69.  -68.  -68.  -67.  -67.
  -67.  -66.  -64.  -61.  -57.  -49.  -47.  -47.  -46.  -41.  -39.  -38.
  -37.  -37.  -36.  -36.  -35.  -34.  -29.  -28.  -26.  -26.  -23.  -21.
  -20.  -14.  -12.   -9.   -6.   -1.   -1.    0.    5.    7.    9.   17.
   17.   18.   20.   24.   27.   30.   34.   37.   38.   41.   41.   41.
   43.   47.   47.   48.   48.   50.   50.   52.   52.   54.   56.   59.
   59.   65.   67.   71.   73.   75.   81.   85.   86.   87.   87.   93.
   94.   96.   97.   98.][-99. -99. -98. -92. -87. -82. -76. -72. -71. -66. -61. -60. -59. -59.
 -59. -59. -58. -58. -56. -55. -54. -53. -53. -53. -51. -50. -47. -47.
 -47. -47. -45. -42. -42. -41. -37. -37. -32. -29. -24. -21. -19. -16.
  -9.  -7.  -4.  -1.   0.   0.   1.   5.   6.  17.  18.  19.  20.  20.
  22.  22.  23.  23.  24.  25.  30.  31.  31.  34.  34.  37.  37.  42.
  42.  45.  51.  51.  52.  56.  56.  57.  57.  58.  58.  59.  59.  60.
  62.  63.  67.  68.  68.  71.  72.  73.  76.  82.  83.  84.  88.  93.
  95.  96.][-99. -97. -95. -95. -94. -89. -84. -82. -79. -78. -77. -77. -73. -68.
 -67. -64. -62. -61. -60. -55. -52. -51. -47. -47. -44. -43. -43. -42.
 -42. -35. -35. -34. -30. -24. -22. -20. -19. -18. -18. -16. -16. -15.
 -14. -13. -12. -11. -11.  -9.  -7.  -7.  -7.  -5.  -4.  -4.  -3.  -2.
   0.   4.   9.  10.  14.  16.  17.  19.  28.  28.  35.  35.  39.  41.
  41.  41.  48.  50.  51.  51.  56.  58.  61.  67.  70.  71.  75.  75.
  75.  77.  81.  81.  84.  84.  85.  86.  88.  91.  92.  93.  97.  98.
  98.  99.][-99. -95. -91. -86. -84. -82. -79. -79. -78. -77. -76. -74. -71. -70.
 -68. -67. -67. -63. -56. -56. -48. -46. -44. -43. -43. -41. -40. -38.
 -35. -35. -35. -32. -30. -30. -28. -23. -21. -20. -17. -16. -14. -14.
  -7.  -5.  -4.  -3.  -3.  -1.   5.   8.  11.  13.  14.  14.  14.  21.
  23.  24.  26.  32.  33.  34.  34.  35.  36.  38.  41.  42.  46.  46.
  49.  51.  52.  52.  52.  54.  57.  58.  59.  59.  60.  62.  63.  67.
  68.  69.  69.  71.  72.  79.  83.  83.  83.  90.  92.  92.  95.  96.
  97.  98.][-100.  -99.  -98.  -94.  -93.  -92.  -90.  -88.  -88.  -85.  -84.  -83.
  -82.  -81.  -78.  -76.  -75.  -75.  -74.  -74.  -72.  -69.  -68.  -66.
  -64.  -61.  -53.  -51.  -48.  -48.  -45.  -44.  -41.  -36.  -31.  -30.
  -23.  -21.  -18.  -18.  -13.  -13.   -9.   -3.   -3.   -2.   -2.    0.
    0.    0.    1.    1.    5.    8.    9.   12.   13.   13.   16.   18.
   18.   19.   21.   22.   28.   29.   31.   33.   40.   41.   41.   43.
   44.   45.   51.   54.   56.   57.   62.   63.   65.   66.   67.   76.
   77.   77.   79.   84.   85.   86.   87.   87.   89.   90.   92.   94.
   94.   98.   99.   99.][-95. -90. -89. -88. -82. -81. -80. -79. -74. -72. -70. -65. -64. -61.
 -59. -58. -56. -51. -51. -47. -45. -38. -37. -37. -36. -36. -34. -33.
 -31. -31. -30. -30. -27. -27. -25. -25. -23. -23. -20. -19. -19. -12.
  -8.  -7.  -7.  -6.  -4.  -2.   0.   6.   9.  10.  14.  15.  18.  20.
  20.  20.  21.  23.  23.  24.  25.  28.  29.  31.  32.  34.  34.  34.
  35.  37.  38.  41.  42.  44.  48.  49.  51.  51.  53.  55.  57.  62.
  66.  70.  74.  76.  79.  81.  82.  85.  86.  86.  88.  90.  93.  93.
  95.  97.][-99. -98. -98. -97. -96. -95. -94. -92. -87. -87. -86. -85. -83. -82.
 -81. -81. -79. -79. -77. -75. -71. -65. -62. -60. -59. -59. -58. -58.
 -57. -57. -53. -42. -41. -38. -38. -37. -34. -34. -33. -33. -32. -32.
 -29. -29. -29. -23. -22. -19. -16. -15. -13. -13. -13. -11.  -9.   2.
   2.   2.   2.   3.   5.   5.   9.  10.  12.  14.  16.  17.  27.  30.
  30.  32.  33.  36.  37.  38.  39.  41.  43.  48.  49.  51.  53.  53.
  64.  65.  66.  69.  71.  71.  74.  81.  81.  83.  84.  88.  89.  93.
  98. 100.]