[-99. -97. -96. -95. -94. -91. -89. -88. -85. -83. -82. -81. -80. -78.
 -78. -72. -71. -69. -66. -66. -62. -62. -61. -58. -56. -56. -55. -50.
 -48. -48. -48. -46. -41. -38. -33. -32. -30. -26. -25. -18. -18. -15.
 -14. -10.  -9.  -7.  -4.  -3.  -3.  -2.  -1.   3.   4.   6.   7.   9.
   9.  12.  13.  15.  15.  19.  20.  26.  30.  32.  32.  36.  36.  36.
  37.  38.  38.  39.  41.  47.  53.  57.  60.  65.  66.  68.  68.  68.
  69.  71.  74.  74.  75.  79.  80.  80.  80.  81.  87.  90.  92.  95.
  96.  97.][-100.  -99.  -97.  -97.  -96.  -95.  -94.  -91.  -87.  -87.  -86.  -86.
  -86.  -82.  -81.  -81.  -81.  -80.  -78.  -76.  -76.  -73.  -73.  -72.
  -70.  -69.  -69.  -67.  -67.  -64.  -58.  -56.  -51.  -50.  -48.  -43.
  -37.  -37.  -37.  -35.  -34.  -33.  -32.  -32.  -32.  -30.  -28.  -26.
  -23.  -19.  -18.  -16.  -12.  -10.   -8.   -7.   -6.   -3.   -1.   -1.
    1.    2.    8.   12.   17.   19.   28.   33.   36.   36.   38.   39.
   39.   41.   43.   44.   46.   51.   56.   57.   60.   68.   69.   71.
   74.   74.   76.   76.   78.   79.   80.   80.   86.   88.   90.   90.
   93.   95.   99.  100.][-100.  -96.  -96.  -94.  -94.  -85.  -79.  -76.  -76.  -76.  -74.  -73.
  -72.  -71.  -58.  -57.  -57.  -55.  -54.  -53.  -51.  -51.  -49.  -48.
  -46.  -44.  -41.  -40.  -39.  -36.  -35.  -31.  -31.  -30.  -27.  -26.
  -25.  -24.  -21.  -20.  -16.  -14.  -13.  -12.   -9.   -7.   -5.   -3.
   -2.    1.    9.    9.    9.   13.   13.   16.   17.   18.   18.   21.
   25.   26.   27.   27.   29.   29.   30.   36.   36.   37.   38.   39.
   39.   41.   50.   51.   52.   55.   56.   57.   58.   61.   63.   65.
   67.   68.   72.   74.   75.   76.   77.   81.   84.   84.   90.   90.
   93.   96.   97.   99.][-100.  -92.  -92.  -92.  -90.  -89.  -88.  -85.  -83.  -82.  -77.  -77.
  -76.  -74.  -73.  -73.  -71.  -67.  -62.  -62.  -62.  -61.  -61.  -60.
  -60.  -57.  -57.  -57.  -57.  -56.  -53.  -51.  -50.  -48.  -48.  -42.
  -42.  -41.  -39.  -38.  -32.  -29.  -28.  -26.  -24.  -22.  -18.   -8.
   -4.    1.    1.    4.    4.    5.    6.    7.    7.    8.   11.   11.
   15.   19.   24.   25.   25.   26.   27.   27.   29.   31.   34.   37.
   39.   42.   42.   43.   43.   44.   50.   53.   56.   56.   61.   62.
   64.   65.   67.   71.   72.   82.   83.   83.   91.   91.   93.   94.
   95.   95.   97.   98.][-92. -92. -82. -80. -78. -76. -76. -75. -70. -69. -69. -68. -67. -60.
 -59. -58. -56. -55. -53. -52. -50. -49. -47. -42. -41. -38. -38. -36.
 -33. -32. -29. -22. -20. -19. -16. -16. -14. -13. -12. -12.  -5.  -2.
  -1.   0.   6.   8.   8.   8.  10.  12.  14.  18.  19.  19.  22.  24.
  25.  29.  32.  35.  36.  38.  38.  40.  40.  41.  41.  41.  42.  47.
  49.  51.  51.  54.  54.  55.  58.  65.  65.  65.  67.  67.  67.  68.
  68.  68.  69.  70.  71.  71.  72.  74.  80.  82.  84.  84.  88.  92.
  94. 100.][-100.  -98.  -95.  -90.  -87.  -86.  -86.  -82.  -80.  -75.  -71.  -70.
  -70.  -69.  -69.  -61.  -58.  -58.  -50.  -48.  -47.  -47.  -47.  -43.
  -39.  -39.  -35.  -30.  -25.  -23.  -22.  -21.  -17.  -16.  -15.  -12.
  -11.  -11.  -10.   -9.   -5.   -4.   -3.    4.    4.    6.   10.   18.
   20.   23.   24.   30.   36.   37.   38.   40.   41.   45.   45.   47.
   48.   49.   49.   50.   50.   50.   57.   58.   60.   61.   61.   61.
   63.   65.   65.   66.   68.   69.   72.   73.   75.   76.   78.   80.
   80.   82.   82.   84.   84.   85.   85.   86.   87.   88.   91.   93.
   95.   98.   98.  100.][-99. -98. -98. -96. -92. -85. -84. -83. -82. -81. -81. -80. -76. -75.
 -75. -72. -70. -68. -66. -66. -65. -64. -64. -63. -63. -62. -61. -58.
 -55. -53. -51. -50. -46. -44. -44. -44. -43. -42. -42. -42. -39. -36.
 -35. -31. -28. -28. -22. -21. -15.  -3.  -1.   1.   4.   6.   9.  15.
  16.  16.  17.  21.  23.  27.  28.  29.  31.  32.  32.  32.  33.  35.
  35.  36.  37.  50.  55.  58.  61.  62.  62.  63.  66.  68.  73.  74.
  76.  78.  79.  79.  80.  81.  82.  84.  85.  85.  87.  88.  91.  96.
  97. 100.][-100.  -99.  -98.  -97.  -94.  -93.  -93.  -92.  -92.  -86.  -83.  -82.
  -81.  -80.  -78.  -77.  -74.  -67.  -67.  -65.  -65.  -64.  -63.  -54.
  -52.  -47.  -44.  -44.  -43.  -39.  -39.  -35.  -31.  -28.  -23.  -21.
  -19.  -18.  -15.  -13.  -12.  -11.  -10.  -10.  -10.   -9.   -8.   -6.
   -4.   -2.   -2.    3.    3.    5.    7.    7.   15.   16.   19.   24.
   26.   27.   27.   29.   29.   31.   35.   38.   39.   41.   42.   43.
   43.   46.   48.   52.   53.   55.   59.   60.   60.   61.   70.   71.
   72.   74.   74.   75.   76.   78.   80.   83.   87.   90.   91.   91.
   92.   93.   94.   95.][-100. -100.  -99.  -97.  -95.  -94.  -92.  -91.  -87.  -87.  -87.  -79.
  -77.  -71.  -70.  -70.  -69.  -69.  -66.  -60.  -60.  -58.  -57.  -55.
  -50.  -41.  -36.  -34.  -32.  -30.  -29.  -16.  -15.  -12.  -11.  -10.
   -9.   -8.   -5.   -3.    2.    2.    3.    6.    9.   14.   16.   17.
   19.   20.   24.   26.   31.   32.   34.   36.   39.   40.   40.   44.
   45.   50.   50.   50.   51.   52.   52.   52.   52.   53.   54.   56.
   57.   60.   61.   63.   64.   67.   70.   71.   73.   73.   74.   77.
   77.   80.   81.   83.   85.   86.   87.   88.   88.   91.   91.   92.
   95.   96.  100.  100.][-99. -99. -98. -98. -97. -92. -91. -88. -79. -73. -72. -65. -63. -63.
 -61. -60. -56. -55. -53. -53. -50. -50. -49. -47. -47. -46. -43. -39.
 -36. -36. -32. -29. -28. -28. -28. -21. -20. -19. -16. -15. -13. -11.
 -10.  -8.  -8.  -6.  -5.  -5.   0.   1.   1.   3.   3.   4.   4.   8.
  11.  11.  21.  29.  29.  31.  32.  32.  32.  35.  35.  37.  43.  47.
  48.  55.  55.  55.  58.  58.  63.  68.  73.  75.  76.  77.  77.  77.
  78.  80.  81.  82.  82.  82.  82.  83.  90.  94.  94.  95.  95.  96.
  96.  98.][-99. -91. -91. -88. -87. -86. -85. -83. -74. -71. -69. -68. -68. -68.
 -67. -64. -64. -64. -61. -56. -52. -52. -51. -46. -45. -43. -38. -37.
 -35. -34. -32. -32. -31. -22. -22. -21. -20. -12.  -6.  -4.  -2.  -1.
  -1.   4.   7.  10.  11.  12.  13.  14.  18.  19.  20.  20.  20.  25.
  26.  29.  29.  29.  30.  32.  32.  34.  44.  45.  46.  46.  46.  47.
  50.  50.  52.  58.  60.  65.  67.  67.  68.  69.  71.  72.  74.  74.
  77.  78.  78.  78.  79.  80.  82.  85.  85.  85.  89.  92.  93.  93.
  93.  95.][-98. -97. -96. -94. -93. -92. -88. -87. -86. -85. -82. -81. -80. -77.
 -77. -76. -75. -71. -71. -69. -69. -68. -67. -66. -58. -58. -57. -50.
 -45. -42. -41. -40. -40. -37. -35. -35. -33. -32. -31. -27. -22. -19.
 -18. -18. -16. -15. -15. -12. -12. -11.  -8.  -8.  -4.  -2.  -1.  -1.
  -1.   1.   2.   7.   8.   8.  13.  14.  19.  20.  20.  24.  31.  33.
  36.  37.  37.  43.  45.  46.  48.  50.  53.  56.  62.  64.  65.  67.
  70.  73.  77.  78.  82.  84.  84.  86.  88.  89.  89.  93.  95.  96.
  97. 100.][-97. -91. -91. -90. -88. -85. -84. -84. -75. -66. -66. -65. -64. -63.
 -59. -58. -57. -53. -50. -48. -48. -45. -45. -44. -44. -43. -41. -40.
 -39. -37. -35. -35. -34. -33. -31. -28. -24. -21. -21. -21. -16. -16.
 -16. -10.  -7.  -7.  -5.  -4.  -2.   0.   0.   3.   5.   6.  10.  12.
  14.  14.  15.  16.  16.  19.  24.  27.  29.  29.  37.  39.  40.  40.
  43.  47.  47.  48.  50.  50.  54.  54.  55.  55.  59.  66.  67.  74.
  76.  81.  81.  82.  84.  86.  87.  90.  93.  95.  96.  97.  98.  99.
 100. 100.][-100. -100.  -99.  -99.  -98.  -96.  -95.  -95.  -94.  -91.  -91.  -87.
  -86.  -85.  -81.  -74.  -71.  -69.  -69.  -67.  -67.  -65.  -63.  -62.
  -57.  -55.  -53.  -49.  -44.  -43.  -43.  -42.  -41.  -39.  -39.  -39.
  -34.  -30.  -28.  -27.  -26.  -26.  -24.  -22.  -21.  -18.  -17.  -17.
  -16.  -16.  -15.   -9.   -8.   -8.   -7.   -7.   -5.   -2.   -1.    0.
    0.    2.    8.   10.   10.   11.   11.   15.   15.   15.   18.   18.
   20.   22.   25.   25.   26.   30.   30.   35.   37.   48.   48.   61.
   61.   62.   63.   68.   68.   69.   75.   76.   82.   83.   84.   86.
   86.   92.   93.   98.][-99. -97. -90. -90. -87. -85. -82. -80. -76. -75. -74. -71. -71. -69.
 -63. -60. -60. -58. -57. -56. -53. -47. -44. -43. -42. -38. -37. -36.
 -36. -33. -33. -29. -29. -28. -25. -23. -22. -17. -16. -16. -14.  -5.
  -5.  -3.  -3.  -1.   2.   7.   9.  12.  12.  13.  13.  13.  15.  16.
  18.  19.  21.  23.  26.  29.  29.  31.  34.  34.  35.  37.  39.  42.
  43.  43.  49.  52.  52.  55.  55.  57.  58.  61.  63.  67.  68.  68.
  70.  71.  71.  74.  74.  74.  75.  78.  81.  97.  98.  98.  98.  98.
  99. 100.][-100.  -98.  -91.  -91.  -82.  -82.  -82.  -79.  -79.  -78.  -77.  -73.
  -73.  -69.  -68.  -66.  -59.  -58.  -58.  -53.  -46.  -46.  -45.  -45.
  -43.  -43.  -41.  -41.  -35.  -24.  -23.  -22.  -21.  -20.  -19.  -18.
  -13.   -9.   -8.   -7.   -5.   -4.   -1.    1.    5.    6.   10.   11.
   12.   13.   13.   13.   13.   16.   21.   22.   24.   26.   28.   28.
   32.   32.   34.   35.   36.   40.   44.   47.   47.   48.   53.   56.
   59.   61.   67.   67.   69.   69.   70.   71.   71.   72.   72.   75.
   75.   79.   80.   83.   83.   83.   84.   85.   85.   85.   88.   90.
   95.   95.   98.   99.][-100.  -98.  -95.  -93.  -93.  -89.  -84.  -84.  -79.  -79.  -77.  -76.
  -75.  -68.  -67.  -62.  -62.  -59.  -58.  -57.  -54.  -50.  -48.  -45.
  -41.  -35.  -35.  -34.  -33.  -32.  -30.  -26.  -25.  -24.  -17.  -16.
  -15.  -14.  -13.  -12.  -11.   -5.   -1.    0.    3.    5.    7.    8.
   10.   11.   15.   15.   16.   18.   18.   19.   27.   31.   34.   34.
   38.   40.   42.   43.   43.   44.   51.   52.   55.   56.   58.   58.
   58.   59.   61.   62.   62.   64.   66.   67.   70.   72.   73.   76.
   76.   77.   77.   78.   79.   83.   85.   88.   91.   93.   94.   94.
   94.   95.   99.  100.][-100. -100. -100.  -98.  -97.  -96.  -96.  -95.  -95.  -92.  -87.  -84.
  -82.  -80.  -80.  -77.  -77.  -74.  -73.  -72.  -71.  -67.  -63.  -59.
  -58.  -56.  -56.  -50.  -43.  -42.  -41.  -36.  -35.  -33.  -32.  -31.
  -30.  -30.  -29.  -28.  -28.  -27.  -27.  -26.  -25.  -25.  -24.  -24.
  -22.  -22.  -21.  -16.  -12.  -10.   -9.   -6.    0.    2.    4.    7.
    9.   10.   11.   11.   12.   15.   16.   22.   24.   28.   34.   40.
   45.   46.   46.   47.   51.   61.   63.   68.   70.   71.   74.   75.
   78.   82.   85.   87.   87.   89.   90.   90.   91.   94.   94.   95.
   96.   96.   97.   98.][-98. -97. -89. -87. -86. -85. -85. -85. -83. -80. -78. -78. -77. -76.
 -72. -71. -70. -67. -64. -63. -61. -59. -58. -57. -56. -52. -50. -48.
 -44. -40. -36. -36. -31. -31. -31. -30. -29. -22. -22. -17. -16. -13.
  -5.  -5.  -5.  -3.  -1.   1.   2.   2.   4.   5.   6.   7.   8.  10.
  11.  12.  21.  24.  24.  25.  25.  25.  26.  27.  31.  32.  32.  35.
  35.  37.  38.  39.  43.  50.  54.  55.  65.  66.  67.  72.  72.  75.
  75.  76.  78.  78.  78.  80.  82.  84.  84.  85.  91.  91.  91.  94.
  99. 100.][-100.  -98.  -97.  -96.  -95.  -92.  -79.  -77.  -69.  -68.  -67.  -67.
  -66.  -64.  -63.  -60.  -60.  -57.  -53.  -48.  -47.  -47.  -45.  -40.
  -33.  -32.  -31.  -30.  -25.  -25.  -20.  -20.  -19.  -17.  -17.  -17.
  -15.  -14.  -13.  -12.  -11.   -5.   -1.   -1.    0.    2.    5.    7.
    7.    8.    9.    9.   11.   15.   16.   17.   20.   20.   25.   28.
   28.   29.   32.   34.   35.   36.   36.   41.   46.   48.   48.   48.
   51.   52.   52.   53.   54.   55.   56.   57.   57.   61.   63.   63.
   66.   68.   70.   73.   76.   77.   82.   84.   87.   88.   91.   95.
   95.   96.   98.   99.][-97. -97. -93. -93. -87. -85. -85. -80. -77. -77. -75. -75. -72. -72.
 -65. -65. -63. -63. -60. -60. -60. -59. -48. -47. -46. -45. -42. -42.
 -38. -37. -37. -36. -35. -34. -34. -33. -32. -31. -29. -25. -25. -22.
 -19. -15. -10.  -7.  -4.  -4.  -3.   1.   2.   9.   9.  10.  11.  13.
  16.  16.  16.  16.  16.  17.  18.  21.  21.  23.  23.  26.  26.  28.
  30.  33.  33.  38.  43.  49.  51.  51.  54.  59.  59.  62.  64.  69.
  72.  84.  85.  88.  89.  89.  90.  91.  93.  93.  97.  97.  98.  99.
  99. 100.][-100.  -96.  -96.  -94.  -91.  -91.  -87.  -87.  -85.  -82.  -82.  -82.
  -77.  -77.  -74.  -74.  -73.  -69.  -66.  -63.  -60.  -59.  -52.  -51.
  -51.  -50.  -49.  -46.  -45.  -44.  -43.  -42.  -42.  -38.  -37.  -37.
  -35.  -35.  -35.  -33.  -32.  -29.  -29.  -26.  -23.  -18.  -15.   -8.
   -8.   -2.   -1.   -1.    2.    4.    6.    6.    7.    8.   10.   13.
   16.   17.   19.   19.   20.   20.   22.   23.   23.   24.   25.   26.
   28.   30.   31.   37.   37.   40.   42.   46.   47.   49.   50.   51.
   54.   54.   56.   59.   63.   69.   77.   78.   79.   82.   86.   87.
   89.   91.   94.   98.][-95. -92. -90. -89. -85. -85. -83. -82. -81. -80. -79. -75. -72. -69.
 -67. -66. -64. -57. -57. -56. -51. -51. -49. -48. -46. -46. -44. -38.
 -33. -29. -26. -25. -25. -24. -24. -22. -19. -19. -15. -10.  -7.  -7.
  -4.  -3.  -1.   0.   9.  14.  16.  17.  19.  19.  24.  26.  27.  27.
  30.  31.  35.  35.  35.  35.  37.  38.  40.  41.  46.  46.  46.  48.
  49.  50.  54.  56.  58.  60.  64.  65.  65.  68.  68.  69.  69.  72.
  75.  76.  79.  79.  80.  83.  85.  85.  88.  89.  91.  92.  92.  93.
  96.  99.][-100. -100.  -99.  -98.  -96.  -93.  -92.  -90.  -89.  -86.  -86.  -83.
  -82.  -81.  -79.  -79.  -77.  -77.  -77.  -66.  -65.  -61.  -59.  -57.
  -54.  -48.  -45.  -43.  -41.  -38.  -36.  -34.  -33.  -29.  -29.  -25.
  -25.  -17.  -12.  -12.   -9.   -8.   -6.   -4.   -4.   -3.   -3.   -1.
   -1.    0.    0.    2.    2.    7.    9.   10.   11.   13.   13.   13.
   14.   18.   21.   23.   24.   25.   25.   26.   29.   30.   32.   33.
   39.   40.   48.   50.   53.   59.   64.   67.   67.   69.   71.   71.
   72.   74.   76.   76.   79.   80.   87.   88.   90.   92.   98.   98.
   98.   98.   99.  100.][-83. -83. -83. -82. -80. -75. -75. -71. -71. -70. -70. -69. -68. -66.
 -63. -62. -62. -60. -60. -58. -56. -53. -52. -49. -49. -46. -46. -44.
 -43. -41. -40. -39. -35. -35. -32. -31. -28. -27. -24. -21. -21. -19.
 -12. -12. -11.  -3.  -3.  -1.   0.   1.   2.   9.  13.  14.  15.  16.
  19.  24.  24.  26.  26.  27.  28.  32.  32.  37.  37.  40.  45.  47.
  52.  53.  55.  56.  58.  62.  64.  65.  66.  67.  67.  68.  68.  68.
  69.  71.  74.  75.  75.  76.  76.  79.  81.  88.  89.  95.  95.  96.
  96.  98.][-99. -95. -95. -94. -93. -92. -90. -89. -82. -82. -81. -79. -76. -75.
 -72. -72. -70. -69. -68. -66. -66. -64. -56. -55. -50. -49. -49. -47.
 -44. -43. -42. -41. -40. -37. -32. -30. -24. -23. -23. -23. -17. -16.
 -13. -12.  -4.  -4.  -3.   0.   0.   1.   3.   3.   5.  12.  12.  18.
  18.  18.  20.  20.  21.  24.  24.  26.  28.  30.  30.  32.  33.  34.
  37.  45.  48.  48.  49.  50.  55.  55.  57.  57.  60.  61.  64.  65.
  67.  70.  75.  75.  78.  79.  79.  80.  85.  86.  92.  95.  96.  97.
  99. 100.][-100.  -99.  -99.  -98.  -96.  -95.  -95.  -94.  -88.  -85.  -80.  -77.
  -75.  -73.  -70.  -66.  -61.  -57.  -52.  -52.  -52.  -51.  -51.  -50.
  -50.  -49.  -46.  -42.  -40.  -38.  -35.  -33.  -28.  -27.  -24.  -22.
  -21.  -21.  -18.  -18.  -17.  -16.  -14.  -14.  -11.   -6.   -2.   -1.
    0.    1.    3.    6.    8.   12.   15.   20.   20.   23.   24.   25.
   32.   36.   38.   38.   42.   43.   43.   44.   49.   53.   56.   58.
   61.   62.   63.   64.   68.   71.   71.   71.   72.   73.   77.   77.
   79.   81.   84.   84.   85.   85.   86.   86.   86.   88.   89.   89.
   92.   97.  100.  100.][-99. -95. -92. -89. -89. -89. -87. -86. -84. -77. -75. -71. -69. -64.
 -60. -60. -54. -53. -52. -52. -49. -47. -47. -38. -38. -37. -36. -35.
 -35. -32. -30. -29. -29. -28. -25. -23. -23. -23. -23. -23. -19. -18.
 -15. -11.  -5.  -4.  -3.  -2.  -2.   1.   4.   4.   5.   5.   6.  11.
  12.  12.  13.  17.  20.  24.  24.  26.  32.  32.  33.  37.  38.  42.
  43.  43.  46.  50.  51.  52.  53.  54.  54.  56.  56.  60.  62.  63.
  65.  65.  70.  71.  71.  76.  76.  82.  85.  86.  86.  90.  91.  92.
  94.  94.][-99. -97. -97. -97. -97. -96. -91. -91. -90. -86. -83. -81. -80. -80.
 -76. -75. -71. -68. -65. -63. -60. -60. -60. -59. -58. -55. -54. -53.
 -51. -50. -45. -43. -42. -40. -36. -35. -35. -34. -34. -30. -24. -24.
 -23. -21. -20. -19. -12.  -7.  -7.  -6.   0.   2.   8.   9.  14.  20.
  21.  22.  23.  23.  26.  26.  28.  28.  34.  34.  36.  36.  37.  38.
  38.  42.  43.  45.  46.  46.  46.  50.  50.  52.  52.  53.  54.  57.
  58.  61.  64.  66.  67.  70.  71.  72.  79.  80.  86.  93.  95.  97.
  98.  99.][-99. -98. -97. -96. -95. -90. -88. -86. -86. -85. -83. -83. -82. -81.
 -75. -73. -73. -71. -71. -67. -63. -62. -57. -57. -56. -54. -53. -53.
 -53. -53. -52. -50. -49. -47. -47. -45. -44. -44. -42. -40. -31. -27.
 -24. -19. -18. -12. -11. -10.  -7.  -6.  -1.   0.   0.   2.   6.   8.
  13.  13.  14.  16.  18.  19.  20.  21.  23.  23.  24.  29.  29.  31.
  32.  36.  37.  38.  38.  43.  44.  46.  49.  53.  54.  57.  61.  62.
  64.  65.  67.  67.  68.  71.  71.  74.  78.  81.  81.  82.  87.  90.
  92.  97.][-100.  -94.  -93.  -91.  -89.  -86.  -84.  -84.  -82.  -80.  -77.  -77.
  -76.  -68.  -63.  -59.  -58.  -58.  -57.  -56.  -51.  -49.  -48.  -45.
  -44.  -41.  -39.  -38.  -37.  -35.  -34.  -34.  -33.  -32.  -29.  -28.
  -25.  -24.  -23.  -18.  -18.  -17.  -17.  -15.  -15.  -10.   -9.   -8.
   -5.    1.    6.    6.    7.   13.   17.   18.   22.   24.   25.   28.
   31.   31.   35.   35.   40.   43.   43.   43.   44.   47.   47.   47.
   48.   50.   51.   52.   55.   55.   60.   60.   65.   65.   67.   68.
   74.   81.   82.   84.   84.   85.   86.   91.   91.   91.   94.   95.
   95.   97.   97.   98.][-99. -94. -91. -91. -90. -87. -87. -85. -84. -83. -82. -77. -75. -73.
 -73. -73. -73. -71. -66. -65. -62. -58. -57. -51. -50. -49. -49. -45.
 -45. -41. -41. -40. -39. -38. -38. -38. -38. -31. -29. -25. -24. -23.
 -22. -22. -20. -15. -14. -12. -11. -10.  -7.  -4.  -1.   2.   4.   5.
   5.   5.   6.   7.   7.   8.  14.  14.  15.  17.  23.  26.  27.  33.
  36.  38.  40.  40.  41.  41.  46.  51.  51.  51.  53.  53.  59.  60.
  62.  65.  65.  74.  77.  79.  80.  82.  83.  83.  86.  87.  89.  90.
  91.  97.][-95. -93. -92. -81. -80. -80. -78. -77. -77. -75. -75. -71. -70. -70.
 -69. -69. -68. -61. -60. -59. -59. -57. -54. -53. -52. -50. -49. -49.
 -45. -43. -41. -40. -34. -34. -32. -31. -30. -30. -28. -27. -22. -21.
 -20. -20. -16. -15. -14. -12.  -3.   2.   7.   8.   8.  10.  12.  15.
  15.  17.  19.  22.  25.  30.  33.  34.  35.  36.  38.  39.  41.  46.
  47.  49.  49.  50.  50.  51.  51.  55.  66.  67.  69.  69.  71.  74.
  75.  75.  76.  77.  82.  86.  88.  89.  92.  92.  92.  94.  94.  95.
 100. 100.][-97. -97. -97. -94. -93. -90. -87. -81. -79. -76. -72. -66. -64. -60.
 -59. -59. -56. -55. -51. -50. -49. -47. -44. -42. -42. -38. -36. -35.
 -34. -34. -31. -30. -30. -29. -27. -26. -23. -21. -18. -15. -15. -13.
 -10.  -9.  -2.   5.   7.   7.  10.  13.  15.  17.  17.  17.  20.  22.
  22.  23.  26.  27.  28.  33.  33.  34.  35.  35.  40.  44.  46.  46.
  47.  47.  48.  48.  55.  58.  61.  64.  66.  66.  68.  68.  70.  71.
  72.  72.  73.  73.  76.  78.  80.  81.  85.  85.  89.  91.  95.  96.
  96.  98.][-100.  -98.  -93.  -89.  -87.  -84.  -83.  -81.  -80.  -80.  -76.  -76.
  -73.  -72.  -71.  -71.  -69.  -68.  -68.  -68.  -67.  -66.  -63.  -63.
  -62.  -62.  -62.  -52.  -52.  -48.  -44.  -42.  -41.  -40.  -38.  -37.
  -35.  -34.  -34.  -32.  -31.  -30.  -30.  -30.  -29.  -24.  -24.  -23.
  -22.  -20.  -19.  -18.  -17.  -17.  -14.   -8.   -7.   -7.   -5.   -5.
   -2.   -1.   -1.   -1.    5.    9.    9.   10.   14.   15.   15.   18.
   20.   28.   28.   31.   38.   40.   41.   42.   45.   48.   50.   50.
   54.   55.   59.   61.   66.   71.   72.   73.   77.   78.   79.   81.
   83.   84.   88.   89.][-96. -94. -89. -89. -86. -85. -84. -80. -80. -79. -79. -75. -71. -71.
 -67. -64. -63. -60. -54. -53. -51. -50. -48. -47. -47. -38. -35. -33.
 -31. -29. -27. -23. -23. -22. -20. -18. -17.  -8.  -6.  -4.  -4.  -2.
  -2.  -1.   0.   0.   1.   2.   2.   3.   4.   4.   6.  10.  14.  14.
  15.  15.  21.  21.  23.  24.  27.  28.  28.  28.  31.  32.  33.  33.
  35.  37.  40.  42.  44.  46.  55.  56.  59.  60.  61.  65.  65.  70.
  70.  72.  73.  73.  74.  77.  79.  81.  81.  81.  86.  86.  92.  96.
  97.  98.][-98. -97. -96. -93. -89. -83. -79. -72. -71. -69. -68. -67. -64. -63.
 -61. -60. -60. -59. -59. -57. -47. -39. -37. -34. -32. -30. -29. -28.
 -27. -23. -22. -19. -16. -14. -13. -11.  -9.  -8.  -7.  -6.  -5.  -5.
  -3.  -1.   5.   8.  11.  13.  15.  18.  18.  24.  29.  30.  31.  33.
  35.  36.  43.  45.  45.  48.  49.  51.  53.  54.  54.  55.  56.  57.
  57.  58.  58.  59.  60.  60.  65.  65.  67.  70.  73.  75.  76.  80.
  81.  82.  82.  86.  88.  94.  94.  94.  95.  98.  99.  99.  99.  99.
 100. 100.][-98. -96. -94. -93. -93. -89. -88. -83. -79. -78. -75. -71. -70. -68.
 -68. -67. -66. -64. -60. -57. -57. -56. -51. -48. -47. -47. -46. -43.
 -42. -41. -40. -39. -38. -37. -32. -31. -30. -25. -19. -18. -15. -12.
 -12. -12.  -8.  -6.  -5.  -3.  -1.   6.   6.   9.  11.  15.  16.  16.
  19.  25.  26.  29.  31.  31.  33.  34.  36.  36.  37.  41.  41.  41.
  42.  42.  43.  48.  49.  50.  53.  53.  53.  54.  54.  55.  61.  65.
  66.  68.  69.  69.  70.  71.  73.  73.  80.  80.  86.  87.  87.  88.
  93.  96.][-99. -95. -94. -93. -92. -91. -89. -88. -78. -77. -74. -74. -73. -72.
 -72. -72. -69. -61. -56. -56. -54. -54. -52. -45. -44. -43. -41. -39.
 -37. -36. -34. -30. -30. -28. -28. -26. -26. -24. -23. -22. -21. -18.
 -17. -17. -17. -14. -13. -12. -10. -10.  -6.  -6.  -6.   2.   4.   5.
   8.   9.   9.  10.  10.  10.  14.  16.  18.  18.  24.  29.  30.  31.
  36.  36.  37.  39.  40.  47.  50.  51.  57.  57.  58.  59.  60.  67.
  68.  69.  70.  73.  73.  74.  74.  75.  80.  82.  83.  85.  93.  98.
  99. 100.][-100.  -91.  -90.  -90.  -85.  -84.  -80.  -79.  -75.  -72.  -71.  -70.
  -69.  -68.  -63.  -62.  -60.  -58.  -54.  -52.  -49.  -46.  -46.  -45.
  -43.  -43.  -41.  -38.  -35.  -31.  -30.  -29.  -24.  -23.  -21.  -21.
  -20.  -20.  -19.  -13.  -11.  -11.   -9.   -8.   -6.   -3.   -3.   -2.
    6.    6.    9.   13.   14.   14.   17.   19.   19.   21.   22.   23.
   24.   28.   29.   33.   37.   39.   40.   40.   42.   46.   50.   51.
   52.   52.   53.   54.   57.   60.   62.   63.   63.   66.   67.   67.
   68.   68.   69.   71.   72.   73.   75.   76.   83.   85.   89.   90.
   91.   94.   94.   98.][-99. -98. -97. -96. -90. -90. -89. -88. -87. -79. -78. -77. -74. -70.
 -69. -61. -61. -61. -58. -54. -53. -53. -50. -48. -47. -47. -44. -40.
 -39. -32. -30. -30. -28. -24. -22. -22. -19. -18. -17. -16. -15. -14.
 -13. -11. -10.  -9.  -8.  -7.  -6.   2.   2.   2.   2.   4.   4.   8.
   9.  11.  13.  20.  20.  21.  22.  23.  25.  28.  28.  29.  29.  34.
  34.  35.  38.  43.  45.  45.  45.  49.  49.  53.  55.  56.  56.  61.
  64.  67.  69.  70.  71.  72.  74.  79.  83.  85.  86.  86.  87.  89.
  95.  95.][-98. -95. -95. -91. -91. -82. -82. -80. -80. -78. -76. -75. -74. -74.
 -72. -72. -69. -67. -65. -62. -61. -59. -56. -56. -50. -43. -39. -34.
 -31. -26. -23. -22. -22. -21. -20. -20. -19. -16. -15. -15. -14. -10.
  -6.  -3.  -3.  -1.   0.   0.   1.   2.   3.   4.   8.   8.  10.  11.
  12.  16.  17.  17.  18.  20.  20.  27.  27.  30.  30.  33.  35.  38.
  39.  39.  43.  44.  45.  46.  48.  53.  54.  56.  57.  60.  62.  64.
  65.  67.  68.  69.  71.  72.  73.  75.  86.  87.  89.  89.  91.  94.
  95.  97.][-99. -99. -99. -98. -96. -94. -92. -91. -87. -87. -86. -84. -83. -82.
 -80. -77. -72. -69. -67. -67. -63. -60. -58. -57. -53. -49. -49. -45.
 -45. -42. -42. -42. -35. -34. -34. -34. -32. -29. -29. -29. -28. -28.
 -27. -27. -23. -20. -15. -11. -10.  -8.  -3.  -2.   5.   7.   9.  10.
  13.  19.  20.  20.  21.  22.  24.  25.  26.  29.  32.  36.  37.  37.
  39.  41.  41.  41.  42.  45.  47.  49.  52.  52.  53.  56.  58.  59.
  60.  65.  67.  73.  76.  77.  77.  80.  81.  83.  84.  93.  95.  97.
  98.  98.][-99. -97. -96. -95. -91. -90. -87. -86. -82. -75. -74. -73. -72. -71.
 -70. -68. -66. -65. -64. -64. -64. -62. -61. -56. -46. -38. -37. -36.
 -33. -32. -29. -28. -27. -27. -26. -26. -22. -22. -17. -15. -14. -11.
 -11.  -6.  -3.  -1.   0.   1.   3.   3.   6.   8.   8.  10.  12.  13.
  15.  18.  26.  27.  28.  29.  30.  31.  32.  33.  34.  40.  42.  46.
  50.  52.  52.  52.  53.  57.  59.  60.  61.  63.  71.  71.  72.  74.
  78.  79.  84.  87.  87.  88.  88.  88.  89.  92.  93.  94.  95.  97.
  97. 100.][-98. -98. -94. -90. -88. -88. -86. -85. -84. -84. -83. -82. -82. -81.
 -77. -76. -74. -71. -70. -70. -66. -62. -60. -59. -54. -53. -53. -52.
 -50. -49. -48. -47. -46. -42. -40. -39. -38. -37. -37. -36. -35. -34.
 -33. -33. -33. -29. -22. -20. -13. -12.  -9.  -1.  -1.   0.   5.   6.
  13.  14.  16.  19.  20.  22.  30.  32.  33.  34.  42.  42.  45.  48.
  53.  55.  55.  55.  55.  56.  58.  60.  60.  61.  65.  65.  68.  68.
  72.  72.  73.  74.  76.  77.  78.  78.  80.  83.  86.  94.  98.  99.
  99. 100.][-100.  -96.  -93.  -92.  -90.  -90.  -89.  -86.  -85.  -85.  -77.  -77.
  -76.  -76.  -75.  -69.  -66.  -62.  -59.  -56.  -55.  -51.  -45.  -43.
  -42.  -42.  -41.  -41.  -41.  -40.  -38.  -36.  -35.  -35.  -34.  -33.
  -33.  -29.  -28.  -27.  -26.  -21.  -16.  -14.  -12.  -12.   -6.   -4.
   -2.    1.    1.    2.    2.    4.    7.    8.    9.   12.   23.   26.
   27.   35.   38.   41.   42.   42.   44.   45.   50.   50.   50.   53.
   56.   59.   60.   60.   62.   63.   65.   67.   67.   69.   71.   73.
   76.   76.   78.   80.   80.   81.   82.   82.   83.   86.   87.   91.
   96.  100.  100.  100.][-100. -100.  -92.  -85.  -73.  -69.  -67.  -67.  -64.  -63.  -61.  -58.
  -58.  -57.  -56.  -53.  -53.  -53.  -52.  -51.  -47.  -47.  -46.  -44.
  -39.  -37.  -37.  -36.  -35.  -34.  -32.  -28.  -23.  -22.  -21.  -20.
  -20.  -20.  -18.  -13.  -12.  -12.   -9.   -9.   -8.   -8.   -3.   -3.
   -2.   -2.   -1.    1.    4.    6.   11.   12.   15.   15.   15.   17.
   17.   19.   20.   21.   27.   29.   34.   35.   37.   38.   46.   48.
   49.   50.   55.   63.   65.   70.   71.   71.   73.   75.   76.   77.
   80.   83.   83.   84.   87.   89.   89.   91.   94.   94.   95.   96.
   97.   98.   99.  100.][-97. -93. -93. -91. -90. -86. -85. -84. -81. -81. -75. -74. -72. -70.
 -70. -68. -67. -65. -62. -61. -54. -52. -50. -49. -42. -41. -40. -40.
 -34. -32. -29. -28. -27. -24. -24. -23. -23. -22. -21. -18. -15.  -9.
   2.   3.   9.  12.  14.  15.  17.  18.  18.  18.  22.  24.  24.  24.
  28.  29.  32.  33.  35.  36.  40.  41.  44.  45.  46.  48.  49.  50.
  51.  54.  55.  55.  60.  60.  60.  65.  65.  69.  72.  72.  74.  75.
  75.  77.  78.  81.  83.  84.  84.  85.  87.  87.  90.  92.  94.  96.
  97. 100.][-100.  -99.  -98.  -96.  -96.  -88.  -88.  -87.  -84.  -83.  -83.  -80.
  -79.  -75.  -74.  -72.  -70.  -64.  -62.  -62.  -61.  -60.  -56.  -53.
  -51.  -47.  -43.  -37.  -37.  -36.  -34.  -28.  -28.  -25.  -25.  -24.
  -24.  -23.  -22.  -20.  -15.  -14.  -11.  -10.  -10.   -9.   -6.   -5.
   -5.   -5.   -1.    2.    3.    4.    5.    6.    9.   10.   10.   14.
   15.   17.   19.   21.   23.   24.   26.   26.   31.   32.   34.   35.
   35.   36.   44.   45.   48.   50.   53.   53.   54.   55.   56.   58.
   60.   62.   63.   65.   66.   78.   79.   81.   81.   82.   87.   89.
   91.   92.   94.   98.][-100. -100.  -96.  -96.  -95.  -95.  -88.  -87.  -87.  -85.  -71.  -69.
  -69.  -66.  -64.  -62.  -61.  -61.  -59.  -56.  -53.  -52.  -51.  -51.
  -48.  -47.  -43.  -41.  -36.  -36.  -34.  -30.  -28.  -27.  -25.  -25.
  -23.  -20.  -15.  -14.  -12.  -11.  -11.  -10.   -8.   -8.   -5.    0.
    3.    4.    5.    5.    7.   10.   10.   11.   19.   23.   24.   24.
   29.   29.   35.   40.   41.   45.   46.   50.   53.   53.   54.   62.
   62.   68.   70.   71.   71.   72.   74.   76.   78.   78.   80.   82.
   85.   85.   85.   86.   87.   89.   89.   90.   92.   93.   93.   95.
   97.   97.   98.   98.][-96. -93. -92. -90. -89. -86. -86. -85. -80. -78. -76. -74. -74. -71.
 -71. -66. -65. -63. -62. -62. -62. -61. -53. -51. -51. -51. -50. -45.
 -43. -34. -34. -31. -30. -30. -29. -28. -27. -23. -20. -19. -19. -18.
 -17. -16. -14. -10.  -8.  -5.  -3.   2.   2.   3.   3.   3.   5.   5.
   6.   7.   7.   7.   9.  14.  14.  14.  18.  20.  20.  21.  26.  30.
  32.  39.  40.  44.  44.  45.  47.  49.  55.  58.  58.  60.  60.  63.
  69.  74.  75.  80.  81.  81.  82.  83.  85.  86.  86.  87.  90.  96.
  99. 100.][-98. -97. -95. -94. -90. -90. -86. -84. -82. -81. -81. -79. -76. -74.
 -74. -71. -67. -62. -61. -60. -56. -54. -51. -46. -44. -36. -36. -34.
 -33. -31. -28. -27. -26. -24. -24. -24. -23. -18. -17. -17. -10.  -6.
  -4.  -3.  -3.  -3.  -1.  -1.   4.   7.  12.  13.  16.  21.  21.  21.
  26.  28.  29.  34.  34.  36.  36.  37.  37.  38.  38.  41.  42.  44.
  48.  48.  51.  52.  56.  58.  61.  63.  64.  65.  66.  67.  69.  72.
  72.  76.  78.  79.  80.  80.  86.  87.  87.  90.  90.  90.  95.  97.
  98. 100.][-100.  -99.  -96.  -92.  -88.  -87.  -85.  -84.  -83.  -78.  -78.  -76.
  -74.  -74.  -62.  -62.  -61.  -60.  -60.  -60.  -57.  -57.  -56.  -55.
  -54.  -53.  -52.  -51.  -50.  -49.  -48.  -46.  -45.  -44.  -44.  -36.
  -35.  -32.  -27.  -27.  -22.  -20.  -20.  -19.  -18.  -16.  -14.  -14.
  -14.  -13.  -11.  -11.   -9.   -5.   -5.   -3.    1.    1.    4.    9.
   11.   15.   16.   17.   22.   22.   22.   24.   29.   31.   32.   34.
   35.   36.   36.   38.   38.   40.   42.   45.   57.   65.   65.   66.
   69.   69.   72.   80.   80.   83.   83.   84.   87.   87.   88.   89.
   89.   91.   98.  100.][-99. -98. -97. -97. -94. -91. -88. -85. -80. -79. -79. -77. -76. -76.
 -72. -71. -71. -71. -70. -68. -63. -60. -60. -58. -58. -58. -55. -47.
 -46. -46. -43. -40. -38. -34. -31. -30. -27. -27. -21. -19. -18. -17.
 -16. -13. -12. -12. -12. -11. -11.  -8.  -7.  -2.  -2.  -2.  -1.  -1.
   0.   1.   2.   4.   7.   8.  12.  16.  18.  19.  21.  21.  24.  25.
  33.  34.  34.  34.  36.  40.  40.  40.  43.  43.  44.  46.  49.  54.
  56.  59.  64.  67.  69.  74.  78.  79.  82.  82.  84.  89.  90.  95.
  99.  99.][-99. -95. -94. -91. -87. -84. -82. -81. -81. -79. -74. -73. -73. -71.
 -65. -64. -64. -61. -60. -59. -57. -54. -53. -51. -46. -45. -44. -44.
 -42. -42. -40. -39. -37. -35. -35. -35. -33. -33. -29. -29. -24. -20.
 -20. -17. -14. -13. -12.  -8.  -8.  -7.  -7.  -5.  -2.   1.   2.   3.
   6.   7.   8.   9.  12.  13.  13.  14.  18.  18.  26.  28.  29.  29.
  30.  31.  32.  33.  37.  42.  43.  47.  49.  50.  50.  55.  61.  62.
  62.  64.  66.  68.  71.  73.  73.  74.  75.  75.  77.  82.  85.  88.
  91.  93.][-98. -96. -96. -93. -93. -90. -89. -88. -86. -86. -79. -78. -67. -66.
 -65. -62. -60. -60. -60. -56. -56. -53. -51. -50. -49. -46. -45. -42.
 -40. -40. -33. -32. -29. -29. -24. -23. -21. -20. -18. -15. -15. -10.
  -8.  -8.  -6.  -5.  -4.  -4.  -3.  -2.  -2.   4.   4.   7.  10.  10.
  12.  13.  14.  14.  18.  18.  22.  24.  26.  27.  28.  32.  34.  35.
  38.  42.  42.  43.  43.  45.  50.  53.  53.  56.  57.  60.  62.  63.
  67.  74.  75.  78.  80.  82.  82.  82.  88.  88.  93.  94.  94.  95.
  95.  96.][-98. -92. -90. -88. -86. -85. -84. -83. -83. -83. -81. -80. -79. -79.
 -70. -64. -63. -62. -59. -57. -54. -54. -54. -49. -49. -49. -47. -46.
 -43. -40. -39. -38. -38. -38. -37. -34. -33. -30. -29. -27. -27. -24.
 -21. -21. -19. -18. -17. -15. -13. -11. -11.  -6.  -6.  -5.  -4.  -1.
  -1.   4.   7.   8.   9.  11.  13.  16.  20.  21.  22.  22.  25.  28.
  32.  33.  34.  36.  41.  42.  42.  44.  45.  47.  52.  52.  54.  56.
  56.  58.  59.  60.  62.  64.  67.  68.  79.  87.  89.  90.  95.  96.
  96.  99.][-99. -98. -93. -91. -91. -87. -87. -86. -80. -78. -76. -73. -72. -70.
 -69. -67. -66. -64. -58. -56. -54. -51. -49. -44. -43. -43. -38. -37.
 -37. -36. -36. -35. -33. -33. -30. -29. -27. -27. -25. -25. -20. -16.
 -14. -13. -13.  -8.  -8.  -4.  -4.  -1.   3.   9.  10.  12.  17.  18.
  19.  19.  19.  20.  20.  21.  22.  23.  24.  26.  26.  27.  28.  36.
  36.  38.  40.  42.  45.  45.  45.  46.  46.  47.  49.  51.  54.  56.
  57.  59.  60.  62.  68.  69.  70.  70.  70.  77.  79.  80.  80.  86.
  94.  98.][-100.  -99.  -98.  -97.  -97.  -93.  -87.  -83.  -82.  -82.  -81.  -81.
  -81.  -79.  -78.  -78.  -75.  -72.  -67.  -63.  -63.  -59.  -50.  -49.
  -46.  -44.  -44.  -41.  -35.  -35.  -32.  -31.  -29.  -25.  -25.  -24.
  -23.  -22.  -22.  -18.  -18.  -18.  -17.  -14.  -14.  -11.  -10.  -10.
   -8.   -7.   -5.    2.    2.    3.    3.    4.    5.    5.    6.    7.
    9.   11.   11.   11.   12.   14.   15.   16.   16.   17.   21.   24.
   27.   29.   29.   30.   30.   31.   32.   39.   43.   46.   48.   50.
   52.   56.   57.   60.   63.   69.   69.   79.   80.   82.   83.   83.
   85.   95.   99.  100.][-100.  -99.  -99.  -93.  -91.  -89.  -85.  -83.  -82.  -81.  -80.  -79.
  -78.  -77.  -77.  -76.  -76.  -73.  -72.  -70.  -53.  -53.  -52.  -51.
  -51.  -49.  -48.  -48.  -42.  -41.  -35.  -33.  -33.  -29.  -28.  -28.
  -24.  -23.  -21.  -19.  -14.  -14.  -13.  -11.   -9.   -8.   -7.   -5.
   -3.   -1.    1.    1.    4.    7.   10.   10.   11.   12.   16.   20.
   25.   27.   27.   28.   28.   29.   31.   32.   32.   32.   37.   39.
   39.   45.   45.   46.   47.   48.   50.   56.   59.   62.   66.   70.
   73.   75.   75.   76.   76.   78.   80.   81.   83.   84.   87.   90.
   91.   95.   98.   99.][-99. -97. -95. -95. -94. -94. -93. -92. -91. -88. -84. -83. -82. -81.
 -81. -77. -75. -64. -63. -63. -59. -59. -59. -55. -46. -41. -37. -37.
 -35. -34. -33. -31. -31. -30. -29. -29. -25. -25. -24. -16. -13. -10.
  -8.  -8.  -5.  -2.  -2.   1.   1.   3.   4.   5.   8.  10.  10.  10.
  11.  21.  25.  25.  31.  31.  33.  37.  39.  39.  43.  44.  45.  45.
  49.  52.  54.  55.  57.  60.  61.  62.  64.  68.  69.  72.  72.  73.
  75.  75.  77.  78.  78.  80.  81.  83.  85.  86.  87.  92.  93.  94.
  96.  98.][-98. -95. -94. -93. -93. -92. -89. -88. -85. -80. -78. -74. -73. -68.
 -68. -59. -58. -57. -56. -55. -54. -50. -47. -46. -44. -42. -42. -37.
 -35. -33. -33. -29. -26. -22. -21. -12.  -8.  -6.  -4.  -2.   0.   0.
   2.   4.   4.   6.   9.  10.  10.  11.  16.  20.  21.  23.  27.  28.
  29.  30.  30.  33.  34.  37.  38.  38.  38.  40.  42.  43.  44.  46.
  46.  46.  46.  48.  51.  53.  57.  60.  60.  60.  64.  65.  67.  68.
  68.  71.  71.  73.  73.  73.  74.  79.  86.  87.  90.  91.  94.  96.
  96.  98.][-98. -97. -96. -96. -96. -95. -95. -94. -91. -90. -85. -84. -83. -82.
 -80. -79. -79. -78. -77. -72. -63. -58. -55. -52. -49. -44. -43. -42.
 -41. -41. -40. -40. -39. -37. -35. -35. -31. -28. -27. -25. -22. -22.
 -18. -18. -16. -12.  -1.   3.   3.   6.   6.   6.   7.   7.   9.   9.
  12.  13.  13.  15.  16.  22.  24.  28.  28.  29.  35.  38.  38.  39.
  43.  44.  44.  45.  47.  47.  49.  50.  50.  51.  52.  59.  59.  60.
  61.  64.  67.  67.  71.  72.  72.  73.  77.  83.  86.  91.  93.  96.
  96.  97.][-100.  -99.  -98.  -98.  -97.  -96.  -90.  -85.  -85.  -84.  -82.  -81.
  -81.  -79.  -78.  -77.  -66.  -62.  -60.  -57.  -56.  -54.  -52.  -48.
  -45.  -41.  -41.  -40.  -36.  -35.  -29.  -25.  -25.  -24.  -21.  -19.
  -14.  -11.  -11.   -3.   -2.    0.    3.    6.   12.   12.   18.   19.
   20.   21.   22.   25.   27.   27.   30.   30.   31.   32.   32.   36.
   37.   39.   40.   40.   41.   41.   42.   43.   43.   44.   51.   53.
   54.   55.   57.   59.   61.   61.   62.   63.   66.   70.   72.   73.
   73.   74.   77.   77.   78.   80.   80.   81.   83.   85.   86.   88.
   94.   94.   95.   99.][-100.  -99.  -96.  -95.  -94.  -92.  -85.  -80.  -78.  -72.  -70.  -69.
  -67.  -65.  -62.  -60.  -59.  -58.  -48.  -45.  -45.  -45.  -43.  -43.
  -42.  -42.  -37.  -37.  -34.  -31.  -27.  -26.  -25.  -25.  -21.  -21.
  -19.  -16.  -15.  -14.  -12.  -10.  -10.   -9.   -5.   -4.   -3.   -2.
    1.    3.    5.    6.   10.   14.   17.   18.   20.   22.   23.   25.
   28.   29.   35.   39.   40.   41.   43.   45.   47.   47.   50.   52.
   55.   56.   59.   64.   68.   68.   75.   79.   79.   83.   84.   86.
   86.   86.   88.   89.   91.   91.   91.   92.   93.   96.   97.   98.
   99.   99.   99.  100.][-100.  -98.  -98.  -96.  -96.  -94.  -93.  -92.  -91.  -91.  -88.  -80.
  -76.  -74.  -74.  -73.  -73.  -72.  -68.  -67.  -67.  -65.  -65.  -63.
  -63.  -61.  -58.  -56.  -54.  -53.  -52.  -52.  -50.  -49.  -48.  -48.
  -36.  -35.  -35.  -29.  -27.  -25.  -17.  -17.  -16.  -16.  -14.  -13.
  -12.  -10.   -8.   -6.   -5.   -3.    1.    3.    3.    4.    6.    6.
   10.   10.   12.   14.   15.   19.   23.   27.   28.   30.   30.   31.
   34.   35.   38.   39.   41.   41.   42.   45.   52.   54.   58.   59.
   61.   64.   70.   73.   75.   81.   87.   89.   90.   90.   91.   96.
   97.   98.   99.   99.][-100. -100.  -98.  -96.  -89.  -87.  -87.  -85.  -85.  -82.  -80.  -77.
  -72.  -71.  -70.  -70.  -62.  -58.  -57.  -54.  -50.  -49.  -48.  -48.
  -47.  -45.  -45.  -44.  -44.  -44.  -43.  -41.  -41.  -41.  -39.  -37.
  -31.  -30.  -30.  -28.  -27.  -25.  -21.  -21.  -17.  -17.  -15.  -14.
  -13.  -13.  -12.   -7.   -5.    2.    8.   15.   16.   17.   19.   30.
   31.   33.   34.   35.   38.   40.   43.   46.   46.   47.   47.   48.
   49.   50.   51.   56.   57.   57.   57.   59.   62.   67.   67.   67.
   69.   71.   72.   73.   75.   78.   79.   82.   87.   88.   89.   91.
   92.   93.   93.   93.][-99. -94. -92. -91. -91. -85. -84. -83. -80. -80. -79. -76. -75. -74.
 -73. -72. -70. -68. -67. -61. -59. -54. -51. -51. -49. -46. -44. -43.
 -42. -40. -36. -35. -33. -33. -31. -30. -29. -28. -25. -24. -24. -23.
 -21. -20. -20. -18. -16. -15. -12.  -6.  -3.  -1.   2.   2.   4.   5.
   6.   7.  10.  11.  12.  13.  17.  17.  18.  20.  20.  22.  24.  27.
  27.  29.  29.  38.  41.  45.  49.  53.  55.  58.  59.  62.  68.  70.
  72.  74.  74.  76.  78.  79.  79.  80.  87.  89.  91.  96.  97.  98.
  99.  99.][-100.  -98.  -94.  -93.  -91.  -90.  -89.  -88.  -88.  -82.  -82.  -81.
  -80.  -80.  -79.  -78.  -78.  -77.  -66.  -64.  -62.  -60.  -60.  -58.
  -57.  -51.  -47.  -45.  -44.  -44.  -41.  -39.  -38.  -34.  -34.  -34.
  -32.  -31.  -30.  -29.  -25.  -24.  -22.  -21.  -20.  -18.  -18.  -14.
  -10.   -8.   -1.    0.    0.    1.    5.    7.    9.   10.   12.   15.
   19.   22.   24.   25.   29.   29.   35.   35.   36.   36.   39.   42.
   43.   47.   48.   49.   55.   59.   60.   61.   65.   67.   68.   70.
   70.   71.   72.   75.   79.   81.   84.   90.   92.   92.   94.   94.
   95.   95.   98.  100.][-100.  -99.  -96.  -96.  -94.  -93.  -91.  -89.  -86.  -84.  -84.  -83.
  -79.  -79.  -78.  -77.  -74.  -72.  -71.  -70.  -64.  -64.  -61.  -57.
  -54.  -51.  -44.  -38.  -36.  -36.  -32.  -32.  -29.  -27.  -27.  -26.
  -23.  -22.  -21.  -18.  -17.  -16.  -16.  -15.  -15.  -13.  -10.  -10.
   -9.   -2.    1.    2.    6.    9.   11.   17.   20.   22.   24.   25.
   25.   27.   28.   31.   36.   36.   40.   43.   46.   46.   49.   49.
   50.   50.   53.   54.   56.   57.   57.   61.   62.   63.   66.   66.
   69.   72.   78.   80.   80.   80.   81.   81.   84.   87.   87.   90.
   90.   92.   94.  100.][-100.  -99.  -99.  -95.  -95.  -93.  -90.  -88.  -87.  -84.  -81.  -76.
  -76.  -74.  -68.  -63.  -59.  -56.  -55.  -54.  -53.  -52.  -52.  -51.
  -49.  -45.  -44.  -43.  -42.  -39.  -36.  -30.  -28.  -27.  -24.  -18.
  -15.  -13.  -12.  -12.   -9.   -8.   -4.   -3.   -2.    1.    2.    8.
    9.   12.   15.   18.   18.   19.   20.   21.   22.   23.   25.   26.
   29.   31.   34.   36.   37.   37.   40.   40.   41.   42.   43.   45.
   46.   47.   48.   48.   49.   50.   56.   59.   61.   61.   62.   68.
   69.   69.   71.   72.   75.   78.   81.   85.   89.   89.   92.   93.
   94.   95.   99.   99.][-100. -100.  -93.  -93.  -91.  -91.  -89.  -86.  -85.  -84.  -84.  -83.
  -83.  -79.  -79.  -76.  -76.  -75.  -71.  -70.  -70.  -66.  -66.  -65.
  -65.  -60.  -59.  -57.  -53.  -52.  -46.  -45.  -43.  -41.  -38.  -34.
  -30.  -30.  -28.  -27.  -26.  -25.  -24.  -23.  -22.  -21.  -18.  -17.
  -15.  -11.   -9.   -5.   -4.   -3.    1.    2.    4.    5.    6.    7.
   12.   17.   18.   21.   22.   25.   30.   34.   35.   35.   37.   38.
   38.   38.   44.   44.   49.   50.   51.   52.   56.   59.   59.   61.
   63.   65.   65.   66.   66.   68.   71.   72.   75.   83.   85.   85.
   86.   88.   93.   94.][-97. -95. -94. -93. -91. -86. -86. -86. -85. -80. -80. -80. -80. -79.
 -78. -77. -72. -72. -71. -68. -63. -61. -60. -58. -54. -51. -51. -49.
 -48. -45. -44. -43. -42. -42. -40. -32. -27. -27. -27. -26. -25. -24.
 -23. -23. -19. -19. -18. -17.  -7.  -6.  -5.  -4.   1.   1.  11.  13.
  13.  14.  16.  16.  18.  20.  20.  21.  26.  27.  28.  29.  30.  36.
  40.  41.  44.  51.  53.  58.  58.  59.  62.  64.  65.  69.  71.  73.
  74.  76.  78.  78.  85.  86.  87.  90.  93.  95.  96.  97.  97.  98.
 100. 100.][-100.  -99.  -93.  -91.  -90.  -89.  -88.  -86.  -85.  -75.  -75.  -70.
  -68.  -64.  -62.  -62.  -55.  -53.  -49.  -45.  -44.  -43.  -43.  -41.
  -41.  -40.  -39.  -39.  -38.  -35.  -33.  -33.  -30.  -29.  -27.  -26.
  -26.  -26.  -25.  -25.  -24.  -23.  -23.  -22.  -22.  -19.  -13.  -11.
   -5.   -4.   -3.   -2.    1.    1.    2.    2.    3.    7.    7.    8.
    8.    9.   10.   14.   16.   17.   19.   20.   21.   24.   25.   27.
   27.   30.   33.   34.   39.   40.   41.   45.   46.   47.   49.   50.
   53.   56.   57.   57.   66.   67.   75.   77.   79.   82.   84.   84.
   85.   93.   93.  100.][-99. -96. -94. -88. -86. -85. -83. -83. -83. -82. -79. -78. -73. -73.
 -72. -69. -66. -63. -60. -60. -58. -56. -55. -54. -54. -53. -51. -50.
 -49. -48. -45. -43. -42. -42. -37. -34. -32. -30. -27. -26. -26. -25.
 -23. -19. -17. -15. -15. -15. -12. -10. -10.  -9.  -7.  -5.  -3.   0.
   5.   7.   7.  10.  13.  14.  24.  24.  26.  27.  27.  30.  31.  31.
  32.  34.  44.  47.  50.  50.  50.  53.  54.  56.  57.  58.  63.  64.
  69.  71.  72.  76.  78.  79.  81.  81.  82.  82.  83.  90.  90.  91.
  91.  92.][-99. -99. -92. -92. -84. -82. -80. -79. -78. -76. -75. -74. -74. -72.
 -71. -68. -64. -62. -60. -59. -58. -56. -56. -56. -54. -52. -52. -50.
 -48. -48. -46. -45. -45. -44. -39. -38. -37. -36. -36. -33. -28. -26.
 -22. -21. -19. -19. -18. -16. -11. -11. -11.  -8.  -6.  -3.  -2.  -1.
  -1.   5.   5.  10.  10.  11.  12.  16.  16.  19.  19.  20.  23.  24.
  27.  31.  34.  43.  47.  50.  50.  51.  54.  55.  55.  56.  60.  62.
  63.  67.  67.  67.  68.  70.  71.  71.  76.  82.  82.  86.  90.  90.
  92.  95.][-100. -100.  -99.  -99.  -94.  -89.  -87.  -86.  -81.  -81.  -80.  -79.
  -78.  -77.  -75.  -75.  -75.  -73.  -69.  -67.  -65.  -64.  -63.  -62.
  -62.  -57.  -52.  -51.  -50.  -50.  -49.  -45.  -45.  -45.  -44.  -43.
  -42.  -42.  -41.  -37.  -35.  -35.  -33.  -32.  -31.  -20.  -19.  -14.
  -13.  -11.  -10.   -4.   -3.   -2.    0.    2.    6.    7.    7.    8.
    9.    9.   14.   15.   24.   31.   32.   33.   34.   34.   35.   36.
   40.   44.   46.   46.   49.   53.   56.   60.   60.   61.   62.   64.
   64.   65.   66.   68.   75.   83.   84.   85.   85.   89.   89.   92.
   93.   96.   99.   99.][-98. -97. -96. -92. -90. -85. -84. -81. -80. -78. -73. -73. -71. -70.
 -66. -65. -62. -61. -60. -57. -55. -49. -48. -45. -40. -39. -34. -29.
 -29. -28. -25. -23. -23. -22. -20. -20. -19. -18. -17. -16. -16. -10.
 -10.  -7.  -6.   2.   3.   5.   7.  10.  12.  12.  15.  17.  18.  24.
  25.  27.  28.  31.  32.  35.  35.  35.  38.  40.  42.  44.  45.  46.
  52.  54.  55.  58.  58.  60.  60.  62.  64.  65.  65.  71.  72.  73.
  75.  75.  77.  78.  82.  83.  84.  84.  85.  85.  85.  91.  95.  95.
  96.  99.][-99. -96. -95. -90. -90. -87. -87. -85. -84. -83. -76. -76. -67. -65.
 -63. -60. -54. -52. -51. -51. -50. -49. -47. -44. -39. -39. -39. -38.
 -38. -32. -31. -31. -31. -30. -25. -24. -20. -19. -17. -16. -15. -14.
 -12.  -3.   0.   1.   2.   2.   5.   6.   8.  10.  10.  13.  17.  20.
  21.  21.  21.  23.  23.  25.  27.  28.  29.  30.  33.  33.  34.  36.
  38.  38.  42.  45.  45.  47.  52.  58.  58.  59.  60.  62.  63.  64.
  66.  67.  67.  68.  68.  72.  72.  82.  83.  83.  83.  84.  95.  97.
  97.  98.][-98. -95. -94. -92. -88. -84. -84. -82. -82. -80. -80. -77. -75. -72.
 -70. -65. -64. -62. -62. -61. -60. -59. -58. -54. -52. -49. -46. -46.
 -45. -44. -43. -40. -38. -37. -30. -28. -26. -26. -23. -22. -19. -19.
 -17. -17. -17. -15.  -5.  -2.  -1.   1.   4.   5.   5.   5.   9.  11.
  15.  15.  15.  19.  21.  21.  21.  23.  30.  32.  33.  33.  33.  34.
  36.  38.  39.  43.  46.  47.  49.  51.  52.  53.  56.  56.  58.  61.
  61.  61.  61.  64.  68.  74.  77.  82.  84.  84.  89.  92.  94.  94.
  98.  98.][-92. -87. -87. -86. -84. -80. -77. -74. -71. -69. -67. -66. -62. -61.
 -59. -54. -51. -51. -47. -41. -40. -40. -39. -38. -37. -36. -35. -35.
 -34. -30. -30. -30. -29. -27. -25. -23. -23. -22. -21. -20. -20. -20.
 -19. -14. -13.  -6.  -6.  -6.  -6.  -6.  -5.  -3.   0.   1.   8.  10.
  10.  12.  13.  16.  19.  20.  22.  23.  25.  27.  28.  28.  30.  30.
  35.  36.  41.  44.  45.  46.  47.  47.  54.  56.  57.  58.  64.  69.
  71.  72.  73.  74.  74.  75.  76.  77.  77.  81.  84.  94.  95.  95.
  96.  99.][-96. -95. -95. -95. -94. -93. -91. -90. -89. -85. -82. -81. -77. -70.
 -68. -65. -57. -56. -55. -55. -53. -52. -49. -42. -41. -38. -38. -37.
 -33. -32. -31. -30. -30. -24. -23. -21. -20. -20. -19. -18. -18. -18.
 -13. -13. -10.  -7.  -2.   1.   4.   7.   8.  15.  16.  16.  18.  18.
  20.  24.  26.  27.  27.  27.  29.  29.  33.  38.  38.  38.  39.  41.
  41.  42.  45.  48.  49.  51.  52.  52.  54.  55.  58.  59.  59.  65.
  68.  68.  73.  75.  77.  77.  77.  79.  81.  86.  87.  90.  93.  96.
  97. 100.][-100.  -95.  -95.  -93.  -91.  -90.  -88.  -87.  -84.  -84.  -81.  -78.
  -76.  -75.  -74.  -74.  -74.  -73.  -71.  -71.  -71.  -68.  -65.  -60.
  -60.  -57.  -53.  -53.  -47.  -46.  -45.  -41.  -41.  -40.  -33.  -33.
  -29.  -26.  -24.  -23.  -23.  -23.  -20.  -19.  -17.  -15.  -14.  -13.
  -10.   -8.   -6.   -5.   -3.   -1.   -1.   -1.    1.    4.   12.   13.
   14.   15.   15.   22.   23.   23.   24.   25.   26.   32.   35.   36.
   39.   39.   42.   45.   48.   50.   52.   55.   55.   65.   66.   68.
   69.   72.   73.   75.   77.   78.   78.   85.   87.   87.   89.   90.
   91.   92.   94.   97.][-100.  -99.  -99.  -99.  -98.  -97.  -97.  -94.  -94.  -92.  -87.  -84.
  -82.  -81.  -80.  -80.  -79.  -78.  -77.  -74.  -72.  -66.  -65.  -65.
  -60.  -58.  -58.  -53.  -53.  -44.  -41.  -38.  -33.  -32.  -31.  -31.
  -31.  -30.  -30.  -29.  -23.  -22.  -20.  -19.  -19.  -15.  -10.   -8.
   -3.   -3.    0.    5.    5.    6.    6.    9.   11.   12.   13.   13.
   15.   17.   24.   28.   28.   31.   33.   38.   38.   40.   44.   44.
   45.   47.   52.   52.   57.   59.   60.   60.   60.   63.   65.   65.
   69.   71.   72.   72.   75.   76.   76.   77.   78.   80.   84.   89.
   91.   92.   94.   99.][-95. -93. -92. -92. -90. -89. -83. -83. -83. -79. -77. -75. -73. -65.
 -64. -62. -60. -58. -58. -57. -57. -55. -48. -47. -46. -42. -41. -40.
 -38. -36. -34. -31. -31. -30. -27. -26. -26. -25. -25. -21. -19. -17.
 -14. -13. -12.  -6.  -4.  -1.  -1.   2.   3.   3.   9.   9.  11.  11.
  13.  14.  18.  19.  20.  20.  22.  22.  32.  32.  32.  35.  35.  36.
  37.  38.  41.  41.  44.  49.  60.  61.  63.  64.  64.  67.  68.  71.
  74.  74.  75.  78.  79.  81.  82.  87.  88.  90.  90.  90.  93.  94.
  95.  97.][-100.  -98.  -97.  -94.  -94.  -93.  -92.  -90.  -90.  -90.  -86.  -85.
  -81.  -81.  -78.  -75.  -75.  -71.  -70.  -70.  -66.  -61.  -58.  -57.
  -57.  -52.  -44.  -38.  -38.  -35.  -33.  -32.  -31.  -27.  -25.  -24.
  -24.  -21.  -20.  -19.  -17.  -14.  -13.  -10.  -10.   -8.   -7.   -4.
   -2.   -2.   -1.    2.    2.    3.    5.   11.   11.   11.   12.   13.
   13.   15.   19.   23.   24.   28.   29.   29.   31.   36.   40.   45.
   49.   50.   51.   53.   55.   55.   57.   59.   62.   63.   66.   70.
   71.   74.   75.   76.   81.   84.   87.   87.   88.   90.   92.   92.
   93.   94.   95.   98.][-91. -88. -87. -83. -81. -78. -74. -73. -73. -68. -68. -68. -68. -66.
 -60. -59. -57. -57. -55. -53. -51. -49. -48. -43. -42. -41. -41. -40.
 -38. -37. -35. -35. -34. -31. -31. -31. -29. -29. -28. -25. -25. -24.
 -24. -14. -12.  -9.  -5.  -3.  -2.   1.   3.   7.  11.  12.  13.  14.
  17.  18.  19.  19.  22.  26.  27.  29.  29.  32.  35.  37.  38.  41.
  41.  43.  48.  49.  54.  57.  60.  60.  62.  67.  73.  73.  74.  74.
  74.  74.  79.  80.  83.  83.  85.  86.  89.  90.  90.  91.  95.  99.
  99. 100.][-95. -95. -88. -85. -83. -82. -81. -78. -77. -77. -75. -74. -71. -70.
 -70. -68. -67. -66. -65. -63. -54. -52. -52. -49. -47. -46. -46. -45.
 -44. -42. -41. -40. -40. -37. -36. -35. -35. -33. -31. -30. -29. -28.
 -26. -25. -21. -20. -20. -20. -16. -15. -15. -12.  -8.  -6.  -6.  -3.
  -2.  -1.   2.   4.   6.   9.  11.  11.  17.  18.  20.  21.  24.  24.
  26.  27.  30.  32.  35.  37.  42.  42.  43.  44.  45.  45.  46.  47.
  47.  50.  54.  57.  62.  63.  67.  72.  79.  79.  80.  80.  82.  83.
  87.  97.][-96. -96. -92. -90. -88. -88. -87. -83. -76. -73. -71. -70. -69. -68.
 -67. -62. -60. -59. -52. -50. -49. -49. -49. -48. -46. -45. -44. -43.
 -41. -40. -32. -31. -30. -29. -28. -20. -19. -17. -15. -12. -11.  -9.
  -8.  -2.  -2.  -1.  -1.   1.   1.   1.   3.   6.   7.   7.  17.  19.
  20.  23.  25.  29.  32.  33.  33.  34.  35.  40.  41.  42.  43.  45.
  48.  49.  52.  52.  53.  53.  53.  53.  56.  57.  57.  58.  59.  60.
  62.  64.  65.  77.  83.  83.  84.  84.  87.  88.  91.  95.  95.  97.
  98. 100.][-100.  -96.  -96.  -93.  -92.  -89.  -86.  -86.  -82.  -81.  -81.  -75.
  -74.  -73.  -73.  -72.  -72.  -70.  -67.  -63.  -63.  -61.  -58.  -57.
  -57.  -56.  -53.  -51.  -48.  -47.  -47.  -45.  -45.  -43.  -41.  -41.
  -38.  -38.  -35.  -33.  -31.  -30.  -30.  -27.  -25.  -22.  -22.  -15.
  -15.  -13.   -9.   -7.   -3.   -2.   -2.   -1.    0.    0.    3.    4.
    6.    6.   14.   14.   14.   15.   15.   16.   18.   23.   24.   26.
   27.   27.   28.   39.   40.   41.   42.   45.   48.   52.   53.   54.
   57.   57.   59.   63.   63.   64.   65.   65.   66.   68.   71.   77.
   78.   79.   86.   98.][-100.  -98.  -96.  -95.  -94.  -90.  -89.  -88.  -85.  -85.  -83.  -79.
  -74.  -74.  -73.  -72.  -71.  -67.  -64.  -61.  -60.  -60.  -55.  -54.
  -52.  -49.  -48.  -47.  -45.  -45.  -44.  -44.  -43.  -41.  -39.  -38.
  -38.  -37.  -35.  -33.  -32.  -27.  -24.  -21.  -20.  -14.   -6.   -4.
   -2.    3.    9.    9.   11.   12.   13.   16.   17.   18.   26.   26.
   27.   29.   29.   32.   32.   32.   34.   35.   35.   36.   42.   43.
   44.   46.   49.   50.   53.   53.   54.   55.   57.   58.   62.   63.
   64.   65.   66.   68.   68.   69.   70.   71.   84.   86.   89.   91.
   91.   95.   95.   95.][-97. -95. -92. -92. -91. -87. -86. -85. -81. -81. -80. -75. -70. -69.
 -69. -68. -67. -67. -65. -57. -54. -48. -46. -43. -43. -40. -40. -35.
 -35. -34. -31. -28. -28. -25. -20. -20. -20. -16. -15. -14. -12.  -9.
  -8.  -7.  -2.  -2.   2.   3.   4.   4.   8.   8.  10.  11.  12.  12.
  14.  14.  17.  19.  21.  24.  24.  28.  28.  32.  33.  34.  37.  39.
  43.  43.  45.  46.  52.  57.  61.  61.  62.  62.  66.  70.  70.  73.
  75.  78.  78.  80.  80.  80.  81.  82.  85.  89.  91.  95.  95.  96.
  96.  99.][-100.  -94.  -93.  -92.  -87.  -85.  -84.  -80.  -77.  -76.  -74.  -74.
  -73.  -73.  -59.  -59.  -58.  -52.  -51.  -51.  -50.  -48.  -42.  -41.
  -41.  -41.  -38.  -37.  -36.  -35.  -34.  -30.  -25.  -22.  -21.  -20.
  -19.  -18.  -17.  -16.  -16.  -15.  -13.   -8.   -8.   -6.   -1.    0.
    0.    1.    2.    6.    8.   13.   14.   16.   16.   27.   31.   35.
   36.   36.   40.   41.   42.   43.   44.   48.   49.   49.   49.   50.
   50.   51.   53.   54.   54.   55.   55.   56.   57.   58.   58.   62.
   65.   68.   69.   72.   72.   73.   77.   77.   78.   81.   81.   82.
   83.   91.   98.  100.][-100.  -99.  -98.  -97.  -97.  -97.  -89.  -88.  -87.  -83.  -83.  -79.
  -79.  -77.  -76.  -75.  -74.  -73.  -73.  -71.  -70.  -66.  -65.  -58.
  -57.  -56.  -56.  -55.  -53.  -47.  -38.  -35.  -35.  -31.  -29.  -28.
  -23.  -19.  -19.  -13.   -7.   -4.   -3.   -3.   -1.    0.    0.    0.
    6.    6.    7.    9.   12.   12.   13.   18.   19.   20.   21.   22.
   23.   23.   23.   24.   26.   26.   27.   30.   31.   36.   41.   44.
   47.   49.   49.   53.   56.   58.   59.   63.   68.   72.   73.   75.
   77.   79.   80.   81.   82.   83.   83.   83.   85.   86.   89.   92.
   94.   94.   96.   98.][-98. -98. -92. -89. -88. -88. -87. -80. -77. -74. -72. -67. -66. -64.
 -55. -54. -53. -52. -51. -50. -50. -49. -48. -47. -47. -46. -46. -44.
 -43. -41. -39. -38. -37. -36. -35. -34. -34. -33. -32. -31. -30. -28.
 -27. -25. -23. -21. -17. -17. -14. -13.  -8.  -5.  -5.   1.   5.   6.
   6.  10.  10.  17.  19.  20.  20.  21.  22.  23.  24.  24.  28.  31.
  32.  39.  41.  42.  44.  48.  48.  50.  54.  54.  54.  55.  57.  59.
  60.  66.  66.  70.  71.  72.  79.  81.  83.  83.  85.  86.  91.  95.
  96.  97.][-100.  -99.  -97.  -96.  -96.  -93.  -92.  -92.  -91.  -90.  -86.  -86.
  -84.  -82.  -82.  -75.  -69.  -69.  -69.  -65.  -64.  -58.  -57.  -55.
  -54.  -54.  -52.  -51.  -45.  -42.  -34.  -34.  -34.  -32.  -29.  -29.
  -18.  -10.   -6.   -1.   -1.   -1.    0.    1.    2.    4.    6.    7.
    8.    9.    9.   10.   11.   11.   15.   19.   19.   21.   21.   30.
   31.   33.   35.   37.   38.   42.   45.   51.   52.   52.   54.   54.
   55.   58.   62.   62.   62.   63.   64.   68.   68.   69.   70.   70.
   71.   77.   79.   79.   82.   82.   83.   86.   87.   90.   90.   92.
   92.   96.   99.  100.][-98. -97. -95. -90. -89. -89. -84. -81. -80. -77. -77. -73. -71. -66.
 -61. -57. -54. -53. -53. -52. -51. -49. -48. -48. -47. -45. -42. -38.
 -37. -35. -35. -35. -34. -32. -31. -27. -27. -25. -25. -24. -23. -19.
 -18. -17. -16. -15. -14.  -4.  -2.  -1.   0.   4.   9.  11.  14.  16.
  16.  17.  18.  18.  19.  19.  19.  21.  23.  24.  24.  29.  30.  33.
  36.  38.  39.  43.  46.  46.  59.  61.  61.  63.  67.  68.  69.  70.
  70.  73.  77.  78.  79.  79.  82.  86.  87.  89.  91.  93.  94.  95.
  96. 100.][-100.  -96.  -93.  -92.  -91.  -91.  -86.  -80.  -79.  -78.  -70.  -69.
  -69.  -68.  -64.  -63.  -63.  -59.  -53.  -51.  -44.  -43.  -42.  -37.
  -35.  -35.  -30.  -29.  -26.  -25.  -25.  -23.  -21.  -20.  -19.  -13.
  -11.  -10.   -2.    1.    1.    7.   11.   14.   15.   17.   19.   20.
   22.   23.   24.   28.   29.   33.   35.   36.   36.   36.   36.   37.
   39.   40.   41.   42.   42.   43.   43.   45.   45.   48.   50.   51.
   52.   53.   53.   55.   55.   56.   57.   60.   61.   61.   63.   65.
   67.   72.   73.   76.   78.   78.   79.   81.   83.   87.   92.   92.
   93.   95.   98.  100.][-98. -90. -88. -84. -84. -83. -78. -77. -76. -73. -71. -70. -65. -65.
 -63. -62. -61. -61. -60. -59. -59. -56. -54. -50. -43. -41. -41. -39.
 -37. -37. -34. -29. -23. -22. -21. -21. -19. -18. -10.  -9.  -8.  -8.
  -7.  -6.  -6.  -4.  -1.   2.   3.   4.   6.   9.  10.  16.  16.  18.
  20.  21.  23.  23.  24.  30.  31.  31.  33.  36.  39.  39.  40.  43.
  44.  44.  49.  52.  53.  55.  56.  58.  59.  62.  66.  66.  70.  70.
  76.  78.  84.  85.  86.  86.  87.  87.  87.  88.  88.  89.  95.  98.
  99. 100.][-100. -100.  -99.  -98.  -94.  -93.  -90.  -90.  -87.  -82.  -81.  -80.
  -73.  -72.  -72.  -67.  -66.  -64.  -63.  -63.  -56.  -56.  -55.  -54.
  -53.  -53.  -52.  -48.  -44.  -43.  -42.  -42.  -39.  -39.  -22.  -20.
  -20.  -14.  -14.  -14.   -8.   -7.   -5.   -4.   -3.    1.    3.    4.
    6.   10.   11.   15.   16.   18.   19.   21.   23.   24.   24.   25.
   28.   29.   31.   33.   36.   36.   39.   39.   44.   47.   48.   56.
   56.   57.   57.   59.   61.   62.   63.   65.   66.   69.   71.   72.
   72.   73.   74.   76.   81.   81.   82.   86.   87.   87.   88.   93.
   94.   95.   96.   97.]