[-100.  -99.  -97.  -96.  -93.  -91.  -89.  -89.  -85.  -85.  -74.  -74.
  -74.  -73.  -72.  -71.  -68.  -68.  -68.  -67.  -67.  -66.  -61.  -60.
  -60.  -56.  -54.  -52.  -50.  -49.  -47.  -41.  -37.  -30.  -29.  -29.
  -26.  -25.  -24.  -19.  -18.  -16.  -14.  -14.  -12.   -8.   -3.   -3.
    0.    2.    6.    8.   12.   16.   18.   18.   18.   22.   30.   30.
   31.   32.   34.   38.   46.   46.   46.   48.   50.   50.   52.   52.
   58.   58.   62.   66.   68.   70.   74.   75.   76.   76.   77.   78.
   78.   78.   80.   80.   82.   83.   84.   86.   88.   89.   92.   92.
   94.   94.   95.   95.][-99. -99. -98. -97. -95. -95. -94. -92. -79. -71. -69. -67. -66. -61.
 -58. -58. -58. -56. -54. -54. -53. -51. -48. -47. -45. -44. -40. -38.
 -32. -31. -30. -29. -22. -18. -18. -18. -16. -15. -14. -14. -11.   0.
   2.   3.   4.   5.  13.  15.  16.  16.  18.  20.  20.  24.  24.  25.
  29.  33.  34.  35.  36.  38.  40.  42.  43.  43.  45.  45.  45.  47.
  48.  51.  52.  54.  55.  56.  58.  60.  62.  63.  65.  67.  67.  68.
  68.  72.  75.  76.  76.  77.  78.  81.  81.  82.  85.  86.  90.  90.
  91.  96.][-100.  -99.  -98.  -97.  -94.  -92.  -89.  -83.  -82.  -81.  -80.  -77.
  -73.  -70.  -69.  -64.  -61.  -60.  -58.  -58.  -57.  -54.  -53.  -52.
  -47.  -44.  -43.  -41.  -39.  -35.  -33.  -33.  -30.  -25.  -24.  -23.
  -19.  -18.  -18.  -13.   -9.   -8.   -8.   -7.   -2.    2.    3.    4.
    5.    6.    8.    9.   10.   13.   17.   18.   19.   19.   23.   25.
   26.   28.   30.   31.   32.   33.   35.   36.   37.   39.   41.   42.
   44.   46.   48.   54.   60.   62.   63.   63.   69.   75.   79.   79.
   80.   81.   84.   86.   87.   88.   90.   92.   94.   95.   96.   99.
   99.   99.   99.  100.][-99. -99. -94. -92. -92. -89. -85. -83. -83. -82. -81. -79. -73. -72.
 -72. -69. -68. -65. -63. -62. -62. -60. -53. -48. -46. -45. -36. -31.
 -28. -22. -20. -20. -16. -13. -11.   4.   8.  10.  11.  12.  13.  13.
  14.  16.  16.  17.  19.  20.  21.  22.  23.  27.  27.  28.  29.  30.
  31.  31.  35.  35.  36.  37.  37.  38.  40.  41.  42.  44.  45.  46.
  46.  49.  50.  50.  51.  53.  54.  55.  57.  59.  59.  61.  62.  64.
  66.  70.  72.  74.  76.  81.  85.  85.  86.  94.  95.  95.  96.  96.
 100. 100.][-100.  -99.  -98.  -97.  -95.  -94.  -92.  -92.  -91.  -90.  -89.  -81.
  -80.  -79.  -75.  -74.  -73.  -71.  -71.  -70.  -63.  -63.  -51.  -49.
  -47.  -47.  -47.  -46.  -46.  -45.  -44.  -43.  -39.  -38.  -30.  -26.
  -26.  -24.  -23.  -22.  -19.  -13.   -7.   -2.    1.    4.    5.    6.
    9.   12.   12.   16.   17.   18.   20.   22.   28.   32.   32.   35.
   36.   37.   38.   40.   42.   42.   45.   46.   46.   47.   49.   49.
   54.   54.   59.   59.   60.   60.   60.   61.   62.   62.   65.   66.
   69.   70.   74.   76.   78.   79.   82.   83.   83.   84.   88.   92.
   96.   98.   98.   99.][-99. -97. -97. -95. -95. -92. -89. -89. -88. -88. -85. -83. -80. -74.
 -72. -72. -70. -69. -68. -67. -66. -66. -61. -58. -58. -57. -57. -49.
 -49. -46. -46. -44. -44. -44. -42. -40. -40. -40. -35. -33. -30. -26.
 -21. -20. -13. -13. -12.  -5.  -3.   1.   2.   3.   5.   5.   5.   7.
  12.  16.  17.  18.  19.  20.  21.  22.  25.  26.  27.  29.  33.  33.
  33.  35.  36.  37.  39.  39.  48.  50.  51.  57.  62.  64.  65.  66.
  73.  81.  82.  82.  84.  84.  85.  85.  89.  90.  91.  92.  93.  96.
 100. 100.][-100.  -98.  -98.  -97.  -96.  -95.  -92.  -81.  -79.  -78.  -76.  -75.
  -75.  -71.  -70.  -70.  -68.  -66.  -65.  -65.  -64.  -63.  -61.  -58.
  -58.  -56.  -55.  -53.  -51.  -50.  -49.  -49.  -47.  -42.  -40.  -38.
  -37.  -37.  -26.  -24.  -22.  -20.  -20.  -15.  -14.   -8.   -8.   -5.
   -5.   -4.   -1.    0.    1.    2.    5.    7.    8.   13.   17.   17.
   19.   20.   26.   31.   31.   33.   36.   36.   39.   39.   46.   47.
   51.   55.   55.   56.   58.   59.   60.   61.   64.   64.   65.   65.
   70.   71.   73.   73.   80.   80.   80.   82.   83.   89.   89.   90.
   92.   92.   96.   98.][-99. -99. -93. -93. -91. -90. -89. -83. -79. -77. -75. -66. -65. -65.
 -63. -61. -54. -50. -49. -47. -46. -46. -40. -39. -38. -36. -34. -29.
 -26. -25. -24. -22. -21. -20. -18. -17. -17. -15.  -8.  -7.  -7.  -6.
  -4.  -4.  -3.   3.   6.   8.   9.  10.  11.  12.  13.  14.  14.  16.
  17.  17.  21.  27.  29.  30.  32.  36.  41.  43.  45.  50.  51.  53.
  54.  54.  55.  56.  57.  62.  63.  65.  67.  69.  69.  70.  71.  73.
  73.  73.  73.  76.  78.  81.  85.  86.  87.  87.  88.  90.  93.  96.
  98.  99.][-100.  -98.  -98.  -95.  -95.  -94.  -91.  -89.  -89.  -89.  -89.  -87.
  -86.  -86.  -84.  -83.  -76.  -76.  -75.  -75.  -74.  -74.  -74.  -70.
  -69.  -68.  -68.  -62.  -55.  -54.  -53.  -46.  -42.  -41.  -37.  -36.
  -35.  -35.  -31.  -30.  -29.  -28.  -28.  -19.  -11.  -11.  -11.   -4.
   -2.   -1.   -1.    0.    0.    1.    2.   11.   11.   16.   17.   17.
   18.   20.   22.   27.   29.   29.   30.   34.   36.   39.   39.   41.
   46.   49.   50.   52.   52.   53.   54.   55.   56.   56.   57.   58.
   63.   68.   68.   68.   78.   80.   86.   87.   89.   94.   94.   95.
   95.   97.   98.   99.][-100.  -98.  -97.  -96.  -95.  -95.  -95.  -84.  -81.  -81.  -81.  -75.
  -75.  -67.  -65.  -65.  -61.  -55.  -55.  -52.  -49.  -46.  -46.  -45.
  -45.  -42.  -39.  -37.  -36.  -34.  -34.  -31.  -29.  -25.  -16.   -9.
   -7.   -4.   -3.    1.    4.    8.    9.   12.   12.   13.   16.   16.
   17.   17.   17.   18.   18.   20.   20.   20.   24.   24.   28.   31.
   31.   34.   34.   34.   37.   39.   41.   42.   44.   44.   45.   46.
   46.   47.   48.   48.   51.   56.   58.   59.   60.   62.   62.   62.
   64.   67.   68.   70.   72.   72.   79.   79.   82.   83.   87.   87.
   88.   89.   92.   98.][-99. -97. -94. -93. -88. -81. -78. -77. -77. -76. -72. -71. -66. -65.
 -64. -61. -57. -55. -50. -49. -48. -47. -47. -46. -44. -42. -39. -32.
 -32. -31. -29. -29. -29. -25. -24. -23. -21. -20. -19. -19. -18. -18.
 -17. -15. -14.  -7.  -5.  -5.  -4.  -3.  -2.   0.   2.   6.   7.   8.
   9.  10.  10.  16.  17.  18.  18.  20.  26.  29.  30.  30.  30.  33.
  34.  36.  39.  40.  41.  41.  43.  43.  44.  44.  47.  50.  57.  63.
  66.  67.  68.  75.  76.  78.  79.  80.  85.  87.  88.  92.  96.  97.
  97.  99.][-100.  -98.  -98.  -96.  -91.  -87.  -87.  -81.  -81.  -80.  -75.  -74.
  -66.  -65.  -62.  -61.  -59.  -59.  -56.  -53.  -52.  -46.  -46.  -45.
  -41.  -38.  -37.  -37.  -37.  -35.  -34.  -31.  -30.  -29.  -28.  -27.
  -24.  -22.  -11.   -7.   -4.   -4.   -3.   -2.    1.    4.    6.    6.
    7.    7.    8.   16.   18.   19.   19.   20.   21.   21.   22.   23.
   23.   26.   30.   34.   35.   36.   37.   37.   42.   47.   47.   49.
   51.   52.   52.   54.   54.   55.   56.   58.   59.   59.   60.   60.
   64.   64.   66.   71.   74.   74.   75.   80.   80.   83.   86.   88.
   88.   98.  100.  100.][-99. -96. -91. -90. -88. -86. -81. -79. -79. -78. -77. -76. -75. -74.
 -72. -69. -65. -63. -62. -57. -57. -53. -53. -52. -52. -50. -50. -47.
 -47. -43. -43. -43. -43. -42. -42. -37. -37. -34. -29. -29. -27. -23.
 -21. -19. -19. -16. -13. -12.  -9.  -8.  -8.  -6.  -4.  -4.  -1.   0.
   2.   5.   7.  12.  13.  13.  28.  29.  30.  33.  33.  34.  34.  37.
  42.  43.  46.  46.  47.  50.  51.  53.  54.  54.  55.  56.  58.  60.
  60.  63.  65.  68.  72.  77.  80.  80.  84.  87.  88.  88.  94.  95.
  97.  98.][-95. -94. -93. -91. -90. -89. -87. -86. -86. -85. -83. -76. -76. -74.
 -73. -72. -72. -72. -71. -69. -69. -68. -67. -67. -65. -64. -60. -59.
 -56. -49. -42. -42. -41. -38. -37. -36. -35. -29. -25. -25. -24. -24.
 -19. -18. -17. -16. -14. -14. -14. -13. -13. -11. -11.  -7.  -6.  -4.
  -3.  -1.   2.   5.   9.  10.  19.  19.  21.  23.  32.  32.  33.  34.
  34.  41.  41.  42.  43.  45.  47.  47.  48.  54.  54.  58.  59.  61.
  61.  64.  66.  66.  71.  72.  74.  80.  82.  89.  90.  90.  95.  97.
  97.  98.][-99. -91. -91. -90. -89. -89. -80. -77. -76. -71. -70. -68. -66. -65.
 -63. -63. -61. -61. -58. -56. -55. -53. -51. -51. -48. -46. -46. -45.
 -44. -42. -41. -40. -38. -37. -35. -35. -35. -32. -31. -29. -28. -26.
 -24. -23. -19. -18. -18. -15. -14. -13. -12. -12. -11. -10. -10.  -7.
  -6.  -3.   5.   6.   7.  13.  14.  16.  19.  25.  26.  26.  28.  29.
  34.  41.  46.  46.  57.  63.  63.  64.  66.  67.  69.  72.  72.  73.
  74.  75.  77.  80.  82.  82.  84.  85.  86.  89.  91.  95.  95.  97.
 100. 100.][-99. -97. -94. -92. -91. -87. -85. -81. -80. -74. -73. -72. -71. -70.
 -65. -64. -63. -60. -60. -59. -59. -58. -54. -51. -50. -47. -47. -46.
 -44. -43. -43. -38. -34. -33. -33. -29. -28. -26. -26. -25. -22. -14.
 -13. -12. -11.  -9.  -6.  -6.  -3.  -3.  -3.   2.   3.   6.   7.  10.
  12.  13.  14.  20.  21.  21.  21.  21.  22.  25.  26.  26.  27.  28.
  29.  30.  33.  34.  37.  46.  49.  51.  58.  58.  59.  61.  65.  65.
  73.  74.  74.  76.  77.  78.  80.  81.  81.  82.  83.  84.  88.  90.
  97.  99.][-97. -95. -91. -89. -87. -86. -84. -84. -80. -76. -75. -70. -68. -68.
 -67. -66. -64. -62. -60. -58. -58. -58. -55. -53. -53. -52. -52. -51.
 -45. -44. -44. -43. -41. -41. -40. -31. -30. -30. -29. -27. -24. -18.
 -18. -17. -16. -16. -13.  -7.  -7.  -5.  -2.   4.   5.  11.  13.  15.
  18.  22.  22.  32.  38.  43.  44.  44.  45.  47.  56.  58.  59.  62.
  66.  68.  68.  68.  71.  74.  75.  76.  80.  82.  83.  83.  84.  85.
  85.  86.  88.  89.  91.  93.  93.  93.  94.  94.  96.  96.  97.  98.
  98.  99.][-99. -97. -95. -95. -92. -90. -88. -85. -85. -81. -75. -74. -72. -65.
 -62. -55. -46. -44. -42. -42. -38. -35. -32. -28. -26. -25. -22. -22.
 -21. -20. -18. -18. -18. -14. -11. -10.  -8.  -8.  -7.  -2.  -1.   1.
   6.  10.  12.  13.  14.  19.  21.  22.  24.  25.  26.  29.  29.  30.
  30.  33.  34.  34.  37.  39.  42.  43.  50.  51.  53.  55.  55.  56.
  64.  65.  66.  66.  66.  68.  68.  69.  71.  71.  71.  72.  74.  76.
  81.  81.  84.  84.  86.  88.  90.  90.  92.  92.  95.  95.  96.  97.
  98.  99.][-100.  -98.  -93.  -88.  -86.  -84.  -83.  -78.  -76.  -72.  -71.  -70.
  -68.  -63.  -62.  -59.  -58.  -57.  -57.  -56.  -55.  -47.  -45.  -44.
  -39.  -39.  -38.  -35.  -33.  -31.  -28.  -23.  -23.  -22.  -22.  -21.
  -16.  -15.  -13.  -12.  -12.  -10.   -9.   -8.   -8.   -6.   -4.   -3.
    0.    5.    6.    8.   10.   13.   19.   19.   21.   21.   25.   26.
   28.   29.   30.   31.   35.   36.   36.   38.   45.   46.   47.   48.
   48.   50.   52.   52.   54.   55.   56.   56.   59.   59.   62.   62.
   67.   69.   70.   71.   77.   77.   81.   82.   84.   85.   86.   93.
   93.   94.   95.  100.][-99. -95. -92. -91. -90. -86. -85. -84. -83. -82. -82. -80. -80. -73.
 -71. -67. -65. -61. -60. -58. -53. -52. -52. -52. -50. -41. -40. -38.
 -38. -36. -28. -22. -20. -19. -17. -17. -17. -16. -14. -14. -13.  -7.
  -6.  -5.  -3.  -1.   0.   7.   9.  11.  11.  13.  14.  15.  17.  17.
  23.  23.  27.  28.  29.  30.  30.  30.  35.  41.  42.  43.  43.  45.
  45.  46.  48.  48.  49.  52.  52.  54.  55.  56.  61.  64.  64.  64.
  70.  75.  75.  76.  79.  82.  84.  88.  89.  89.  90.  90.  91.  91.
  96.  98.][-92. -89. -87. -86. -84. -82. -81. -80. -80. -79. -78. -76. -66. -65.
 -64. -62. -62. -61. -54. -54. -53. -53. -49. -48. -48. -43. -43. -43.
 -41. -36. -34. -34. -33. -33. -32. -31. -30. -26. -25. -24. -24. -20.
 -19. -16. -16. -13. -11.  -5.  -4.   7.   7.  11.  13.  13.  15.  19.
  20.  23.  25.  28.  29.  32.  33.  33.  34.  34.  35.  35.  38.  38.
  38.  39.  48.  49.  53.  55.  56.  57.  62.  64.  67.  69.  69.  70.
  71.  74.  76.  77.  77.  78.  83.  84.  84.  86.  87.  88.  93.  97.
  98. 100.][-99. -97. -97. -95. -93. -92. -90. -89. -88. -86. -86. -84. -81. -81.
 -80. -78. -73. -72. -71. -71. -70. -68. -68. -65. -58. -58. -58. -53.
 -51. -50. -48. -43. -37. -37. -36. -36. -35. -34. -28. -24. -23. -21.
 -17. -14. -14. -12.  -8.  -6.  -5.  -3.   1.   2.   5.   6.   6.   7.
   8.   9.  10.  13.  18.  20.  21.  21.  22.  22.  22.  23.  26.  28.
  29.  30.  31.  32.  36.  40.  45.  46.  46.  50.  50.  53.  58.  63.
  65.  65.  69.  71.  72.  73.  74.  75.  77.  79.  82.  83.  84.  94.
  97. 100.][-95. -94. -94. -91. -88. -87. -84. -81. -79. -78. -77. -76. -74. -72.
 -72. -71. -70. -69. -66. -66. -63. -62. -61. -59. -57. -51. -47. -46.
 -44. -43. -43. -42. -41. -40. -39. -37. -33. -27. -24. -22. -20. -19.
 -11. -11.  -4.   2.   2.   3.   4.   5.   6.  12.  14.  14.  15.  15.
  16.  17.  17.  18.  19.  23.  28.  32.  33.  33.  37.  38.  39.  39.
  43.  47.  47.  48.  49.  53.  55.  59.  60.  60.  62.  62.  62.  62.
  63.  63.  66.  67.  68.  71.  72.  76.  77.  78.  80.  81.  86.  88.
  93.  97.][-98. -98. -98. -97. -95. -91. -88. -87. -85. -83. -82. -77. -74. -73.
 -70. -70. -68. -67. -67. -63. -62. -61. -61. -59. -58. -56. -56. -52.
 -50. -50. -48. -40. -36. -35. -34. -34. -33. -29. -28. -26. -21. -20.
 -18. -12. -11.  -8.  -6.  -6.  -6.  -4.  -3.  -1.   0.   0.   4.   6.
   8.  12.  13.  15.  16.  19.  19.  25.  27.  34.  36.  37.  39.  40.
  41.  43.  44.  45.  45.  48.  49.  53.  53.  55.  57.  57.  60.  62.
  62.  65.  69.  70.  73.  74.  75.  75.  77.  80.  81.  82.  85.  90.
  90.  92.][-100.  -97.  -96.  -95.  -94.  -87.  -87.  -87.  -87.  -86.  -84.  -84.
  -82.  -82.  -82.  -81.  -80.  -80.  -73.  -73.  -72.  -68.  -68.  -67.
  -66.  -65.  -62.  -62.  -60.  -60.  -56.  -56.  -53.  -49.  -46.  -45.
  -43.  -40.  -39.  -39.  -36.  -35.  -33.  -32.  -28.  -27.  -21.  -20.
  -19.  -14.  -12.  -10.   -9.   -8.   -7.    0.    1.    9.   10.   11.
   19.   22.   23.   25.   28.   31.   32.   36.   41.   42.   43.   44.
   45.   47.   47.   48.   51.   54.   54.   55.   58.   59.   61.   67.
   70.   71.   72.   73.   75.   77.   78.   80.   82.   82.   85.   88.
   88.   93.   97.   98.][-100. -100.  -98.  -97.  -96.  -95.  -92.  -92.  -91.  -90.  -89.  -87.
  -85.  -82.  -81.  -80.  -79.  -77.  -75.  -69.  -65.  -64.  -61.  -57.
  -56.  -53.  -51.  -46.  -42.  -40.  -36.  -29.  -27.  -27.  -27.  -27.
  -26.  -25.  -24.  -20.  -19.  -18.  -18.  -18.  -18.  -16.  -15.  -11.
   -7.   -5.   -4.   -3.    1.    2.    7.   13.   14.   15.   20.   21.
   33.   34.   36.   37.   37.   39.   39.   42.   42.   42.   44.   54.
   56.   58.   59.   60.   61.   67.   68.   68.   70.   73.   74.   75.
   81.   82.   82.   85.   85.   85.   85.   85.   86.   87.   88.   88.
   90.   95.   96.   98.][-100.  -99.  -94.  -86.  -86.  -86.  -84.  -81.  -79.  -78.  -78.  -77.
  -75.  -58.  -57.  -55.  -54.  -52.  -51.  -50.  -49.  -47.  -45.  -40.
  -36.  -34.  -34.  -30.  -29.  -29.  -27.  -25.  -23.  -22.  -22.  -21.
  -19.  -17.  -16.  -11.  -11.   -9.   -5.   -4.    3.    3.    4.    9.
   10.   20.   21.   21.   22.   24.   25.   26.   27.   28.   31.   32.
   34.   34.   36.   38.   40.   41.   42.   43.   48.   51.   52.   54.
   54.   55.   55.   56.   58.   64.   64.   65.   67.   68.   71.   72.
   72.   73.   78.   80.   81.   82.   82.   82.   86.   88.   88.   90.
   93.   95.   96.   98.][-100.  -99.  -94.  -93.  -93.  -92.  -92.  -90.  -88.  -86.  -80.  -78.
  -77.  -77.  -77.  -74.  -74.  -67.  -66.  -62.  -60.  -59.  -54.  -53.
  -51.  -51.  -50.  -46.  -43.  -39.  -39.  -38.  -37.  -29.  -26.  -23.
  -22.  -20.  -19.  -14.  -12.  -11.   -9.   -8.   -8.   -4.   -2.   -1.
   -1.   -1.    9.    9.   12.   14.   16.   17.   18.   19.   19.   19.
   21.   24.   29.   31.   31.   36.   38.   39.   40.   43.   48.   50.
   52.   53.   55.   57.   57.   60.   65.   65.   66.   69.   71.   73.
   75.   75.   75.   80.   80.   81.   84.   84.   86.   88.   90.   91.
   96.   98.   99.   99.][-97. -96. -94. -89. -89. -85. -84. -82. -82. -82. -80. -79. -71. -68.
 -67. -66. -63. -58. -56. -52. -47. -46. -43. -42. -39. -37. -35. -32.
 -30. -30. -29. -28. -27. -23. -23. -20. -20. -20. -16. -12.  -9.  -8.
  -7.  -4.  -3.   2.   8.   9.  14.  19.  21.  21.  21.  25.  26.  27.
  27.  28.  28.  37.  38.  43.  43.  44.  44.  45.  45.  46.  46.  49.
  49.  51.  51.  52.  52.  53.  54.  57.  59.  59.  60.  65.  69.  70.
  70.  70.  74.  74.  76.  76.  78.  81.  81.  81.  87.  87.  88.  90.
  92.  97.][-95. -93. -93. -92. -88. -88. -85. -82. -81. -80. -78. -75. -74. -71.
 -70. -70. -65. -62. -61. -60. -58. -56. -53. -53. -53. -51. -50. -49.
 -46. -46. -42. -42. -40. -39. -39. -39. -38. -37. -37. -36. -26. -22.
 -20. -17. -15. -13. -10.  -8.   0.   0.   3.   3.   6.   6.   7.   7.
   8.   9.  12.  12.  16.  18.  21.  24.  28.  29.  30.  35.  35.  37.
  39.  40.  40.  42.  43.  44.  48.  49.  53.  58.  59.  60.  62.  63.
  66.  66.  70.  71.  74.  76.  77.  80.  82.  89.  91.  97.  98.  98.
 100. 100.][-100.  -99.  -94.  -93.  -87.  -86.  -85.  -82.  -80.  -79.  -78.  -77.
  -71.  -69.  -69.  -68.  -68.  -68.  -66.  -63.  -62.  -61.  -61.  -53.
  -52.  -51.  -49.  -48.  -47.  -46.  -44.  -39.  -38.  -36.  -36.  -35.
  -34.  -33.  -30.  -29.  -27.  -26.  -21.  -21.  -14.  -14.  -13.  -12.
  -11.  -10.   -9.   -5.    0.    1.    1.    2.    4.    5.    6.    9.
   12.   15.   15.   20.   22.   23.   23.   25.   31.   33.   39.   42.
   44.   45.   46.   46.   48.   49.   52.   61.   62.   69.   70.   76.
   77.   79.   82.   82.   83.   83.   83.   85.   86.   89.   89.   90.
   91.   93.  100.  100.][-93. -92. -89. -85. -84. -81. -79. -76. -74. -74. -73. -73. -70. -69.
 -68. -65. -59. -53. -52. -51. -51. -48. -48. -48. -44. -44. -43. -42.
 -40. -39. -38. -37. -36. -33. -30. -28. -25. -19. -10. -10.  -9.  -8.
  -8.  -2.  -1.   2.   4.   7.   7.   8.  10.  10.  16.  16.  17.  18.
  19.  24.  24.  24.  26.  30.  30.  32.  32.  32.  33.  34.  36.  40.
  41.  41.  41.  43.  44.  46.  47.  47.  49.  54.  54.  56.  63.  65.
  65.  66.  67.  67.  75.  80.  85.  85.  87.  87.  88.  93.  94.  97.
  98. 100.][-97. -90. -86. -86. -82. -80. -78. -75. -75. -70. -68. -64. -63. -63.
 -63. -63. -62. -60. -60. -54. -54. -51. -50. -49. -48. -47. -43. -41.
 -39. -37. -35. -35. -34. -34. -29. -27. -27. -24. -22. -21. -19. -19.
 -18. -17. -14. -13. -11.  -8.  -8.  -6.  -4.  -4.  -3.   0.   1.   3.
   4.   4.   6.   7.  12.  19.  21.  22.  26.  28.  34.  36.  37.  41.
  42.  48.  49.  49.  51.  53.  54.  55.  59.  59.  60.  60.  61.  64.
  66.  71.  73.  76.  76.  77.  82.  84.  86.  87.  89.  89.  92.  92.
  97. 100.][-100.  -90.  -85.  -84.  -81.  -81.  -78.  -77.  -76.  -74.  -68.  -68.
  -68.  -67.  -64.  -64.  -64.  -61.  -60.  -57.  -56.  -54.  -53.  -52.
  -52.  -49.  -48.  -45.  -42.  -36.  -35.  -35.  -34.  -31.  -30.  -29.
  -28.  -26.  -24.  -23.  -21.  -21.  -18.  -17.  -17.  -14.  -11.  -10.
   -9.   -8.   -8.   -6.   -6.   -6.    5.   10.   12.   15.   16.   16.
   21.   26.   27.   28.   28.   33.   35.   35.   36.   37.   38.   40.
   40.   44.   44.   45.   47.   49.   61.   61.   63.   69.   70.   70.
   74.   74.   78.   78.   79.   80.   82.   83.   86.   86.   88.   92.
   93.   94.   96.   97.][-97. -93. -93. -92. -91. -91. -90. -88. -86. -85. -82. -81. -74. -72.
 -71. -71. -69. -66. -64. -63. -62. -62. -61. -61. -59. -56. -55. -53.
 -53. -52. -49. -47. -47. -45. -45. -43. -40. -37. -37. -34. -25. -24.
 -19. -16. -12.  -9.  -5.  -4.  -2.  -2.   3.  10.  12.  13.  14.  18.
  19.  19.  21.  22.  25.  28.  30.  31.  34.  36.  36.  38.  40.  41.
  41.  42.  42.  44.  45.  46.  47.  48.  52.  53.  58.  59.  61.  64.
  66.  67.  67.  69.  72.  73.  75.  76.  77.  82.  84.  89.  90.  96.
  97.  99.][-99. -99. -98. -93. -93. -91. -90. -89. -89. -87. -85. -85. -84. -83.
 -81. -76. -76. -76. -75. -74. -72. -71. -70. -68. -68. -63. -63. -61.
 -59. -58. -58. -55. -51. -50. -50. -48. -46. -46. -45. -44. -44. -44.
 -44. -40. -39. -33. -33. -30. -30. -30. -30. -27. -21. -12.  -8.  -5.
  -2.  -1.   2.   4.   4.   6.   6.  16.  19.  22.  23.  23.  24.  28.
  28.  30.  31.  38.  38.  40.  42.  44.  47.  59.  59.  59.  60.  61.
  64.  64.  66.  66.  67.  68.  73.  77.  79.  80.  87.  88.  90.  95.
  96.  98.][-97. -95. -92. -90. -86. -85. -82. -82. -78. -77. -76. -73. -73. -70.
 -66. -66. -65. -64. -64. -59. -56. -53. -48. -47. -46. -45. -43. -35.
 -34. -33. -31. -31. -30. -25. -21. -21. -21. -18. -18. -18. -14.  -9.
  -7.  -5.   3.   5.   5.   5.  12.  12.  16.  16.  17.  25.  25.  25.
  26.  28.  29.  32.  36.  38.  38.  39.  40.  41.  42.  42.  45.  45.
  47.  47.  48.  50.  51.  54.  55.  55.  57.  62.  64.  65.  66.  67.
  72.  73.  76.  77.  79.  79.  82.  84.  84.  85.  91.  91.  92.  93.
  93.  94.][-100.  -96.  -92.  -89.  -88.  -83.  -80.  -79.  -78.  -75.  -74.  -72.
  -69.  -68.  -67.  -64.  -61.  -60.  -59.  -59.  -58.  -51.  -50.  -49.
  -46.  -46.  -42.  -37.  -31.  -28.  -25.  -25.  -23.  -20.  -17.  -12.
  -10.  -10.  -10.   -8.   -6.   -2.   -2.    0.    2.    4.    4.    6.
   10.   13.   15.   16.   24.   25.   25.   26.   26.   29.   31.   31.
   32.   34.   35.   37.   39.   39.   45.   47.   50.   51.   52.   53.
   53.   54.   55.   57.   58.   59.   59.   60.   64.   64.   64.   69.
   69.   71.   73.   76.   77.   77.   79.   84.   85.   87.   89.   98.
   98.   99.   99.  100.][-99. -99. -98. -98. -97. -97. -90. -87. -82. -76. -76. -76. -75. -72.
 -71. -71. -67. -65. -63. -60. -56. -55. -54. -52. -52. -51. -46. -45.
 -44. -43. -41. -37. -36. -34. -32. -28. -27. -27. -25. -24. -23. -22.
 -20. -17. -14. -14. -13. -11. -11.  -8.  -8.  -6.  -1.   0.   3.   6.
   6.   7.   8.   9.   9.  10.  10.  11.  13.  15.  17.  19.  23.  28.
  28.  28.  32.  43.  44.  51.  52.  54.  55.  57.  59.  61.  62.  62.
  66.  67.  70.  71.  72.  72.  80.  80.  81.  84.  85.  85.  86.  87.
  88.  92.][-99. -96. -96. -95. -91. -90. -90. -90. -88. -88. -87. -84. -77. -76.
 -76. -75. -74. -71. -64. -64. -59. -59. -58. -56. -42. -42. -38. -37.
 -36. -36. -36. -35. -35. -34. -33. -33. -33. -25. -24. -23. -19. -14.
 -14. -13.  -9.  -6.  -1.   1.   3.   4.   8.  11.  16.  17.  18.  18.
  20.  22.  22.  22.  22.  28.  30.  32.  34.  40.  40.  41.  42.  43.
  51.  57.  57.  60.  61.  62.  63.  64.  64.  65.  65.  66.  68.  72.
  74.  75.  75.  78.  79.  84.  84.  88.  90.  93.  93.  93.  94.  95.
  98.  99.][-87. -85. -82. -77. -77. -75. -74. -73. -71. -67. -64. -64. -63. -62.
 -61. -60. -58. -53. -52. -45. -41. -40. -40. -40. -39. -35. -33. -32.
 -29. -28. -26. -25. -23. -23. -21. -21. -19. -17. -16. -16. -10.  -3.
   0.   1.   1.   8.  12.  13.  16.  18.  19.  23.  26.  27.  27.  28.
  30.  31.  32.  32.  32.  33.  35.  35.  36.  36.  38.  43.  43.  43.
  44.  46.  47.  48.  48.  53.  58.  62.  68.  69.  72.  73.  73.  75.
  79.  79.  81.  81.  81.  84.  86.  86.  87.  90.  92.  93.  95.  98.
  98.  99.][-100.  -97.  -95.  -91.  -89.  -88.  -82.  -81.  -80.  -79.  -77.  -76.
  -69.  -69.  -68.  -68.  -68.  -67.  -66.  -64.  -63.  -61.  -60.  -59.
  -57.  -54.  -54.  -53.  -51.  -50.  -49.  -48.  -48.  -48.  -42.  -42.
  -38.  -38.  -36.  -35.  -35.  -34.  -32.  -32.  -32.  -31.  -30.  -26.
  -20.  -16.  -14.  -14.  -12.   -8.   -8.   -7.   -1.    6.   10.   18.
   18.   19.   20.   30.   32.   36.   37.   37.   39.   39.   40.   43.
   45.   48.   55.   57.   59.   59.   60.   61.   62.   62.   64.   68.
   70.   70.   71.   74.   75.   77.   82.   84.   90.   94.   95.   95.
   98.   99.   99.  100.][-100.  -97.  -95.  -94.  -92.  -90.  -87.  -86.  -85.  -81.  -81.  -79.
  -78.  -76.  -75.  -75.  -74.  -70.  -68.  -66.  -65.  -65.  -65.  -64.
  -63.  -62.  -58.  -58.  -56.  -55.  -54.  -53.  -50.  -48.  -47.  -44.
  -41.  -40.  -35.  -34.  -31.  -30.  -29.  -27.  -24.  -23.  -22.  -21.
  -21.  -20.  -19.  -19.  -18.  -14.  -14.  -13.  -11.  -11.   -8.   -7.
   -6.   -6.   -5.    4.    4.    6.    7.    9.   12.   13.   13.   15.
   17.   17.   18.   22.   24.   26.   27.   28.   28.   29.   37.   38.
   55.   63.   63.   64.   75.   75.   79.   80.   82.   84.   87.   89.
   89.   90.   98.  100.][-98. -98. -97. -95. -92. -92. -91. -85. -84. -81. -81. -79. -74. -74.
 -72. -72. -69. -68. -63. -63. -61. -59. -57. -56. -55. -49. -48. -46.
 -46. -42. -40. -40. -38. -33. -33. -32. -28. -27. -20. -17. -17. -13.
 -13. -13. -11. -11.  -9.  -7.  -5.   0.   4.  10.  12.  15.  16.  16.
  16.  17.  20.  24.  24.  24.  27.  29.  29.  30.  36.  37.  37.  38.
  40.  41.  42.  45.  50.  51.  52.  57.  61.  62.  62.  63.  66.  69.
  71.  71.  72.  73.  74.  76.  76.  83.  84.  85.  86.  93.  94.  95.
  96.  97.][-100.  -99.  -98.  -96.  -96.  -96.  -94.  -92.  -91.  -82.  -78.  -78.
  -76.  -75.  -74.  -73.  -67.  -65.  -63.  -62.  -61.  -59.  -59.  -56.
  -55.  -54.  -51.  -49.  -48.  -45.  -36.  -34.  -33.  -31.  -31.  -30.
  -30.  -26.  -26.  -24.  -24.  -23.  -23.  -14.  -14.   -9.   -9.   -6.
   -6.   -4.   -3.   -1.   -1.    0.    0.    0.    3.    4.    7.   11.
   13.   13.   17.   21.   21.   23.   24.   26.   30.   30.   36.   36.
   47.   47.   48.   49.   50.   51.   58.   60.   60.   66.   68.   68.
   73.   74.   76.   76.   77.   77.   79.   82.   82.   82.   86.   87.
   89.   94.   95.   98.][-98. -97. -92. -92. -92. -91. -89. -88. -86. -84. -81. -79. -77. -77.
 -76. -75. -74. -71. -67. -65. -62. -60. -59. -51. -50. -49. -49. -47.
 -47. -44. -44. -43. -42. -39. -38. -35. -33. -33. -28. -25. -23. -22.
 -16. -15. -14. -10.  -9.  -8.  -3.  -1.   1.   1.   2.   4.   6.   8.
  10.  10.  12.  13.  20.  21.  23.  24.  26.  27.  29.  30.  31.  40.
  41.  42.  43.  44.  46.  46.  48.  53.  54.  54.  56.  57.  57.  60.
  65.  65.  67.  67.  69.  69.  74.  78.  86.  86.  88.  91.  94.  95.
  97. 100.][-98. -98. -96. -94. -94. -93. -89. -87. -87. -87. -86. -85. -83. -83.
 -82. -75. -73. -73. -70. -70. -69. -64. -62. -57. -57. -54. -54. -51.
 -50. -45. -44. -41. -35. -33. -33. -31. -30. -30. -27. -25. -23. -22.
 -22. -21. -15.  -9.  -8.  -8.  -7.  -3.   1.   4.   5.   8.  11.  12.
  19.  19.  26.  27.  28.  29.  30.  31.  33.  33.  38.  40.  40.  40.
  41.  42.  51.  51.  51.  52.  54.  54.  54.  58.  60.  60.  60.  61.
  62.  63.  63.  65.  70.  73.  74.  77.  83.  87.  89.  90.  93.  95.
  95. 100.][-100. -100.  -99.  -90.  -88.  -87.  -79.  -78.  -77.  -73.  -67.  -67.
  -61.  -58.  -57.  -50.  -49.  -43.  -39.  -39.  -34.  -34.  -33.  -31.
  -30.  -30.  -29.  -28.  -26.  -26.  -26.  -23.  -23.  -22.  -22.  -21.
  -20.  -20.  -19.  -15.  -15.  -14.  -13.   -4.   -4.   -2.    2.    2.
    2.    3.    3.    5.    7.    8.    9.   11.   18.   19.   21.   22.
   33.   33.   33.   35.   36.   37.   37.   39.   39.   41.   49.   51.
   51.   56.   57.   62.   63.   65.   70.   76.   77.   78.   79.   80.
   80.   81.   85.   87.   88.   90.   91.   91.   92.   92.   94.   94.
   95.   97.   98.  100.][-100.  -99.  -98.  -96.  -95.  -94.  -94.  -93.  -87.  -87.  -87.  -85.
  -85.  -83.  -82.  -80.  -78.  -77.  -76.  -75.  -74.  -73.  -72.  -71.
  -66.  -63.  -54.  -53.  -50.  -50.  -48.  -48.  -46.  -45.  -42.  -42.
  -40.  -38.  -37.  -31.  -29.  -26.  -25.  -24.  -15.  -14.  -10.  -10.
  -10.   -8.   -2.    0.    3.    5.    5.    6.    7.    8.   13.   14.
   16.   16.   17.   20.   21.   23.   31.   32.   33.   36.   37.   38.
   39.   42.   42.   47.   54.   65.   65.   65.   70.   70.   70.   70.
   70.   72.   74.   74.   74.   75.   75.   76.   81.   84.   84.   86.
   86.   93.   95.   97.][-96. -93. -92. -91. -90. -89. -85. -81. -80. -80. -79. -78. -75. -70.
 -69. -68. -61. -59. -58. -57. -55. -52. -51. -50. -50. -48. -47. -47.
 -43. -43. -40. -40. -31. -31. -30. -29. -28. -27. -26. -25. -24. -21.
 -19. -19. -13. -13. -12. -11.  -8.  -7.  -5.  -4.  -2.   0.   0.   4.
   4.   6.  11.  16.  19.  20.  20.  20.  21.  31.  37.  38.  38.  39.
  43.  43.  45.  45.  48.  50.  54.  54.  54.  55.  56.  58.  58.  58.
  61.  64.  67.  67.  70.  72.  74.  84.  87.  89.  90.  95.  97.  97.
  98.  99.][-99. -97. -97. -96. -96. -92. -87. -81. -80. -73. -73. -67. -65. -64.
 -63. -63. -62. -60. -60. -56. -56. -56. -55. -53. -52. -52. -51. -49.
 -46. -46. -44. -37. -36. -35. -34. -34. -32. -28. -28. -27. -26. -24.
 -22. -18. -14. -12. -11.   1.   1.   3.   4.   4.   6.   7.   7.   9.
  10.  12.  14.  19.  21.  22.  27.  29.  30.  32.  33.  33.  42.  43.
  43.  44.  44.  45.  50.  51.  57.  57.  62.  63.  64.  66.  67.  68.
  73.  76.  76.  76.  77.  80.  82.  83.  83.  84.  86.  92.  92.  93.
  97.  98.][-100.  -99.  -98.  -98.  -97.  -96.  -95.  -93.  -91.  -90.  -89.  -88.
  -84.  -84.  -82.  -80.  -75.  -74.  -69.  -68.  -68.  -68.  -67.  -66.
  -66.  -63.  -59.  -55.  -55.  -54.  -51.  -47.  -45.  -42.  -40.  -38.
  -37.  -34.  -34.  -34.  -30.  -30.  -28.  -26.  -25.  -24.  -20.  -19.
  -17.  -16.  -16.  -16.  -15.  -13.  -12.   -7.   -6.   -4.    1.    2.
    3.    5.    6.    8.   11.   21.   22.   22.   22.   24.   24.   27.
   32.   33.   37.   38.   39.   39.   42.   42.   42.   42.   43.   46.
   47.   48.   48.   49.   54.   58.   61.   64.   70.   77.   77.   79.
   81.   85.   91.   97.][-100.  -97.  -97.  -97.  -96.  -96.  -95.  -94.  -94.  -93.  -90.  -90.
  -87.  -87.  -85.  -85.  -79.  -78.  -78.  -74.  -63.  -62.  -62.  -61.
  -60.  -58.  -57.  -55.  -49.  -49.  -49.  -47.  -46.  -44.  -44.  -43.
  -37.  -35.  -32.  -28.  -28.  -27.  -21.  -20.  -17.   -9.   -7.   -6.
   -6.   -4.    0.    1.    1.    3.    3.    6.    9.   14.   18.   20.
   22.   26.   30.   31.   32.   33.   34.   35.   36.   38.   44.   45.
   48.   50.   51.   55.   57.   59.   60.   63.   66.   68.   72.   72.
   73.   74.   75.   81.   81.   85.   85.   85.   86.   88.   93.   94.
   95.   97.   98.   99.][-99. -95. -94. -91. -89. -83. -83. -83. -78. -73. -71. -70. -68. -67.
 -65. -63. -61. -57. -54. -53. -52. -52. -52. -46. -44. -43. -42. -41.
 -36. -29. -29. -28. -28. -26. -26. -26. -23. -22. -22. -20. -18. -18.
 -15.  -6.  -6.  -5.  -5.  -4.  -3.   1.   3.   5.  10.  11.  14.  15.
  16.  18.  19.  25.  29.  29.  33.  34.  35.  36.  39.  40.  42.  42.
  45.  46.  48.  52.  53.  55.  57.  62.  62.  63.  66.  66.  66.  68.
  69.  73.  76.  78.  79.  81.  82.  83.  85.  90.  91.  91.  92.  95.
  98.  99.][-100.  -99.  -98.  -92.  -91.  -90.  -89.  -85.  -84.  -83.  -82.  -81.
  -81.  -80.  -77.  -75.  -74.  -72.  -72.  -70.  -70.  -64.  -59.  -58.
  -58.  -56.  -53.  -50.  -49.  -48.  -48.  -41.  -40.  -38.  -37.  -34.
  -33.  -33.  -32.  -23.  -21.  -20.  -19.  -17.  -17.  -15.   -9.   -9.
   -8.   -7.   -7.   -6.   -4.   -3.   -1.    2.    4.    8.    9.   14.
   16.   18.   20.   25.   26.   26.   29.   36.   42.   44.   48.   50.
   50.   51.   52.   55.   60.   60.   62.   64.   67.   67.   68.   68.
   70.   73.   78.   79.   83.   84.   86.   87.   91.   91.   93.   95.
   95.   98.   98.   99.][-100.  -99.  -97.  -95.  -85.  -84.  -83.  -82.  -81.  -80.  -72.  -71.
  -71.  -70.  -70.  -64.  -64.  -63.  -61.  -59.  -56.  -52.  -48.  -47.
  -46.  -42.  -38.  -37.  -35.  -34.  -32.  -30.  -30.  -29.  -29.  -28.
  -26.  -26.  -25.  -23.  -20.  -13.  -11.  -10.   -9.   -8.   -7.   -5.
    5.    5.    6.    9.   14.   18.   21.   21.   22.   23.   28.   28.
   29.   29.   30.   36.   36.   38.   39.   39.   39.   41.   42.   48.
   50.   50.   51.   52.   55.   60.   60.   61.   66.   69.   70.   73.
   77.   78.   78.   79.   83.   83.   86.   91.   93.   93.   94.   96.
   99.  100.  100.  100.][-100.  -99.  -95.  -95.  -93.  -92.  -88.  -84.  -83.  -83.  -82.  -82.
  -81.  -81.  -79.  -78.  -75.  -75.  -74.  -73.  -70.  -70.  -65.  -62.
  -59.  -57.  -55.  -53.  -52.  -48.  -45.  -44.  -43.  -42.  -40.  -39.
  -39.  -37.  -36.  -34.  -32.  -25.  -19.  -18.  -17.  -17.  -16.  -15.
  -15.  -14.   -7.   -7.   -6.   -4.    8.    8.    8.    8.    9.   13.
   13.   14.   21.   21.   21.   21.   23.   23.   26.   29.   31.   32.
   34.   39.   41.   42.   49.   50.   53.   59.   60.   60.   61.   61.
   63.   63.   69.   69.   69.   74.   77.   78.   85.   90.   92.   94.
   96.   97.   98.  100.][-100.  -99.  -98.  -98.  -96.  -95.  -94.  -94.  -93.  -92.  -90.  -89.
  -89.  -86.  -80.  -80.  -77.  -73.  -71.  -70.  -66.  -64.  -58.  -57.
  -57.  -57.  -57.  -56.  -52.  -47.  -47.  -46.  -44.  -44.  -40.  -40.
  -39.  -33.  -30.  -30.  -27.  -24.  -24.  -23.  -21.  -21.  -20.  -17.
  -17.  -16.  -15.  -12.   -4.   -3.   -1.    0.    3.    5.    6.   11.
   13.   13.   13.   14.   17.   18.   19.   20.   21.   21.   24.   24.
   24.   25.   29.   30.   30.   31.   31.   34.   35.   38.   43.   44.
   46.   51.   51.   57.   64.   65.   75.   77.   86.   86.   87.   87.
   91.   94.   95.   95.][-98. -96. -96. -93. -92. -86. -86. -85. -82. -81. -80. -80. -79. -77.
 -75. -73. -72. -71. -69. -68. -68. -68. -65. -58. -49. -49. -46. -44.
 -31. -31. -29. -29. -27. -26. -26. -25. -21. -21. -20. -20. -20. -19.
 -19. -18.  -8.  -8.  -7.  -6.  -5.  -4.   1.   3.   4.   9.  10.  12.
  12.  14.  17.  17.  20.  20.  22.  22.  25.  27.  28.  28.  29.  32.
  32.  33.  34.  35.  38.  39.  42.  45.  50.  51.  53.  54.  54.  55.
  59.  66.  66.  66.  67.  71.  71.  81.  81.  84.  87.  88.  93.  96.
  98. 100.][-98. -93. -93. -91. -88. -87. -85. -85. -84. -83. -79. -70. -67. -60.
 -60. -60. -60. -58. -53. -51. -49. -44. -44. -41. -35. -34. -33. -32.
 -31. -29. -28. -26. -21. -11.  -9.  -8.  -8.  -7.  -5.  -5.  -1.   0.
   1.   7.   7.   9.  10.  11.  12.  14.  14.  16.  16.  19.  20.  20.
  21.  24.  27.  27.  29.  30.  30.  30.  35.  36.  36.  36.  38.  38.
  42.  43.  46.  47.  48.  49.  59.  59.  61.  61.  64.  65.  66.  66.
  67.  69.  70.  71.  83.  83.  85.  85.  85.  86.  91.  92.  94.  96.
  98.  98.][-97. -97. -96. -95. -95. -94. -93. -92. -89. -85. -83. -81. -80. -78.
 -70. -69. -68. -66. -66. -66. -60. -58. -58. -58. -56. -56. -54. -53.
 -48. -48. -42. -39. -37. -33. -33. -31. -31. -30. -29. -25. -25. -22.
 -20. -19. -16.  -7.  -6.  -5.  -4.  -3.  -3.  -2.  -2.  -2.  -1.   9.
  12.  12.  14.  17.  19.  20.  22.  22.  22.  25.  27.  27.  27.  28.
  31.  33.  37.  38.  39.  40.  46.  46.  47.  51.  51.  57.  59.  60.
  60.  60.  67.  69.  72.  74.  76.  77.  80.  81.  83.  90.  91.  92.
  95.  97.][-100.  -94.  -94.  -93.  -91.  -90.  -90.  -90.  -87.  -87.  -84.  -84.
  -83.  -82.  -82.  -79.  -79.  -78.  -76.  -72.  -59.  -59.  -58.  -56.
  -54.  -53.  -53.  -51.  -48.  -47.  -42.  -41.  -39.  -38.  -38.  -36.
  -33.  -32.  -28.  -28.  -28.  -27.  -26.  -21.  -20.  -17.  -16.  -15.
  -14.  -10.   -9.   -8.   -7.   -4.    1.    1.    2.    4.    5.   15.
   15.   16.   16.   18.   20.   22.   22.   25.   27.   29.   35.   36.
   42.   43.   44.   48.   49.   49.   51.   51.   51.   52.   54.   57.
   61.   65.   65.   66.   69.   71.   74.   75.   78.   82.   83.   87.
   88.   88.   90.   92.][-96. -95. -90. -90. -89. -85. -84. -83. -76. -74. -74. -70. -68. -66.
 -63. -62. -62. -62. -61. -59. -56. -51. -49. -48. -47. -47. -45. -39.
 -37. -37. -36. -34. -32. -28. -23. -22. -22. -21. -18. -17. -14. -13.
  -6.  -5.  -5.  -3.  -2.  -2.  -1.   0.   0.   1.   5.   6.   9.  11.
  11.  11.  12.  16.  17.  17.  19.  25.  25.  27.  29.  30.  32.  32.
  32.  39.  40.  43.  44.  49.  52.  55.  56.  58.  65.  66.  67.  69.
  70.  72.  73.  78.  80.  80.  82.  86.  87.  90.  91.  93.  94.  98.
  98.  99.][-100.  -96.  -96.  -94.  -93.  -89.  -86.  -86.  -80.  -79.  -76.  -73.
  -72.  -71.  -69.  -65.  -64.  -63.  -62.  -61.  -57.  -51.  -50.  -50.
  -47.  -45.  -40.  -38.  -37.  -31.  -31.  -27.  -27.  -24.  -18.  -13.
   -7.   -1.   -1.    1.    2.    2.    3.    7.    8.    8.    8.   10.
   11.   12.   12.   16.   21.   21.   22.   22.   23.   23.   25.   27.
   29.   32.   33.   33.   35.   37.   38.   41.   42.   44.   49.   51.
   55.   55.   55.   56.   56.   57.   58.   62.   64.   65.   65.   68.
   71.   74.   75.   76.   78.   80.   84.   84.   84.   88.   88.   89.
   90.   93.   93.   98.][-100. -100.  -96.  -96.  -92.  -92.  -91.  -91.  -87.  -86.  -83.  -82.
  -82.  -78.  -77.  -73.  -70.  -63.  -63.  -62.  -60.  -60.  -59.  -56.
  -54.  -54.  -54.  -50.  -49.  -48.  -47.  -47.  -47.  -41.  -38.  -37.
  -31.  -29.  -26.  -25.  -24.  -19.  -19.  -18.  -18.  -17.  -15.  -14.
  -12.  -10.   -9.   -8.   -2.    0.    1.    3.    5.    9.   10.   10.
   12.   13.   14.   14.   15.   15.   18.   19.   22.   22.   24.   26.
   30.   39.   41.   42.   42.   44.   49.   51.   51.   55.   60.   61.
   63.   69.   70.   75.   79.   81.   82.   83.   85.   85.   86.   90.
   94.   94.   99.   99.][-98. -98. -95. -91. -90. -89. -86. -85. -84. -78. -74. -68. -66. -66.
 -61. -60. -60. -57. -54. -48. -42. -42. -40. -39. -37. -35. -33. -30.
 -28. -26. -23. -21. -21. -18. -18. -17. -16. -14. -12. -12. -10.  -9.
  -6.  -4.  -4.  -4.  -3.  -3.   9.  11.  12.  13.  15.  17.  19.  22.
  23.  25.  31.  32.  32.  32.  33.  33.  38.  39.  39.  44.  47.  47.
  51.  51.  56.  58.  58.  58.  60.  60.  62.  63.  65.  69.  74.  74.
  74.  78.  82.  83.  84.  84.  88.  90.  92.  93.  96.  98.  98.  99.
 100. 100.][-99. -99. -97. -88. -85. -82. -81. -80. -75. -74. -71. -71. -69. -68.
 -63. -62. -62. -59. -58. -56. -55. -54. -51. -50. -48. -46. -44. -42.
 -40. -37. -34. -34. -33. -32. -29. -27. -26. -24. -23. -21. -19. -19.
 -18. -18. -17. -15. -13. -12. -10.  -8.  -7.  -4.  -3.  -3.  -3.  -2.
  -2.  -1.   0.   1.  11.  19.  20.  21.  28.  29.  29.  29.  33.  35.
  35.  39.  40.  45.  45.  48.  49.  50.  52.  56.  56.  60.  61.  62.
  63.  66.  68.  68.  71.  71.  74.  74.  74.  78.  79.  81.  87.  94.
  95.  95.][-100.  -99.  -93.  -92.  -92.  -92.  -90.  -88.  -87.  -87.  -87.  -85.
  -82.  -81.  -79.  -74.  -71.  -70.  -64.  -62.  -60.  -57.  -56.  -54.
  -54.  -50.  -48.  -45.  -41.  -41.  -39.  -39.  -38.  -35.  -35.  -34.
  -24.  -19.  -17.  -16.  -15.  -14.   -7.   -6.   -5.    5.    7.    8.
    8.   11.   13.   13.   13.   17.   19.   21.   28.   28.   28.   32.
   32.   32.   35.   38.   38.   43.   45.   46.   56.   56.   58.   58.
   58.   63.   63.   65.   65.   67.   67.   68.   68.   69.   70.   70.
   73.   74.   76.   78.   78.   83.   85.   85.   86.   87.   89.   93.
   94.   95.   95.   95.][-100. -100.  -97.  -96.  -95.  -90.  -88.  -87.  -85.  -84.  -76.  -75.
  -75.  -72.  -71.  -71.  -68.  -67.  -65.  -63.  -63.  -62.  -61.  -60.
  -53.  -51.  -49.  -47.  -46.  -42.  -39.  -38.  -37.  -36.  -35.  -32.
  -30.  -29.  -28.  -27.  -27.  -27.  -26.  -23.  -21.  -20.  -17.  -12.
  -10.  -10.   -9.   -7.   -7.   -6.   -5.   -5.   -4.   -3.   -2.   -1.
   -1.    0.    0.    2.    5.    6.    9.   12.   14.   20.   21.   24.
   24.   25.   28.   35.   38.   42.   43.   46.   47.   53.   54.   56.
   58.   59.   60.   62.   63.   64.   65.   69.   69.   70.   71.   87.
   93.   94.   95.   99.][-96. -91. -90. -90. -87. -86. -85. -83. -82. -76. -74. -74. -68. -66.
 -65. -65. -63. -62. -62. -60. -59. -58. -57. -57. -56. -54. -54. -52.
 -47. -47. -46. -44. -44. -42. -39. -38. -37. -36. -35. -33. -32. -31.
 -31. -28. -28. -25. -22. -21. -15. -14. -14. -13. -11.  -9.  -9.  -9.
  -7.  -2.  -1.   8.   8.  10.  11.  13.  14.  16.  21.  25.  26.  29.
  30.  32.  32.  37.  39.  39.  41.  43.  44.  46.  47.  49.  50.  51.
  55.  56.  59.  61.  62.  65.  70.  71.  72.  78.  83.  83.  84.  91.
  96. 100.][-98. -96. -92. -92. -90. -85. -83. -82. -77. -74. -74. -73. -72. -70.
 -69. -68. -67. -66. -62. -59. -56. -54. -50. -49. -47. -44. -43. -43.
 -43. -39. -39. -39. -38. -36. -33. -31. -30. -30. -26. -23. -20. -20.
 -19. -16. -15. -14. -12. -11. -11. -11.  -9.  -8.  -4.  -1.  -1.   0.
   1.   2.   3.   4.   5.   8.  11.  14.  15.  16.  19.  19.  20.  21.
  21.  22.  24.  25.  25.  30.  30.  33.  38.  52.  53.  53.  55.  60.
  64.  64.  66.  66.  66.  67.  71.  71.  74.  75.  80.  82.  84.  88.
  91.  94.][-99. -95. -95. -93. -87. -85. -83. -81. -80. -78. -77. -77. -76. -75.
 -73. -70. -70. -64. -63. -60. -55. -54. -52. -48. -45. -40. -38. -37.
 -35. -33. -33. -31. -28. -25. -22. -17. -17. -14. -10.  -9.  -8.  -6.
  -4.  -3.  -3.  -3.  -2.   0.   3.   6.   6.   8.   9.  10.  11.  12.
  14.  15.  17.  17.  20.  23.  24.  27.  27.  30.  32.  34.  36.  38.
  43.  45.  45.  46.  46.  56.  56.  56.  58.  61.  61.  63.  67.  70.
  73.  74.  74.  76.  78.  80.  81.  82.  83.  87.  89.  92.  95.  96.
  97. 100.][-97. -95. -94. -92. -92. -87. -84. -84. -80. -78. -74. -71. -67. -63.
 -60. -59. -55. -51. -49. -48. -46. -43. -41. -40. -38. -36. -36. -34.
 -34. -33. -31. -30. -30. -28. -21. -18. -12. -10.  -9.  -9.  -6.  -3.
  -3.   0.   3.   7.   8.  14.  14.  14.  16.  18.  19.  20.  21.  23.
  23.  23.  25.  27.  27.  28.  32.  34.  36.  37.  43.  44.  48.  53.
  55.  56.  56.  57.  57.  60.  60.  60.  61.  65.  66.  67.  67.  71.
  75.  75.  77.  78.  79.  81.  84.  86.  91.  92.  93.  94.  95.  96.
  96.  98.][-100.  -93.  -92.  -92.  -91.  -91.  -90.  -87.  -84.  -81.  -80.  -79.
  -79.  -78.  -77.  -75.  -69.  -68.  -63.  -55.  -54.  -50.  -50.  -47.
  -43.  -39.  -38.  -36.  -31.  -31.  -30.  -29.  -28.  -27.  -27.  -26.
  -26.  -25.  -24.  -23.  -22.  -20.  -17.  -16.  -16.  -14.  -13.   -8.
   -6.   -3.   -2.    1.    2.    6.    6.   10.   13.   14.   14.   20.
   20.   24.   28.   31.   36.   38.   42.   42.   44.   44.   45.   46.
   47.   49.   50.   56.   59.   62.   63.   63.   65.   72.   73.   73.
   74.   75.   78.   79.   79.   80.   81.   85.   85.   85.   88.   90.
   92.   96.   97.   97.][-98. -96. -95. -93. -92. -92. -90. -89. -88. -87. -82. -82. -73. -71.
 -71. -67. -66. -60. -57. -56. -55. -54. -53. -52. -48. -46. -45. -44.
 -41. -36. -35. -34. -31. -27. -25. -24. -23. -22. -21. -10.  -9.  -8.
  -6.  -3.  -3.   0.   2.   3.   7.  10.  10.  10.  12.  13.  16.  20.
  20.  21.  25.  28.  28.  30.  31.  31.  32.  35.  36.  37.  41.  44.
  44.  45.  45.  46.  47.  47.  49.  50.  53.  55.  57.  58.  63.  66.
  68.  69.  72.  73.  74.  74.  76.  76.  78.  78.  79.  82.  87.  94.
  96. 100.][-99. -96. -94. -93. -87. -85. -83. -82. -79. -75. -73. -72. -71. -70.
 -69. -65. -65. -62. -59. -54. -54. -54. -53. -53. -53. -53. -51. -50.
 -44. -44. -42. -41. -36. -36. -34. -33. -31. -29. -24. -22. -20. -20.
 -14. -13. -12. -10.  -5.  -3.  -3.  -2.  -1.   1.   5.   5.   8.  10.
  10.  15.  18.  19.  20.  21.  24.  26.  28.  28.  31.  40.  40.  41.
  41.  46.  48.  53.  54.  58.  59.  62.  68.  69.  70.  71.  75.  75.
  76.  77.  77.  79.  79.  81.  83.  85.  88.  88.  92.  95.  96.  96.
  98. 100.][-100.  -99.  -99.  -97.  -96.  -94.  -93.  -92.  -88.  -86.  -86.  -81.
  -80.  -79.  -76.  -75.  -75.  -72.  -70.  -60.  -59.  -56.  -56.  -56.
  -54.  -53.  -49.  -44.  -39.  -38.  -36.  -30.  -30.  -30.  -28.  -25.
  -25.  -24.  -21.  -20.  -18.  -15.  -13.  -10.   -7.   -7.   -5.    1.
    3.    4.    8.    8.   10.   11.   13.   18.   20.   21.   23.   24.
   27.   29.   30.   31.   33.   33.   41.   43.   46.   47.   49.   52.
   53.   55.   56.   61.   61.   68.   68.   69.   70.   76.   78.   79.
   80.   80.   82.   83.   83.   83.   85.   85.   88.   88.   93.   94.
   94.   95.   96.   99.][-99. -97. -96. -95. -94. -94. -93. -92. -90. -90. -89. -88. -85. -84.
 -81. -81. -80. -76. -76. -73. -73. -68. -67. -67. -65. -62. -60. -58.
 -58. -52. -45. -43. -37. -36. -35. -34. -33. -32. -30. -29. -29. -26.
 -26. -23. -21. -20. -17. -16. -13.  -9.  -7.  -6.  -4.  -3.  -2.  -1.
   0.   3.   8.   9.  14.  14.  14.  14.  15.  15.  15.  19.  24.  28.
  28.  28.  29.  30.  32.  32.  35.  37.  43.  43.  49.  50.  55.  56.
  57.  58.  60.  63.  64.  65.  68.  69.  71.  71.  73.  75.  85.  96.
  99.  99.][-99. -96. -96. -95. -94. -94. -93. -92. -91. -89. -87. -87. -85. -85.
 -84. -81. -81. -75. -72. -66. -58. -57. -57. -57. -55. -54. -53. -51.
 -49. -45. -40. -32. -31. -25. -18. -12.  -9.  -7.  -3.   0.   2.  10.
  11.  12.  12.  13.  14.  16.  17.  20.  20.  20.  21.  26.  26.  27.
  27.  29.  31.  31.  33.  36.  36.  37.  38.  38.  40.  41.  45.  45.
  49.  50.  50.  51.  51.  53.  55.  60.  63.  65.  65.  66.  67.  67.
  69.  70.  71.  71.  74.  75.  76.  81.  81.  82.  83.  84.  88.  91.
  91.  95.][-100.  -95.  -95.  -94.  -91.  -89.  -88.  -87.  -82.  -80.  -79.  -76.
  -74.  -72.  -71.  -67.  -64.  -60.  -60.  -58.  -58.  -57.  -56.  -48.
  -47.  -46.  -44.  -43.  -40.  -38.  -38.  -37.  -35.  -34.  -33.  -33.
  -29.  -29.  -28.  -25.  -25.  -24.  -19.  -18.  -15.  -15.  -14.  -12.
  -12.   -8.   -4.   -1.    5.    7.    8.   11.   12.   16.   17.   18.
   18.   19.   19.   20.   21.   27.   27.   30.   30.   34.   35.   37.
   37.   37.   39.   40.   40.   41.   42.   46.   46.   47.   48.   51.
   53.   54.   55.   59.   66.   67.   67.   69.   71.   71.   74.   81.
   83.   83.   92.  100.][-98. -93. -91. -87. -85. -84. -79. -74. -70. -67. -66. -65. -61. -60.
 -51. -49. -45. -44. -43. -40. -40. -36. -36. -34. -32. -32. -32. -30.
 -29. -27. -26. -26. -26. -25. -24. -19. -18. -18. -16. -12. -10. -10.
  -8.  -6.  -6.  -5.  -4.  -4.  -4.  -3.   0.   0.   6.  10.  11.  11.
  14.  14.  19.  21.  22.  23.  24.  24.  27.  30.  32.  33.  38.  39.
  40.  45.  46.  49.  49.  52.  54.  55.  60.  64.  65.  69.  70.  70.
  71.  71.  72.  76.  79.  82.  82.  86.  87.  89.  90.  91.  91.  95.
  96.  98.][-100.  -96.  -96.  -94.  -93.  -91.  -86.  -85.  -82.  -80.  -79.  -77.
  -76.  -75.  -75.  -74.  -74.  -72.  -70.  -69.  -69.  -66.  -64.  -63.
  -62.  -62.  -61.  -60.  -59.  -57.  -56.  -56.  -54.  -53.  -46.  -44.
  -42.  -41.  -41.  -39.  -38.  -36.  -34.  -32.  -28.  -27.  -27.  -27.
  -23.  -17.  -16.  -10.   -9.   -6.   -5.   -2.   -1.    0.    0.    4.
    5.    7.   10.   10.   11.   12.   14.   17.   17.   24.   28.   29.
   29.   30.   35.   42.   42.   42.   44.   45.   50.   51.   56.   56.
   61.   63.   63.   66.   66.   68.   72.   72.   73.   74.   78.   82.
   85.   93.   96.   97.][-100.  -98.  -98.  -90.  -89.  -87.  -85.  -83.  -81.  -81.  -81.  -80.
  -76.  -70.  -70.  -67.  -65.  -62.  -62.  -59.  -58.  -57.  -53.  -49.
  -49.  -48.  -47.  -46.  -46.  -42.  -42.  -41.  -38.  -37.  -36.  -35.
  -35.  -35.  -32.  -26.  -21.  -17.  -14.  -13.  -12.  -12.   -9.   -6.
   -4.   -1.    1.    6.    6.    7.   12.   13.   16.   17.   17.   20.
   30.   33.   37.   37.   37.   38.   38.   41.   41.   42.   43.   44.
   45.   46.   51.   51.   54.   55.   59.   61.   61.   62.   62.   66.
   70.   74.   75.   77.   78.   80.   81.   83.   84.   84.   88.   89.
   91.   94.   99.   99.][-99. -98. -96. -94. -87. -87. -85. -83. -80. -78. -78. -77. -76. -74.
 -74. -58. -53. -51. -51. -51. -47. -44. -43. -42. -42. -40. -40. -37.
 -35. -34. -33. -33. -30. -30. -30. -29. -27. -24. -20. -14. -12. -12.
 -12. -11. -10.  -9.  -8.  -7.  -6.   1.   8.  10.  11.  14.  15.  18.
  24.  25.  26.  27.  27.  28.  30.  30.  31.  32.  35.  36.  44.  44.
  46.  54.  64.  67.  69.  70.  72.  72.  74.  77.  81.  81.  81.  82.
  82.  85.  86.  86.  88.  88.  90.  90.  93.  95.  95.  97.  97.  98.
  98.  99.][-99. -96. -93. -92. -92. -90. -87. -81. -80. -78. -73. -70. -65. -61.
 -61. -60. -58. -55. -55. -48. -47. -46. -43. -39. -39. -38. -36. -34.
 -33. -30. -29. -27. -23. -22. -21. -20. -20. -11.  -7.  -3.  -2.  -1.
   2.   2.   3.  10.  12.  12.  13.  25.  26.  28.  31.  34.  36.  38.
  41.  43.  44.  44.  49.  49.  49.  53.  54.  56.  57.  59.  60.  62.
  62.  62.  63.  63.  63.  65.  70.  71.  72.  73.  73.  74.  78.  78.
  78.  79.  80.  81.  82.  82.  83.  85.  87.  92.  93.  94.  94.  95.
  96.  98.][-97. -97. -95. -94. -92. -92. -87. -87. -85. -85. -85. -85. -80. -72.
 -71. -71. -68. -65. -62. -61. -59. -57. -57. -55. -55. -51. -50. -45.
 -45. -43. -39. -27. -24. -23. -22. -20. -19. -19. -12. -11.  -8.  -7.
  -6.  -3.   0.   0.   1.   2.   4.   5.   7.   9.  12.  12.  14.  22.
  23.  23.  25.  25.  26.  26.  28.  28.  33.  33.  34.  36.  37.  37.
  40.  41.  46.  46.  49.  50.  50.  53.  54.  57.  57.  58.  59.  60.
  60.  62.  63.  71.  71.  74.  75.  78.  78.  79.  81.  89.  90.  90.
  93.  99.][-99. -92. -89. -88. -86. -83. -83. -79. -78. -73. -73. -71. -64. -63.
 -62. -60. -57. -56. -51. -48. -45. -44. -39. -36. -35. -34. -33. -32.
 -31. -30. -30. -30. -29. -27. -26. -26. -24. -22. -20. -19. -18. -16.
 -16. -15. -15. -14. -13. -12. -11. -10.  -9.  -8.  -6.  -3.   2.   4.
   5.   8.   9.   9.  13.  15.  17.  18.  19.  22.  23.  27.  34.  38.
  39.  39.  44.  45.  46.  50.  52.  53.  55.  59.  60.  61.  61.  64.
  64.  65.  67.  70.  71.  77.  79.  81.  81.  83.  89.  90.  91.  92.
  98.  99.][-100.  -99.  -98.  -96.  -94.  -94.  -92.  -90.  -88.  -87.  -84.  -83.
  -77.  -77.  -73.  -68.  -67.  -62.  -62.  -62.  -61.  -61.  -60.  -58.
  -57.  -53.  -52.  -49.  -48.  -46.  -46.  -42.  -41.  -38.  -33.  -31.
  -30.  -27.  -24.  -24.  -23.  -21.  -19.  -18.  -17.  -16.  -10.   -8.
   -1.    0.    2.    2.    3.    4.    6.    8.   17.   18.   18.   19.
   20.   21.   22.   22.   23.   24.   26.   33.   36.   37.   39.   40.
   43.   44.   46.   48.   50.   55.   57.   57.   60.   61.   63.   65.
   67.   67.   68.   69.   74.   75.   80.   87.   88.   91.   96.   97.
   98.   99.  100.  100.][-100.  -95.  -93.  -90.  -88.  -88.  -87.  -86.  -85.  -82.  -81.  -79.
  -74.  -72.  -69.  -65.  -62.  -61.  -59.  -59.  -59.  -55.  -54.  -49.
  -48.  -47.  -46.  -45.  -42.  -40.  -40.  -39.  -35.  -32.  -31.  -29.
  -29.  -24.  -22.  -19.  -18.  -18.  -16.  -15.  -15.  -14.  -14.  -14.
  -11.  -11.  -10.   -3.   -1.    1.    1.    2.    6.    9.   12.   12.
   17.   20.   21.   26.   28.   36.   37.   37.   37.   39.   41.   43.
   46.   50.   51.   53.   53.   53.   57.   63.   67.   68.   68.   72.
   75.   78.   80.   80.   81.   85.   86.   86.   87.   88.   92.   93.
   97.   97.   98.  100.][-100.  -98.  -97.  -96.  -92.  -89.  -87.  -87.  -84.  -83.  -78.  -78.
  -77.  -74.  -74.  -74.  -69.  -68.  -64.  -60.  -55.  -55.  -51.  -50.
  -49.  -47.  -42.  -41.  -40.  -39.  -37.  -34.  -34.  -32.  -31.  -30.
  -27.  -26.  -21.  -21.  -16.  -13.  -12.  -11.  -11.  -10.   -6.   -6.
   -5.   -3.   -1.   -1.    0.    0.    1.    4.    9.   10.   10.   11.
   12.   13.   14.   16.   17.   18.   20.   21.   22.   22.   27.   28.
   30.   34.   45.   48.   49.   49.   52.   53.   54.   55.   58.   59.
   64.   66.   71.   74.   74.   76.   82.   84.   84.   87.   87.   87.
   95.   96.   97.   98.][-95. -94. -88. -83. -82. -82. -78. -78. -76. -75. -74. -74. -70. -69.
 -69. -67. -67. -66. -62. -54. -53. -52. -51. -47. -46. -44. -43. -42.
 -41. -35. -34. -32. -29. -24. -23. -22. -21. -21. -18. -18. -17. -17.
 -15. -11. -11.  -7.  -6.  -5.  -4.  -3.  -2.  -1.   3.   4.   5.   8.
  10.  10.  11.  11.  12.  13.  16.  18.  20.  23.  25.  25.  33.  36.
  39.  43.  43.  43.  51.  52.  53.  58.  60.  62.  64.  64.  65.  67.
  68.  75.  78.  79.  81.  83.  85.  87.  88.  91.  91.  93.  93.  95.
  96.  96.][-99. -95. -95. -94. -92. -91. -90. -89. -87. -86. -85. -83. -83. -81.
 -80. -76. -74. -74. -73. -71. -70. -68. -68. -67. -66. -65. -62. -57.
 -51. -51. -47. -44. -43. -43. -41. -37. -35. -31. -31. -31. -30. -28.
 -28. -27. -26. -20. -19. -17. -16. -13. -12.  -6.  -4.   1.   6.   9.
  10.  11.  15.  18.  18.  18.  23.  24.  24.  24.  25.  26.  26.  33.
  35.  36.  37.  41.  41.  47.  49.  51.  52.  54.  55.  60.  61.  62.
  63.  64.  65.  70.  70.  71.  71.  75.  75.  78.  79.  82.  86.  90.
  92.  97.][-100.  -99.  -91.  -88.  -86.  -82.  -78.  -76.  -75.  -74.  -70.  -68.
  -66.  -63.  -61.  -60.  -59.  -56.  -55.  -54.  -52.  -50.  -50.  -50.
  -45.  -45.  -39.  -35.  -34.  -33.  -32.  -30.  -30.  -28.  -28.  -25.
  -22.  -21.  -19.  -18.  -17.  -17.  -14.  -10.  -10.   -2.    0.    2.
    2.    7.   11.   17.   19.   22.   22.   23.   26.   26.   27.   27.
   28.   31.   32.   33.   37.   37.   39.   40.   41.   42.   42.   43.
   44.   45.   45.   46.   48.   50.   51.   52.   58.   62.   64.   66.
   67.   67.   68.   75.   76.   76.   78.   80.   81.   85.   89.   93.
   93.   94.   94.   98.][-100. -100.  -97.  -94.  -93.  -90.  -87.  -87.  -77.  -77.  -75.  -71.
  -66.  -65.  -64.  -64.  -60.  -54.  -53.  -52.  -49.  -48.  -47.  -47.
  -44.  -39.  -38.  -35.  -34.  -34.  -34.  -33.  -32.  -31.  -31.  -29.
  -28.  -25.  -24.  -23.  -23.  -23.  -19.  -16.  -13.  -11.   -8.   -7.
   -6.   -2.    0.    4.    4.    5.    5.    7.    8.    9.   10.   13.
   13.   14.   17.   24.   25.   27.   30.   32.   34.   34.   37.   45.
   49.   50.   50.   54.   58.   60.   61.   61.   62.   64.   65.   67.
   67.   69.   71.   72.   77.   77.   82.   83.   83.   85.   90.   93.
   95.   96.   96.   98.][-95. -93. -93. -92. -92. -92. -87. -86. -85. -84. -82. -80. -80. -79.
 -78. -77. -75. -72. -72. -71. -71. -71. -69. -69. -68. -67. -65. -64.
 -63. -60. -60. -59. -50. -49. -45. -43. -40. -40. -39. -39. -37. -36.
 -34. -33. -32. -31. -30. -25. -25. -25. -24. -22. -20. -19. -15. -10.
 -10.  -9.  -3.  -1.  -1.   1.   2.   2.   3.   3.  11.  12.  19.  21.
  21.  28.  36.  42.  44.  45.  46.  48.  49.  53.  53.  55.  55.  60.
  61.  61.  69.  72.  74.  75.  79.  79.  81.  82.  86.  87.  91.  96.
  97.  99.][-98. -93. -92. -89. -88. -87. -85. -85. -85. -84. -83. -82. -81. -75.
 -74. -74. -71. -71. -70. -56. -55. -55. -54. -50. -47. -45. -44. -43.
 -42. -42. -40. -38. -33. -30. -27. -26. -25. -24. -23. -21. -21. -20.
 -20. -18. -17. -16. -11. -11.  -7.  -7.  -6.   0.   4.  13.  14.  14.
  15.  18.  20.  21.  21.  26.  27.  27.  27.  31.  31.  31.  32.  33.
  35.  35.  38.  38.  42.  44.  44.  45.  48.  50.  52.  54.  56.  56.
  57.  60.  62.  63.  64.  67.  71.  78.  79.  80.  84.  85.  86.  86.
  86. 100.][-99. -99. -98. -98. -98. -96. -94. -92. -90. -89. -87. -81. -80. -73.
 -70. -68. -68. -68. -63. -63. -61. -60. -60. -57. -53. -52. -52. -51.
 -46. -44. -44. -44. -42. -29. -26. -25. -25. -24. -22. -22. -21. -20.
 -19. -17. -17. -15. -14. -12. -12. -10. -10.  -9.  -8.  -5.  -2.   4.
   8.   9.  10.  11.  12.  12.  17.  19.  19.  19.  19.  28.  33.  34.
  39.  43.  45.  45.  45.  57.  63.  65.  66.  67.  69.  70.  72.  79.
  79.  80.  80.  81.  81.  82.  83.  84.  85.  89.  90.  91.  91.  93.
  94. 100.][-100.  -99.  -98.  -93.  -92.  -91.  -88.  -85.  -83.  -80.  -78.  -77.
  -77.  -74.  -70.  -68.  -68.  -67.  -66.  -62.  -62.  -58.  -56.  -52.
  -52.  -51.  -50.  -50.  -49.  -49.  -47.  -47.  -47.  -40.  -40.  -40.
  -36.  -34.  -33.  -28.  -24.  -23.  -23.  -23.  -21.  -19.  -19.  -18.
  -17.  -15.  -14.  -13.  -12.   -9.   -6.   -6.   -6.   -1.    1.    3.
    6.    9.   11.   12.   15.   15.   15.   22.   27.   29.   31.   32.
   36.   43.   45.   46.   46.   46.   47.   51.   53.   53.   62.   64.
   66.   72.   75.   77.   78.   79.   79.   80.   85.   86.   87.   89.
   91.   93.   96.  100.][-90. -87. -85. -83. -79. -72. -71. -69. -66. -63. -62. -57. -57. -54.
 -54. -50. -50. -44. -42. -41. -37. -35. -34. -33. -31. -30. -27. -26.
 -18. -16. -15. -13. -11. -10.  -9.  -7.  -6.  -5.  -4.  -2.  -2.   1.
   2.   3.   4.   7.   7.   9.  11.  14.  16.  20.  21.  24.  25.  28.
  29.  32.  35.  38.  39.  41.  42.  43.  43.  44.  47.  47.  48.  48.
  49.  49.  56.  57.  58.  58.  59.  60.  62.  64.  64.  66.  72.  75.
  80.  80.  83.  86.  86.  86.  87.  93.  94.  96.  97.  98.  99.  99.
 100. 100.][-100.  -99.  -97.  -96.  -90.  -90.  -89.  -87.  -86.  -85.  -84.  -84.
  -83.  -83.  -80.  -78.  -75.  -75.  -74.  -71.  -71.  -71.  -70.  -61.
  -60.  -59.  -58.  -56.  -55.  -55.  -55.  -47.  -47.  -43.  -37.  -37.
  -36.  -34.  -32.  -31.  -29.  -28.  -26.  -24.  -23.  -19.  -16.  -16.
  -15.  -14.  -10.  -10.   -9.   -8.   -7.   -6.   -5.   -3.   -2.    0.
    0.    0.    1.    1.    3.    4.    6.    6.    9.   12.   22.   25.
   27.   28.   28.   33.   37.   43.   45.   46.   51.   53.   55.   61.
   65.   69.   70.   71.   72.   74.   76.   77.   82.   84.   84.   86.
   90.   92.   98.  100.]