[-94. -92. -91. -90. -87. -86. -86. -85. -81. -78. -75. -73. -67. -66.
 -66. -65. -64. -62. -62. -59. -57. -55. -53. -52. -48. -46. -44. -43.
 -40. -39. -39. -39. -36. -36. -32. -30. -27. -27. -26. -26. -24. -22.
 -13.  -9.  -8.  -7.  -7.   0.   2.   3.   4.   4.   9.  10.  13.  17.
  21.  21.  26.  27.  28.  31.  31.  31.  34.  35.  39.  39.  40.  40.
  46.  47.  47.  50.  53.  55.  56.  56.  58.  61.  62.  62.  66.  66.
  67.  67.  68.  68.  75.  75.  75.  76.  78.  79.  85.  91.  91.  91.
  92.  93.][-99. -99. -99. -96. -93. -88. -85. -84. -83. -80. -79. -78. -75. -70.
 -70. -66. -65. -62. -60. -58. -57. -56. -55. -54. -53. -52. -51. -51.
 -51. -50. -50. -49. -47. -47. -45. -43. -41. -41. -40. -38. -35. -34.
 -28. -28. -26. -26. -23. -21. -16. -16. -11. -11.  -9.  -8.  -7.  -5.
  -3.  -2.   1.   3.   8.   8.  10.  10.  10.  11.  14.  15.  17.  20.
  27.  27.  30.  31.  35.  41.  42.  42.  42.  44.  46.  49.  49.  52.
  52.  61.  62.  64.  66.  69.  71.  72.  74.  75.  78.  79.  81.  88.
  93.  96.][-99. -98. -97. -97. -96. -93. -90. -87. -84. -84. -82. -78. -68. -65.
 -65. -65. -64. -64. -63. -62. -61. -60. -58. -58. -57. -54. -52. -51.
 -51. -51. -46. -45. -45. -45. -39. -38. -34. -31. -31. -31. -29. -28.
 -25. -22. -21. -19. -19. -15. -14. -14. -13. -13.  -9.  -6.  -3.  -1.
  -1.   0.   1.   4.  10.  14.  15.  19.  20.  24.  26.  28.  36.  41.
  44.  44.  46.  48.  50.  53.  53.  54.  56.  59.  60.  64.  65.  65.
  67.  71.  72.  72.  74.  75.  77.  79.  83.  86.  87.  87.  88.  96.
  97.  99.][-100.  -98.  -97.  -92.  -87.  -86.  -84.  -83.  -83.  -83.  -82.  -75.
  -73.  -73.  -71.  -71.  -69.  -69.  -65.  -63.  -63.  -62.  -62.  -60.
  -58.  -57.  -57.  -55.  -54.  -52.  -52.  -48.  -48.  -47.  -45.  -41.
  -37.  -37.  -35.  -31.  -30.  -29.  -25.  -22.  -19.  -13.  -12.  -10.
   -7.   -6.   -6.   -5.    4.    5.    8.    8.   12.   12.   12.   12.
   13.   14.   15.   16.   18.   21.   26.   32.   32.   32.   34.   37.
   39.   39.   42.   42.   43.   44.   44.   46.   47.   53.   61.   63.
   64.   65.   66.   66.   68.   70.   72.   72.   80.   81.   83.   87.
   88.   90.   95.   96.][-100.  -98.  -97.  -96.  -96.  -92.  -92.  -90.  -85.  -84.  -77.  -69.
  -67.  -66.  -62.  -59.  -55.  -55.  -54.  -53.  -51.  -51.  -51.  -51.
  -50.  -50.  -50.  -44.  -39.  -38.  -37.  -33.  -32.  -28.  -24.  -23.
  -22.  -21.  -19.  -18.  -18.  -14.  -13.   -8.   -8.   -5.   -4.   -3.
   -3.   -2.    0.    0.    3.    4.    5.    7.    8.   10.   10.   13.
   14.   17.   18.   18.   19.   26.   28.   38.   38.   39.   40.   41.
   44.   45.   46.   46.   48.   48.   51.   52.   54.   56.   59.   61.
   63.   64.   69.   71.   75.   81.   82.   84.   89.   89.   92.   92.
   93.   94.   96.  100.][-100.  -96.  -94.  -92.  -92.  -91.  -91.  -88.  -88.  -87.  -80.  -78.
  -78.  -76.  -75.  -74.  -72.  -72.  -66.  -64.  -62.  -62.  -56.  -51.
  -49.  -46.  -39.  -39.  -38.  -34.  -30.  -30.  -29.  -29.  -28.  -27.
  -27.  -26.  -16.  -16.  -13.  -12.  -12.  -11.   -9.   -8.   -8.   -7.
   -6.   -6.   -6.   -6.   -4.   -2.   -2.   -1.   -1.   11.   14.   14.
   15.   15.   17.   19.   21.   24.   29.   31.   33.   34.   36.   38.
   39.   40.   45.   46.   51.   52.   57.   58.   58.   59.   60.   63.
   63.   64.   68.   68.   70.   71.   78.   83.   84.   87.   88.   88.
   91.   95.   95.   96.][-100.  -98.  -98.  -97.  -96.  -93.  -87.  -83.  -83.  -78.  -74.  -72.
  -71.  -71.  -68.  -65.  -65.  -65.  -60.  -58.  -56.  -52.  -52.  -46.
  -45.  -41.  -41.  -39.  -36.  -36.  -35.  -35.  -33.  -31.  -30.  -27.
  -27.  -27.  -25.  -22.  -20.  -18.  -18.  -18.  -17.  -17.  -15.  -14.
  -14.  -14.  -11.   -5.   -4.   -1.    0.    0.    2.    3.    7.   10.
   11.   12.   12.   13.   17.   19.   21.   22.   25.   26.   27.   28.
   37.   38.   38.   39.   42.   45.   46.   47.   52.   53.   54.   54.
   59.   60.   64.   69.   69.   69.   71.   78.   78.   82.   87.   90.
   93.   94.   99.  100.][-97. -93. -93. -92. -89. -89. -87. -82. -80. -79. -76. -75. -73. -63.
 -61. -55. -53. -52. -52. -50. -49. -48. -46. -44. -44. -36. -35. -34.
 -33. -33. -32. -28. -28. -22. -21. -19. -19. -19. -17. -15. -10.  -9.
  -7.  -7.  -7.  -6.  -5.  -4.   1.   2.   3.   5.   7.   9.   9.  10.
  13.  17.  17.  23.  27.  28.  29.  31.  32.  32.  32.  32.  32.  36.
  38.  41.  43.  46.  49.  51.  52.  55.  55.  57.  58.  65.  67.  69.
  70.  71.  71.  72.  75.  80.  83.  87.  87.  90.  91.  92.  95.  95.
  97.  98.][-100.  -96.  -96.  -95.  -94.  -94.  -91.  -89.  -84.  -84.  -83.  -83.
  -82.  -76.  -76.  -68.  -66.  -62.  -61.  -60.  -59.  -55.  -54.  -52.
  -50.  -44.  -43.  -41.  -39.  -37.  -36.  -35.  -35.  -31.  -31.  -30.
  -29.  -27.  -27.  -26.  -25.  -23.  -22.  -19.  -16.   -3.   -3.   -2.
   -2.   -2.    4.    4.    4.    8.    9.   15.   17.   19.   19.   26.
   27.   28.   29.   29.   30.   30.   30.   32.   34.   34.   36.   37.
   39.   40.   45.   49.   56.   63.   63.   63.   64.   65.   68.   70.
   70.   73.   78.   82.   82.   85.   86.   89.   89.   90.   92.   93.
   94.   95.   97.   99.][-94. -94. -92. -91. -90. -88. -84. -82. -82. -79. -78. -77. -75. -72.
 -72. -66. -64. -63. -62. -60. -58. -58. -55. -53. -53. -50. -50. -50.
 -48. -47. -42. -41. -39. -38. -37. -35. -33. -33. -33. -29. -27. -20.
 -19. -19.  -9.  -7.  -4.  -4.   6.   6.   8.  10.  12.  13.  13.  16.
  16.  20.  21.  28.  31.  34.  38.  39.  41.  42.  44.  45.  45.  46.
  47.  48.  54.  57.  62.  64.  69.  71.  73.  74.  74.  76.  76.  78.
  81.  83.  83.  83.  84.  87.  88.  90.  92.  92.  92.  96.  98.  98.
  99.  99.][-98. -97. -94. -94. -92. -89. -86. -81. -79. -79. -75. -74. -73. -67.
 -67. -64. -64. -64. -63. -61. -59. -51. -51. -51. -49. -43. -41. -36.
 -36. -36. -27. -15. -13. -12. -11. -10. -10.  -3.  -2.  -2.   1.   2.
   3.   5.   5.   7.   8.  10.  11.  13.  14.  15.  16.  18.  19.  19.
  22.  23.  25.  26.  28.  29.  30.  34.  37.  38.  38.  41.  41.  41.
  42.  44.  46.  48.  48.  50.  50.  52.  57.  57.  59.  59.  59.  61.
  61.  63.  64.  74.  75.  77.  78.  83.  84.  84.  84.  86.  88.  92.
  97.  99.][-98. -96. -93. -93. -91. -91. -91. -88. -88. -87. -86. -84. -83. -81.
 -79. -78. -78. -78. -77. -77. -76. -73. -64. -61. -58. -58. -56. -56.
 -56. -54. -53. -46. -42. -41. -40. -38. -35. -33. -30. -29. -29. -29.
 -28. -27. -26. -25. -25. -23. -23. -18. -18. -15. -15. -14. -12. -11.
 -11.  -8.  -6.   6.   8.   9.  12.  18.  19.  20.  22.  23.  27.  27.
  32.  34.  36.  36.  39.  44.  45.  45.  46.  48.  51.  59.  69.  73.
  74.  77.  77.  78.  79.  83.  83.  85.  87.  89.  94.  95.  99. 100.
 100. 100.][-100. -100.  -99.  -98.  -97.  -95.  -93.  -90.  -90.  -87.  -86.  -84.
  -81.  -81.  -80.  -78.  -73.  -70.  -68.  -67.  -62.  -55.  -53.  -48.
  -48.  -48.  -45.  -41.  -40.  -36.  -35.  -34.  -31.  -30.  -30.  -27.
  -26.  -25.  -21.  -16.  -13.  -10.   -9.   -9.   -6.   -4.    1.    2.
    3.    9.    9.   11.   11.   15.   15.   17.   20.   21.   22.   24.
   25.   25.   26.   26.   27.   29.   29.   31.   33.   33.   40.   41.
   42.   46.   48.   50.   58.   60.   65.   66.   67.   68.   68.   70.
   71.   77.   77.   78.   78.   79.   79.   84.   85.   88.   88.   90.
   95.   98.   99.   99.][-100.  -96.  -96.  -95.  -93.  -93.  -92.  -92.  -91.  -86.  -84.  -80.
  -79.  -78.  -78.  -76.  -75.  -68.  -66.  -57.  -55.  -55.  -52.  -51.
  -50.  -46.  -43.  -43.  -38.  -36.  -35.  -30.  -30.  -30.  -29.  -25.
  -20.  -16.  -10.   -9.   -9.   -9.   -8.   -7.   -4.   -2.   -1.    0.
    2.    3.    4.    5.    7.    9.   12.   14.   15.   16.   21.   22.
   23.   25.   28.   29.   30.   31.   34.   36.   41.   42.   46.   48.
   50.   53.   55.   55.   56.   57.   58.   58.   59.   60.   62.   63.
   64.   66.   69.   70.   70.   71.   71.   73.   75.   80.   81.   85.
   90.   91.   93.   96.][-99. -95. -95. -92. -91. -86. -85. -84. -81. -80. -78. -78. -77. -75.
 -64. -61. -60. -58. -57. -56. -56. -51. -47. -44. -44. -43. -42. -41.
 -41. -41. -40. -40. -40. -39. -38. -32. -30. -24. -19.  -9.  -4.  -4.
  -2.  -2.  -2.  -1.   2.   3.   5.   8.  13.  14.  16.  16.  17.  19.
  19.  19.  22.  22.  26.  27.  31.  31.  35.  36.  37.  38.  41.  42.
  43.  44.  46.  46.  47.  49.  50.  51.  51.  54.  54.  57.  60.  66.
  70.  70.  73.  77.  78.  82.  87.  88.  89.  91.  92.  94.  95.  97.
  99.  99.][-98. -95. -93. -91. -90. -89. -88. -87. -85. -83. -81. -80. -79. -73.
 -71. -68. -66. -63. -61. -61. -60. -59. -59. -52. -52. -51. -48. -47.
 -47. -44. -42. -42. -42. -37. -35. -35. -30. -29. -27. -26. -25. -21.
 -19. -18. -16. -15. -14. -11.  -9.  -9.  -5.  -4.  -2.   0.   1.   2.
   2.   9.  12.  15.  17.  20.  23.  24.  27.  31.  32.  33.  35.  36.
  36.  41.  42.  44.  45.  50.  54.  61.  62.  63.  63.  64.  65.  69.
  69.  73.  79.  79.  85.  90.  91.  91.  92.  92.  93.  95.  95.  98.
  98.  98.][-99. -98. -97. -94. -94. -93. -92. -92. -90. -88. -87. -86. -85. -85.
 -85. -82. -80. -80. -78. -72. -70. -70. -69. -68. -66. -63. -56. -56.
 -46. -45. -40. -38. -34. -32. -32. -29. -28. -25. -24. -18. -17. -14.
 -11.  -8.  -8.  -7.  -7.   0.   0.   4.   6.  11.  12.  15.  19.  23.
  24.  36.  37.  37.  38.  39.  39.  42.  44.  44.  45.  47.  48.  49.
  50.  57.  58.  59.  63.  66.  67.  68.  70.  70.  73.  79.  80.  80.
  82.  82.  83.  87.  87.  88.  89.  92.  93.  94.  94.  94.  94.  96.
  97. 100.][-97. -93. -92. -90. -86. -85. -84. -80. -78. -77. -77. -73. -72. -71.
 -70. -70. -66. -66. -64. -62. -60. -58. -57. -56. -54. -46. -46. -44.
 -44. -39. -38. -33. -33. -31. -31. -26. -25. -23. -22. -21. -19. -18.
 -18. -10.  -9.  -4.  -4.   4.   5.   7.  14.  16.  19.  21.  22.  26.
  26.  27.  27.  28.  29.  31.  32.  35.  36.  40.  44.  45.  50.  52.
  52.  53.  56.  57.  57.  65.  66.  67.  68.  70.  71.  72.  74.  75.
  75.  78.  78.  81.  81.  83.  83.  86.  89.  91.  91.  94.  94.  95.
  96.  97.][-99. -98. -91. -89. -88. -86. -81. -79. -76. -75. -70. -69. -67. -64.
 -54. -50. -50. -49. -46. -46. -45. -44. -43. -41. -39. -38. -38. -37.
 -34. -33. -31. -31. -28. -28. -26. -25. -23. -21. -18. -17. -16. -13.
 -13.  -9.  -6.  -4.  -3.   0.   1.   3.   6.   6.   6.   8.   9.  12.
  13.  13.  16.  17.  18.  18.  32.  32.  32.  33.  36.  37.  38.  38.
  38.  39.  39.  40.  53.  55.  55.  56.  59.  60.  68.  69.  69.  75.
  76.  76.  77.  78.  83.  85.  88.  89.  90.  90.  91.  92.  94.  99.
 100. 100.][-100.  -99.  -98.  -98.  -97.  -96.  -93.  -90.  -90.  -87.  -85.  -85.
  -80.  -79.  -77.  -74.  -72.  -71.  -69.  -64.  -61.  -60.  -59.  -57.
  -54.  -51.  -47.  -46.  -44.  -40.  -39.  -37.  -37.  -35.  -33.  -29.
  -29.  -25.  -21.  -17.  -16.  -15.  -15.  -15.  -11.  -11.   -6.   -4.
   -3.    0.    8.   12.   14.   14.   15.   15.   19.   20.   21.   24.
   24.   24.   26.   29.   32.   32.   34.   38.   45.   46.   46.   47.
   49.   49.   51.   65.   67.   68.   69.   70.   73.   74.   78.   78.
   79.   79.   80.   81.   81.   81.   85.   88.   88.   88.   91.   92.
   93.   94.   97.  100.][-96. -94. -94. -93. -93. -92. -92. -88. -85. -85. -84. -83. -83. -81.
 -79. -78. -78. -77. -77. -64. -61. -57. -51. -47. -44. -41. -41. -39.
 -38. -36. -35. -35. -30. -30. -28. -27. -18. -16. -14. -13. -12. -12.
 -10.  -8.  -8.  -5.  -5.  -1.   7.   7.   9.   9.   9.  16.  17.  21.
  22.  22.  25.  26.  26.  28.  29.  31.  31.  31.  32.  35.  37.  37.
  40.  41.  44.  46.  47.  51.  56.  57.  60.  60.  60.  64.  64.  75.
  82.  83.  84.  85.  85.  87.  89.  90.  91.  91.  93.  93.  97.  98.
  98. 100.][-99. -99. -99. -98. -98. -97. -96. -94. -91. -89. -89. -83. -82. -82.
 -78. -76. -76. -75. -74. -73. -72. -70. -69. -69. -66. -65. -64. -62.
 -54. -53. -50. -38. -37. -36. -35. -32. -32. -29. -27. -24. -21. -20.
 -18. -17. -16. -15. -15. -14. -11.  -5.  -3.  -3.   1.   4.   5.   8.
   8.  10.  11.  12.  15.  16.  19.  23.  24.  29.  30.  32.  37.  47.
  47.  47.  50.  51.  52.  53.  60.  62.  63.  65.  71.  72.  75.  77.
  78.  79.  79.  80.  81.  84.  86.  88.  91.  91.  94.  94.  95.  98.
 100. 100.][-100.  -93.  -93.  -93.  -91.  -91.  -90.  -89.  -88.  -85.  -82.  -82.
  -78.  -77.  -77.  -75.  -70.  -67.  -66.  -64.  -63.  -59.  -59.  -56.
  -56.  -54.  -52.  -51.  -50.  -38.  -36.  -33.  -33.  -30.  -28.  -28.
  -25.  -23.  -21.  -20.  -19.  -19.  -18.  -18.  -13.  -12.  -10.   -7.
   -6.   -4.   -4.   -4.   -2.   -1.    0.    0.    3.   10.   15.   18.
   19.   29.   31.   32.   32.   33.   35.   38.   41.   42.   48.   49.
   52.   55.   58.   59.   61.   61.   64.   65.   66.   67.   70.   71.
   73.   76.   82.   83.   84.   84.   85.   86.   86.   90.   92.   93.
   94.   94.   95.   98.][-96. -91. -89. -89. -85. -81. -80. -79. -76. -74. -72. -71. -68. -66.
 -64. -63. -63. -61. -51. -50. -47. -47. -45. -39. -36. -36. -35. -35.
 -32. -28. -27. -26. -24. -22. -20. -15. -14. -12.  -7.  -7.  -5.  -5.
  -3.   1.   2.   2.   8.  12.  17.  18.  21.  22.  22.  25.  25.  27.
  29.  29.  30.  30.  31.  31.  32.  34.  35.  38.  40.  41.  41.  42.
  42.  43.  47.  48.  52.  52.  53.  53.  55.  57.  59.  59.  62.  65.
  67.  69.  71.  71.  72.  72.  73.  79.  82.  84.  86.  88.  88.  89.
  92.  95.][-99. -98. -97. -96. -95. -95. -93. -92. -88. -86. -83. -77. -77. -76.
 -74. -74. -68. -67. -67. -66. -65. -65. -64. -64. -64. -62. -60. -60.
 -59. -56. -56. -54. -51. -49. -48. -47. -46. -43. -42. -30. -30. -29.
 -23. -19. -19. -19. -18. -15. -14. -12.  -9.  -8.  -8.  -4.  -3.  -2.
  -2.   1.   4.   4.   8.   9.  13.  14.  16.  16.  21.  21.  25.  26.
  32.  35.  42.  44.  47.  48.  52.  56.  59.  61.  61.  61.  62.  66.
  68.  68.  69.  73.  76.  78.  79.  79.  80.  82.  85.  85.  89.  91.
  94.  99.][-100.  -98.  -97.  -94.  -93.  -91.  -91.  -87.  -86.  -85.  -85.  -84.
  -83.  -82.  -80.  -79.  -78.  -78.  -72.  -71.  -70.  -63.  -63.  -61.
  -58.  -54.  -53.  -52.  -49.  -47.  -45.  -42.  -40.  -34.  -33.  -32.
  -29.  -27.  -18.  -18.  -18.  -18.  -17.  -12.  -12.   -6.    1.    1.
    4.    6.    7.    7.   13.   16.   20.   22.   24.   24.   26.   27.
   36.   36.   38.   38.   39.   40.   44.   48.   48.   49.   50.   51.
   51.   54.   55.   55.   61.   61.   66.   68.   68.   69.   74.   79.
   82.   82.   82.   88.   88.   89.   89.   91.   92.   94.   96.   96.
   96.   99.   99.  100.][-99. -99. -98. -96. -96. -95. -92. -91. -91. -89. -84. -83. -80. -78.
 -75. -68. -65. -64. -59. -59. -57. -55. -55. -55. -53. -49. -47. -43.
 -42. -41. -41. -41. -40. -40. -36. -36. -35. -35. -33. -32. -32. -31.
 -26. -25. -20. -19. -18. -14. -10.  -7.  -6.  -4.  -3.  -2.  -2.   1.
  10.  11.  13.  13.  14.  18.  20.  20.  21.  27.  28.  30.  33.  33.
  36.  39.  39.  41.  42.  43.  43.  45.  46.  47.  48.  48.  51.  54.
  59.  59.  62.  64.  68.  72.  75.  76.  78.  85.  85.  85.  85.  86.
  88.  90.][-100.  -99.  -98.  -96.  -95.  -93.  -90.  -90.  -85.  -84.  -81.  -80.
  -79.  -79.  -78.  -76.  -75.  -75.  -73.  -72.  -71.  -70.  -68.  -66.
  -65.  -62.  -59.  -55.  -52.  -50.  -49.  -48.  -47.  -43.  -39.  -33.
  -30.  -29.  -28.  -25.  -21.  -19.  -18.  -15.  -15.  -14.  -10.   -7.
   -7.   -4.   -4.   -4.   -3.   -3.   -1.   -1.    3.    6.    6.    8.
    8.   10.   11.   13.   14.   15.   18.   22.   27.   29.   29.   30.
   33.   33.   35.   38.   41.   46.   49.   50.   55.   56.   61.   62.
   65.   67.   68.   71.   71.   72.   72.   76.   79.   81.   86.   87.
   90.   96.   97.   97.][-97. -97. -95. -95. -94. -94. -93. -88. -88. -85. -84. -81. -80. -79.
 -79. -77. -75. -72. -68. -66. -65. -65. -62. -62. -60. -56. -56. -54.
 -54. -49. -46. -44. -43. -43. -39. -39. -30. -30. -28. -27. -26. -26.
 -25. -21. -19. -18. -17. -10.  -9.  -9.  -5.  -4.   2.   3.   3.   3.
   4.   5.   7.   8.  14.  16.  23.  27.  27.  29.  33.  34.  35.  36.
  38.  38.  38.  39.  42.  45.  48.  49.  50.  51.  55.  62.  64.  65.
  65.  66.  69.  69.  72.  73.  74.  78.  80.  84.  85.  92.  95.  95.
 100. 100.][-100.  -96.  -95.  -90.  -89.  -88.  -88.  -86.  -76.  -75.  -74.  -70.
  -70.  -69.  -69.  -68.  -66.  -55.  -53.  -52.  -50.  -46.  -43.  -43.
  -42.  -40.  -36.  -33.  -31.  -31.  -25.  -23.  -20.  -19.  -19.  -19.
  -19.  -14.  -13.  -13.  -13.  -13.  -10.  -10.   -8.   -7.   -6.   -5.
   -5.   -2.   -2.   -2.    4.    5.    5.    5.    7.    9.   11.   14.
   14.   16.   16.   16.   17.   22.   23.   23.   29.   29.   31.   32.
   37.   38.   39.   40.   40.   42.   47.   48.   48.   50.   51.   54.
   54.   58.   58.   60.   62.   72.   72.   72.   74.   74.   76.   76.
   78.   85.   87.   90.][-100. -100.  -98.  -96.  -95.  -94.  -93.  -93.  -93.  -90.  -89.  -87.
  -86.  -82.  -80.  -80.  -79.  -77.  -73.  -73.  -65.  -62.  -61.  -61.
  -61.  -59.  -59.  -59.  -57.  -57.  -54.  -48.  -47.  -47.  -47.  -42.
  -41.  -40.  -40.  -37.  -27.  -26.  -25.  -22.  -21.  -20.  -20.  -19.
  -17.  -13.   -3.   -2.    2.    3.    8.   13.   14.   17.   19.   22.
   23.   27.   28.   29.   32.   33.   33.   34.   40.   41.   43.   48.
   48.   54.   56.   60.   61.   65.   65.   65.   66.   69.   73.   73.
   75.   78.   79.   80.   84.   84.   85.   89.   89.   89.   90.   91.
   92.   94.   95.   95.][-99. -98. -97. -95. -93. -93. -90. -88. -86. -80. -79. -76. -70. -70.
 -69. -67. -65. -62. -61. -61. -61. -55. -54. -54. -50. -49. -49. -44.
 -43. -42. -41. -40. -40. -37. -37. -36. -36. -33. -30. -29. -28. -28.
 -26. -22. -20. -17. -15. -10. -10.  -9.  -8.  -2.   2.   3.   4.   6.
  11.  12.  12.  12.  14.  14.  15.  17.  17.  22.  25.  25.  26.  29.
  33.  34.  38.  38.  39.  44.  44.  48.  54.  56.  61.  61.  62.  62.
  64.  65.  65.  67.  67.  69.  73.  73.  74.  75.  75.  75.  86.  92.
  93.  99.][-100.  -98.  -96.  -96.  -95.  -93.  -93.  -86.  -86.  -80.  -80.  -79.
  -71.  -70.  -67.  -64.  -64.  -58.  -54.  -51.  -49.  -48.  -47.  -44.
  -39.  -38.  -36.  -36.  -34.  -33.  -31.  -30.  -28.  -22.  -21.  -19.
  -17.  -13.  -12.   -7.   -7.   -6.   -3.   -2.    1.    5.    6.    8.
    8.    9.   13.   15.   19.   27.   28.   30.   30.   31.   34.   34.
   38.   40.   41.   41.   43.   44.   45.   46.   50.   50.   55.   55.
   55.   57.   57.   61.   62.   63.   67.   70.   71.   71.   74.   77.
   79.   82.   83.   86.   87.   90.   90.   91.   93.   93.   94.   96.
   97.   97.   98.   99.][-100.  -98.  -98.  -96.  -93.  -90.  -88.  -88.  -86.  -84.  -84.  -84.
  -82.  -82.  -81.  -80.  -77.  -74.  -73.  -71.  -70.  -69.  -63.  -61.
  -50.  -49.  -46.  -46.  -44.  -43.  -43.  -40.  -38.  -36.  -33.  -33.
  -24.  -22.  -22.  -22.  -16.  -16.  -13.  -12.  -10.   -9.   -6.   -5.
    3.    3.    9.   11.   11.   15.   19.   19.   21.   22.   24.   28.
   31.   32.   36.   39.   39.   41.   42.   42.   42.   43.   44.   45.
   46.   46.   50.   51.   58.   62.   68.   69.   74.   75.   76.   77.
   78.   80.   80.   81.   83.   84.   86.   90.   91.   92.   93.   94.
   94.   98.   99.  100.][-100.  -99.  -99.  -99.  -98.  -98.  -95.  -95.  -93.  -91.  -89.  -86.
  -86.  -84.  -83.  -81.  -81.  -81.  -78.  -78.  -77.  -76.  -75.  -73.
  -72.  -69.  -68.  -59.  -53.  -51.  -50.  -50.  -46.  -40.  -40.  -40.
  -37.  -32.  -31.  -31.  -30.  -30.  -29.  -26.  -24.  -24.  -23.  -22.
  -20.  -20.  -20.  -20.  -19.  -18.   -5.   -2.   -1.    0.    2.    4.
   10.   11.   13.   13.   21.   23.   25.   28.   32.   38.   39.   41.
   42.   44.   47.   54.   54.   56.   59.   60.   60.   63.   66.   68.
   68.   72.   78.   78.   80.   80.   80.   81.   82.   92.   93.   93.
   94.   98.   98.   98.][-100. -100.  -98.  -96.  -95.  -94.  -91.  -90.  -89.  -88.  -87.  -85.
  -83.  -82.  -82.  -80.  -72.  -72.  -71.  -69.  -68.  -67.  -58.  -57.
  -55.  -55.  -54.  -54.  -50.  -46.  -46.  -46.  -39.  -39.  -35.  -35.
  -34.  -34.  -33.  -30.  -23.  -22.  -22.  -19.  -15.  -15.  -14.  -13.
   -9.   -9.   -7.   -6.   -3.   -2.    1.    2.    3.    4.    5.    9.
   11.   13.   14.   17.   19.   21.   24.   27.   32.   32.   33.   35.
   36.   37.   38.   38.   38.   40.   42.   45.   52.   53.   55.   55.
   57.   58.   58.   60.   68.   69.   72.   76.   78.   82.   89.   90.
   94.   94.   97.   97.][-100.  -92.  -91.  -90.  -89.  -88.  -88.  -81.  -79.  -78.  -76.  -73.
  -73.  -72.  -70.  -69.  -69.  -69.  -68.  -65.  -64.  -60.  -59.  -58.
  -50.  -47.  -47.  -46.  -45.  -44.  -29.  -25.  -23.  -21.  -21.  -20.
  -18.  -18.  -17.  -14.  -12.  -10.   -9.   -9.    0.    0.    2.    4.
    5.    5.    6.    7.   12.   14.   14.   18.   20.   22.   23.   26.
   26.   27.   28.   30.   31.   33.   34.   36.   36.   42.   44.   45.
   46.   48.   48.   48.   49.   52.   54.   55.   56.   58.   65.   67.
   69.   70.   71.   71.   71.   72.   75.   81.   83.   87.   94.   96.
   96.   99.  100.  100.][-98. -97. -95. -92. -91. -90. -88. -85. -85. -84. -84. -80. -76. -76.
 -75. -71. -71. -69. -69. -65. -64. -63. -63. -61. -57. -57. -54. -53.
 -52. -33. -32. -32. -31. -27. -26. -19. -19. -17. -13. -12. -10.  -9.
  -9.  -5.  -5.  -5.  -3.   0.   0.   3.   5.  10.  14.  14.  17.  18.
  18.  18.  21.  21.  21.  23.  25.  31.  32.  32.  33.  39.  41.  42.
  44.  44.  45.  45.  48.  49.  50.  53.  54.  54.  56.  60.  61.  67.
  70.  76.  76.  82.  82.  83.  83.  86.  86.  86.  91.  91.  94.  94.
  96. 100.][-100.  -98.  -92.  -80.  -79.  -77.  -73.  -71.  -70.  -67.  -67.  -66.
  -66.  -65.  -62.  -62.  -62.  -60.  -60.  -58.  -57.  -54.  -53.  -48.
  -47.  -46.  -45.  -36.  -34.  -31.  -31.  -29.  -28.  -27.  -26.  -20.
  -19.  -17.  -15.   -9.   -9.   -9.   -7.   -1.   -1.    1.    4.    5.
    6.   11.   13.   15.   16.   17.   22.   24.   24.   26.   26.   29.
   29.   30.   30.   33.   34.   36.   37.   39.   40.   42.   42.   44.
   44.   45.   45.   48.   49.   50.   53.   59.   59.   61.   62.   65.
   70.   72.   72.   72.   74.   76.   77.   81.   81.   83.   85.   86.
   86.   87.   88.   95.][-99. -99. -98. -97. -96. -96. -94. -90. -86. -85. -83. -83. -83. -78.
 -75. -74. -72. -69. -66. -63. -61. -61. -59. -57. -56. -56. -55. -50.
 -49. -48. -46. -45. -42. -42. -41. -40. -39. -38. -38. -36. -30. -28.
 -28. -26. -24. -21. -19. -19. -17. -15. -14. -13. -13. -12.  -5.  -2.
   2.   4.   9.  12.  15.  16.  18.  20.  22.  26.  27.  28.  31.  35.
  43.  43.  46.  51.  53.  54.  54.  55.  57.  59.  60.  60.  61.  69.
  70.  70.  70.  73.  74.  80.  88.  93.  93.  94.  96.  97.  98.  99.
  99. 100.][-97. -95. -94. -94. -90. -89. -88. -86. -81. -79. -78. -76. -74. -65.
 -64. -64. -64. -61. -61. -56. -55. -52. -51. -48. -43. -41. -39. -33.
 -30. -30. -26. -24. -24. -19. -18. -14. -12. -12. -10. -10.  -8.  -5.
  -5.  -4.  -2.   5.   5.   7.  10.  10.  16.  20.  21.  24.  27.  29.
  30.  36.  37.  38.  40.  40.  42.  42.  43.  44.  45.  46.  48.  48.
  49.  52.  52.  53.  54.  58.  59.  61.  62.  63.  70.  71.  73.  74.
  75.  77.  86.  86.  86.  86.  87.  88.  88.  88.  91.  91.  92.  93.
  97. 100.][-100. -100.  -99.  -98.  -92.  -88.  -88.  -83.  -81.  -79.  -72.  -70.
  -68.  -68.  -65.  -64.  -63.  -62.  -61.  -59.  -58.  -53.  -51.  -51.
  -48.  -45.  -42.  -41.  -41.  -38.  -35.  -33.  -29.  -28.  -25.  -25.
  -24.  -22.  -20.  -15.  -11.  -10.  -10.   -7.   -7.   -6.   -3.    1.
   12.   13.   15.   16.   19.   19.   21.   21.   21.   22.   25.   26.
   28.   29.   31.   32.   35.   35.   39.   39.   40.   41.   42.   43.
   43.   44.   49.   49.   51.   51.   51.   55.   58.   59.   60.   61.
   62.   62.   63.   68.   74.   76.   78.   83.   85.   86.   88.   89.
   90.   93.   98.   99.][-100.  -99.  -96.  -96.  -96.  -95.  -93.  -90.  -88.  -82.  -79.  -79.
  -79.  -75.  -75.  -73.  -70.  -70.  -65.  -64.  -64.  -63.  -62.  -60.
  -54.  -53.  -51.  -50.  -50.  -46.  -45.  -45.  -44.  -44.  -42.  -40.
  -39.  -37.  -31.  -30.  -30.  -27.  -26.  -26.  -25.  -22.  -20.  -18.
  -13.  -11.  -11.  -11.  -10.   -9.   -9.   -8.   -6.   -6.    0.    7.
    7.    8.    9.   25.   25.   25.   28.   29.   35.   38.   38.   38.
   40.   41.   43.   43.   44.   46.   47.   55.   60.   60.   61.   62.
   63.   63.   64.   67.   67.   71.   72.   77.   80.   81.   81.   81.
   83.   89.   90.   99.][-98. -97. -93. -91. -88. -88. -87. -86. -85. -76. -73. -73. -72. -70.
 -68. -64. -58. -57. -54. -53. -51. -47. -44. -43. -41. -41. -37. -34.
 -32. -31. -31. -31. -29. -24. -23. -23. -23. -20. -19. -16. -12. -11.
  -5.  -3.  -2.   0.   1.   4.   4.   5.   8.  10.  10.  12.  13.  13.
  15.  15.  17.  19.  22.  25.  30.  31.  31.  34.  36.  38.  40.  42.
  45.  46.  49.  52.  54.  55.  56.  57.  59.  60.  60.  60.  63.  64.
  68.  68.  69.  69.  71.  72.  74.  75.  76.  78.  80.  84.  86.  91.
  94. 100.][-97. -94. -94. -93. -93. -90. -88. -87. -84. -77. -77. -75. -72. -72.
 -72. -71. -70. -70. -70. -66. -66. -64. -62. -62. -57. -43. -41. -41.
 -37. -35. -33. -33. -30. -29. -28. -20. -17. -11.  -8.  -8.  -7.  -7.
  -6.  -5.  -3.  -2.  -1.   1.   2.   4.   4.   5.  11.  19.  19.  21.
  23.  25.  27.  29.  31.  31.  32.  33.  33.  34.  36.  38.  47.  48.
  48.  49.  53.  53.  54.  56.  58.  58.  59.  60.  62.  64.  65.  66.
  66.  68.  73.  75.  75.  79.  81.  81.  85.  85.  88.  91.  94.  98.
  99.  99.][-96. -96. -94. -93. -90. -87. -85. -85. -84. -83. -81. -79. -73. -71.
 -70. -69. -69. -63. -63. -63. -62. -58. -54. -52. -52. -51. -51. -50.
 -48. -48. -43. -43. -42. -34. -33. -32. -27. -26. -23. -22. -21. -16.
 -11.  -3.  -2.  -1.   1.   2.   3.   5.   5.   7.   7.  10.  12.  18.
  23.  26.  26.  28.  30.  35.  36.  36.  37.  38.  40.  40.  42.  43.
  49.  50.  51.  51.  52.  55.  59.  60.  63.  64.  67.  67.  67.  67.
  75.  78.  78.  79.  80.  81.  83.  88.  89.  89.  89.  91.  92.  92.
  93.  97.][-97. -92. -90. -89. -87. -85. -81. -80. -77. -77. -77. -76. -74. -74.
 -73. -72. -69. -65. -64. -62. -60. -53. -51. -47. -45. -45. -42. -40.
 -38. -38. -34. -30. -28. -27. -27. -27. -24. -21. -20. -18. -15. -11.
  -6.  -6.  -5.  -4.  -4.  -1.   0.  17.  18.  21.  26.  26.  26.  30.
  31.  33.  34.  36.  37.  41.  41.  43.  45.  46.  47.  49.  50.  50.
  51.  54.  55.  57.  57.  59.  59.  61.  62.  65.  66.  66.  66.  68.
  69.  70.  77.  80.  84.  86.  88.  90.  92.  93.  93.  94.  94.  95.
  97.  98.][-99. -97. -96. -96. -90. -90. -89. -88. -88. -86. -85. -85. -82. -78.
 -77. -69. -64. -64. -63. -63. -62. -60. -58. -54. -50. -49. -49. -49.
 -47. -46. -46. -39. -33. -31. -29. -28. -27. -25. -24. -24. -23. -22.
 -21. -21. -20. -18. -16. -15. -14.  -9.  -3.  -1.   4.   4.   5.   6.
  19.  20.  22.  23.  24.  26.  26.  28.  28.  31.  32.  33.  34.  35.
  39.  42.  42.  45.  53.  55.  58.  61.  62.  62.  68.  73.  74.  74.
  74.  75.  76.  76.  78.  78.  87.  90.  90.  92.  93.  95.  97.  98.
  99. 100.][-99. -98. -93. -92. -92. -91. -90. -88. -88. -85. -84. -84. -82. -77.
 -77. -76. -74. -74. -71. -70. -64. -62. -62. -60. -60. -57. -57. -52.
 -50. -47. -45. -44. -35. -34. -32. -32. -30. -29. -25. -22. -18. -18.
 -17. -16. -16. -11.  -9.  -7.  -6.  -5.  -3.  -3.  -2.  -2.   2.   4.
   5.   6.   8.  12.  13.  14.  14.  14.  18.  19.  19.  20.  20.  21.
  22.  23.  25.  30.  41.  42.  49.  50.  53.  54.  55.  57.  57.  59.
  64.  65.  66.  70.  70.  71.  72.  75.  78.  79.  83.  85.  85.  86.
  86.  88.][-100. -100.  -98.  -94.  -90.  -88.  -86.  -85.  -83.  -79.  -78.  -77.
  -76.  -75.  -73.  -72.  -71.  -64.  -60.  -58.  -55.  -55.  -55.  -53.
  -52.  -51.  -50.  -47.  -43.  -40.  -39.  -35.  -32.  -28.  -28.  -26.
  -26.  -26.  -23.  -21.  -19.  -18.  -16.  -11.  -10.   -3.   -2.   -2.
   -2.   -1.   -1.    3.    4.    9.   16.   18.   22.   23.   28.   30.
   31.   38.   38.   41.   41.   42.   44.   44.   44.   46.   46.   46.
   46.   54.   54.   55.   55.   58.   59.   60.   68.   69.   72.   72.
   73.   75.   76.   76.   81.   87.   87.   87.   91.   92.   92.   96.
   97.   98.   99.  100.][-100.  -97.  -91.  -91.  -90.  -87.  -81.  -77.  -76.  -76.  -75.  -74.
  -73.  -70.  -68.  -65.  -63.  -63.  -62.  -62.  -55.  -54.  -52.  -51.
  -50.  -50.  -49.  -48.  -48.  -46.  -46.  -44.  -39.  -38.  -38.  -32.
  -32.  -31.  -29.  -27.  -23.  -14.  -13.  -11.  -10.   -8.   -8.   -7.
   -3.   -1.   -1.    0.    1.    3.    4.    8.   10.   11.   11.   16.
   17.   19.   26.   27.   28.   33.   35.   37.   37.   41.   43.   44.
   45.   47.   50.   52.   52.   53.   58.   58.   60.   61.   62.   64.
   67.   72.   73.   74.   74.   75.   78.   82.   84.   94.   95.   96.
   96.   99.   99.  100.][-100. -100.  -99.  -97.  -95.  -94.  -94.  -90.  -89.  -87.  -87.  -87.
  -86.  -81.  -81.  -80.  -75.  -74.  -69.  -61.  -60.  -60.  -59.  -56.
  -53.  -50.  -47.  -45.  -44.  -41.  -38.  -38.  -38.  -38.  -35.  -33.
  -31.  -27.  -22.  -21.  -18.  -18.  -16.  -14.  -13.  -11.   -2.   -1.
   -1.   -1.    2.    5.    7.    7.    8.   10.   10.   11.   13.   18.
   20.   20.   20.   22.   24.   24.   25.   30.   35.   37.   41.   45.
   45.   50.   53.   54.   56.   58.   59.   64.   65.   65.   71.   73.
   73.   81.   83.   85.   86.   88.   88.   89.   89.   90.   91.   92.
   93.   94.   94.   95.][-100.  -99.  -98.  -96.  -96.  -95.  -94.  -93.  -90.  -85.  -79.  -78.
  -76.  -74.  -73.  -73.  -72.  -72.  -70.  -68.  -63.  -62.  -62.  -54.
  -53.  -51.  -51.  -51.  -47.  -47.  -47.  -46.  -44.  -43.  -43.  -38.
  -36.  -35.  -35.  -32.  -27.  -27.  -27.  -26.  -20.  -20.  -19.  -19.
  -16.  -14.  -14.  -13.  -11.  -10.   -9.   -4.   -4.   -1.    7.    9.
   10.   12.   18.   20.   23.   24.   26.   30.   31.   35.   39.   40.
   44.   47.   48.   50.   51.   51.   52.   56.   64.   65.   65.   66.
   66.   67.   70.   72.   73.   75.   75.   76.   77.   78.   83.   86.
   88.   96.   99.  100.][-99. -99. -98. -98. -97. -88. -87. -85. -84. -84. -82. -81. -80. -77.
 -76. -75. -75. -72. -71. -67. -65. -61. -61. -60. -57. -56. -52. -46.
 -43. -39. -39. -39. -35. -34. -32. -30. -27. -27. -26. -24. -24. -24.
 -21. -19. -15. -14. -10. -10.  -8.  -6.  -1.  -1.   5.   6.   7.   9.
   9.   9.   9.  18.  19.  19.  19.  20.  20.  28.  29.  29.  30.  41.
  45.  50.  51.  51.  53.  54.  58.  59.  60.  60.  61.  66.  69.  70.
  71.  72.  74.  80.  82.  82.  82.  84.  85.  89.  89.  89.  93.  95.
  96.  99.][-97. -95. -93. -92. -91. -91. -91. -91. -89. -81. -74. -74. -73. -68.
 -62. -62. -53. -52. -51. -40. -40. -38. -38. -37. -33. -32. -31. -29.
 -28. -23. -22. -20. -17. -16. -16. -12. -11. -11. -11. -10. -10.  -9.
  -9.  -5.  -4.  -3.   1.   2.   2.   4.   5.   8.   8.   9.  10.  10.
  13.  19.  23.  25.  25.  27.  27.  32.  36.  36.  38.  38.  43.  43.
  44.  47.  52.  55.  55.  58.  58.  62.  64.  65.  66.  68.  71.  72.
  75.  76.  77.  79.  79.  83.  84.  86.  88.  92.  92.  93.  94.  94.
  95.  96.][-98. -96. -94. -94. -91. -89. -88. -83. -81. -80. -79. -77. -74. -71.
 -69. -66. -65. -64. -61. -61. -58. -58. -56. -56. -51. -50. -49. -48.
 -48. -46. -46. -44. -41. -40. -33. -33. -32. -31. -30. -28. -23. -23.
 -19. -15. -15. -12. -11.  -9.  -4.  -2.   0.   7.   7.  13.  16.  17.
  22.  23.  27.  27.  28.  30.  32.  34.  36.  38.  40.  40.  45.  47.
  57.  57.  57.  58.  60.  60.  60.  62.  62.  64.  68.  69.  73.  74.
  75.  75.  76.  76.  78.  80.  81.  82.  85.  86.  86.  91.  91.  92.
  96.  98.][-100.  -99.  -97.  -96.  -94.  -92.  -87.  -85.  -83.  -81.  -81.  -79.
  -78.  -75.  -74.  -74.  -73.  -72.  -71.  -68.  -65.  -57.  -57.  -56.
  -56.  -53.  -51.  -50.  -44.  -44.  -40.  -38.  -37.  -36.  -35.  -34.
  -34.  -33.  -32.  -32.  -31.  -27.  -23.  -23.  -22.  -19.  -16.  -14.
  -11.  -10.   -9.   -8.   -4.   -4.   -3.   -3.    3.    3.    6.    7.
   14.   16.   18.   23.   23.   24.   25.   27.   28.   28.   31.   33.
   35.   36.   39.   41.   45.   46.   47.   49.   50.   56.   58.   60.
   61.   65.   73.   74.   78.   81.   84.   87.   87.   90.   91.   91.
   93.   93.   94.   99.][-100.  -97.  -96.  -95.  -93.  -87.  -87.  -80.  -79.  -79.  -76.  -76.
  -73.  -70.  -68.  -57.  -55.  -50.  -49.  -47.  -44.  -44.  -41.  -41.
  -40.  -39.  -38.  -37.  -34.  -33.  -31.  -28.  -27.  -25.  -23.  -23.
  -22.  -22.  -19.  -18.  -17.  -16.  -12.  -11.   -8.   -3.   -2.    0.
    0.    2.    3.    5.    7.    7.   14.   15.   15.   15.   16.   18.
   18.   20.   20.   20.   24.   26.   28.   32.   34.   34.   37.   44.
   47.   50.   56.   60.   64.   64.   65.   70.   70.   73.   74.   76.
   76.   76.   80.   83.   83.   86.   87.   89.   93.   93.   95.   95.
   96.   98.  100.  100.][-100. -100.  -98.  -95.  -94.  -92.  -89.  -85.  -81.  -78.  -78.  -78.
  -77.  -76.  -74.  -73.  -71.  -67.  -60.  -59.  -55.  -55.  -49.  -47.
  -46.  -44.  -42.  -42.  -39.  -39.  -38.  -38.  -35.  -32.  -28.  -28.
  -25.  -23.  -22.  -22.  -20.  -18.  -14.  -14.  -13.  -12.  -11.  -11.
  -10.   -8.   -8.   -7.   -3.   -3.    7.   12.   19.   24.   26.   27.
   28.   31.   32.   32.   33.   35.   38.   40.   41.   44.   47.   49.
   50.   51.   51.   54.   58.   60.   60.   62.   70.   70.   70.   70.
   71.   74.   74.   76.   76.   76.   78.   78.   78.   79.   80.   80.
   85.   90.   91.   91.][-95. -92. -90. -90. -88. -88. -84. -84. -80. -79. -79. -78. -78. -76.
 -74. -68. -68. -66. -63. -62. -60. -60. -59. -58. -52. -51. -51. -49.
 -48. -48. -47. -41. -37. -35. -33. -32. -31. -31. -31. -29. -29. -26.
 -20. -18. -18. -17. -15. -14. -11. -10.  -8.  -6.  -6.  -5.  -3.  -2.
  -2.   1.   2.   2.   3.   4.   5.   9.  12.  13.  14.  21.  23.  27.
  27.  30.  31.  35.  37.  37.  38.  39.  41.  47.  49.  50.  50.  53.
  56.  56.  58.  60.  64.  69.  74.  77.  81.  84.  86.  87.  90.  93.
  96.  98.][-98. -97. -95. -95. -94. -92. -91. -90. -88. -84. -83. -82. -80. -79.
 -75. -74. -73. -71. -70. -69. -65. -65. -62. -58. -57. -56. -51. -50.
 -50. -46. -45. -45. -43. -41. -40. -39. -35. -35. -34. -33. -31. -30.
 -22. -18. -16. -13. -12.  -8.  -6.  -6.   0.   0.   3.   4.   7.   7.
  11.  11.  13.  15.  16.  16.  21.  22.  22.  23.  25.  26.  26.  28.
  29.  30.  31.  37.  39.  42.  45.  47.  56.  56.  57.  60.  62.  62.
  63.  65.  69.  70.  73.  74.  74.  79.  79.  83.  83.  91.  94.  96.
  98.  98.][-95. -92. -92. -92. -85. -84. -82. -81. -79. -79. -73. -71. -68. -63.
 -62. -60. -52. -51. -51. -49. -48. -46. -45. -42. -40. -32. -31. -28.
 -27. -26. -25. -25. -21. -20. -20. -18. -15. -13. -11.  -6.  -5.  -5.
   3.   5.   5.   6.   7.   7.   8.   8.  13.  13.  14.  14.  18.  18.
  23.  30.  38.  41.  43.  45.  46.  51.  51.  52.  54.  54.  54.  55.
  58.  59.  60.  62.  63.  64.  66.  66.  69.  70.  70.  71.  78.  79.
  80.  81.  81.  82.  88.  90.  91.  91.  91.  92.  92.  96.  97.  98.
  98. 100.][-96. -96. -94. -92. -89. -89. -88. -88. -86. -82. -77. -75. -75. -74.
 -71. -70. -65. -65. -64. -60. -59. -58. -54. -54. -53. -49. -48. -45.
 -44. -40. -37. -37. -30. -25. -25. -25. -24. -22. -13. -13. -12. -12.
  -7.  -3.   1.   4.   6.   7.   7.  15.  19.  26.  26.  26.  26.  28.
  28.  29.  30.  37.  37.  41.  43.  46.  47.  50.  52.  55.  57.  57.
  58.  59.  60.  61.  66.  70.  71.  71.  72.  74.  78.  78.  79.  80.
  80.  81.  81.  85.  85.  86.  90.  90.  93.  93.  94.  94.  95.  98.
  99.  99.][-100. -100.  -99.  -98.  -98.  -96.  -95.  -89.  -88.  -86.  -85.  -84.
  -83.  -82.  -82.  -82.  -81.  -79.  -75.  -72.  -67.  -67.  -64.  -61.
  -57.  -55.  -51.  -47.  -40.  -39.  -38.  -37.  -35.  -35.  -35.  -34.
  -31.  -28.  -27.  -26.  -26.  -25.  -23.  -23.  -21.  -20.  -16.  -16.
  -14.  -13.   -8.   -6.   -4.   -3.    0.    2.    3.    3.    5.    6.
    9.    9.   11.   11.   17.   19.   20.   21.   23.   24.   25.   26.
   28.   29.   31.   32.   32.   33.   35.   44.   46.   49.   60.   62.
   64.   64.   65.   65.   66.   70.   70.   71.   72.   75.   81.   91.
   91.   91.   99.  100.][-98. -96. -95. -95. -94. -94. -93. -91. -90. -89. -85. -84. -82. -82.
 -81. -81. -79. -78. -77. -75. -73. -73. -73. -72. -65. -63. -53. -50.
 -50. -49. -49. -44. -44. -42. -40. -39. -38. -38. -34. -30. -27. -26.
 -24. -20. -11. -11. -10.  -9.  -9.  -8.   0.   1.   1.   4.   6.   8.
  11.  11.  12.  14.  14.  17.  19.  20.  23.  24.  25.  27.  30.  35.
  38.  41.  44.  44.  44.  44.  47.  48.  50.  50.  52.  59.  63.  64.
  65.  72.  75.  75.  83.  87.  87.  88.  89.  89.  93.  95.  96.  98.
  99.  99.][-99. -99. -95. -92. -90. -90. -88. -86. -81. -80. -80. -80. -79. -70.
 -66. -64. -63. -62. -61. -60. -60. -57. -56. -55. -54. -52. -47. -46.
 -43. -43. -42. -42. -41. -39. -38. -35. -34. -34. -30. -29. -28. -24.
 -24. -15. -13. -12. -11. -11.  -9.  -7.  -6.   0.   2.   2.   8.   9.
  11.  13.  15.  20.  21.  23.  23.  24.  27.  27.  29.  30.  30.  31.
  33.  35.  36.  37.  40.  42.  45.  46.  47.  48.  49.  51.  54.  56.
  60.  63.  64.  67.  69.  72.  74.  75.  77.  83.  85.  90.  94.  97.
  97.  99.][-100. -100.  -90.  -89.  -88.  -87.  -85.  -81.  -80.  -75.  -75.  -74.
  -73.  -72.  -70.  -70.  -68.  -65.  -64.  -57.  -55.  -55.  -54.  -54.
  -48.  -46.  -44.  -44.  -33.  -32.  -27.  -27.  -26.  -25.  -22.  -21.
  -20.  -19.  -19.  -15.  -13.  -11.  -11.  -10.   -9.   -6.   -3.   -1.
   -1.    0.    1.    7.    8.    9.    9.   12.   12.   15.   19.   20.
   21.   26.   32.   32.   33.   34.   35.   36.   36.   37.   38.   49.
   51.   56.   56.   60.   60.   62.   74.   74.   78.   82.   82.   85.
   86.   87.   87.   87.   88.   89.   90.   90.   91.   93.   94.   96.
   98.   98.   99.   99.][-99. -90. -88. -87. -87. -85. -84. -77. -75. -70. -70. -61. -60. -60.
 -59. -58. -55. -53. -53. -51. -49. -48. -46. -44. -42. -42. -41. -39.
 -36. -35. -29. -26. -25. -22. -21. -16. -11. -11.  -9.  -5.  -4.  -2.
   0.   0.   3.   6.   7.   9.   9.   9.  12.  14.  14.  16.  17.  20.
  24.  25.  26.  26.  28.  28.  29.  31.  31.  34.  35.  40.  41.  45.
  47.  47.  51.  52.  53.  59.  60.  61.  61.  63.  64.  65.  68.  71.
  72.  73.  75.  76.  76.  84.  85.  88.  89.  90.  92.  92.  93.  97.
 100. 100.][-95. -92. -92. -91. -91. -90. -90. -89. -87. -85. -85. -80. -80. -77.
 -74. -71. -70. -67. -67. -61. -53. -53. -53. -44. -44. -36. -35. -29.
 -28. -28. -25. -21. -21. -20. -19. -19. -18. -18. -17. -16. -16. -15.
 -14. -14. -13. -12. -12. -11.  -8.  -6.  -5.  -5.  -5.  -1.  -1.  -1.
   1.   2.   2.   2.   9.   9.  12.  16.  20.  20.  28.  32.  34.  35.
  36.  37.  38.  42.  49.  52.  55.  60.  62.  62.  64.  67.  67.  70.
  71.  72.  74.  77.  78.  81.  84.  85.  88.  89.  90.  92.  95.  97.
  97. 100.][-98. -98. -97. -94. -94. -93. -92. -91. -90. -85. -82. -80. -79. -78.
 -76. -70. -66. -65. -62. -56. -53. -52. -50. -50. -50. -48. -44. -42.
 -38. -37. -37. -37. -34. -33. -33. -32. -31. -30. -26. -25. -25. -21.
 -20. -17. -15. -14. -14.  -5.  -4.  -3.   0.   1.   1.   3.   4.   7.
   7.   9.  10.  12.  12.  13.  15.  16.  19.  19.  21.  24.  24.  25.
  32.  32.  32.  33.  33.  34.  34.  35.  38.  44.  45.  53.  57.  59.
  60.  69.  69.  70.  76.  76.  81.  85.  87.  88.  88.  91.  93.  93.
  98.  99.][-99. -94. -93. -90. -90. -87. -82. -81. -79. -76. -76. -73. -68. -65.
 -63. -61. -61. -60. -59. -57. -57. -51. -50. -48. -47. -45. -40. -38.
 -38. -35. -34. -33. -30. -30. -28. -26. -25. -22. -21. -19. -18. -13.
 -11.  -7.  -5.  -1.   0.   1.   1.   2.   4.   5.   5.   6.   7.  13.
  13.  15.  16.  17.  21.  23.  26.  27.  29.  30.  36.  37.  41.  41.
  44.  45.  45.  46.  46.  47.  49.  51.  56.  58.  59.  61.  63.  72.
  72.  72.  76.  77.  78.  79.  79.  85.  89.  89.  89.  90.  92.  94.
  97.  99.][-95. -94. -93. -88. -87. -84. -81. -81. -80. -76. -75. -72. -70. -70.
 -67. -66. -59. -56. -53. -52. -48. -45. -39. -38. -37. -36. -28. -27.
 -21. -20. -16. -10.  -8.  -6.  -6.  -4.  -4.  -3.  -2.   0.   0.   0.
   6.   8.   9.  12.  12.  12.  13.  13.  13.  13.  13.  14.  16.  18.
  21.  23.  27.  30.  32.  33.  33.  35.  36.  38.  39.  43.  44.  46.
  46.  47.  49.  50.  51.  51.  52.  53.  53.  60.  61.  67.  68.  70.
  72.  74.  79.  82.  83.  84.  87.  87.  89.  93.  95.  96.  96.  96.
  97.  98.][-100.  -97.  -95.  -94.  -94.  -92.  -92.  -86.  -79.  -79.  -78.  -78.
  -74.  -72.  -72.  -72.  -70.  -66.  -64.  -63.  -54.  -53.  -49.  -47.
  -46.  -44.  -43.  -40.  -36.  -36.  -36.  -36.  -35.  -34.  -33.  -33.
  -33.  -31.  -26.  -26.  -26.  -19.  -15.  -14.   -9.   -8.   -4.   -4.
   -2.    4.    4.    5.    8.    8.    9.   10.   12.   15.   15.   16.
   20.   22.   22.   24.   25.   30.   31.   35.   36.   37.   37.   41.
   44.   45.   49.   51.   52.   52.   56.   63.   64.   66.   67.   70.
   72.   72.   73.   76.   80.   81.   81.   81.   85.   87.   90.   93.
   94.   96.   96.   97.][-100. -100.  -93.  -92.  -91.  -91.  -89.  -89.  -87.  -86.  -85.  -83.
  -81.  -72.  -64.  -61.  -59.  -59.  -55.  -55.  -53.  -53.  -52.  -50.
  -50.  -47.  -44.  -42.  -42.  -40.  -35.  -34.  -32.  -29.  -28.  -28.
  -24.  -23.  -21.  -20.  -19.  -16.  -15.  -14.  -14.  -13.  -13.   -6.
   -5.   -4.    0.    4.    5.    7.   10.   11.   13.   15.   17.   18.
   23.   26.   27.   29.   31.   32.   32.   34.   39.   39.   40.   45.
   45.   46.   47.   48.   49.   49.   50.   55.   55.   61.   61.   61.
   62.   63.   75.   78.   78.   80.   82.   84.   88.   88.   88.   91.
   92.   93.   95.   99.][-97. -93. -90. -88. -87. -84. -84. -78. -75. -73. -72. -71. -70. -68.
 -67. -63. -62. -62. -61. -60. -59. -56. -51. -50. -48. -44. -41. -40.
 -35. -35. -29. -29. -27. -20. -20. -15. -15. -14. -10. -10.  -8.  -6.
  -6.  -2.   1.   2.   2.   2.   6.   8.  14.  14.  14.  16.  17.  24.
  30.  36.  36.  39.  42.  45.  45.  46.  46.  46.  47.  48.  50.  55.
  58.  59.  61.  61.  66.  66.  66.  67.  71.  74.  74.  75.  77.  79.
  80.  81.  81.  82.  82.  85.  86.  86.  87.  88.  89.  91.  93.  95.
  97.  99.][-100.  -98.  -91.  -89.  -89.  -85.  -80.  -80.  -78.  -74.  -74.  -71.
  -70.  -69.  -68.  -61.  -58.  -55.  -52.  -50.  -49.  -46.  -44.  -36.
  -34.  -34.  -34.  -33.  -33.  -32.  -30.  -27.  -24.  -21.  -20.  -20.
  -19.  -19.  -17.  -16.  -15.  -13.  -13.  -13.   -8.   -3.   -3.   -2.
   -2.    8.    9.   11.   13.   13.   14.   15.   21.   26.   27.   28.
   28.   30.   31.   34.   35.   37.   38.   45.   48.   50.   51.   51.
   53.   54.   57.   57.   59.   60.   61.   63.   65.   67.   69.   70.
   76.   76.   77.   83.   86.   89.   89.   90.   92.   92.   93.   94.
   94.   95.   96.  100.][-99. -97. -92. -89. -87. -86. -85. -84. -83. -82. -77. -77. -76. -74.
 -73. -71. -70. -66. -63. -62. -59. -58. -54. -54. -53. -53. -52. -50.
 -50. -49. -48. -48. -46. -46. -45. -44. -43. -43. -41. -34. -31. -29.
 -26. -23. -22. -20. -18. -15. -14.  -7.  -5.  -3.  -3.  -2.  -1.  -1.
   3.   9.  11.  13.  16.  16.  16.  16.  17.  23.  28.  31.  32.  36.
  39.  41.  41.  42.  48.  54.  54.  55.  55.  56.  59.  60.  63.  63.
  65.  67.  71.  74.  75.  79.  81.  82.  82.  83.  87.  89.  89.  99.
 100. 100.][-96. -96. -95. -94. -92. -91. -90. -89. -87. -87. -87. -79. -75. -74.
 -73. -69. -69. -68. -66. -58. -57. -55. -54. -53. -43. -43. -41. -40.
 -39. -37. -36. -33. -31. -29. -21. -21. -21. -19. -19. -18. -18. -17.
 -16. -14. -13. -10.  -8.  -7.  -6.  -3.   0.   2.   3.   6.   8.   8.
  11.  14.  15.  16.  18.  18.  23.  23.  26.  29.  34.  35.  35.  36.
  42.  44.  46.  49.  50.  50.  50.  52.  55.  55.  59.  62.  63.  63.
  63.  65.  69.  71.  73.  73.  79.  81.  81.  86.  88.  96.  96.  99.
  99. 100.][-100.  -98.  -97.  -88.  -87.  -87.  -84.  -81.  -80.  -79.  -78.  -74.
  -71.  -70.  -69.  -68.  -67.  -67.  -60.  -56.  -56.  -52.  -51.  -50.
  -45.  -45.  -42.  -40.  -37.  -37.  -37.  -35.  -35.  -32.  -31.  -31.
  -31.  -30.  -27.  -25.  -24.  -22.  -22.  -19.  -13.  -11.   -9.   -8.
   -6.   -4.   -3.    0.    3.    6.    6.    8.   12.   15.   15.   16.
   18.   20.   23.   25.   29.   30.   31.   32.   33.   42.   43.   52.
   52.   53.   55.   61.   66.   69.   71.   72.   74.   77.   79.   80.
   80.   82.   82.   84.   85.   86.   87.   88.   89.   90.   90.   92.
   94.   94.   97.  100.][-99. -95. -94. -94. -93. -86. -84. -82. -82. -82. -81. -79. -72. -72.
 -70. -69. -68. -63. -63. -62. -61. -58. -57. -53. -47. -46. -45. -45.
 -40. -37. -37. -36. -35. -33. -26. -21. -20. -17. -10. -10.  -6.  -6.
  -3.   0.   0.   0.   2.   3.   4.   6.   6.   8.  12.  12.  12.  15.
  16.  19.  20.  21.  22.  29.  29.  32.  33.  40.  40.  42.  45.  47.
  47.  48.  49.  51.  53.  54.  55.  58.  60.  62.  62.  64.  75.  76.
  78.  80.  84.  86.  86.  92.  93.  95.  95.  95.  96.  96.  96.  99.
 100. 100.][-95. -94. -94. -94. -92. -91. -85. -84. -84. -83. -77. -75. -75. -74.
 -73. -65. -60. -58. -58. -57. -52. -48. -47. -45. -43. -40. -38. -37.
 -34. -33. -30. -30. -30. -29. -26. -24. -23. -23. -21. -19. -19. -18.
 -16. -13. -11.  -9.  -9.  -8.  -8.  -7.  -4.  -4.  -4.  -3.  -3.  -1.
   0.   2.   3.   6.   7.   8.   9.  12.  12.  12.  14.  19.  20.  20.
  21.  23.  26.  28.  29.  30.  32.  32.  36.  37.  38.  39.  46.  48.
  49.  51.  52.  52.  54.  56.  65.  70.  70.  70.  70.  71.  83.  87.
  92. 100.][-100.  -99.  -91.  -88.  -86.  -84.  -83.  -83.  -83.  -82.  -82.  -81.
  -77.  -76.  -75.  -74.  -72.  -69.  -65.  -63.  -63.  -62.  -62.  -61.
  -61.  -59.  -59.  -58.  -57.  -57.  -55.  -52.  -51.  -49.  -45.  -44.
  -42.  -39.  -39.  -35.  -26.  -20.  -18.  -18.  -17.  -16.  -13.   -6.
   -5.   -3.   -3.    3.    4.   10.   11.   13.   13.   13.   14.   15.
   19.   21.   21.   22.   22.   31.   31.   32.   38.   38.   40.   41.
   45.   46.   48.   49.   51.   51.   54.   56.   57.   62.   64.   71.
   73.   75.   78.   78.   79.   79.   82.   84.   85.   85.   86.   88.
   89.   89.   99.   99.][-98. -95. -94. -94. -94. -93. -83. -83. -82. -81. -79. -74. -72. -68.
 -67. -65. -62. -56. -56. -54. -53. -52. -51. -51. -48. -46. -42. -36.
 -35. -34. -32. -30. -26. -23. -21. -21. -19. -19. -19. -18. -16. -10.
 -10.  -8.  -8.   0.   0.   4.   4.   4.  11.  12.  12.  13.  15.  16.
  16.  21.  22.  23.  24.  25.  29.  34.  36.  39.  39.  42.  42.  43.
  44.  50.  50.  51.  54.  54.  56.  57.  57.  58.  61.  63.  66.  66.
  67.  71.  77.  78.  78.  84.  85.  87.  88.  90.  90.  91.  95.  96.
  98.  98.][-100.  -99.  -99.  -98.  -97.  -95.  -95.  -89.  -88.  -88.  -86.  -86.
  -84.  -83.  -82.  -80.  -79.  -79.  -78.  -78.  -75.  -74.  -73.  -70.
  -70.  -66.  -63.  -59.  -57.  -52.  -51.  -51.  -50.  -48.  -47.  -44.
  -39.  -38.  -36.  -35.  -34.  -33.  -32.  -29.  -27.  -27.  -25.  -23.
  -22.  -22.  -22.  -20.  -20.  -18.  -17.  -13.  -12.  -12.  -10.   -5.
   -4.   -2.    0.    2.    5.    9.   13.   14.   22.   22.   30.   30.
   32.   37.   37.   39.   41.   44.   45.   45.   45.   47.   49.   50.
   52.   54.   57.   57.   59.   63.   64.   67.   68.   70.   78.   82.
   84.   87.   94.  100.][-97. -97. -95. -94. -94. -93. -90. -89. -87. -87. -81. -79. -78. -77.
 -77. -76. -76. -73. -71. -69. -68. -64. -63. -59. -57. -52. -50. -50.
 -48. -48. -48. -48. -47. -40. -39. -29. -27. -23. -17. -16. -15. -13.
 -13. -12. -11. -10. -10.  -9.  -8.  -8.  -7.  -6.  -5.  -3.  -1.   9.
   9.  12.  20.  23.  24.  27.  27.  28.  31.  32.  33.  35.  35.  36.
  36.  38.  42.  42.  43.  44.  47.  49.  53.  53.  53.  55.  60.  61.
  64.  66.  67.  72.  79.  79.  79.  80.  81.  82.  83.  85.  89.  90.
  97.  99.][-96. -92. -92. -92. -90. -88. -87. -80. -78. -77. -73. -72. -68. -68.
 -65. -63. -62. -61. -59. -55. -54. -53. -52. -50. -47. -47. -46. -46.
 -41. -39. -38. -33. -29. -29. -27. -25. -25. -25. -17. -16. -15.  -9.
  -7.  -6.  -3.  -2.  -2.   0.   0.   2.   4.   6.   7.   8.   8.  10.
  10.  10.  10.  13.  15.  19.  21.  21.  22.  25.  27.  30.  31.  33.
  34.  37.  39.  39.  41.  44.  46.  47.  49.  50.  54.  55.  56.  58.
  58.  59.  66.  67.  69.  72.  76.  79.  82.  84.  85.  86.  87.  89.
  90.  92.][-100.  -99.  -93.  -92.  -89.  -86.  -82.  -76.  -75.  -75.  -74.  -72.
  -71.  -69.  -68.  -67.  -67.  -66.  -63.  -61.  -61.  -60.  -60.  -57.
  -56.  -56.  -55.  -49.  -48.  -48.  -47.  -44.  -38.  -36.  -35.  -30.
  -29.  -29.  -29.  -28.  -28.  -26.  -25.  -20.  -20.  -18.  -15.  -15.
  -14.  -14.   -9.   -5.   -3.   -3.   -2.   10.   11.   14.   16.   18.
   25.   25.   30.   30.   30.   30.   32.   35.   37.   40.   45.   48.
   49.   49.   51.   53.   56.   61.   63.   63.   66.   67.   68.   68.
   70.   74.   74.   74.   75.   81.   85.   85.   86.   87.   89.   90.
   91.   93.   98.   99.][-100.  -98.  -95.  -93.  -93.  -93.  -92.  -90.  -88.  -82.  -79.  -76.
  -76.  -76.  -74.  -74.  -73.  -70.  -64.  -64.  -55.  -54.  -53.  -52.
  -46.  -46.  -43.  -42.  -40.  -39.  -37.  -35.  -32.  -32.  -31.  -30.
  -29.  -29.  -27.  -26.  -25.  -24.  -24.  -23.  -22.  -20.  -19.  -11.
  -10.  -10.   -7.   -5.   -4.   -4.   -2.    1.    3.    3.    4.    5.
    5.    7.    7.    8.   13.   14.   17.   18.   18.   19.   21.   25.
   25.   27.   29.   32.   35.   36.   38.   38.   45.   46.   46.   48.
   50.   55.   55.   56.   58.   60.   61.   64.   66.   73.   74.   76.
   85.   85.   88.   88.][-100.  -97.  -93.  -91.  -86.  -86.  -86.  -85.  -83.  -78.  -75.  -75.
  -64.  -62.  -62.  -62.  -61.  -59.  -57.  -54.  -50.  -45.  -43.  -41.
  -40.  -40.  -38.  -38.  -36.  -36.  -34.  -33.  -30.  -30.  -28.  -28.
  -27.  -27.  -26.  -25.  -22.  -20.  -19.  -17.  -17.  -14.  -11.  -11.
  -10.   -8.   -5.   -2.    8.    8.   11.   13.   14.   17.   17.   19.
   21.   23.   24.   26.   30.   34.   35.   43.   43.   46.   46.   50.
   52.   55.   56.   57.   57.   63.   64.   64.   65.   67.   71.   73.
   77.   78.   79.   80.   81.   82.   82.   86.   88.   89.   90.   92.
   93.   95.   97.   98.][-100.  -95.  -92.  -92.  -91.  -89.  -88.  -85.  -85.  -85.  -82.  -82.
  -75.  -74.  -74.  -73.  -71.  -71.  -70.  -70.  -69.  -68.  -68.  -60.
  -57.  -55.  -53.  -51.  -47.  -47.  -46.  -44.  -43.  -37.  -35.  -33.
  -32.  -31.  -31.  -29.  -28.  -26.  -26.  -23.  -22.  -22.  -20.  -18.
  -18.  -15.  -14.  -14.  -14.  -12.   -9.   -8.   -5.   -1.    0.    0.
    3.    8.   17.   17.   18.   20.   20.   32.   36.   39.   43.   45.
   46.   46.   46.   49.   54.   55.   59.   60.   63.   64.   66.   69.
   71.   75.   75.   81.   82.   83.   84.   85.   88.   88.   88.   91.
   91.   96.   99.   99.][-99. -97. -91. -91. -90. -89. -88. -88. -87. -85. -85. -84. -84. -84.
 -83. -80. -80. -79. -78. -77. -76. -76. -68. -66. -64. -63. -60. -58.
 -54. -49. -34. -33. -31. -29. -27. -26. -23. -22. -21. -17. -14. -11.
  -7.  -4.  -2.  -2.  -1.  -1.   2.   2.   6.  11.  12.  12.  14.  17.
  17.  20.  21.  22.  23.  24.  25.  30.  32.  35.  38.  39.  40.  41.
  43.  45.  46.  46.  47.  47.  49.  52.  53.  56.  59.  63.  65.  67.
  68.  76.  76.  76.  78.  79.  85.  87.  87.  87.  88.  89.  89.  90.
  95.  97.][-100.  -98.  -93.  -93.  -93.  -93.  -92.  -86.  -86.  -79.  -77.  -74.
  -72.  -72.  -71.  -71.  -70.  -66.  -64.  -63.  -56.  -55.  -53.  -53.
  -50.  -47.  -43.  -42.  -37.  -32.  -31.  -27.  -26.  -23.  -18.  -17.
  -17.  -17.  -14.  -13.  -12.  -12.  -11.  -10.   -4.   -2.   -1.    4.
    4.    4.    7.    8.   12.   12.   21.   22.   23.   23.   23.   25.
   25.   26.   31.   32.   34.   37.   39.   40.   43.   43.   44.   47.
   49.   51.   51.   56.   62.   65.   65.   66.   67.   68.   69.   71.
   72.   72.   78.   81.   81.   82.   82.   83.   83.   84.   93.   94.
   95.   95.   98.  100.][-98. -97. -88. -82. -80. -77. -77. -76. -74. -72. -67. -65. -64. -64.
 -63. -61. -58. -53. -52. -51. -48. -46. -46. -44. -44. -44. -43. -39.
 -38. -35. -32. -31. -30. -26. -24. -21. -20. -18. -16. -14. -14. -12.
 -12.  -9.  -9.  -8.  -8.  -7.  -2.   1.   5.   5.   8.  10.  10.  12.
  15.  17.  17.  17.  26.  26.  29.  31.  35.  36.  41.  41.  44.  46.
  47.  50.  54.  56.  57.  59.  61.  67.  70.  71.  72.  72.  73.  73.
  74.  78.  80.  81.  82.  82.  85.  85.  86.  88.  89.  96.  97.  98.
  98. 100.][-99. -95. -93. -90. -88. -86. -85. -84. -83. -83. -83. -78. -71. -70.
 -66. -65. -60. -55. -53. -53. -52. -51. -50. -49. -49. -47. -47. -45.
 -45. -44. -39. -37. -35. -34. -29. -28. -27. -26. -25. -21. -19. -16.
 -14. -13.  -8.  -7.  -7.  -6.  -5.  -3.  -2.   2.   2.   4.   5.   6.
   7.  10.  10.  10.  13.  15.  16.  20.  22.  25.  35.  35.  36.  36.
  42.  45.  50.  51.  55.  58.  59.  59.  60.  62.  64.  65.  67.  68.
  68.  69.  71.  72.  73.  77.  78.  81.  81.  81.  84.  84.  92.  97.
  97. 100.][-100.  -97.  -95.  -89.  -89.  -88.  -87.  -82.  -81.  -78.  -78.  -77.
  -71.  -70.  -69.  -69.  -68.  -67.  -66.  -65.  -64.  -61.  -61.  -59.
  -57.  -57.  -57.  -54.  -53.  -49.  -48.  -46.  -45.  -44.  -43.  -40.
  -40.  -34.  -34.  -32.  -29.  -27.  -26.  -21.  -20.  -17.  -14.   -6.
   -6.   -4.   -4.   -3.   -3.   -1.    0.    5.    8.    9.   13.   16.
   17.   18.   19.   23.   25.   26.   31.   35.   37.   40.   41.   42.
   46.   49.   50.   50.   60.   61.   64.   66.   66.   66.   67.   73.
   73.   76.   78.   83.   84.   85.   85.   88.   91.   93.   94.   97.
   97.   97.   98.   99.][-100.  -98.  -95.  -93.  -84.  -83.  -82.  -82.  -80.  -80.  -78.  -75.
  -74.  -71.  -70.  -67.  -65.  -62.  -61.  -58.  -52.  -48.  -48.  -46.
  -46.  -46.  -46.  -41.  -39.  -39.  -37.  -35.  -34.  -31.  -30.  -28.
  -27.  -27.  -25.  -23.  -20.  -19.  -18.  -17.  -16.  -14.  -14.   -9.
   -8.   -7.   -5.   -3.   -1.    1.    2.    4.    4.    5.    5.   10.
   11.   12.   17.   20.   28.   31.   32.   33.   37.   39.   39.   43.
   49.   49.   51.   52.   54.   56.   61.   61.   62.   62.   63.   66.
   69.   69.   72.   72.   76.   76.   78.   80.   84.   86.   88.   93.
   93.   95.   96.   97.][-99. -99. -98. -96. -90. -89. -88. -88. -87. -86. -84. -84. -83. -83.
 -83. -82. -79. -78. -74. -71. -69. -66. -64. -62. -60. -57. -56. -54.
 -48. -41. -37. -32. -31. -30. -29. -25. -23. -22. -21. -20. -20. -19.
  -9.  -7.  -4.  -4.  -2.  -1.   0.   0.   3.   3.   3.   5.  11.  12.
  13.  15.  18.  28.  29.  30.  31.  34.  37.  39.  40.  42.  45.  46.
  50.  50.  53.  55.  55.  59.  59.  61.  63.  73.  73.  74.  75.  75.
  76.  76.  78.  79.  80.  83.  85.  90.  94.  94.  96.  96.  97.  98.
  99.  99.][-98. -95. -94. -88. -87. -87. -84. -81. -80. -76. -74. -70. -70. -68.
 -67. -67. -66. -64. -62. -59. -58. -56. -53. -53. -51. -45. -44. -43.
 -37. -36. -36. -34. -33. -30. -29. -25. -25. -25. -20. -20. -16. -15.
 -11.  -9.  -8.  -3.   2.   3.   3.   4.   4.   6.   6.   8.   9.  14.
  16.  18.  19.  19.  22.  23.  25.  28.  28.  31.  34.  35.  36.  38.
  40.  41.  42.  47.  50.  52.  54.  56.  56.  59.  61.  61.  66.  67.
  68.  70.  72.  74.  74.  77.  81.  81.  82.  82.  86.  89.  90.  90.
  97. 100.][-98. -97. -96. -93. -91. -90. -87. -86. -82. -81. -76. -75. -75. -69.
 -67. -64. -58. -50. -49. -45. -44. -41. -40. -39. -38. -31. -28. -28.
 -27. -27. -27. -26. -22. -21. -19. -18. -16. -13.  -9.  -9.  -8.  -7.
  -5.   0.   2.   5.   7.   8.   9.   9.  13.  19.  21.  22.  23.  25.
  26.  29.  29.  30.  31.  31.  32.  33.  34.  34.  35.  35.  37.  38.
  38.  40.  44.  44.  47.  48.  49.  50.  53.  54.  55.  59.  62.  62.
  63.  64.  67.  68.  69.  71.  78.  80.  81.  89.  90.  92.  95.  96.
  99. 100.][-100.  -99.  -99.  -94.  -93.  -91.  -88.  -88.  -84.  -82.  -80.  -79.
  -75.  -71.  -68.  -66.  -63.  -62.  -59.  -58.  -57.  -56.  -55.  -54.
  -54.  -53.  -53.  -52.  -46.  -34.  -34.  -33.  -31.  -31.  -28.  -28.
  -28.  -27.  -24.  -23.  -21.  -16.  -16.  -14.  -11.  -11.   -8.   -7.
   -5.   -1.    0.    0.    1.    2.    4.    6.   13.   14.   16.   19.
   20.   24.   24.   25.   30.   31.   31.   32.   35.   35.   44.   44.
   46.   48.   49.   49.   50.   54.   58.   62.   64.   66.   69.   70.
   70.   70.   72.   74.   76.   78.   81.   82.   86.   88.   89.   90.
   93.   95.   96.   98.]