[-96. -95. -95. -93. -88. -86. -86. -84. -83. -81. -81. -81. -81. -79.
 -78. -76. -73. -71. -68. -67. -66. -65. -54. -52. -47. -46. -46. -46.
 -45. -44. -39. -34. -33. -33. -29. -28. -28. -26. -25. -25. -24. -24.
 -22. -18.  -9.  -9.  -8.  -6.  -4.  -4.  -3.   0.   3.   3.   4.   4.
   4.   8.   9.   9.  10.  10.  11.  14.  16.  18.  27.  29.  34.  38.
  40.  44.  46.  48.  49.  50.  51.  51.  56.  58.  59.  60.  60.  60.
  74.  81.  81.  82.  84.  85.  86.  88.  88.  89.  93.  94.  96. 100.
 100. 100.][-95. -94. -93. -92. -88. -82. -81. -80. -79. -75. -68. -68. -68. -67.
 -64. -63. -62. -61. -53. -52. -49. -46. -45. -43. -43. -41. -39. -32.
 -31. -28. -28. -25. -25. -24. -24. -23. -21. -21. -20. -18. -17. -17.
 -15. -15. -14. -14. -13. -11.  -8.  -7.  -4.  -4.   1.   1.   6.   6.
   8.   8.  10.  11.  13.  13.  14.  16.  16.  16.  18.  19.  22.  23.
  25.  28.  29.  30.  32.  40.  44.  47.  49.  53.  54.  55.  56.  61.
  64.  65.  67.  73.  74.  76.  76.  84.  86.  87.  88.  90.  96.  96.
  98.  99.][-100.  -98.  -96.  -90.  -90.  -87.  -87.  -86.  -83.  -82.  -82.  -78.
  -77.  -75.  -70.  -67.  -53.  -52.  -50.  -49.  -44.  -42.  -34.  -33.
  -28.  -24.  -23.  -23.  -23.  -22.  -19.  -14.  -14.  -10.   -9.   -8.
   -6.   -3.   -2.   -2.    2.    2.    3.    5.    5.    6.   10.   10.
   13.   15.   16.   18.   19.   20.   23.   24.   25.   26.   26.   28.
   30.   30.   31.   32.   33.   37.   37.   37.   37.   38.   42.   42.
   43.   43.   47.   48.   48.   48.   49.   49.   51.   53.   58.   58.
   61.   63.   69.   69.   74.   77.   77.   78.   85.   86.   87.   88.
   89.   92.   95.   98.][-97. -97. -96. -92. -90. -86. -85. -84. -82. -79. -78. -77. -75. -75.
 -73. -71. -69. -68. -67. -65. -65. -63. -63. -60. -57. -57. -57. -54.
 -53. -52. -51. -50. -48. -43. -39. -38. -33. -32. -30. -28. -28. -27.
 -27. -26. -26. -26. -25. -22. -22. -21. -20. -19. -14. -12. -12. -11.
  -9.  -9.   2.   4.   5.  12.  12.  16.  19.  23.  25.  26.  28.  29.
  31.  31.  39.  41.  42.  45.  45.  46.  46.  49.  53.  54.  58.  58.
  59.  61.  63.  64.  64.  65.  68.  70.  71.  72.  72.  77.  80.  81.
  92. 100.][-100.  -98.  -95.  -94.  -92.  -92.  -90.  -89.  -89.  -83.  -77.  -70.
  -70.  -70.  -69.  -69.  -67.  -66.  -62.  -62.  -57.  -57.  -53.  -52.
  -52.  -52.  -51.  -50.  -48.  -46.  -43.  -39.  -35.  -35.  -35.  -32.
  -28.  -28.  -25.  -23.  -18.  -18.  -15.  -13.  -10.   -9.   -8.   -6.
   -4.   -3.   -3.    5.    6.    7.    8.   14.   14.   14.   14.   18.
   19.   20.   21.   24.   26.   26.   27.   29.   33.   33.   34.   42.
   42.   42.   44.   47.   47.   48.   48.   51.   57.   59.   65.   75.
   76.   79.   86.   86.   86.   88.   89.   92.   92.   93.   94.   95.
   95.   96.   96.   97.][-100.  -98.  -95.  -89.  -87.  -87.  -87.  -86.  -86.  -83.  -81.  -80.
  -75.  -75.  -73.  -73.  -73.  -73.  -72.  -68.  -67.  -64.  -63.  -62.
  -57.  -57.  -55.  -55.  -53.  -47.  -43.  -42.  -40.  -35.  -34.  -33.
  -33.  -28.  -26.  -23.  -22.  -20.  -19.  -19.  -17.  -12.   -9.   -9.
   -8.   -6.   -6.   -1.    4.    5.    5.    9.   11.   14.   15.   15.
   16.   17.   17.   17.   20.   21.   21.   21.   21.   22.   26.   26.
   28.   29.   30.   33.   40.   43.   50.   50.   50.   51.   52.   52.
   53.   54.   55.   66.   66.   67.   73.   82.   86.   86.   87.   89.
   91.   94.   95.  100.][-98. -97. -96. -96. -94. -94. -91. -91. -91. -90. -90. -88. -78. -77.
 -76. -71. -67. -66. -66. -66. -65. -65. -54. -54. -53. -52. -51. -50.
 -47. -40. -39. -37. -37. -35. -33. -30. -23. -23. -23. -17. -12.  -7.
  -4.  -3.  -2.   2.   5.   5.   5.   5.   5.   6.   6.  10.  14.  14.
  15.  15.  21.  22.  24.  24.  25.  25.  27.  30.  31.  32.  37.  39.
  41.  44.  45.  46.  49.  50.  51.  53.  53.  57.  62.  65.  69.  72.
  74.  77.  77.  78.  79.  84.  85.  85.  88.  92.  92.  93.  93.  94.
  97. 100.][-100.  -99.  -96.  -95.  -86.  -86.  -82.  -81.  -77.  -77.  -75.  -74.
  -69.  -69.  -68.  -68.  -68.  -65.  -64.  -64.  -63.  -62.  -61.  -59.
  -57.  -55.  -54.  -41.  -41.  -40.  -40.  -39.  -36.  -35.  -35.  -33.
  -30.  -27.  -25.  -25.  -24.  -24.  -24.  -24.  -23.  -23.  -16.  -14.
  -13.  -10.   -9.   -8.   -2.   -2.    0.    6.   10.   11.   16.   21.
   22.   24.   28.   34.   37.   38.   44.   47.   47.   48.   49.   49.
   50.   51.   52.   55.   55.   59.   60.   60.   61.   63.   63.   65.
   66.   69.   79.   81.   82.   82.   84.   85.   87.   88.   88.   91.
   93.   96.   96.   97.][-100.  -96.  -95.  -94.  -93.  -92.  -92.  -90.  -88.  -88.  -87.  -83.
  -83.  -75.  -74.  -68.  -66.  -66.  -65.  -65.  -62.  -59.  -57.  -57.
  -57.  -54.  -50.  -50.  -49.  -49.  -48.  -44.  -43.  -37.  -36.  -28.
  -25.  -21.  -20.  -20.  -19.  -16.  -14.   -6.   -6.   -2.   -1.    0.
    1.    4.    5.    7.    8.   10.   13.   14.   19.   23.   25.   25.
   26.   28.   33.   35.   39.   45.   46.   48.   48.   50.   50.   50.
   52.   53.   57.   61.   63.   63.   64.   65.   67.   70.   71.   71.
   74.   75.   77.   78.   80.   83.   85.   89.   90.   92.   92.   95.
   95.   99.  100.  100.][-100.  -98.  -97.  -97.  -94.  -93.  -79.  -74.  -72.  -72.  -71.  -71.
  -70.  -69.  -69.  -66.  -65.  -64.  -64.  -63.  -60.  -59.  -58.  -58.
  -56.  -53.  -53.  -52.  -48.  -44.  -44.  -44.  -42.  -41.  -38.  -36.
  -27.  -21.  -20.  -14.  -13.  -12.  -12.   -6.   -6.   -5.   -4.   -2.
    1.    1.    4.    8.    9.   15.   16.   17.   17.   20.   22.   23.
   25.   26.   29.   29.   35.   35.   36.   39.   41.   42.   44.   47.
   48.   51.   56.   56.   58.   58.   59.   62.   66.   68.   70.   74.
   74.   74.   75.   78.   79.   82.   84.   85.   89.   92.   93.   98.
   98.   98.   98.  100.][-97. -90. -90. -87. -84. -84. -83. -80. -79. -78. -78. -76. -76. -72.
 -71. -69. -67. -61. -60. -55. -55. -53. -51. -48. -48. -46. -45. -44.
 -43. -41. -39. -35. -34. -31. -28. -27. -27. -24. -24. -21. -21. -19.
 -12. -12.  -8.  -7.  -4.  -2.   3.   6.   7.   8.  13.  14.  16.  17.
  19.  19.  20.  21.  22.  27.  28.  38.  38.  41.  44.  46.  50.  52.
  53.  54.  54.  56.  58.  59.  60.  61.  64.  64.  65.  67.  67.  68.
  68.  69.  71.  71.  73.  78.  79.  80.  87.  88.  89.  93.  95.  96.
  98.  99.][-98. -98. -95. -93. -87. -87. -79. -78. -76. -73. -72. -72. -71. -71.
 -70. -69. -66. -65. -62. -62. -56. -54. -53. -50. -50. -49. -47. -47.
 -46. -36. -36. -35. -32. -30. -25. -25. -25. -23. -23. -20. -19. -14.
 -14.  -3.  -1.   0.   3.   5.   7.   8.   9.  10.  13.  17.  18.  20.
  25.  27.  29.  32.  38.  39.  41.  42.  43.  44.  44.  50.  51.  53.
  54.  54.  55.  57.  61.  69.  71.  72.  75.  76.  77.  79.  79.  80.
  81.  86.  87.  88.  89.  90.  92.  92.  92.  95.  96.  98.  99.  99.
 100. 100.][-100.  -98.  -95.  -90.  -90.  -85.  -84.  -78.  -78.  -77.  -73.  -73.
  -70.  -68.  -62.  -62.  -61.  -60.  -58.  -53.  -53.  -52.  -49.  -49.
  -45.  -44.  -43.  -43.  -43.  -40.  -39.  -34.  -32.  -32.  -28.  -26.
  -25.  -22.  -21.  -16.  -14.  -14.  -14.  -12.   -6.   -5.   -3.   -1.
   -1.    2.    8.    8.   10.   12.   15.   21.   21.   24.   25.   25.
   28.   28.   28.   35.   36.   36.   40.   42.   43.   45.   48.   49.
   50.   52.   52.   58.   58.   61.   61.   63.   63.   66.   67.   69.
   69.   71.   73.   73.   76.   77.   80.   85.   91.   91.   92.   93.
   95.   99.   99.  100.][-98. -96. -96. -95. -95. -92. -90. -90. -90. -88. -88. -86. -84. -81.
 -77. -75. -71. -71. -66. -66. -65. -63. -59. -58. -57. -56. -56. -54.
 -53. -53. -49. -48. -47. -39. -37. -35. -28. -27. -27. -27. -25. -21.
 -18. -17. -15. -14.  -7.  -7.  -6.  -1.  -1.   0.   2.   2.   5.   6.
   7.   8.  10.  11.  21.  21.  23.  25.  29.  30.  31.  32.  35.  38.
  44.  44.  45.  46.  48.  50.  51.  51.  57.  59.  61.  64.  65.  67.
  68.  69.  69.  71.  71.  72.  72.  75.  78.  85.  86.  94.  95.  97.
  97. 100.][-99. -95. -95. -95. -93. -92. -92. -91. -90. -90. -84. -83. -81. -81.
 -77. -72. -72. -69. -65. -63. -62. -61. -60. -60. -58. -58. -55. -55.
 -53. -52. -51. -48. -45. -41. -39. -38. -31. -27. -25. -23. -23. -19.
 -18. -16. -16. -16. -10. -10.  -9.  -9.  -7.  -7.  -5.  -4.  -1.   1.
   1.   2.   3.   6.   8.  11.  13.  17.  18.  21.  22.  22.  23.  26.
  26.  28.  31.  31.  31.  32.  38.  41.  46.  50.  55.  56.  59.  60.
  62.  69.  71.  73.  74.  76.  77.  78.  79.  81.  84.  84.  89.  91.
  95.  98.][-96. -94. -90. -86. -84. -82. -73. -70. -68. -67. -67. -65. -65. -63.
 -62. -58. -58. -56. -55. -55. -52. -51. -49. -49. -49. -48. -46. -44.
 -44. -42. -41. -40. -40. -39. -39. -38. -36. -35. -34. -33. -31. -29.
 -25. -25. -24. -22. -21. -17. -15. -10.  -9.  -8.  -8.  -7.  -5.  -5.
  -4.  -4.  -2.   1.   2.   5.   5.   6.  11.  16.  17.  18.  21.  25.
  30.  32.  34.  34.  35.  35.  37.  44.  46.  57.  60.  65.  67.  74.
  74.  75.  81.  83.  85.  86.  86.  86.  87.  92.  92.  96.  97.  98.
  98. 100.][-99. -96. -96. -92. -91. -79. -79. -78. -77. -74. -73. -73. -72. -66.
 -62. -62. -60. -56. -55. -52. -51. -50. -49. -44. -39. -36. -32. -32.
 -31. -30. -27. -27. -26. -24. -21. -17. -10.  -9.  -8.  -6.  -6.  -2.
   7.  11.  12.  14.  14.  17.  22.  23.  24.  29.  29.  29.  30.  35.
  36.  39.  42.  42.  43.  44.  44.  44.  44.  45.  46.  46.  46.  48.
  53.  55.  59.  63.  65.  66.  68.  69.  69.  70.  74.  76.  76.  77.
  77.  77.  78.  78.  80.  85.  86.  86.  86.  87.  88.  88.  88.  90.
  93.  97.][-100.  -96.  -95.  -95.  -93.  -91.  -90.  -83.  -83.  -80.  -78.  -76.
  -74.  -74.  -73.  -72.  -72.  -68.  -59.  -58.  -58.  -53.  -50.  -50.
  -49.  -49.  -48.  -42.  -40.  -39.  -38.  -35.  -33.  -33.  -29.  -29.
  -29.  -25.  -24.  -19.  -18.  -15.  -12.   -9.   -9.   -8.   -2.    2.
    4.    7.    8.   15.   18.   18.   19.   26.   26.   27.   28.   28.
   29.   35.   35.   39.   39.   40.   41.   42.   42.   43.   44.   44.
   44.   44.   46.   54.   54.   55.   57.   58.   64.   70.   70.   72.
   73.   76.   78.   79.   83.   83.   84.   85.   86.   87.   89.   90.
   94.   94.   97.   98.][-100.  -91.  -88.  -86.  -86.  -86.  -85.  -84.  -82.  -80.  -78.  -76.
  -74.  -71.  -69.  -68.  -67.  -67.  -64.  -60.  -56.  -54.  -51.  -50.
  -50.  -47.  -46.  -46.  -45.  -45.  -42.  -41.  -39.  -37.  -36.  -36.
  -36.  -35.  -32.  -27.  -27.  -27.  -23.  -23.  -22.  -21.  -17.  -16.
  -14.  -12.   -7.   -3.   10.   13.   14.   15.   15.   23.   24.   26.
   27.   29.   30.   31.   35.   36.   42.   46.   47.   48.   52.   54.
   54.   55.   56.   61.   63.   70.   71.   73.   74.   77.   80.   81.
   81.   83.   83.   83.   85.   85.   85.   86.   86.   87.   88.   89.
   93.   95.   96.   98.][-100.  -99.  -95.  -93.  -90.  -87.  -87.  -84.  -78.  -76.  -75.  -70.
  -67.  -63.  -63.  -63.  -62.  -60.  -59.  -53.  -52.  -49.  -47.  -43.
  -43.  -41.  -41.  -39.  -38.  -37.  -33.  -32.  -30.  -27.  -25.  -24.
  -14.  -14.  -12.  -11.  -10.   -6.   -4.   -2.   -2.    1.    5.    8.
   10.   16.   19.   19.   22.   22.   25.   25.   26.   30.   30.   30.
   31.   31.   32.   35.   43.   46.   47.   48.   52.   52.   55.   57.
   58.   61.   62.   63.   69.   70.   71.   71.   71.   73.   75.   77.
   79.   81.   82.   83.   83.   84.   85.   86.   90.   91.   92.   92.
   93.   94.   97.   99.][-100. -100.  -97.  -93.  -93.  -89.  -87.  -85.  -83.  -83.  -78.  -78.
  -78.  -78.  -76.  -75.  -72.  -71.  -69.  -67.  -66.  -65.  -62.  -59.
  -59.  -58.  -56.  -54.  -54.  -53.  -47.  -46.  -46.  -44.  -44.  -41.
  -40.  -37.  -33.  -29.  -27.  -23.  -23.  -20.  -19.  -15.   -9.   -6.
   -6.   -3.   -2.   -1.    3.    3.    3.    4.    5.    6.    6.    6.
    7.    8.    9.   12.   13.   17.   23.   24.   25.   29.   30.   32.
   32.   33.   36.   42.   42.   45.   45.   51.   56.   56.   57.   58.
   62.   65.   65.   66.   69.   74.   74.   78.   78.   80.   86.   87.
   90.   93.   95.  100.][-99. -96. -93. -92. -91. -91. -90. -88. -85. -82. -80. -80. -76. -75.
 -74. -72. -69. -68. -66. -64. -63. -61. -60. -59. -58. -56. -55. -54.
 -50. -50. -50. -47. -42. -41. -36. -32. -29. -25. -23. -22. -21. -21.
 -21. -20. -18. -18. -17. -16. -15. -15.  -7.  -6.  -3.  -2.  -2.  -1.
   4.   6.  10.  12.  12.  18.  19.  21.  24.  25.  28.  30.  37.  37.
  38.  38.  40.  43.  44.  44.  47.  47.  47.  52.  57.  60.  61.  65.
  69.  77.  78.  79.  80.  83.  85.  86.  88.  89.  95.  96.  96.  97.
  97.  99.][-93. -88. -85. -82. -80. -80. -79. -77. -77. -75. -75. -73. -64. -64.
 -62. -60. -58. -57. -57. -54. -50. -50. -43. -38. -35. -32. -29. -28.
 -27. -27. -27. -26. -23. -22. -19. -19. -19. -16. -15.  -9.  -8.  -3.
  -2.   0.   1.   6.   7.   8.   8.   9.   9.  10.  10.  11.  12.  14.
  16.  17.  17.  18.  20.  21.  23.  25.  28.  29.  31.  31.  35.  38.
  38.  40.  43.  46.  46.  48.  51.  53.  55.  56.  57.  57.  57.  60.
  65.  67.  68.  69.  74.  75.  76.  81.  87.  87.  87.  88.  89.  93.
  96.  97.][-100.  -99.  -97.  -96.  -95.  -94.  -93.  -93.  -89.  -85.  -81.  -81.
  -80.  -80.  -71.  -69.  -67.  -66.  -65.  -65.  -62.  -60.  -60.  -59.
  -58.  -55.  -55.  -50.  -47.  -44.  -44.  -42.  -36.  -36.  -34.  -32.
  -31.  -26.  -25.  -22.  -22.  -20.  -18.  -15.  -14.  -12.   -8.   -7.
   -4.   -4.   -3.   -2.    3.    7.    8.   12.   12.   16.   16.   17.
   17.   18.   19.   19.   19.   24.   24.   29.   33.   34.   34.   38.
   38.   38.   40.   43.   46.   48.   48.   50.   51.   55.   56.   57.
   62.   63.   64.   64.   65.   65.   71.   76.   77.   83.   84.   86.
   91.   95.  100.  100.][-95. -93. -86. -83. -80. -79. -78. -78. -75. -74. -71. -69. -69. -69.
 -57. -54. -50. -49. -48. -45. -43. -42. -41. -39. -39. -37. -33. -32.
 -29. -26. -25. -23. -19. -19. -19. -16. -16. -12. -12. -10.  -8.  -8.
  -7.  -7.  -6.  -2.   0.   9.   9.  10.  10.  11.  15.  17.  17.  19.
  20.  22.  23.  30.  30.  31.  33.  34.  35.  35.  36.  38.  42.  45.
  45.  46.  48.  48.  54.  55.  56.  58.  59.  63.  64.  65.  65.  69.
  71.  73.  73.  77.  79.  80.  80.  81.  81.  81.  89.  89.  90.  91.
  99.  99.][-100.  -99.  -98.  -98.  -94.  -89.  -84.  -82.  -80.  -78.  -75.  -74.
  -70.  -68.  -68.  -67.  -65.  -63.  -61.  -61.  -60.  -55.  -55.  -52.
  -50.  -48.  -46.  -43.  -43.  -42.  -42.  -42.  -41.  -40.  -38.  -37.
  -35.  -33.  -32.  -32.  -30.  -30.  -27.  -25.  -22.  -19.  -16.  -15.
  -10.   -8.   -6.   -6.   -6.   -1.    0.    2.    3.    3.    4.    6.
    7.    7.   15.   24.   28.   29.   30.   36.   37.   41.   42.   45.
   49.   50.   51.   51.   53.   55.   55.   55.   56.   59.   64.   64.
   65.   65.   68.   71.   77.   78.   79.   82.   84.   84.   89.   90.
   91.   94.   99.  100.][-100.  -99.  -98.  -98.  -95.  -92.  -92.  -85.  -83.  -82.  -79.  -77.
  -75.  -74.  -73.  -72.  -72.  -71.  -68.  -67.  -67.  -66.  -63.  -62.
  -60.  -59.  -53.  -52.  -52.  -51.  -49.  -49.  -49.  -46.  -44.  -42.
  -39.  -39.  -33.  -32.  -25.  -22.  -21.  -14.  -14.  -14.  -14.  -12.
  -11.  -10.  -10.   -8.   -8.   -3.   -3.   -1.    3.    4.    6.    9.
    9.   15.   19.   23.   23.   29.   30.   31.   32.   36.   37.   42.
   43.   45.   46.   48.   53.   56.   57.   57.   59.   61.   61.   63.
   64.   65.   69.   69.   70.   75.   76.   77.   78.   79.   86.   88.
   90.   94.   95.   99.][-100. -100.  -98.  -97.  -97.  -96.  -96.  -95.  -92.  -87.  -86.  -85.
  -82.  -77.  -75.  -74.  -73.  -71.  -70.  -65.  -63.  -61.  -60.  -57.
  -52.  -51.  -51.  -49.  -48.  -46.  -42.  -42.  -41.  -41.  -40.  -39.
  -38.  -38.  -37.  -37.  -36.  -36.  -35.  -34.  -34.  -25.  -23.  -21.
  -21.  -18.  -14.  -14.  -13.  -13.  -10.   -8.   -7.   -5.   -4.    1.
    8.    9.   10.   11.   12.   13.   24.   28.   36.   36.   37.   43.
   45.   45.   46.   48.   48.   52.   53.   53.   56.   56.   59.   61.
   66.   68.   69.   69.   75.   77.   80.   80.   81.   83.   83.   84.
   88.   89.   90.   94.][-100.  -99.  -98.  -96.  -95.  -94.  -94.  -94.  -87.  -85.  -84.  -80.
  -80.  -79.  -78.  -77.  -76.  -75.  -74.  -70.  -69.  -67.  -64.  -64.
  -64.  -62.  -60.  -60.  -57.  -57.  -53.  -53.  -53.  -50.  -49.  -49.
  -48.  -48.  -46.  -46.  -44.  -44.  -44.  -40.  -38.  -37.  -36.  -35.
  -34.  -33.  -33.  -28.  -20.  -19.  -18.  -12.  -11.  -10.   -6.   -4.
   -1.    5.    6.    8.    8.   13.   14.   15.   15.   16.   25.   26.
   27.   27.   30.   30.   31.   31.   34.   36.   39.   43.   45.   51.
   59.   63.   63.   65.   69.   72.   76.   78.   79.   82.   87.   89.
   90.   91.   98.   99.][-98. -97. -94. -91. -91. -80. -78. -71. -69. -68. -68. -67. -66. -65.
 -64. -61. -60. -59. -55. -51. -48. -47. -45. -45. -43. -42. -38. -38.
 -37. -37. -36. -33. -33. -32. -30. -30. -27. -26. -26. -26. -25. -24.
 -22. -22. -22. -21. -18. -17. -16. -16. -15. -13. -13. -13. -10.  -7.
  -3.  -3.  -1.   0.   2.   3.   6.   9.  13.  14.  16.  20.  22.  30.
  33.  38.  43.  44.  47.  53.  54.  57.  59.  60.  60.  62.  65.  65.
  66.  67.  70.  73.  74.  76.  76.  92.  92.  93.  93.  96.  96.  96.
  97. 100.][-94. -93. -93. -91. -89. -88. -83. -81. -73. -68. -66. -64. -64. -61.
 -61. -58. -57. -56. -56. -53. -51. -49. -48. -48. -47. -47. -46. -44.
 -42. -39. -38. -36. -36. -35. -29. -28. -28. -27. -24. -23. -20. -19.
 -19. -19. -17. -12. -11. -10.  -8.  -8.  -3.  -1.  -1.   0.   3.   9.
  10.  14.  15.  19.  19.  21.  21.  22.  24.  29.  29.  32.  34.  37.
  37.  38.  39.  39.  42.  44.  46.  46.  49.  50.  53.  54.  54.  56.
  57.  57.  58.  65.  65.  65.  66.  68.  73.  75.  75.  75.  79.  86.
  87.  91.][-99. -99. -97. -95. -91. -91. -89. -88. -87. -86. -86. -80. -74. -70.
 -70. -70. -66. -65. -64. -61. -57. -57. -55. -52. -51. -49. -49. -48.
 -46. -45. -43. -43. -39. -37. -37. -37. -36. -36. -32. -32. -28. -26.
 -24. -21. -17. -14.  -9.  -7.  -7.  -6.  -3.  -3.  -3.  -2.   2.   4.
   4.   6.   8.  11.  17.  17.  17.  18.  20.  22.  31.  33.  35.  43.
  45.  50.  52.  56.  56.  59.  59.  59.  65.  66.  67.  70.  71.  72.
  72.  76.  78.  79.  81.  83.  84.  84.  84.  85.  87.  88.  89.  95.
  97.  98.][-97. -90. -87. -83. -81. -80. -75. -74. -73. -73. -72. -69. -69. -68.
 -65. -60. -60. -56. -56. -55. -55. -54. -50. -49. -47. -47. -44. -44.
 -35. -33. -32. -31. -30. -25. -23. -22. -20. -16. -16. -15. -14. -13.
  -7.  -7.  -6.  -4.  -4.  -4.  -3.   0.   2.   2.   2.   3.   8.  13.
  16.  16.  19.  20.  20.  23.  24.  25.  25.  27.  31.  34.  35.  36.
  36.  38.  38.  40.  40.  45.  48.  49.  50.  55.  56.  58.  59.  64.
  65.  66.  67.  67.  70.  73.  78.  82.  88.  90.  90.  90.  92.  98.
  98.  99.][-95. -95. -92. -91. -90. -89. -89. -86. -81. -79. -77. -76. -74. -74.
 -71. -65. -61. -60. -59. -57. -57. -57. -56. -52. -51. -50. -42. -41.
 -41. -40. -40. -39. -38. -35. -35. -29. -29. -29. -27. -25. -24. -23.
 -23. -23. -19. -18. -12.  -9.  -7.  -1.   0.   2.   2.   3.   6.   8.
   8.  12.  18.  19.  19.  22.  24.  27.  27.  29.  31.  31.  33.  33.
  35.  36.  41.  43.  44.  46.  48.  50.  50.  52.  53.  54.  58.  58.
  59.  62.  63.  70.  71.  72.  80.  80.  88.  89.  92.  93.  93.  95.
  95.  97.][-98. -97. -91. -88. -88. -88. -88. -87. -80. -78. -77. -76. -73. -72.
 -68. -64. -63. -60. -59. -58. -57. -57. -57. -52. -50. -41. -40. -39.
 -35. -35. -34. -31. -23. -22. -19. -16. -16. -15. -13. -10.  -8.  -8.
  -6.  -4.  -3.  -1.   1.   3.   4.   6.   8.   9.  11.  13.  13.  14.
  14.  16.  17.  18.  19.  21.  26.  26.  29.  29.  32.  32.  37.  39.
  43.  45.  46.  47.  48.  52.  56.  58.  60.  61.  64.  65.  65.  66.
  71.  72.  73.  85.  85.  86.  87.  88.  89.  91.  92.  95.  96.  96.
  96.  98.][-98. -96. -95. -92. -91. -90. -89. -86. -86. -85. -81. -81. -81. -79.
 -79. -76. -71. -68. -66. -65. -65. -65. -61. -58. -52. -50. -48. -47.
 -45. -45. -44. -40. -40. -38. -37. -37. -27. -20. -19. -18. -17. -17.
 -14. -12. -12. -11. -11.  -9.  -9.  -7.  -4.   3.   7.   7.   8.   9.
  10.  11.  13.  15.  16.  22.  22.  24.  25.  26.  27.  29.  33.  34.
  35.  41.  45.  45.  50.  53.  56.  58.  59.  60.  62.  63.  63.  64.
  64.  69.  77.  79.  80.  81.  84.  84.  85.  86.  89.  90.  92.  93.
  99. 100.][-98. -96. -96. -95. -93. -93. -90. -90. -87. -86. -81. -78. -77. -71.
 -70. -65. -59. -58. -57. -57. -55. -51. -51. -50. -44. -44. -37. -36.
 -34. -33. -32. -31. -25. -24. -23. -22. -20. -19. -19. -10.  -4.  -2.
  -2.  -2.   0.   0.   1.   5.   7.  11.  15.  15.  17.  22.  25.  27.
  28.  29.  30.  33.  33.  38.  39.  42.  43.  44.  46.  49.  50.  58.
  62.  63.  64.  66.  68.  71.  73.  73.  74.  74.  76.  76.  76.  78.
  80.  80.  81.  82.  82.  83.  83.  86.  87.  88.  90.  92.  93.  97.
 100. 100.][-100.  -98.  -98.  -93.  -88.  -88.  -88.  -87.  -87.  -87.  -83.  -82.
  -81.  -79.  -78.  -73.  -72.  -70.  -69.  -64.  -62.  -62.  -61.  -58.
  -57.  -56.  -54.  -49.  -36.  -35.  -35.  -35.  -34.  -33.  -33.  -26.
  -26.  -21.  -18.  -17.  -16.   -5.   -5.   -2.    1.    4.    4.    5.
    5.    7.   10.   13.   14.   17.   21.   21.   21.   22.   24.   25.
   26.   27.   29.   30.   30.   33.   36.   37.   41.   42.   42.   42.
   43.   46.   47.   49.   52.   54.   55.   56.   59.   65.   66.   66.
   66.   68.   68.   68.   69.   70.   73.   75.   76.   77.   78.   79.
   81.   82.   85.   92.][-100.  -99.  -98.  -96.  -95.  -94.  -88.  -87.  -87.  -85.  -84.  -84.
  -75.  -70.  -67.  -65.  -65.  -64.  -64.  -63.  -63.  -55.  -53.  -51.
  -50.  -48.  -46.  -38.  -37.  -35.  -31.  -24.  -24.  -19.  -18.  -16.
  -15.  -13.  -11.   -9.   -4.   -3.    6.    9.   12.   15.   16.   17.
   18.   18.   22.   22.   23.   27.   32.   33.   34.   36.   37.   40.
   42.   45.   48.   48.   50.   52.   52.   53.   55.   55.   56.   57.
   61.   62.   62.   63.   63.   64.   65.   66.   67.   70.   74.   75.
   77.   78.   78.   78.   82.   83.   86.   87.   89.   90.   91.   94.
   95.   95.   97.   98.][-96. -90. -89. -89. -89. -84. -83. -80. -80. -78. -77. -73. -72. -72.
 -70. -68. -67. -65. -64. -60. -59. -55. -49. -47. -41. -36. -36. -36.
 -34. -31. -28. -28. -28. -27. -26. -24. -21. -19. -19. -16. -14. -13.
  -8.  -7.  -4.  -1.  -1.   1.   4.   7.   8.   8.   9.  11.  13.  13.
  15.  22.  23.  23.  24.  25.  26.  28.  29.  29.  30.  32.  36.  46.
  46.  46.  46.  47.  48.  49.  57.  58.  62.  65.  65.  65.  68.  71.
  71.  71.  72.  77.  77.  78.  82.  84.  85.  88.  90.  90.  92.  93.
  93. 100.][-100. -100.  -99.  -98.  -92.  -91.  -89.  -88.  -87.  -87.  -86.  -81.
  -81.  -78.  -77.  -77.  -76.  -76.  -76.  -76.  -67.  -67.  -65.  -64.
  -62.  -60.  -59.  -59.  -57.  -57.  -56.  -55.  -55.  -52.  -52.  -50.
  -47.  -44.  -42.  -41.  -41.  -41.  -39.  -38.  -35.  -32.  -32.  -31.
  -27.  -22.  -22.  -19.  -17.  -12.   -8.   -6.    6.    9.   12.   12.
   13.   13.   13.   14.   15.   16.   17.   20.   23.   28.   29.   30.
   30.   32.   33.   37.   40.   44.   47.   48.   52.   55.   57.   60.
   64.   67.   68.   69.   72.   73.   73.   75.   87.   88.   90.   91.
   91.   93.   93.   99.][-96. -96. -96. -93. -90. -90. -90. -86. -86. -82. -80. -74. -70. -69.
 -69. -68. -66. -65. -60. -59. -56. -56. -49. -48. -48. -47. -45. -44.
 -44. -42. -34. -33. -24. -24. -21. -17. -17. -14. -11. -11. -10. -10.
  -9.  -2.   0.   0.   2.   3.   4.   7.   8.   9.  11.  11.  11.  12.
  12.  13.  16.  18.  25.  25.  26.  36.  39.  40.  41.  41.  44.  44.
  45.  46.  48.  48.  49.  49.  51.  52.  54.  57.  61.  62.  66.  67.
  71.  71.  72.  74.  74.  75.  76.  80.  81.  85.  94.  95.  96.  97.
  97. 100.][-95. -90. -88. -87. -85. -84. -84. -83. -80. -78. -78. -78. -73. -71.
 -66. -66. -64. -64. -62. -59. -58. -57. -48. -47. -46. -46. -45. -44.
 -44. -41. -38. -34. -29. -27. -27. -26. -21. -20. -18. -15. -15. -14.
 -14. -13. -12. -12. -10.  -8.  -4.  -4.  -2.  -1.  -1.   1.   1.   1.
   6.  12.  15.  20.  22.  23.  24.  24.  25.  25.  26.  28.  28.  30.
  31.  31.  32.  37.  38.  39.  42.  43.  49.  50.  51.  54.  58.  60.
  61.  67.  68.  70.  71.  74.  74.  82.  83.  86.  86.  88.  90.  90.
  96.  98.][-99. -97. -94. -94. -92. -92. -91. -90. -81. -80. -73. -73. -71. -68.
 -65. -63. -62. -59. -58. -56. -56. -56. -55. -54. -54. -49. -49. -45.
 -43. -41. -33. -31. -31. -29. -29. -26. -26. -23. -22. -21. -21. -19.
 -19. -18. -16. -12. -10.  -7.  -6.  -5.  -4.  11.  13.  18.  25.  26.
  27.  28.  29.  31.  32.  33.  34.  34.  35.  36.  40.  42.  44.  48.
  51.  54.  58.  60.  60.  61.  62.  63.  64.  71.  74.  75.  77.  81.
  82.  85.  85.  86.  87.  88.  90.  91.  92.  94.  95.  95.  98.  99.
 100. 100.][-99. -99. -97. -94. -94. -93. -90. -90. -87. -85. -75. -75. -73. -67.
 -67. -66. -65. -63. -60. -57. -57. -55. -54. -54. -51. -48. -46. -44.
 -43. -42. -39. -35. -34. -33. -30. -27. -26. -25. -21. -21. -18. -16.
 -15. -15. -11. -11. -10. -10.  -2.  -2.  -1.   5.   7.  11.  12.  12.
  14.  15.  15.  17.  18.  25.  25.  25.  28.  29.  33.  33.  40.  41.
  41.  43.  43.  47.  48.  48.  49.  50.  50.  51.  54.  62.  62.  64.
  64.  66.  70.  71.  74.  77.  81.  82.  85.  88.  89.  90.  90.  91.
  93. 100.][-99. -98. -98. -97. -95. -92. -91. -90. -79. -75. -74. -73. -67. -65.
 -64. -64. -64. -61. -60. -58. -58. -55. -51. -50. -49. -47. -45. -45.
 -43. -43. -41. -35. -35. -33. -32. -32. -27. -25. -24. -20. -19. -19.
 -16. -16. -15. -14. -12. -11.  -9.  -9.  -7.  -4.   1.   1.   5.   7.
   8.   8.  10.  10.  10.  13.  14.  15.  16.  16.  19.  19.  20.  20.
  23.  29.  30.  33.  33.  36.  38.  45.  51.  53.  54.  56.  56.  60.
  62.  66.  77.  77.  83.  84.  85.  86.  90.  90.  92.  92.  94.  95.
 100. 100.][-99. -93. -92. -91. -87. -87. -86. -79. -78. -78. -65. -62. -60. -59.
 -57. -57. -55. -51. -49. -48. -48. -46. -43. -41. -38. -37. -35. -32.
 -30. -30. -30. -28. -25. -25. -21. -19. -16. -12. -11.  -5.  -4.  -2.
  -2.   2.   3.   4.   5.  12.  13.  15.  16.  18.  18.  18.  21.  22.
  23.  25.  26.  34.  34.  35.  35.  36.  38.  40.  41.  42.  42.  42.
  43.  46.  48.  51.  56.  58.  60.  64.  66.  67.  69.  69.  72.  72.
  77.  81.  82.  84.  84.  90.  90.  91.  92.  94.  94.  95.  95.  98.
  99. 100.][-98. -97. -84. -81. -80. -80. -75. -73. -72. -68. -67. -67. -64. -62.
 -61. -58. -58. -54. -52. -48. -45. -42. -37. -36. -31. -28. -26. -25.
 -23. -21. -19. -14. -13. -13. -12. -12. -12. -10.  -9.  -2.   2.   4.
   4.   4.  11.  11.  12.  13.  15.  16.  18.  21.  21.  22.  22.  22.
  23.  25.  25.  25.  26.  27.  27.  27.  27.  29.  29.  30.  36.  36.
  37.  40.  43.  44.  44.  48.  49.  51.  52.  57.  58.  58.  61.  66.
  70.  72.  77.  80.  80.  81.  85.  87.  89.  92.  93.  93.  94.  95.
  95.  96.][-99. -98. -94. -94. -88. -87. -86. -85. -83. -80. -77. -76. -74. -70.
 -69. -68. -67. -61. -60. -58. -57. -56. -51. -51. -50. -47. -45. -44.
 -43. -38. -37. -37. -32. -32. -32. -32. -31. -30. -30. -28. -24. -23.
 -22. -18. -17. -17. -14. -12.  -8.  -7.  -6.  -4.   0.   0.   5.   6.
   6.   8.  11.  12.  12.  14.  21.  22.  23.  24.  25.  29.  30.  30.
  32.  36.  37.  42.  44.  44.  50.  51.  52.  55.  55.  55.  56.  58.
  64.  65.  65.  69.  70.  71.  73.  75.  80.  81.  84.  86.  88.  89.
  95. 100.][-98. -97. -93. -93. -92. -91. -91. -89. -84. -83. -79. -72. -72. -69.
 -68. -64. -63. -62. -58. -57. -55. -47. -46. -44. -44. -40. -39. -38.
 -35. -34. -33. -32. -27. -25. -24. -24. -23. -21. -20. -18. -17. -16.
 -15. -14. -13. -12. -12.  -4.  -3.  -1.   4.   4.   5.   9.  10.  16.
  17.  18.  18.  19.  21.  21.  26.  27.  31.  31.  34.  35.  35.  35.
  37.  40.  41.  42.  44.  47.  49.  49.  50.  50.  53.  58.  58.  59.
  60.  66.  68.  69.  70.  70.  77.  80.  82.  83.  88.  90.  91.  93.
  97.  99.][-96. -93. -93. -90. -88. -87. -82. -76. -75. -73. -73. -72. -67. -65.
 -63. -63. -62. -62. -62. -60. -58. -50. -46. -43. -42. -39. -38. -37.
 -37. -35. -33. -33. -31. -29. -26. -26. -26. -25. -23. -21. -17. -16.
 -12. -11. -11.  -9.  -9.  -4.  -3.   1.   1.   2.   2.   9.  14.  16.
  25.  26.  28.  28.  29.  31.  34.  38.  38.  39.  40.  41.  45.  45.
  45.  50.  50.  50.  51.  53.  53.  55.  57.  60.  62.  64.  66.  67.
  70.  71.  73.  77.  80.  80.  81.  81.  86.  87.  88.  92.  93.  95.
 100. 100.][-100.  -99.  -95.  -94.  -91.  -87.  -86.  -84.  -81.  -80.  -73.  -72.
  -71.  -71.  -67.  -66.  -64.  -62.  -62.  -61.  -58.  -56.  -55.  -55.
  -51.  -50.  -50.  -45.  -45.  -43.  -42.  -42.  -41.  -41.  -41.  -40.
  -40.  -37.  -36.  -34.  -33.  -28.  -24.  -22.  -22.  -21.  -20.  -20.
  -11.  -11.  -10.  -10.   -9.   -6.   -6.   -3.    4.    7.   13.   16.
   20.   21.   22.   23.   25.   26.   27.   29.   34.   34.   35.   35.
   35.   36.   37.   41.   47.   51.   51.   51.   51.   52.   53.   55.
   60.   64.   69.   69.   70.   73.   75.   79.   80.   84.   85.   86.
   91.   94.   96.   99.][-96. -89. -88. -77. -77. -77. -75. -75. -70. -69. -65. -63. -61. -58.
 -55. -52. -51. -51. -50. -48. -48. -47. -47. -46. -42. -41. -40. -35.
 -32. -30. -30. -29. -29. -28. -22. -22. -21. -20. -19. -14. -14. -13.
 -12. -11.  -7.  -6.  -5.  -4.  -4.  -3.  -2.   0.   4.   5.  12.  14.
  23.  25.  27.  30.  30.  32.  36.  41.  43.  45.  50.  51.  51.  53.
  53.  55.  55.  55.  58.  58.  59.  60.  61.  62.  63.  63.  64.  69.
  73.  73.  73.  74.  75.  77.  82.  82.  83.  84.  85.  88.  89.  97.
  99.  99.][-97. -97. -95. -94. -92. -92. -92. -89. -87. -87. -83. -83. -82. -79.
 -76. -74. -74. -72. -70. -68. -67. -67. -63. -62. -52. -52. -51. -51.
 -46. -42. -40. -39. -37. -36. -36. -30. -21. -21. -21. -19. -16. -11.
 -10. -10. -10.  -9.  -9.  -9.  -8.  -6.  -5.  -4.  -4.  -2.   1.   3.
   4.   4.  14.  16.  17.  18.  21.  25.  28.  29.  30.  31.  32.  34.
  38.  38.  40.  41.  44.  44.  46.  51.  51.  52.  55.  57.  58.  58.
  61.  66.  67.  75.  76.  77.  77.  81.  82.  85.  87.  87.  90.  93.
  94.  97.][-100.  -98.  -96.  -96.  -96.  -94.  -93.  -91.  -91.  -90.  -87.  -86.
  -83.  -82.  -80.  -74.  -71.  -70.  -70.  -69.  -69.  -64.  -63.  -63.
  -61.  -60.  -59.  -58.  -57.  -57.  -52.  -42.  -39.  -37.  -34.  -31.
  -30.  -23.  -21.  -21.  -20.  -18.  -15.  -14.   -9.   -6.   -6.   -5.
   -4.    6.    7.    8.   12.   14.   18.   20.   20.   24.   24.   24.
   25.   30.   32.   36.   36.   37.   37.   38.   46.   47.   51.   51.
   53.   53.   53.   55.   60.   61.   62.   67.   68.   72.   74.   77.
   77.   79.   80.   82.   83.   84.   84.   86.   86.   91.   91.   92.
   93.   95.   98.   98.][-100. -100.  -99.  -98.  -97.  -95.  -94.  -93.  -91.  -90.  -88.  -86.
  -85.  -79.  -79.  -77.  -76.  -74.  -72.  -70.  -68.  -65.  -56.  -50.
  -49.  -48.  -46.  -45.  -45.  -41.  -41.  -36.  -32.  -30.  -30.  -29.
  -26.  -17.  -16.  -11.  -10.   -9.   -5.   -3.   -1.   -1.   -1.    0.
    1.    2.    6.    9.   12.   13.   16.   18.   19.   21.   22.   35.
   37.   38.   40.   45.   46.   47.   48.   48.   49.   51.   51.   53.
   54.   57.   59.   63.   64.   67.   69.   72.   74.   74.   75.   80.
   80.   81.   83.   83.   84.   86.   88.   89.   89.   90.   90.   91.
   94.   94.   97.   99.][-100. -100.  -98.  -98.  -93.  -91.  -84.  -83.  -81.  -81.  -80.  -80.
  -75.  -71.  -70.  -70.  -68.  -66.  -63.  -57.  -54.  -53.  -53.  -50.
  -49.  -48.  -45.  -43.  -43.  -42.  -41.  -41.  -40.  -38.  -38.  -36.
  -31.  -26.  -25.  -19.  -18.  -12.  -11.   -6.   -1.    3.    3.    5.
    6.    7.    8.    8.   15.   18.   20.   24.   24.   26.   27.   28.
   32.   32.   33.   34.   45.   46.   46.   49.   50.   51.   51.   53.
   55.   59.   60.   61.   62.   63.   63.   64.   64.   66.   66.   68.
   68.   69.   70.   72.   73.   74.   77.   79.   80.   84.   89.   91.
   93.   95.   96.   99.][-100.  -94.  -91.  -83.  -82.  -80.  -80.  -76.  -71.  -70.  -68.  -65.
  -61.  -60.  -59.  -51.  -50.  -50.  -47.  -44.  -43.  -43.  -42.  -41.
  -36.  -33.  -30.  -23.  -22.  -19.  -17.  -16.  -15.  -10.   -6.   -6.
   -5.   -3.   -2.   -1.    4.    5.    5.    9.    9.   11.   13.   14.
   15.   16.   21.   23.   23.   24.   26.   31.   32.   33.   34.   37.
   39.   39.   43.   44.   44.   45.   46.   47.   50.   50.   52.   52.
   52.   53.   54.   58.   61.   65.   65.   66.   68.   69.   71.   73.
   76.   77.   78.   78.   78.   81.   81.   82.   82.   82.   83.   85.
   86.   88.   88.   97.][-100.  -97.  -96.  -95.  -94.  -93.  -93.  -91.  -91.  -89.  -87.  -83.
  -82.  -77.  -76.  -73.  -70.  -69.  -69.  -59.  -55.  -51.  -51.  -50.
  -45.  -41.  -39.  -37.  -35.  -32.  -31.  -31.  -30.  -28.  -28.  -27.
  -25.  -25.  -25.  -23.  -22.  -21.  -20.  -19.  -19.  -15.  -15.  -14.
  -13.  -12.   -8.   -7.   -7.   -5.   -4.   -2.   -1.    4.    4.    5.
   12.   13.   14.   15.   17.   18.   18.   19.   22.   23.   25.   26.
   27.   29.   34.   41.   42.   42.   42.   45.   45.   50.   54.   56.
   56.   60.   60.   61.   61.   62.   64.   67.   71.   82.   83.   87.
   92.   95.   96.   99.][-99. -99. -97. -90. -88. -87. -84. -81. -80. -78. -77. -77. -74. -68.
 -68. -68. -63. -62. -60. -58. -58. -58. -57. -57. -54. -54. -53. -50.
 -48. -47. -38. -36. -35. -33. -33. -31. -30. -28. -27. -24. -22. -21.
 -21. -20. -17. -15. -15. -14.  -9.  -9.  -3.  -2.  -1.   1.   4.   7.
   8.  10.  13.  13.  13.  18.  20.  22.  23.  27.  28.  30.  33.  33.
  35.  38.  43.  43.  47.  48.  48.  49.  51.  53.  55.  57.  60.  64.
  65.  66.  70.  70.  71.  76.  79.  85.  88.  92.  92.  93.  95.  97.
  99.  99.][-100.  -96.  -95.  -92.  -92.  -92.  -88.  -87.  -75.  -73.  -72.  -72.
  -69.  -68.  -65.  -64.  -60.  -60.  -59.  -51.  -47.  -40.  -39.  -33.
  -30.  -29.  -28.  -27.  -27.  -24.  -24.  -18.  -17.  -17.  -15.  -15.
  -15.  -14.  -13.  -12.  -12.   -9.   -3.   -3.   -2.   -2.   -2.    5.
    7.   13.   17.   19.   20.   20.   20.   21.   21.   22.   22.   26.
   28.   33.   34.   35.   43.   44.   44.   45.   47.   53.   53.   54.
   56.   59.   59.   60.   60.   61.   63.   63.   65.   67.   68.   71.
   73.   76.   80.   83.   84.   84.   86.   88.   89.   92.   93.   96.
   98.   98.   99.  100.][-99. -98. -98. -97. -96. -94. -94. -92. -90. -87. -85. -85. -84. -84.
 -84. -77. -76. -73. -72. -72. -68. -67. -62. -59. -58. -57. -57. -57.
 -54. -54. -54. -53. -52. -51. -49. -48. -47. -45. -42. -39. -33. -31.
 -30. -29. -28. -28. -27.  -6.  -3.  -2.  -2.  -2.   1.   3.   6.  11.
  14.  15.  19.  20.  20.  25.  26.  28.  28.  31.  33.  33.  33.  34.
  34.  35.  37.  39.  40.  42.  44.  47.  47.  50.  51.  56.  57.  59.
  60.  66.  66.  69.  70.  72.  75.  75.  76.  77.  77.  79.  82.  89.
  91.  94.][-100.  -99.  -99.  -97.  -95.  -95.  -94.  -91.  -86.  -86.  -85.  -85.
  -84.  -79.  -77.  -75.  -70.  -70.  -63.  -62.  -62.  -61.  -61.  -60.
  -57.  -55.  -55.  -53.  -51.  -47.  -47.  -46.  -44.  -40.  -37.  -37.
  -33.  -30.  -29.  -25.  -22.  -21.  -20.  -14.  -12.  -10.  -10.   -9.
   -8.   -4.    0.    3.    3.    4.    6.   11.   16.   18.   20.   21.
   24.   24.   26.   28.   29.   30.   31.   31.   32.   34.   35.   36.
   39.   41.   51.   52.   54.   56.   58.   63.   64.   69.   69.   71.
   71.   72.   73.   76.   76.   77.   77.   79.   80.   82.   87.   90.
   92.   94.   96.  100.][-100.  -99.  -95.  -93.  -93.  -88.  -83.  -83.  -80.  -79.  -78.  -74.
  -73.  -73.  -73.  -70.  -70.  -69.  -65.  -64.  -59.  -57.  -53.  -49.
  -49.  -49.  -48.  -44.  -44.  -42.  -41.  -38.  -37.  -34.  -32.  -31.
  -29.  -27.  -21.  -16.  -15.  -13.  -10.  -10.   -8.   -7.   -7.   -5.
   -4.   -3.   -2.    1.    6.    6.   12.   12.   22.   25.   25.   27.
   31.   34.   34.   36.   38.   39.   39.   41.   42.   43.   44.   44.
   45.   45.   45.   50.   50.   53.   54.   59.   63.   66.   70.   71.
   74.   75.   77.   84.   86.   87.   89.   92.   93.   93.   93.   94.
   96.   96.   97.   97.][-100.  -99.  -95.  -95.  -92.  -88.  -87.  -86.  -83.  -81.  -81.  -80.
  -77.  -76.  -74.  -73.  -73.  -70.  -61.  -58.  -55.  -54.  -53.  -50.
  -45.  -45.  -41.  -40.  -39.  -37.  -34.  -33.  -32.  -31.  -29.  -27.
  -24.  -23.  -21.  -20.  -16.  -14.   -9.   -8.   -5.   -5.   -4.    2.
    2.    3.    4.    4.   10.   12.   12.   15.   23.   25.   30.   30.
   33.   33.   36.   36.   43.   44.   49.   49.   53.   53.   58.   60.
   61.   62.   62.   63.   64.   67.   72.   75.   77.   78.   79.   79.
   80.   81.   83.   84.   88.   88.   92.   93.   94.   94.   96.   97.
   98.   98.   99.  100.][-100.  -99.  -96.  -94.  -93.  -92.  -88.  -84.  -83.  -80.  -80.  -78.
  -78.  -76.  -75.  -75.  -74.  -71.  -67.  -62.  -49.  -43.  -43.  -40.
  -39.  -36.  -31.  -31.  -31.  -29.  -28.  -27.  -26.  -23.  -22.  -22.
  -22.  -20.   -8.   -7.   -7.   -6.   -5.   -4.   -3.   10.   10.   12.
   14.   14.   15.   16.   17.   18.   20.   22.   23.   25.   26.   31.
   33.   35.   38.   38.   39.   41.   42.   42.   43.   46.   46.   46.
   47.   49.   50.   52.   53.   55.   60.   63.   64.   72.   72.   73.
   78.   80.   81.   81.   84.   86.   88.   89.   90.   93.   93.   94.
   94.   95.   96.   99.][-100.  -96.  -95.  -88.  -87.  -86.  -85.  -83.  -83.  -80.  -80.  -80.
  -76.  -75.  -75.  -72.  -70.  -70.  -63.  -61.  -60.  -58.  -56.  -56.
  -53.  -52.  -50.  -48.  -44.  -42.  -40.  -39.  -39.  -36.  -36.  -32.
  -30.  -30.  -25.  -24.  -24.  -23.  -23.  -22.  -21.  -20.  -20.  -15.
  -15.  -15.  -13.  -11.  -11.   -9.   -6.   -1.    0.    0.    4.    5.
    6.   14.   16.   20.   24.   31.   31.   35.   49.   51.   55.   56.
   56.   60.   62.   63.   63.   64.   67.   67.   69.   69.   73.   74.
   74.   83.   85.   88.   89.   92.   93.   93.   93.   95.   95.   96.
   96.   98.   99.   99.][-100.  -97.  -89.  -87.  -83.  -76.  -75.  -71.  -71.  -70.  -70.  -68.
  -68.  -67.  -67.  -67.  -65.  -58.  -58.  -54.  -49.  -39.  -38.  -38.
  -38.  -35.  -32.  -30.  -30.  -29.  -27.  -26.  -25.  -25.  -23.  -23.
  -22.  -22.  -21.  -18.  -16.  -15.   -8.   -7.   -4.    0.    1.    2.
    2.    2.    7.   11.   12.   13.   16.   16.   20.   21.   24.   27.
   30.   30.   33.   34.   34.   35.   35.   36.   37.   38.   39.   41.
   42.   44.   46.   49.   50.   51.   52.   52.   53.   59.   61.   63.
   63.   64.   64.   65.   68.   69.   73.   79.   82.   87.   88.   91.
   92.   94.   98.   98.][-87. -87. -86. -85. -85. -81. -81. -78. -73. -70. -69. -69. -68. -65.
 -65. -57. -49. -49. -45. -44. -40. -37. -36. -36. -36. -35. -35. -33.
 -30. -19. -14. -12. -10. -10.  -6.  -3.   0.   1.   1.   1.   2.   4.
   9.  18.  20.  24.  24.  26.  26.  28.  31.  32.  32.  35.  38.  39.
  40.  43.  44.  46.  47.  50.  50.  51.  52.  53.  54.  55.  56.  58.
  62.  63.  64.  65.  67.  68.  71.  71.  72.  77.  78.  78.  81.  81.
  83.  83.  84.  85.  87.  88.  88.  89.  91.  91.  92.  95.  96.  96.
  98. 100.][-98. -98. -97. -96. -90. -81. -80. -79. -78. -77. -76. -74. -74. -72.
 -66. -61. -60. -60. -55. -54. -53. -52. -51. -45. -41. -40. -32. -32.
 -32. -28. -26. -23. -23. -23. -21. -15. -11. -10.  -9.  -8.  -8.  -7.
  -7.  -5.  -3.  -3.   0.   1.   2.   2.   4.   8.   8.   8.  12.  12.
  12.  13.  15.  15.  15.  17.  20.  22.  22.  26.  28.  31.  31.  34.
  36.  38.  52.  55.  56.  57.  58.  60.  61.  62.  63.  64.  65.  67.
  68.  74.  77.  78.  78.  81.  86.  88.  89.  90.  91.  92.  94.  95.
  97.  97.][-95. -90. -88. -86. -84. -78. -78. -77. -75. -74. -74. -74. -71. -71.
 -71. -71. -70. -69. -69. -67. -61. -60. -59. -58. -54. -52. -52. -49.
 -43. -42. -38. -35. -33. -30. -28. -26. -23. -23. -23. -22. -21. -20.
 -18. -17. -17. -13. -13. -11. -10.  -6.  -5.   1.   5.   5.  13.  14.
  15.  17.  19.  20.  22.  24.  28.  32.  33.  34.  35.  38.  38.  40.
  47.  48.  50.  51.  52.  54.  58.  59.  62.  62.  64.  64.  65.  66.
  66.  69.  70.  71.  77.  77.  78.  79.  84.  85.  86.  92.  93.  97.
  98. 100.][-100. -100.  -98.  -98.  -97.  -93.  -92.  -92.  -91.  -90.  -87.  -84.
  -83.  -82.  -81.  -76.  -67.  -64.  -63.  -63.  -60.  -59.  -50.  -49.
  -47.  -44.  -42.  -40.  -36.  -33.  -28.  -27.  -25.  -24.  -22.  -19.
  -17.  -17.  -14.   -9.   -4.   -2.    2.    5.    5.    7.   11.   12.
   13.   20.   22.   23.   23.   23.   24.   27.   28.   28.   31.   32.
   35.   36.   37.   39.   40.   42.   42.   45.   45.   46.   46.   46.
   55.   57.   60.   63.   64.   65.   65.   66.   68.   68.   71.   72.
   74.   78.   79.   79.   80.   80.   81.   81.   85.   85.   85.   89.
   90.   91.   94.  100.][-99. -98. -98. -95. -92. -91. -91. -87. -83. -83. -79. -78. -77. -71.
 -70. -70. -69. -68. -62. -56. -56. -56. -51. -49. -48. -47. -47. -47.
 -43. -42. -40. -38. -36. -31. -30. -28. -26. -24. -24. -19. -19. -15.
 -13. -12. -11.  -8.  -4.  -3.   2.   5.   8.  10.  10.  11.  11.  14.
  14.  15.  15.  16.  18.  19.  19.  20.  25.  25.  25.  27.  30.  31.
  33.  37.  37.  42.  43.  44.  44.  45.  50.  51.  52.  53.  57.  62.
  65.  69.  70.  73.  75.  77.  77.  81.  82.  83.  85.  89.  89.  90.
  98.  99.][-100. -100.  -99.  -98.  -97.  -95.  -88.  -88.  -83.  -82.  -79.  -77.
  -75.  -67.  -66.  -66.  -65.  -64.  -63.  -61.  -59.  -59.  -57.  -56.
  -55.  -55.  -52.  -50.  -48.  -48.  -45.  -44.  -42.  -40.  -39.  -35.
  -34.  -33.  -32.  -31.  -31.  -24.  -24.  -21.  -17.  -17.  -12.  -12.
   -9.   -6.   -4.   -4.   -3.   -3.   -1.    1.    8.    9.   10.   10.
   14.   16.   16.   19.   21.   21.   24.   25.   26.   29.   30.   31.
   34.   36.   38.   38.   40.   40.   42.   46.   47.   47.   59.   59.
   59.   61.   62.   66.   69.   71.   71.   77.   77.   79.   79.   80.
   89.   91.   95.   97.][-100. -100.  -96.  -94.  -94.  -93.  -92.  -90.  -88.  -84.  -83.  -82.
  -80.  -79.  -77.  -74.  -70.  -69.  -69.  -68.  -65.  -64.  -57.  -57.
  -56.  -53.  -47.  -47.  -44.  -41.  -34.  -32.  -30.  -30.  -27.  -27.
  -27.  -22.  -21.  -16.  -15.  -13.  -11.   -5.   -2.    1.    2.    3.
    3.   10.   15.   17.   22.   26.   26.   31.   31.   32.   33.   33.
   36.   37.   39.   39.   40.   41.   42.   43.   47.   48.   58.   58.
   58.   61.   62.   65.   67.   73.   74.   75.   80.   82.   84.   86.
   87.   87.   87.   88.   88.   88.   92.   92.   92.   93.   95.   97.
   98.   99.  100.  100.][-100.  -99.  -93.  -91.  -91.  -81.  -80.  -79.  -74.  -71.  -70.  -69.
  -68.  -68.  -66.  -65.  -63.  -61.  -58.  -54.  -52.  -50.  -48.  -48.
  -43.  -40.  -35.  -34.  -32.  -32.  -25.  -25.  -19.  -17.  -12.  -11.
  -11.  -10.   -8.   -3.   -2.   -1.    0.    0.    1.    2.    2.    5.
    6.    9.    9.   18.   21.   22.   22.   22.   23.   24.   27.   28.
   30.   31.   31.   35.   36.   36.   37.   39.   40.   42.   44.   45.
   47.   48.   49.   49.   52.   52.   53.   54.   56.   61.   62.   64.
   65.   67.   68.   70.   71.   72.   72.   72.   73.   81.   85.   88.
   90.   91.   93.   96.][-99. -97. -92. -91. -87. -85. -85. -84. -84. -83. -83. -81. -81. -81.
 -79. -78. -75. -73. -72. -70. -69. -64. -59. -52. -49. -45. -44. -43.
 -38. -36. -34. -30. -29. -28. -28. -26. -18. -18. -18. -18. -18. -15.
 -10. -10.  -9.  -3.  -3.  -3.  -1.   0.   2.   4.   7.   7.   8.   8.
   8.   9.  10.  12.  14.  16.  19.  31.  31.  31.  32.  33.  34.  35.
  36.  37.  38.  40.  44.  46.  47.  50.  51.  52.  53.  55.  56.  65.
  70.  70.  70.  73.  75.  75.  81.  82.  85.  85.  85.  88.  88.  89.
  89.  90.][-100. -100.  -99.  -96.  -95.  -94.  -92.  -92.  -92.  -90.  -89.  -87.
  -86.  -82.  -78.  -75.  -75.  -74.  -73.  -71.  -69.  -69.  -68.  -68.
  -68.  -65.  -65.  -63.  -58.  -57.  -55.  -54.  -52.  -43.  -43.  -39.
  -38.  -28.  -27.  -26.  -22.  -21.  -21.  -15.  -15.  -15.  -14.  -14.
  -13.  -10.   -9.   -7.    1.    3.    4.    5.    6.    8.    8.   18.
   18.   22.   23.   30.   31.   32.   33.   33.   34.   38.   40.   40.
   40.   41.   43.   46.   47.   50.   51.   52.   54.   55.   56.   56.
   57.   58.   59.   60.   61.   65.   66.   75.   83.   83.   83.   85.
   87.   97.  100.  100.][-99. -99. -98. -96. -92. -92. -92. -90. -88. -88. -87. -86. -86. -85.
 -82. -77. -73. -68. -64. -64. -64. -60. -58. -51. -46. -45. -44. -44.
 -38. -38. -36. -34. -33. -32. -28. -23. -23. -22. -13. -13. -11. -11.
  -9.  -9.  -6.  -5.  -3.  -3.   2.   2.   6.   9.  10.  12.  13.  15.
  16.  19.  23.  23.  25.  26.  27.  32.  32.  36.  36.  36.  37.  41.
  44.  45.  51.  51.  51.  52.  54.  58.  59.  61.  61.  61.  65.  66.
  69.  69.  71.  74.  75.  75.  77.  80.  81.  83.  86.  87.  92.  93.
  94.  94.][-96. -96. -95. -92. -91. -85. -84. -82. -82. -82. -81. -77. -72. -71.
 -71. -71. -71. -68. -65. -64. -60. -56. -55. -50. -49. -45. -43. -41.
 -40. -38. -37. -35. -34. -33. -31. -29. -29. -21. -20. -18. -18. -15.
 -15. -12. -11. -11.  -9.  -6.  -5.  -1.   1.   3.   7.  12.  23.  24.
  27.  29.  29.  30.  32.  33.  34.  36.  36.  36.  37.  37.  38.  38.
  42.  43.  44.  45.  47.  53.  54.  57.  58.  61.  62.  63.  64.  65.
  68.  72.  74.  74.  76.  78.  79.  79.  82.  85.  89.  90.  93.  94.
  95.  96.][-100.  -98.  -96.  -94.  -93.  -91.  -91.  -87.  -83.  -83.  -83.  -80.
  -80.  -80.  -76.  -75.  -67.  -64.  -63.  -60.  -56.  -54.  -52.  -50.
  -49.  -48.  -47.  -47.  -46.  -43.  -42.  -41.  -34.  -31.  -20.  -19.
  -18.  -14.  -12.   -8.   -7.   -6.   -6.   -4.   -4.   -3.    2.    4.
    5.    8.   14.   15.   19.   21.   23.   28.   28.   29.   29.   32.
   33.   33.   33.   33.   34.   34.   35.   37.   40.   41.   46.   47.
   47.   47.   50.   50.   50.   51.   53.   53.   54.   58.   59.   60.
   63.   66.   66.   68.   68.   70.   70.   73.   74.   74.   75.   82.
   90.   96.   97.   98.][-99. -99. -98. -96. -96. -93. -93. -90. -89. -83. -81. -80. -78. -77.
 -77. -77. -75. -74. -71. -69. -69. -69. -66. -65. -65. -62. -61. -60.
 -59. -49. -49. -46. -39. -37. -36. -36. -33. -29. -28. -26. -25. -22.
 -21. -18. -15. -11.  -7.  -6.  -5.  -3.  -3.   0.   1.   3.   3.   8.
   9.  10.  13.  14.  15.  15.  17.  17.  19.  20.  22.  24.  26.  28.
  29.  36.  43.  43.  45.  47.  48.  49.  49.  52.  52.  58.  62.  65.
  70.  70.  75.  75.  76.  81.  81.  82.  87.  90.  91.  92.  97.  98.
  98. 100.][-98. -98. -97. -95. -94. -92. -91. -91. -91. -90. -89. -88. -85. -82.
 -81. -76. -73. -73. -69. -65. -65. -64. -61. -59. -57. -53. -50. -48.
 -46. -44. -44. -42. -42. -41. -40. -40. -36. -35. -34. -32. -31. -30.
 -29. -27. -27. -25. -24. -21. -20. -18. -14. -11.  -8.  -5.  -5.  -2.
   0.   3.   3.  10.  12.  15.  16.  17.  18.  18.  20.  20.  25.  27.
  28.  40.  41.  43.  44.  44.  45.  48.  51.  53.  60.  61.  62.  65.
  69.  70.  71.  76.  84.  84.  85.  88.  88.  89.  93.  94.  97.  98.
  99. 100.][-100. -100.  -99.  -97.  -91.  -90.  -90.  -89.  -87.  -85.  -84.  -81.
  -66.  -64.  -64.  -63.  -61.  -60.  -60.  -57.  -57.  -55.  -54.  -53.
  -53.  -51.  -49.  -48.  -48.  -44.  -42.  -41.  -40.  -40.  -38.  -32.
  -21.  -20.  -20.  -15.  -13.  -12.  -11.   -7.   -6.   -5.   -4.   -3.
   -2.   -1.   -1.    0.    1.    3.    5.    7.    8.   13.   15.   24.
   25.   27.   27.   28.   36.   37.   40.   42.   43.   45.   46.   48.
   49.   54.   55.   55.   56.   58.   59.   67.   67.   68.   70.   70.
   72.   73.   74.   76.   77.   80.   85.   87.   88.   89.   90.   91.
   93.   99.  100.  100.][-96. -94. -91. -88. -82. -81. -80. -79. -78. -77. -75. -70. -70. -66.
 -62. -61. -61. -53. -51. -50. -49. -39. -37. -37. -33. -32. -28. -27.
 -26. -25. -23. -23. -19. -19. -17. -15. -12. -11.  -6.  -5.  -5.  -2.
   0.   6.   7.   9.  10.  10.  11.  12.  15.  15.  20.  21.  23.  24.
  26.  27.  33.  36.  38.  40.  42.  44.  45.  45.  46.  48.  48.  50.
  55.  60.  60.  60.  61.  62.  62.  62.  66.  66.  68.  70.  72.  76.
  79.  80.  84.  86.  87.  87.  90.  92.  93.  93.  94.  95.  99. 100.
 100. 100.][-97. -97. -96. -90. -87. -87. -86. -86. -85. -83. -82. -75. -73. -72.
 -71. -66. -64. -62. -61. -58. -52. -52. -50. -49. -49. -46. -40. -39.
 -38. -35. -35. -35. -33. -30. -26. -19. -17. -15. -12. -11. -11.  -9.
  -8.  -6.  -6.  -5.  -4.  -3.  -2.  -1.   1.   2.   3.   3.   4.   7.
  17.  17.  17.  18.  20.  25.  26.  28.  32.  35.  37.  38.  41.  44.
  46.  47.  51.  53.  54.  56.  63.  66.  68.  71.  76.  76.  77.  77.
  78.  81.  82.  83.  83.  84.  86.  86.  87.  88.  89.  94.  95.  96.
  98.  99.][-98. -97. -96. -95. -93. -86. -85. -81. -81. -80. -80. -80. -80. -79.
 -78. -78. -76. -74. -72. -71. -71. -70. -69. -68. -68. -68. -66. -65.
 -54. -52. -51. -48. -48. -48. -44. -44. -43. -40. -39. -34. -31. -29.
 -26. -13. -12. -12.  -7.  -5.  -5.  -4.  -4.  12.  12.  13.  17.  19.
  23.  24.  25.  28.  29.  31.  32.  34.  42.  46.  48.  52.  53.  53.
  54.  55.  56.  56.  58.  62.  62.  64.  70.  71.  72.  75.  76.  78.
  78.  79.  79.  83.  85.  87.  88.  88.  89.  90.  92.  94.  94.  94.
  95.  97.][-100. -100.  -99.  -96.  -93.  -88.  -87.  -87.  -86.  -85.  -84.  -83.
  -83.  -82.  -82.  -80.  -78.  -76.  -75.  -75.  -74.  -72.  -72.  -71.
  -70.  -64.  -61.  -59.  -58.  -57.  -53.  -53.  -52.  -52.  -48.  -48.
  -40.  -39.  -38.  -38.  -36.  -36.  -30.  -30.  -29.  -29.  -27.  -26.
  -26.  -26.  -24.  -24.  -22.  -16.  -12.  -12.  -10.    1.    3.    3.
    5.    5.    7.    9.   10.   11.   12.   14.   15.   17.   18.   21.
   23.   30.   30.   30.   31.   34.   38.   39.   40.   40.   42.   43.
   44.   48.   48.   51.   59.   61.   65.   65.   66.   67.   69.   73.
   76.   79.   80.   95.][-100.  -96.  -92.  -86.  -86.  -84.  -83.  -81.  -78.  -76.  -71.  -69.
  -65.  -64.  -63.  -59.  -54.  -52.  -49.  -43.  -41.  -36.  -34.  -32.
  -31.  -29.  -29.  -27.  -27.  -25.  -25.  -24.  -23.  -22.  -21.  -20.
  -20.  -19.  -18.  -16.  -14.  -13.  -12.  -10.  -10.   -8.    1.    3.
    7.    9.   12.   15.   16.   16.   18.   26.   29.   29.   31.   31.
   31.   33.   34.   35.   39.   39.   40.   44.   45.   49.   49.   50.
   50.   51.   51.   53.   55.   56.   58.   60.   66.   66.   67.   67.
   70.   70.   70.   72.   75.   80.   81.   87.   88.   92.   94.   94.
   98.   99.  100.  100.][-93. -93. -88. -83. -79. -76. -76. -75. -75. -70. -70. -63. -61. -61.
 -56. -54. -52. -51. -51. -50. -49. -49. -46. -44. -43. -42. -40. -32.
 -31. -30. -24. -18. -17. -17. -16. -13.  -7.  -7.  -6.  -5.  -1.  -1.
   0.   0.   3.   4.   4.   5.   6.   7.  11.  12.  13.  15.  15.  17.
  18.  19.  26.  29.  31.  31.  32.  33.  33.  34.  35.  35.  36.  39.
  39.  44.  44.  45.  49.  54.  55.  55.  57.  58.  58.  61.  67.  68.
  71.  75.  80.  82.  87.  87.  88.  88.  88.  89.  89.  90.  94.  94.
  96.  97.][-95. -89. -88. -87. -85. -83. -81. -80. -74. -72. -72. -71. -70. -70.
 -67. -67. -66. -63. -61. -61. -60. -59. -56. -49. -49. -47. -47. -46.
 -41. -39. -37. -35. -34. -32. -29. -28. -25. -20. -20. -20. -17. -10.
  -7.  -6.  -5.  -4.  -4.  -4.  -4.  -3.  -3.  -2.  -1.   2.   3.   5.
   5.   6.   6.   7.  11.  13.  15.  16.  16.  17.  23.  29.  29.  30.
  30.  33.  40.  41.  43.  44.  45.  47.  53.  55.  56.  62.  63.  68.
  68.  71.  75.  76.  77.  78.  82.  83.  87.  88.  89.  91.  94.  95.
  97.  99.][-100. -100.  -99.  -98.  -97.  -96.  -94.  -92.  -91.  -90.  -89.  -83.
  -81.  -81.  -75.  -74.  -74.  -73.  -70.  -64.  -64.  -62.  -62.  -60.
  -57.  -57.  -53.  -52.  -49.  -48.  -47.  -47.  -46.  -41.  -34.  -33.
  -33.  -32.  -25.  -16.  -16.  -15.  -13.   -9.   -8.   -8.   -6.   -4.
   -3.   -3.    0.    2.    3.    3.   11.   11.   18.   19.   21.   26.
   30.   34.   35.   36.   36.   36.   39.   39.   39.   43.   44.   45.
   46.   46.   46.   46.   46.   51.   53.   57.   57.   59.   60.   60.
   61.   68.   69.   72.   74.   74.   78.   80.   84.   84.   91.   96.
   97.   98.   98.  100.][-100.  -96.  -95.  -94.  -90.  -90.  -89.  -82.  -81.  -79.  -79.  -76.
  -73.  -72.  -71.  -68.  -65.  -59.  -58.  -55.  -54.  -52.  -51.  -48.
  -47.  -46.  -45.  -41.  -41.  -40.  -39.  -38.  -38.  -37.  -28.  -24.
  -21.  -19.  -14.  -12.  -10.  -10.  -10.  -10.   -6.   -4.   -2.   -1.
    1.    2.    2.    3.    4.    4.    7.   12.   12.   13.   16.   19.
   23.   24.   25.   25.   28.   29.   32.   34.   35.   35.   36.   36.
   38.   40.   44.   45.   46.   47.   48.   50.   52.   55.   55.   57.
   57.   58.   67.   67.   68.   69.   69.   71.   74.   76.   81.   83.
   94.   96.   99.   99.][-92. -91. -90. -85. -84. -81. -79. -79. -78. -77. -75. -75. -71. -70.
 -69. -68. -67. -66. -66. -63. -60. -60. -59. -57. -53. -51. -51. -51.
 -51. -50. -45. -41. -41. -39. -39. -38. -37. -37. -34. -33. -33. -26.
 -26. -26. -26. -24. -23. -21. -19. -19. -18. -16. -15. -13. -10.  -8.
  -5.  -5.  -4.  -3.   1.   2.   4.   6.   9.   9.  13.  16.  17.  18.
  18.  20.  21.  24.  27.  34.  34.  35.  35.  39.  45.  47.  47.  50.
  56.  57.  59.  61.  67.  68.  69.  69.  71.  71.  73.  76.  89.  90.
  91.  98.][-99. -98. -96. -95. -93. -93. -91. -90. -88. -87. -82. -81. -80. -74.
 -72. -66. -65. -63. -62. -62. -60. -55. -54. -54. -53. -51. -49. -48.
 -45. -45. -44. -43. -39. -37. -37. -36. -34. -34. -32. -32. -32. -32.
 -26. -25. -23. -20. -15. -12. -10.  -7.  -7.  -3.  -2.   0.   9.   9.
  10.  16.  16.  19.  19.  20.  20.  21.  32.  35.  35.  36.  36.  37.
  37.  38.  40.  41.  42.  42.  43.  47.  50.  52.  52.  54.  62.  63.
  65.  66.  67.  68.  76.  77.  78.  80.  81.  81.  81.  87.  88.  92.
  94.  94.][-99. -99. -98. -96. -93. -92. -92. -91. -90. -88. -83. -82. -80. -72.
 -68. -67. -66. -65. -62. -60. -60. -59. -58. -51. -50. -49. -44. -43.
 -43. -41. -40. -38. -35. -35. -32. -31. -27. -26. -26. -24. -23. -22.
 -18. -17. -15. -12.  -7.  -6.  -6.  -5.   0.   1.   3.   5.   5.   6.
   7.   8.   8.  10.  16.  17.  18.  22.  23.  30.  30.  31.  31.  33.
  35.  35.  39.  39.  41.  44.  48.  48.  51.  55.  57.  58.  58.  58.
  61.  63.  64.  64.  70.  71.  72.  73.  80.  81.  86.  87.  87.  90.
  94.  97.][-100.  -96.  -94.  -94.  -93.  -87.  -78.  -72.  -71.  -67.  -67.  -67.
  -65.  -63.  -62.  -59.  -59.  -58.  -56.  -50.  -48.  -47.  -46.  -46.
  -44.  -41.  -41.  -37.  -36.  -35.  -31.  -27.  -24.  -24.  -20.  -12.
  -11.  -11.   -9.   -8.   -1.    1.    4.    5.   11.   12.   15.   15.
   16.   16.   17.   17.   20.   21.   26.   28.   28.   29.   30.   33.
   33.   38.   43.   44.   47.   48.   48.   51.   52.   55.   55.   56.
   56.   57.   58.   59.   61.   62.   63.   64.   67.   68.   68.   69.
   70.   75.   80.   80.   80.   80.   81.   83.   87.   88.   88.   89.
   91.   96.   99.  100.][-99. -98. -95. -88. -87. -86. -76. -73. -68. -67. -66. -62. -60. -57.
 -54. -52. -51. -50. -50. -43. -38. -38. -34. -34. -30. -28. -27. -26.
 -24. -24. -22. -17. -17. -16. -15. -15. -14. -14. -13.  -6.  -6.  -5.
  -3.   1.   2.   5.   9.  12.  16.  17.  27.  27.  28.  29.  30.  31.
  32.  34.  35.  36.  36.  40.  41.  44.  47.  48.  50.  52.  52.  54.
  57.  57.  58.  59.  59.  60.  61.  67.  67.  70.  71.  71.  71.  77.
  77.  77.  78.  79.  80.  90.  90.  91.  91.  94.  95.  97.  97.  97.
  97. 100.][-99. -95. -94. -94. -92. -91. -90. -90. -88. -88. -82. -80. -80. -76.
 -76. -76. -76. -76. -73. -72. -72. -70. -65. -63. -60. -56. -52. -52.
 -52. -52. -50. -49. -48. -48. -47. -46. -45. -45. -44. -37. -35. -34.
 -30. -29. -28. -24. -22. -22. -20. -20. -19. -17. -15. -14. -14. -11.
 -10. -10. -10.  -6.  -4.  -3.  -1.   0.   4.   4.   6.   6.   9.   9.
  13.  14.  19.  23.  27.  30.  31.  34.  38.  41.  44.  46.  46.  47.
  47.  56.  62.  63.  66.  71.  76.  76.  80.  80.  84.  84.  89.  89.
  91.  96.][-99. -98. -90. -89. -89. -88. -86. -85. -85. -84. -82. -82. -80. -77.
 -75. -71. -70. -70. -69. -65. -58. -57. -51. -49. -46. -41. -40. -37.
 -36. -36. -35. -34. -33. -32. -30. -29. -29. -29. -28. -28. -22. -22.
 -21. -20. -18. -16. -12. -10.  -9.  -8.  -8.  -6.   0.   2.   3.   4.
   8.   9.  10.  14.  16.  17.  17.  18.  21.  24.  26.  31.  34.  34.
  38.  43.  51.  53.  57.  57.  58.  62.  63.  70.  70.  71.  71.  72.
  73.  73.  76.  76.  77.  83.  84.  86.  89.  95.  97.  98.  98.  98.
  99.  99.]