[-99. -98. -98. -96. -96. -95. -91. -85. -85. -82. -81. -79. -79. -79.
 -79. -77. -76. -75. -73. -68. -68. -68. -65. -65. -64. -61. -60. -58.
 -57. -55. -50. -49. -48. -48. -48. -45. -39. -36. -36. -31. -26. -25.
 -24. -22. -22. -22. -19. -18. -16. -15. -11.  -8.  -8.  -4.  -2.  -2.
  -1.   1.   2.   3.   4.   5.   5.   7.  12.  15.  15.  17.  22.  26.
  32.  35.  36.  37.  37.  43.  46.  52.  52.  53.  54.  56.  57.  58.
  59.  65.  67.  70.  71.  75.  75.  76.  78.  78.  80.  81.  81.  85.
  85.  99.][-88. -86. -84. -83. -79. -78. -75. -75. -73. -72. -69. -67. -67. -65.
 -65. -63. -62. -61. -60. -59. -59. -53. -52. -49. -49. -46. -45. -44.
 -44. -44. -43. -40. -39. -37. -33. -31. -30. -26. -25. -25. -23. -21.
 -20. -18. -17. -15. -15. -15. -14. -14. -14. -12. -11.   0.   3.   3.
   5.   5.   5.   7.   7.  11.  15.  20.  23.  24.  27.  30.  33.  34.
  35.  38.  38.  41.  42.  42.  43.  52.  55.  55.  57.  57.  60.  61.
  64.  65.  66.  66.  70.  76.  78.  86.  90.  90.  90.  91.  91.  97.
  98.  99.][-98. -90. -87. -80. -76. -72. -68. -61. -61. -59. -58. -58. -56. -53.
 -51. -50. -50. -42. -42. -39. -39. -39. -38. -38. -37. -34. -33. -27.
 -27. -26. -22. -21. -21. -20. -18. -18. -15.  -9.  -9.  -9.  -2.   1.
   1.   2.   2.   5.   5.   9.   9.  12.  15.  15.  15.  15.  20.  22.
  22.  23.  25.  27.  28.  30.  32.  38.  42.  44.  44.  45.  45.  47.
  48.  51.  51.  53.  53.  54.  54.  54.  57.  58.  59.  61.  61.  62.
  64.  65.  68.  68.  71.  72.  72.  72.  81.  84.  86.  89.  90.  91.
  98. 100.][-94. -90. -89. -88. -87. -87. -87. -83. -81. -81. -76. -76. -75. -73.
 -72. -71. -71. -69. -67. -66. -65. -64. -61. -60. -58. -57. -52. -51.
 -49. -45. -45. -43. -41. -35. -32. -30. -29. -22. -19. -18. -13. -11.
 -10. -10.  -6.  -6.  -3.  -1.   0.   0.   0.   1.   4.   5.   6.   8.
  11.  12.  16.  16.  17.  17.  17.  21.  22.  23.  25.  28.  28.  31.
  31.  32.  32.  33.  34.  36.  38.  40.  41.  48.  52.  55.  57.  65.
  69.  72.  73.  73.  75.  77.  77.  78.  80.  85.  86.  87.  88.  89.
  95.  98.][-100.  -98.  -97.  -94.  -91.  -88.  -88.  -87.  -87.  -87.  -87.  -86.
  -85.  -85.  -82.  -80.  -77.  -71.  -67.  -62.  -58.  -55.  -54.  -54.
  -51.  -51.  -50.  -49.  -49.  -47.  -43.  -36.  -34.  -34.  -32.  -29.
  -27.  -27.  -21.  -21.  -20.  -20.  -17.  -14.  -12.  -10.  -10.  -10.
   -7.   -4.   -3.    0.    0.    1.    4.    7.    8.    8.   11.   11.
   11.   13.   14.   14.   17.   21.   30.   34.   34.   38.   38.   39.
   40.   40.   43.   48.   48.   49.   50.   51.   51.   51.   52.   53.
   54.   57.   59.   62.   63.   67.   73.   74.   75.   82.   91.   92.
   92.   94.   99.  100.][-99. -97. -97. -94. -94. -93. -86. -86. -85. -84. -83. -78. -76. -73.
 -72. -71. -70. -69. -68. -67. -62. -58. -57. -55. -52. -48. -47. -42.
 -42. -41. -41. -40. -39. -35. -33. -32. -28. -26. -26. -23. -22. -21.
 -18. -14. -12. -12.  -9.  -9.  -8.  -6.  -2.  -1.   0.   0.   2.   3.
   3.   8.   9.  18.  21.  21.  22.  22.  24.  24.  24.  26.  27.  28.
  28.  30.  31.  37.  39.  39.  43.  45.  52.  54.  59.  61.  67.  68.
  72.  73.  73.  73.  73.  76.  78.  81.  82.  83.  85.  86.  90.  90.
  98. 100.][-99. -99. -96. -94. -93. -89. -78. -78. -78. -77. -71. -66. -63. -61.
 -58. -57. -56. -56. -55. -54. -52. -51. -50. -49. -45. -43. -41. -41.
 -38. -36. -32. -32. -31. -30. -30. -28. -28. -22. -22. -21. -21. -19.
 -19. -17. -16. -11.  -4.  -1.   0.   2.   6.  11.  14.  16.  18.  21.
  26.  27.  28.  31.  33.  33.  34.  36.  37.  46.  48.  48.  49.  50.
  50.  52.  52.  56.  57.  60.  63.  64.  66.  66.  66.  70.  71.  71.
  73.  73.  76.  77.  77.  77.  81.  82.  87.  89.  89.  90.  93.  96.
  98. 100.][-98. -97. -95. -93. -93. -88. -88. -88. -86. -81. -79. -76. -74. -73.
 -72. -70. -67. -67. -64. -64. -58. -58. -57. -52. -51. -50. -50. -48.
 -47. -45. -43. -40. -38. -33. -32. -30. -29. -28. -24. -22. -21. -20.
 -19. -16. -15. -14. -11. -10.  -8.  -1.   1.   3.   6.   7.   9.   9.
  10.  12.  15.  16.  24.  25.  25.  27.  27.  33.  36.  38.  39.  39.
  40.  42.  42.  44.  44.  47.  49.  50.  54.  55.  57.  57.  60.  61.
  64.  68.  70.  72.  73.  73.  74.  75.  79.  82.  86.  90.  93.  94.
  96.  97.][-98. -98. -95. -95. -93. -89. -84. -77. -75. -74. -74. -72. -70. -63.
 -62. -59. -59. -58. -57. -57. -55. -53. -52. -47. -46. -44. -43. -38.
 -38. -37. -37. -36. -35. -32. -31. -25. -23. -23. -21. -19. -15. -10.
  -8.  -7.  -3.  -1.   0.   1.   3.   4.   5.   6.   6.  10.  11.  11.
  12.  15.  19.  24.  24.  24.  28.  30.  31.  32.  35.  37.  38.  38.
  38.  41.  43.  46.  46.  52.  56.  58.  64.  65.  65.  67.  68.  68.
  69.  73.  74.  74.  78.  81.  82.  82.  84.  86.  88.  92.  95.  95.
 100. 100.][-99. -99. -97. -96. -96. -95. -90. -90. -88. -86. -84. -82. -81. -78.
 -75. -71. -71. -68. -62. -62. -61. -60. -56. -55. -53. -51. -51. -50.
 -47. -46. -44. -40. -39. -35. -26. -26. -22. -21. -20. -10.  -7.  -6.
  -5.  -1.   1.   1.   2.   2.   4.  11.  13.  14.  15.  16.  16.  21.
  21.  22.  22.  22.  23.  24.  24.  25.  35.  35.  38.  38.  40.  43.
  44.  47.  48.  51.  53.  54.  55.  56.  58.  59.  60.  66.  68.  68.
  71.  71.  72.  76.  77.  77.  81.  86.  87.  89.  91.  94.  94.  97.
  97.  99.][-99. -98. -98. -97. -95. -92. -89. -88. -86. -83. -81. -79. -78. -74.
 -73. -71. -70. -68. -67. -66. -66. -65. -64. -61. -58. -57. -53. -52.
 -49. -49. -47. -47. -46. -45. -45. -42. -41. -38. -36. -33. -31. -23.
 -21. -19. -19. -18. -17. -14. -13. -13. -11. -11.  -7.  -7.  -4.  -3.
  -2.  -2.  -1.   1.   2.   2.  10.  11.  17.  18.  19.  20.  23.  23.
  26.  27.  27.  27.  29.  32.  34.  35.  37.  41.  44.  45.  46.  47.
  61.  62.  71.  75.  75.  76.  79.  81.  81.  82.  85.  87.  87.  89.
  95.  97.][-97. -96. -95. -95. -95. -94. -92. -91. -89. -84. -81. -80. -78. -77.
 -75. -69. -67. -65. -62. -62. -60. -59. -57. -56. -52. -51. -50. -50.
 -50. -46. -44. -42. -41. -41. -36. -30. -28. -28. -28. -16. -14. -11.
  -9.  -8.  -7.  -6.  -6.  -4.  -1.  -1.   0.   1.   4.   8.  10.  14.
  16.  18.  18.  19.  21.  22.  28.  30.  31.  38.  41.  42.  43.  44.
  46.  47.  47.  48.  50.  52.  55.  55.  56.  57.  62.  68.  70.  73.
  75.  77.  81.  81.  87.  87.  88.  90.  92.  92.  92.  94.  94.  96.
  97.  98.][-100.  -94.  -94.  -91.  -87.  -86.  -85.  -82.  -80.  -77.  -76.  -75.
  -75.  -71.  -71.  -71.  -69.  -69.  -65.  -61.  -57.  -56.  -55.  -55.
  -52.  -50.  -47.  -46.  -46.  -44.  -41.  -41.  -40.  -40.  -40.  -39.
  -39.  -39.  -33.  -33.  -30.  -29.  -27.  -24.  -23.  -17.  -15.  -14.
  -13.   -6.   -5.   -4.   -2.    2.    3.    5.    6.    8.    9.    9.
   11.   14.   18.   27.   32.   33.   33.   33.   37.   38.   39.   40.
   41.   42.   47.   47.   50.   55.   56.   59.   60.   62.   64.   67.
   68.   68.   69.   69.   72.   74.   76.   76.   77.   81.   82.   85.
   87.   96.   96.  100.][-97. -95. -93. -93. -92. -89. -89. -87. -87. -85. -84. -83. -82. -82.
 -80. -79. -76. -76. -75. -75. -74. -73. -71. -70. -68. -63. -60. -59.
 -56. -55. -55. -51. -48. -46. -46. -45. -45. -42. -42. -40. -37. -31.
 -30. -26. -23. -21. -19. -19. -19. -18. -17. -16. -10.  -3.   0.   8.
  10.  14.  15.  16.  17.  17.  17.  19.  23.  26.  32.  33.  35.  38.
  39.  40.  41.  42.  42.  44.  46.  46.  49.  51.  52.  54.  60.  60.
  62.  67.  69.  74.  75.  78.  78.  81.  85.  88.  89.  92.  92.  93.
  94.  98.][-99. -95. -91. -87. -86. -84. -84. -83. -82. -82. -80. -77. -76. -74.
 -74. -70. -70. -69. -67. -67. -67. -66. -65. -65. -65. -62. -58. -57.
 -56. -48. -48. -47. -46. -45. -43. -42. -37. -33. -30. -29. -28. -23.
 -22. -16. -15. -14. -11.  -1.   0.   2.   3.   6.   6.  10.  10.  11.
  11.  14.  17.  19.  20.  21.  23.  23.  24.  28.  28.  29.  31.  41.
  44.  50.  51.  51.  51.  52.  54.  54.  55.  55.  57.  57.  57.  60.
  60.  61.  62.  62.  67.  67.  70.  74.  75.  75.  75.  84.  91.  92.
  98.  99.][-98. -93. -92. -90. -90. -85. -84. -83. -80. -80. -79. -76. -75. -74.
 -73. -71. -69. -66. -63. -59. -58. -56. -54. -52. -52. -50. -48. -47.
 -47. -45. -43. -41. -38. -38. -36. -33. -33. -31. -28. -25. -25. -23.
 -23. -23. -15.  -8.  -7.  -5.  -4.  -4.  -3.  -3.   7.   7.   8.   8.
  12.  14.  22.  25.  26.  28.  28.  30.  34.  34.  35.  39.  39.  40.
  47.  49.  49.  50.  55.  62.  62.  62.  64.  67.  69.  73.  74.  76.
  76.  78.  78.  79.  79.  79.  80.  81.  86.  87.  89.  90.  93.  93.
  94.  98.][-100. -100.  -98.  -97.  -95.  -91.  -90.  -87.  -86.  -86.  -86.  -83.
  -78.  -78.  -76.  -76.  -74.  -70.  -69.  -62.  -59.  -56.  -54.  -53.
  -52.  -51.  -48.  -47.  -44.  -44.  -39.  -33.  -33.  -31.  -30.  -27.
  -26.  -23.  -21.  -20.  -16.  -11.   -9.   -4.   -4.   -2.   -2.    1.
    2.    3.    4.    5.    9.    9.    9.   11.   12.   14.   19.   20.
   22.   24.   28.   29.   29.   32.   32.   36.   36.   37.   41.   42.
   43.   46.   46.   47.   48.   48.   54.   54.   55.   56.   57.   57.
   58.   58.   59.   61.   64.   66.   67.   70.   72.   73.   74.   74.
   79.   88.   89.   99.][-99. -95. -94. -93. -89. -89. -86. -81. -80. -79. -77. -77. -76. -75.
 -72. -71. -70. -61. -61. -60. -52. -51. -48. -47. -45. -43. -40. -35.
 -34. -30. -30. -24. -22. -22. -21. -21. -20. -19. -18. -17. -17. -13.
 -11. -10.  -9.  -5.   1.   2.   2.   8.   9.  10.  11.  11.  12.  19.
  19.  21.  23.  23.  28.  29.  37.  37.  40.  41.  41.  41.  44.  44.
  45.  49.  51.  51.  53.  54.  57.  64.  68.  69.  70.  70.  76.  77.
  79.  80.  80.  81.  81.  85.  85.  86.  89.  92.  93.  94.  95.  96.
  96. 100.][-95. -93. -93. -92. -91. -90. -87. -80. -76. -75. -74. -71. -68. -67.
 -67. -64. -60. -59. -59. -57. -56. -56. -54. -54. -53. -53. -48. -48.
 -46. -38. -37. -36. -34. -32. -30. -28. -26. -21. -18. -16. -13.  -8.
  -7.  -6.  -3.  -2.   1.   1.   4.   5.   5.   7.  10.  15.  17.  17.
  18.  18.  21.  25.  27.  28.  28.  31.  32.  33.  34.  35.  41.  41.
  43.  44.  46.  47.  51.  54.  56.  66.  68.  70.  70.  74.  74.  75.
  76.  78.  80.  82.  83.  83.  84.  87.  88.  89.  90.  93.  93.  93.
  93. 100.][-100.  -97.  -97.  -91.  -88.  -85.  -83.  -83.  -82.  -81.  -81.  -80.
  -79.  -79.  -78.  -76.  -76.  -75.  -70.  -69.  -68.  -60.  -59.  -58.
  -54.  -52.  -50.  -48.  -46.  -45.  -43.  -41.  -30.  -30.  -28.  -26.
  -26.  -20.  -18.  -18.  -13.  -13.  -12.  -12.  -11.   -6.   -5.   -1.
    4.    5.    6.   10.   11.   13.   18.   19.   19.   21.   21.   27.
   28.   28.   29.   29.   29.   34.   34.   35.   35.   37.   37.   39.
   40.   41.   41.   42.   42.   43.   43.   46.   46.   50.   53.   54.
   54.   58.   58.   62.   66.   67.   74.   78.   78.   78.   78.   79.
   89.   91.   96.   99.][-100.  -98.  -97.  -95.  -92.  -89.  -88.  -87.  -84.  -82.  -80.  -80.
  -78.  -75.  -75.  -75.  -75.  -71.  -70.  -69.  -68.  -68.  -65.  -64.
  -63.  -54.  -53.  -52.  -52.  -51.  -51.  -49.  -48.  -43.  -41.  -35.
  -32.  -29.  -28.  -22.  -14.  -11.  -10.   -6.   -3.   -1.    2.    4.
    4.    5.    8.   10.   10.   11.   13.   13.   15.   15.   17.   18.
   20.   21.   21.   21.   21.   21.   25.   27.   28.   30.   31.   33.
   36.   37.   37.   41.   46.   47.   53.   56.   57.   60.   60.   63.
   64.   66.   66.   68.   70.   77.   79.   79.   82.   89.   92.   95.
   95.   96.   97.  100.][-100. -100.  -96.  -93.  -90.  -84.  -81.  -80.  -73.  -73.  -70.  -69.
  -69.  -68.  -66.  -65.  -65.  -60.  -57.  -57.  -55.  -53.  -53.  -52.
  -50.  -49.  -48.  -47.  -44.  -44.  -44.  -40.  -38.  -38.  -36.  -36.
  -34.  -31.  -28.  -26.  -25.  -24.  -22.  -22.  -19.  -16.  -13.   -6.
   -6.   -5.    1.    3.    3.    6.    7.    8.   12.   14.   18.   20.
   22.   24.   25.   26.   26.   27.   27.   28.   29.   31.   36.   37.
   39.   42.   43.   44.   46.   48.   58.   63.   67.   67.   68.   70.
   71.   73.   76.   83.   83.   84.   84.   85.   88.   91.   96.   96.
   97.   97.   98.   99.][-99. -88. -82. -79. -78. -77. -75. -74. -72. -71. -70. -66. -63. -60.
 -60. -57. -53. -52. -50. -50. -47. -46. -44. -43. -43. -42. -40. -37.
 -34. -33. -33. -31. -28. -20. -19. -19. -18. -17. -16. -14. -12. -11.
  -2.  -1.   1.   4.   6.   7.  10.  12.  13.  14.  15.  18.  19.  20.
  20.  23.  23.  24.  25.  26.  26.  31.  31.  32.  33.  34.  35.  36.
  38.  43.  43.  43.  44.  47.  49.  53.  55.  56.  57.  59.  60.  62.
  68.  68.  71.  72.  72.  72.  75.  78.  79.  80.  83.  87.  91.  93.
  93.  98.][-99. -99. -97. -97. -85. -83. -78. -78. -75. -74. -73. -71. -67. -63.
 -61. -59. -57. -49. -46. -44. -42. -41. -41. -40. -36. -36. -33. -28.
 -26. -24. -24. -19. -18. -16.  -9.  -9.  -7.  -6.  -3.  -2.  -2.   2.
   3.   6.   6.   7.   8.   8.   9.  11.  13.  16.  21.  23.  24.  25.
  26.  27.  29.  30.  31.  32.  33.  34.  34.  38.  40.  40.  41.  41.
  42.  42.  44.  46.  47.  50.  51.  55.  56.  63.  70.  70.  72.  75.
  79.  80.  82.  82.  82.  87.  91.  91.  95.  96.  97.  97.  97.  97.
  99. 100.][-100.  -99.  -98.  -96.  -94.  -94.  -78.  -78.  -78.  -73.  -72.  -68.
  -67.  -65.  -64.  -63.  -62.  -62.  -62.  -60.  -60.  -60.  -59.  -59.
  -53.  -50.  -49.  -48.  -48.  -47.  -44.  -41.  -41.  -39.  -36.  -36.
  -35.  -34.  -32.  -30.  -29.  -27.  -27.  -22.  -18.  -17.  -14.  -12.
   -7.    1.    5.   11.   14.   21.   23.   23.   24.   26.   27.   29.
   31.   33.   34.   37.   38.   42.   42.   44.   44.   47.   47.   48.
   49.   50.   53.   54.   57.   58.   59.   59.   68.   69.   71.   72.
   72.   74.   76.   77.   77.   80.   83.   84.   85.   86.   86.   88.
   88.   89.   90.   98.][-98. -95. -94. -93. -78. -78. -73. -72. -68. -67. -66. -64. -64. -61.
 -60. -60. -58. -57. -57. -55. -54. -54. -53. -46. -45. -43. -43. -43.
 -42. -42. -41. -40. -37. -36. -33. -33. -32. -32. -29. -28. -24. -24.
 -22. -21. -20. -18. -15. -13.  -1.   0.   2.   2.   6.   8.  11.  12.
  14.  16.  17.  18.  21.  22.  29.  36.  37.  37.  37.  41.  46.  47.
  47.  48.  50.  53.  54.  54.  61.  64.  64.  65.  65.  67.  67.  68.
  68.  70.  72.  72.  76.  77.  79.  81.  81.  83.  88.  94.  95.  96.
  98. 100.][-100.  -99.  -99.  -91.  -87.  -85.  -83.  -82.  -78.  -77.  -74.  -72.
  -69.  -67.  -66.  -66.  -65.  -65.  -64.  -63.  -61.  -60.  -56.  -55.
  -53.  -53.  -48.  -48.  -46.  -45.  -44.  -44.  -42.  -38.  -37.  -31.
  -30.  -29.  -27.  -27.  -23.  -14.  -14.  -13.  -10.   -7.   -7.   -7.
   -5.   -5.   -3.   -2.    1.    2.   10.   16.   16.   17.   19.   23.
   23.   24.   27.   29.   33.   33.   34.   34.   42.   42.   43.   45.
   46.   48.   51.   66.   68.   70.   71.   75.   79.   84.   84.   84.
   86.   86.   86.   87.   89.   90.   90.   91.   92.   92.   93.   94.
   96.   96.   97.   99.][-98. -97. -97. -92. -89. -87. -84. -83. -80. -80. -79. -77. -73. -73.
 -72. -68. -67. -62. -60. -57. -55. -47. -43. -42. -41. -38. -36. -34.
 -33. -29. -28. -26. -23. -21. -20. -18. -16. -16. -15. -14. -13. -11.
  -9.  -7.  -6.  -3.   0.   0.   3.   6.   8.  12.  15.  16.  18.  20.
  24.  25.  25.  25.  25.  29.  29.  32.  33.  33.  39.  40.  42.  49.
  49.  49.  51.  51.  55.  55.  57.  58.  59.  60.  62.  65.  67.  67.
  70.  70.  73.  77.  77.  80.  80.  83.  83.  84.  85.  90.  92.  95.
  98.  98.][-98. -94. -92. -86. -83. -82. -82. -82. -76. -75. -75. -74. -71. -69.
 -66. -65. -62. -61. -61. -61. -57. -57. -55. -51. -48. -48. -45. -45.
 -45. -44. -39. -39. -38. -37. -36. -35. -33. -33. -29. -29. -27. -26.
 -17. -15. -10.  -9.  -8.  -8.  -7.  -3.   0.   1.   2.   3.   4.   6.
   6.   8.  10.  11.  16.  18.  26.  31.  33.  33.  34.  35.  38.  39.
  41.  48.  49.  50.  51.  51.  53.  54.  58.  59.  60.  60.  64.  66.
  66.  69.  71.  71.  74.  77.  79.  80.  83.  88.  92.  93.  96.  99.
  99.  99.][-97. -95. -92. -90. -86. -85. -84. -79. -77. -77. -76. -73. -70. -69.
 -69. -66. -66. -63. -62. -56. -54. -51. -49. -49. -48. -46. -44. -43.
 -40. -39. -39. -38. -35. -35. -34. -33. -31. -30. -29. -27. -25. -21.
 -18. -17. -16. -15. -15. -12.  -9.  -7.  -7.  -7.  -1.   0.   1.   1.
   4.   4.   4.  11.  13.  15.  17.  19.  21.  22.  22.  25.  26.  26.
  27.  29.  29.  30.  31.  33.  44.  47.  47.  55.  55.  63.  64.  70.
  74.  78.  78.  78.  80.  80.  81.  85.  86.  87.  88.  90.  91.  91.
  91.  98.][-98. -95. -94. -94. -93. -92. -91. -89. -86. -85. -85. -83. -83. -77.
 -76. -71. -70. -68. -64. -63. -63. -62. -62. -60. -58. -58. -58. -52.
 -51. -42. -41. -40. -36. -35. -34. -31. -29. -24. -22. -20. -18. -15.
 -14. -12. -11.   0.   4.   5.   5.   6.   7.  10.  11.  12.  14.  25.
  28.  28.  33.  34.  35.  35.  35.  37.  37.  42.  43.  44.  45.  46.
  47.  48.  54.  54.  55.  56.  58.  60.  60.  61.  62.  64.  65.  67.
  69.  71.  71.  72.  73.  77.  78.  83.  87.  90.  91.  91.  92.  93.
  97. 100.][-99. -99. -98. -97. -94. -90. -89. -87. -87. -86. -85. -83. -78. -76.
 -75. -74. -73. -73. -73. -70. -69. -66. -65. -65. -65. -64. -60. -59.
 -59. -54. -53. -51. -50. -45. -45. -42. -40. -40. -39. -34. -34. -33.
 -31. -28. -23. -22. -20. -20. -17. -13. -10.  -9.  -4.   0.   2.   3.
   3.   6.   6.  12.  13.  22.  23.  24.  25.  26.  31.  34.  39.  44.
  44.  45.  48.  50.  50.  52.  54.  54.  54.  55.  56.  56.  57.  59.
  60.  64.  70.  73.  73.  74.  81.  81.  81.  84.  87.  87.  89.  90.
  92.  93.][-95. -93. -92. -88. -87. -82. -80. -78. -77. -69. -68. -66. -66. -66.
 -64. -64. -62. -61. -60. -60. -59. -56. -51. -50. -47. -45. -42. -42.
 -42. -41. -41. -39. -33. -33. -32. -28. -26. -25. -20. -20. -20. -20.
 -19. -18. -15. -15. -12.  -8.  -8.  -5.  -5.   1.   6.   8.  10.  17.
  18.  18.  24.  25.  27.  30.  34.  34.  35.  36.  36.  43.  43.  43.
  46.  47.  49.  50.  50.  51.  54.  56.  58.  59.  64.  65.  67.  70.
  74.  75.  75.  76.  78.  82.  84.  85.  87.  91.  92.  92.  93. 100.
 100. 100.][-99. -96. -96. -90. -89. -88. -88. -87. -85. -75. -74. -74. -71. -68.
 -64. -64. -61. -60. -58. -57. -55. -55. -48. -46. -46. -44. -43. -41.
 -41. -40. -39. -35. -30. -29. -26. -26. -26. -24. -17. -14. -13. -12.
 -10. -10.  -4.  -3.  -1.   0.   0.   7.   9.   9.   9.  14.  16.  21.
  21.  21.  24.  24.  24.  26.  29.  31.  32.  32.  36.  36.  37.  40.
  41.  43.  43.  48.  49.  53.  53.  53.  56.  62.  64.  65.  68.  69.
  69.  78.  79.  80.  82.  87.  87.  88.  90.  90.  91.  94.  95.  97.
  97. 100.][-100.  -97.  -97.  -97.  -93.  -92.  -90.  -87.  -85.  -81.  -77.  -76.
  -75.  -74.  -72.  -70.  -69.  -69.  -64.  -61.  -61.  -61.  -60.  -60.
  -55.  -53.  -51.  -50.  -50.  -48.  -46.  -44.  -43.  -43.  -43.  -42.
  -40.  -39.  -36.  -35.  -35.  -32.  -28.  -27.  -26.  -25.  -22.  -22.
  -21.  -18.  -17.  -15.  -15.  -10.   -1.    0.    1.    3.    3.    4.
    7.    7.   12.   13.   14.   16.   16.   17.   17.   21.   28.   36.
   36.   41.   42.   44.   45.   47.   48.   48.   49.   54.   56.   58.
   58.   62.   64.   64.   66.   70.   80.   82.   86.   88.   91.   94.
   94.   96.  100.  100.][-95. -93. -92. -92. -91. -89. -88. -88. -85. -85. -85. -82. -79. -75.
 -74. -73. -73. -72. -70. -69. -68. -67. -65. -63. -63. -62. -61. -59.
 -56. -56. -51. -50. -49. -48. -44. -44. -40. -37. -36. -36. -30. -27.
 -26. -26. -23. -22. -17. -14. -13. -13. -11. -11.  -9.  -8.  -7.  -7.
  -5.   1.   3.   4.   4.   7.  15.  17.  18.  23.  25.  31.  33.  34.
  34.  39.  45.  48.  58.  59.  60.  61.  62.  62.  62.  62.  67.  68.
  68.  73.  75.  77.  79.  84.  86.  89.  91.  91.  92.  92.  94.  96.
  97.  99.][-93. -92. -91. -90. -82. -81. -78. -78. -71. -71. -70. -66. -66. -64.
 -60. -59. -59. -54. -52. -46. -45. -39. -37. -34. -33. -32. -29. -29.
 -29. -28. -27. -25. -24. -22. -20. -13. -12. -11.  -8.  -7.  -6.  -4.
  -4.  -3.  -2.  -1.   7.   8.  10.  11.  11.  12.  13.  22.  27.  30.
  31.  31.  34.  34.  34.  34.  35.  35.  36.  38.  38.  39.  39.  40.
  42.  43.  46.  46.  46.  48.  48.  49.  50.  50.  51.  60.  60.  62.
  62.  64.  67.  68.  70.  71.  71.  85.  86.  89.  89.  90.  90.  94.
  97.  99.][-100.  -95.  -95.  -95.  -93.  -92.  -92.  -90.  -87.  -86.  -85.  -81.
  -80.  -79.  -77.  -72.  -71.  -69.  -65.  -61.  -59.  -59.  -58.  -57.
  -55.  -54.  -51.  -50.  -45.  -40.  -38.  -37.  -37.  -34.  -33.  -31.
  -31.  -31.  -31.  -31.  -30.  -29.  -25.  -25.  -21.  -20.  -13.  -12.
  -12.   -6.   -6.   -5.    2.    2.    5.    8.   10.   18.   21.   22.
   23.   24.   26.   27.   27.   27.   28.   29.   29.   31.   32.   41.
   43.   43.   46.   54.   56.   56.   59.   59.   62.   63.   66.   66.
   68.   68.   72.   72.   75.   76.   77.   78.   78.   81.   82.   89.
   96.   98.   98.   98.][-98. -97. -94. -94. -92. -88. -87. -86. -83. -83. -81. -81. -78. -76.
 -74. -72. -70. -70. -69. -65. -62. -61. -60. -58. -58. -54. -54. -53.
 -51. -50. -47. -46. -40. -36. -33. -29. -27. -27. -22. -21. -20. -20.
 -20. -16. -16. -16. -12. -12.  -9.  -4.  -4.  -2.   4.   5.   5.  10.
  12.  14.  14.  15.  16.  17.  19.  21.  24.  26.  27.  29.  32.  34.
  35.  35.  36.  37.  45.  48.  50.  52.  54.  57.  59.  60.  61.  63.
  65.  65.  67.  69.  71.  72.  73.  73.  81.  82.  85.  89.  91.  95.
  96.  99.][-100.  -87.  -87.  -83.  -81.  -78.  -75.  -71.  -71.  -68.  -67.  -63.
  -63.  -62.  -62.  -61.  -60.  -59.  -58.  -58.  -56.  -54.  -52.  -44.
  -44.  -43.  -39.  -33.  -31.  -28.  -24.  -23.  -20.  -18.  -18.  -17.
  -15.  -15.  -13.  -13.   -8.   -2.    4.    7.    7.    8.    8.    9.
   12.   13.   13.   18.   21.   24.   24.   25.   30.   31.   31.   33.
   33.   33.   34.   38.   40.   41.   42.   45.   47.   47.   48.   49.
   49.   60.   62.   63.   65.   66.   67.   70.   70.   70.   71.   73.
   74.   76.   76.   83.   89.   89.   91.   92.   92.   96.   96.   97.
   99.   99.  100.  100.][-100. -100.  -98.  -90.  -88.  -86.  -86.  -86.  -80.  -79.  -76.  -72.
  -72.  -70.  -67.  -67.  -67.  -63.  -62.  -60.  -56.  -52.  -47.  -46.
  -44.  -44.  -41.  -39.  -38.  -38.  -33.  -32.  -29.  -24.  -23.  -22.
  -19.  -18.  -17.  -15.  -14.  -13.  -12.  -10.   -8.   -1.    0.    2.
    8.   11.   15.   19.   21.   25.   26.   28.   29.   31.   33.   34.
   37.   39.   39.   41.   42.   46.   48.   49.   50.   51.   51.   55.
   57.   63.   63.   64.   64.   66.   68.   68.   72.   75.   75.   75.
   76.   78.   80.   82.   86.   86.   87.   87.   88.   90.   91.   92.
   96.   98.   98.   99.][-98. -96. -88. -88. -86. -75. -74. -73. -71. -71. -70. -70. -67. -67.
 -58. -57. -56. -56. -50. -47. -44. -40. -39. -38. -36. -34. -32. -29.
 -28. -26. -22. -20. -18. -18. -17. -17. -16. -14. -13. -11.  -9.  -8.
  -8.  -6.  -1.   0.   1.   1.   3.   5.   7.   8.   9.  10.  14.  14.
  17.  20.  20.  25.  27.  28.  28.  30.  32.  32.  32.  33.  34.  39.
  43.  49.  53.  54.  54.  58.  62.  67.  67.  67.  68.  73.  74.  74.
  74.  74.  75.  75.  76.  77.  77.  79.  82.  88.  89.  94.  95.  95.
  96.  99.][-99. -93. -93. -90. -90. -82. -82. -80. -79. -75. -71. -66. -65. -64.
 -64. -63. -61. -58. -58. -57. -56. -56. -56. -56. -55. -51. -49. -44.
 -43. -41. -35. -33. -32. -32. -31. -29. -29. -29. -21. -17. -15. -14.
 -12. -11. -10.  -6.  -4.  -3.  -3.  -2.   0.   4.   7.   7.   8.   8.
   9.   9.  13.  20.  22.  27.  30.  30.  31.  34.  35.  37.  37.  38.
  38.  40.  42.  45.  47.  51.  52.  53.  55.  56.  57.  58.  65.  66.
  70.  74.  74.  76.  80.  80.  81.  81.  81.  87.  89.  97.  97.  98.
  98.  99.][-100.  -98.  -95.  -95.  -94.  -94.  -91.  -88.  -88.  -87.  -87.  -86.
  -86.  -86.  -85.  -80.  -80.  -78.  -78.  -77.  -72.  -71.  -71.  -71.
  -67.  -67.  -65.  -63.  -63.  -61.  -60.  -58.  -56.  -54.  -50.  -46.
  -45.  -45.  -44.  -37.  -36.  -33.  -32.  -31.  -27.  -23.  -19.  -16.
  -10.   -8.   -7.   -7.    3.    3.    3.    4.    5.    7.    8.    9.
   11.   12.   15.   18.   18.   24.   24.   25.   28.   30.   31.   34.
   37.   38.   49.   52.   53.   53.   56.   57.   60.   63.   64.   69.
   71.   75.   79.   80.   84.   88.   89.   93.   93.   93.   96.   98.
   99.  100.  100.  100.][-100. -100. -100. -100.  -99.  -99.  -93.  -93.  -91.  -91.  -90.  -90.
  -89.  -88.  -88.  -87.  -83.  -77.  -77.  -73.  -69.  -68.  -62.  -62.
  -60.  -58.  -57.  -57.  -53.  -53.  -52.  -49.  -48.  -44.  -44.  -40.
  -35.  -35.  -34.  -32.  -32.  -32.  -31.  -29.  -22.  -21.  -16.  -16.
  -12.  -11.   -8.   -8.   -5.   -4.    0.    4.    6.   11.   12.   13.
   16.   17.   20.   21.   26.   29.   29.   30.   32.   33.   33.   34.
   36.   37.   39.   39.   40.   41.   48.   54.   55.   56.   58.   64.
   64.   66.   73.   73.   74.   75.   78.   80.   82.   84.   85.   89.
   98.   98.   99.   99.][-93. -93. -91. -88. -85. -85. -83. -82. -81. -79. -78. -78. -75. -75.
 -73. -70. -66. -66. -63. -58. -57. -57. -55. -55. -53. -50. -45. -41.
 -36. -33. -33. -28. -26. -23. -20. -20. -19. -18. -18. -13. -13.  -9.
  -3.  -3.  -2.  -1.   1.   6.   6.   7.  11.  11.  12.  12.  13.  18.
  19.  23.  23.  24.  25.  27.  27.  28.  32.  33.  34.  35.  36.  37.
  39.  45.  48.  48.  50.  50.  53.  53.  54.  59.  61.  63.  69.  72.
  73.  73.  74.  76.  83.  84.  85.  86.  88.  90.  92.  92.  96.  97.
  98.  99.][-99. -99. -97. -92. -92. -90. -89. -85. -84. -82. -81. -81. -78. -74.
 -73. -72. -69. -68. -68. -67. -61. -60. -59. -58. -57. -57. -54. -53.
 -52. -51. -50. -47. -45. -44. -39. -39. -36. -35. -35. -30. -28. -28.
 -21. -21. -20. -19. -12. -11. -11.  -9.  -9.  -8.  -3.  -1.   0.   4.
   4.   4.   6.   7.  17.  18.  19.  19.  20.  21.  21.  23.  27.  28.
  28.  28.  29.  29.  30.  35.  39.  43.  43.  45.  46.  47.  51.  59.
  66.  69.  70.  70.  72.  73.  82.  83.  86.  87.  92.  93.  94.  97.
  98.  98.][-100.  -98.  -94.  -93.  -91.  -91.  -90.  -89.  -89.  -86.  -85.  -84.
  -75.  -75.  -75.  -74.  -72.  -72.  -72.  -70.  -70.  -65.  -64.  -60.
  -52.  -51.  -46.  -44.  -43.  -41.  -41.  -40.  -38.  -38.  -36.  -35.
  -32.  -29.  -27.  -26.  -26.  -21.  -21.  -21.  -19.  -16.  -16.  -13.
  -11.   -8.   -8.   -6.   -3.    0.    3.    4.    4.    4.    8.   14.
   14.   17.   18.   20.   21.   22.   27.   27.   29.   35.   42.   43.
   45.   45.   54.   55.   56.   59.   62.   62.   63.   65.   66.   71.
   72.   72.   72.   72.   77.   78.   79.   86.   86.   88.   90.   92.
   97.   99.   99.   99.][-100. -100.  -98.  -97.  -97.  -95.  -92.  -87.  -86.  -86.  -80.  -80.
  -79.  -78.  -77.  -76.  -74.  -72.  -72.  -68.  -67.  -66.  -62.  -57.
  -53.  -51.  -50.  -50.  -45.  -44.  -43.  -38.  -38.  -37.  -33.  -30.
  -28.  -28.  -27.  -27.  -25.  -25.  -25.  -24.  -23.  -17.  -15.  -12.
  -11.  -10.   -8.   -3.   -2.   -2.   -2.    0.    1.    2.    2.    6.
    7.    9.   12.   12.   13.   14.   14.   16.   18.   18.   20.   22.
   22.   26.   29.   34.   35.   35.   37.   42.   43.   46.   60.   63.
   71.   72.   72.   74.   74.   75.   87.   88.   89.   95.   96.   96.
   97.   97.   97.  100.][-99. -95. -95. -86. -85. -84. -83. -80. -80. -79. -74. -72. -67. -66.
 -66. -66. -64. -63. -61. -58. -58. -57. -56. -53. -53. -47. -46. -44.
 -36. -36. -35. -34. -31. -24. -24. -23. -23. -18. -18. -18. -18. -18.
 -14. -14.  -8.  -6.   3.   4.   6.   6.  13.  13.  15.  16.  29.  31.
  34.  34.  35.  37.  38.  42.  43.  44.  46.  46.  51.  52.  52.  59.
  60.  61.  61.  62.  63.  65.  67.  67.  72.  73.  73.  74.  75.  77.
  79.  80.  81.  82.  82.  85.  86.  88.  88.  88.  88.  88.  91.  93.
  96. 100.][-97. -90. -90. -82. -81. -80. -79. -78. -76. -76. -75. -71. -70. -69.
 -67. -62. -60. -59. -53. -50. -48. -45. -44. -44. -42. -42. -41. -39.
 -37. -36. -36. -31. -31. -28. -27. -20. -20. -18. -18. -17. -16. -13.
 -11.  -7.  -6.  -6.  -4.  -3.  -3.  -3.  -2.  -2.   3.   7.   8.   8.
  12.  19.  23.  23.  27.  27.  29.  31.  32.  34.  34.  35.  35.  38.
  38.  41.  42.  47.  47.  48.  48.  49.  50.  64.  67.  67.  67.  68.
  68.  70.  76.  76.  77.  77.  80.  83.  83.  84.  85.  87.  88.  91.
  94.  97.][-99. -98. -98. -98. -96. -95. -92. -87. -85. -82. -81. -81. -80. -79.
 -77. -77. -75. -75. -73. -70. -70. -68. -64. -64. -62. -55. -52. -51.
 -50. -49. -47. -45. -43. -43. -43. -40. -32. -30. -29. -28. -28. -25.
 -25. -24. -24. -22. -21. -19. -18. -16. -12. -10.  -1.   2.   4.   7.
  10.  13.  14.  18.  19.  20.  22.  22.  24.  28.  29.  29.  30.  31.
  34.  38.  40.  42.  44.  45.  46.  48.  53.  55.  57.  58.  64.  65.
  66.  69.  71.  77.  79.  80.  80.  83.  84.  89.  91.  95.  95.  97.
  98. 100.][-100.  -93.  -93.  -91.  -87.  -84.  -84.  -83.  -79.  -78.  -78.  -74.
  -72.  -71.  -69.  -69.  -68.  -64.  -60.  -60.  -59.  -57.  -55.  -54.
  -53.  -52.  -52.  -48.  -48.  -48.  -41.  -41.  -36.  -33.  -28.  -24.
  -22.  -21.  -20.  -19.  -18.  -17.  -17.  -16.  -15.  -14.  -14.  -11.
   -7.   -7.   -5.   -4.   -4.   -3.    0.    1.    3.    4.    4.    8.
    9.   20.   21.   21.   22.   28.   29.   29.   31.   32.   34.   42.
   48.   50.   50.   52.   59.   62.   63.   63.   68.   70.   70.   73.
   74.   78.   78.   79.   84.   84.   89.   89.   90.   91.   91.   94.
   94.   94.   99.  100.][-99. -98. -96. -94. -90. -87. -87. -87. -84. -84. -79. -79. -73. -72.
 -72. -72. -71. -68. -68. -66. -64. -64. -61. -61. -61. -60. -58. -55.
 -54. -49. -48. -47. -45. -44. -43. -41. -38. -38. -37. -27. -23. -22.
 -22. -21. -16. -14. -14. -11.  -9.  -7.  -6.  -2.  -1.   0.   4.   4.
   8.   8.   8.  10.  10.  10.  12.  12.  16.  16.  18.  20.  21.  22.
  25.  25.  28.  30.  31.  31.  32.  32.  34.  39.  41.  45.  48.  48.
  48.  50.  51.  53.  64.  69.  75.  77.  78.  80.  88.  88.  89.  92.
  95.  95.][-96. -95. -94. -94. -91. -89. -84. -84. -82. -81. -80. -73. -72. -71.
 -70. -67. -64. -63. -62. -62. -59. -58. -57. -57. -57. -56. -54. -49.
 -49. -47. -45. -44. -44. -41. -40. -39. -34. -31. -27. -25. -23. -22.
 -22. -19. -16. -14. -13. -12. -11.  -8.  -6.   4.   4.   5.   9.  11.
  12.  12.  12.  13.  17.  17.  18.  20.  24.  24.  29.  32.  34.  36.
  36.  38.  39.  44.  45.  54.  56.  57.  60.  62.  65.  69.  70.  70.
  70.  73.  79.  80.  84.  87.  87.  87.  89.  93.  93.  94.  95.  95.
  98.  98.][-100.  -99.  -96.  -95.  -94.  -93.  -84.  -82.  -80.  -77.  -72.  -71.
  -69.  -68.  -67.  -64.  -64.  -64.  -63.  -62.  -62.  -56.  -53.  -53.
  -52.  -45.  -44.  -40.  -34.  -33.  -32.  -32.  -21.  -20.  -18.  -18.
  -17.  -17.  -13.  -12.  -11.  -11.   -9.   -9.   -8.   -7.   -5.   -5.
   -2.   -2.   -1.    1.    3.    5.    6.   10.   11.   15.   20.   24.
   25.   30.   30.   31.   35.   35.   36.   37.   38.   38.   39.   40.
   41.   43.   45.   45.   47.   47.   49.   53.   53.   53.   58.   66.
   67.   67.   71.   73.   76.   76.   80.   82.   85.   85.   85.   86.
   93.   94.   95.   97.][-100. -100. -100.  -95.  -91.  -91.  -90.  -87.  -86.  -86.  -85.  -81.
  -81.  -75.  -75.  -75.  -72.  -71.  -70.  -68.  -65.  -64.  -60.  -60.
  -58.  -54.  -53.  -52.  -50.  -47.  -45.  -44.  -43.  -43.  -43.  -39.
  -39.  -37.  -35.  -35.  -34.  -33.  -33.  -31.  -29.  -29.  -26.  -20.
  -17.  -16.  -13.  -13.  -13.  -12.  -11.  -11.  -10.   -3.    2.    4.
    6.    6.    9.   12.   14.   18.   18.   19.   23.   29.   31.   31.
   34.   38.   38.   39.   40.   43.   45.   48.   48.   50.   50.   53.
   56.   62.   63.   67.   70.   73.   78.   81.   82.   83.   84.   84.
   84.   85.   87.   98.][-99. -99. -98. -96. -94. -91. -91. -90. -89. -87. -86. -85. -82. -82.
 -80. -76. -72. -70. -70. -68. -66. -66. -65. -64. -64. -62. -58. -57.
 -52. -50. -45. -42. -39. -38. -37. -36. -36. -35. -27. -25. -22. -18.
 -18. -17. -16. -16. -14. -12. -12. -10. -10.  -8.  -6.  -5.  -5.  -4.
  -3.  -3.  -3.  -3.  -2.   1.   4.   6.  14.  19.  20.  20.  22.  22.
  22.  30.  33.  35.  38.  42.  44.  47.  51.  55.  57.  58.  58.  60.
  64.  65.  71.  74.  74.  75.  75.  76.  80.  80.  81.  83.  88.  89.
  90.  95.][-100.  -99.  -92.  -91.  -88.  -85.  -84.  -84.  -83.  -80.  -74.  -74.
  -61.  -53.  -52.  -52.  -51.  -50.  -49.  -48.  -48.  -48.  -47.  -46.
  -44.  -43.  -39.  -38.  -37.  -36.  -35.  -33.  -33.  -33.  -30.  -25.
  -19.  -17.  -16.  -15.  -11.  -11.  -10.   -9.   -6.   -4.   -1.    1.
    2.    2.    4.    4.    4.    8.    8.   11.   16.   17.   21.   22.
   23.   26.   28.   36.   39.   40.   42.   43.   43.   46.   46.   53.
   56.   57.   58.   59.   62.   66.   67.   70.   71.   73.   74.   75.
   78.   79.   82.   82.   84.   84.   86.   88.   88.   89.   89.   93.
   98.   98.   99.  100.][-99. -99. -94. -94. -94. -90. -89. -84. -84. -82. -80. -80. -80. -77.
 -75. -72. -64. -61. -61. -59. -55. -55. -51. -51. -50. -49. -48. -46.
 -38. -36. -33. -31. -28. -26. -23. -22. -22. -16. -15. -14. -14. -12.
 -11. -11. -11. -10.  -5.  -3.  -2.  -2.   0.   1.   1.   4.   7.   7.
   7.   8.   9.  10.  11.  12.  14.  15.  15.  17.  18.  21.  24.  24.
  24.  25.  26.  27.  28.  28.  28.  32.  32.  32.  33.  33.  34.  42.
  49.  50.  55.  57.  58.  66.  69.  70.  78.  82.  90.  90.  94.  96.
  98.  99.][-97. -96. -96. -94. -88. -88. -88. -85. -84. -81. -79. -76. -75. -74.
 -72. -68. -68. -66. -65. -61. -58. -58. -58. -57. -55. -55. -55. -47.
 -46. -46. -38. -37. -37. -34. -31. -31. -27. -25. -25. -22. -18. -17.
 -17. -15. -15. -14. -13.  -9.  -9.  -1.   0.   1.   2.   4.   5.   8.
   8.   9.  10.  12.  14.  14.  19.  21.  22.  27.  30.  32.  33.  34.
  42.  43.  43.  43.  46.  48.  49.  55.  56.  57.  57.  61.  61.  64.
  64.  65.  66.  68.  71.  75.  82.  92.  93.  94.  94.  95.  96.  99.
 100. 100.][-99. -98. -97. -97. -97. -97. -93. -92. -91. -91. -89. -88. -87. -86.
 -83. -82. -81. -81. -80. -71. -69. -67. -67. -63. -63. -61. -60. -55.
 -54. -53. -52. -50. -42. -40. -37. -32. -29. -29. -28. -28. -27. -27.
 -25. -20. -19. -16. -15. -14. -14.  -9.  -8.  -6.  -4.  -4.  -3.  -3.
  -2.   4.   4.   6.  10.  10.  10.  15.  17.  17.  24.  30.  33.  34.
  36.  42.  42.  42.  43.  49.  50.  53.  56.  61.  64.  65.  67.  68.
  69.  71.  71.  75.  77.  78.  81.  84.  88.  89.  90.  93.  94.  94.
  96.  99.][-97. -97. -94. -91. -91. -89. -86. -84. -82. -81. -79. -77. -76. -74.
 -72. -70. -69. -68. -67. -65. -65. -63. -62. -60. -59. -59. -59. -48.
 -47. -46. -45. -42. -41. -41. -38. -33. -32. -27. -22. -18. -17. -14.
 -12. -10.  -8.  -7.  -7.  -6.  -5.  -1.   6.   9.  11.  12.  12.  13.
  15.  15.  16.  16.  16.  17.  21.  22.  23.  27.  35.  38.  39.  40.
  41.  43.  46.  53.  54.  61.  61.  61.  63.  63.  66.  66.  67.  71.
  71.  71.  71.  72.  73.  74.  76.  82.  83.  84.  86.  88.  90.  94.
  95.  99.][-100.  -99.  -98.  -96.  -94.  -93.  -92.  -90.  -87.  -82.  -80.  -78.
  -77.  -76.  -74.  -72.  -70.  -68.  -64.  -62.  -59.  -54.  -53.  -47.
  -41.  -35.  -35.  -34.  -33.  -32.  -29.  -29.  -28.  -26.  -24.  -20.
  -20.  -18.  -18.  -17.  -15.  -12.   -8.   -8.   -8.   -7.   -4.   -4.
   -1.    5.    8.    9.   10.   12.   15.   15.   18.   19.   19.   20.
   23.   23.   29.   30.   31.   33.   35.   38.   40.   42.   42.   56.
   57.   57.   58.   58.   61.   66.   69.   69.   78.   78.   81.   81.
   81.   81.   83.   85.   86.   89.   90.   90.   93.   95.   95.   95.
   97.   97.   97.   97.][-96. -95. -94. -94. -90. -89. -85. -83. -77. -73. -72. -70. -68. -67.
 -62. -62. -56. -52. -51. -50. -49. -45. -36. -36. -33. -30. -30. -28.
 -23. -18. -16. -15. -13.  -8.  -8.  -5.  -2.  -1.   1.   3.   4.   6.
   8.   9.  11.  11.  11.  13.  16.  17.  18.  18.  19.  23.  23.  25.
  26.  27.  31.  34.  35.  41.  42.  46.  46.  48.  49.  52.  59.  61.
  61.  62.  62.  63.  64.  66.  68.  69.  72.  74.  75.  75.  75.  75.
  77.  79.  81.  81.  83.  83.  90.  90.  90.  95.  95.  98.  98.  99.
  99. 100.][-100.  -99.  -94.  -90.  -89.  -86.  -83.  -81.  -80.  -79.  -78.  -77.
  -74.  -73.  -70.  -68.  -67.  -67.  -65.  -61.  -59.  -58.  -56.  -53.
  -50.  -48.  -47.  -47.  -46.  -45.  -45.  -43.  -43.  -37.  -33.  -32.
  -30.  -29.  -28.  -27.  -25.  -25.  -22.  -19.  -19.  -18.  -17.  -16.
  -14.  -12.  -12.  -11.   -9.   -5.   -2.    3.    3.    5.    6.   10.
   11.   13.   14.   14.   16.   18.   18.   19.   20.   22.   23.   25.
   25.   25.   26.   29.   30.   33.   36.   42.   43.   53.   58.   58.
   61.   62.   68.   70.   72.   73.   78.   79.   83.   83.   87.   89.
   91.   93.   98.   99.][-98. -97. -94. -91. -90. -87. -87. -85. -84. -83. -80. -77. -77. -77.
 -75. -75. -74. -69. -68. -62. -61. -60. -52. -50. -45. -41. -39. -38.
 -38. -38. -35. -35. -34. -34. -31. -31. -30. -29. -28. -23. -21. -18.
 -15. -12. -10.  -7.  -7.  -5.  -4.  -4.  -2.   0.   1.   1.   2.   3.
   4.   6.   7.   8.  10.  13.  15.  18.  21.  21.  28.  28.  28.  33.
  34.  35.  36.  44.  44.  45.  46.  46.  55.  56.  63.  64.  65.  70.
  71.  71.  74.  76.  77.  78.  79.  80.  82.  85.  86.  88.  97.  99.
  99.  99.][-97. -94. -93. -93. -92. -89. -86. -85. -81. -79. -73. -73. -73. -73.
 -72. -69. -68. -65. -64. -59. -57. -56. -56. -55. -52. -48. -47. -45.
 -45. -41. -40. -37. -31. -23. -21. -20. -17. -16. -16. -13. -11. -10.
 -10.  -6.  -5.  -5.  -4.  -4.  -3.  -2.  -2.   0.   4.   6.  12.  12.
  14.  15.  22.  23.  26.  27.  29.  30.  30.  35.  39.  41.  43.  43.
  43.  44.  48.  49.  50.  51.  55.  59.  64.  65.  65.  66.  72.  74.
  75.  75.  79.  80.  83.  89.  91.  93.  93.  94.  94.  95.  97.  98.
  99. 100.][-99. -98. -97. -93. -92. -90. -90. -88. -87. -86. -86. -81. -80. -79.
 -78. -78. -71. -71. -67. -65. -64. -58. -57. -56. -54. -53. -52. -51.
 -50. -48. -46. -45. -42. -41. -38. -37. -34. -31. -30. -29. -27. -26.
 -26. -19. -18. -15. -15. -14. -13. -13.  -8.  -2.  -2.   2.   3.   4.
   4.   5.   6.   6.   7.  11.  11.  18.  19.  20.  21.  22.  27.  28.
  32.  36.  38.  38.  39.  41.  49.  50.  52.  57.  61.  63.  63.  66.
  68.  71.  73.  74.  74.  77.  87.  87.  87.  88.  88.  89.  90.  95.
  95.  98.][-100.  -99.  -95.  -94.  -92.  -89.  -88.  -85.  -83.  -81.  -79.  -79.
  -79.  -78.  -72.  -72.  -71.  -71.  -69.  -67.  -65.  -63.  -58.  -56.
  -56.  -49.  -47.  -43.  -41.  -39.  -39.  -36.  -35.  -34.  -33.  -32.
  -30.  -29.  -28.  -23.  -23.  -21.  -20.  -19.  -19.  -19.  -17.  -17.
  -16.  -16.  -14.   -7.   -5.    4.    5.    5.   10.   11.   11.   12.
   14.   15.   15.   15.   18.   20.   21.   27.   27.   28.   29.   29.
   32.   32.   36.   36.   42.   43.   50.   50.   53.   54.   55.   58.
   66.   66.   67.   71.   72.   72.   75.   81.   83.   88.   89.   91.
   97.   99.  100.  100.][-100.  -97.  -95.  -91.  -90.  -89.  -88.  -86.  -84.  -81.  -81.  -79.
  -77.  -76.  -76.  -74.  -71.  -67.  -64.  -62.  -59.  -55.  -54.  -54.
  -53.  -51.  -50.  -49.  -48.  -47.  -45.  -39.  -37.  -30.  -29.  -29.
  -28.  -27.  -24.  -23.  -23.  -22.  -22.  -21.  -21.  -20.  -16.  -13.
  -12.  -10.   -9.   -9.   -8.   -8.   -7.    4.   10.   14.   16.   18.
   23.   24.   25.   26.   27.   28.   32.   32.   33.   33.   33.   34.
   35.   39.   40.   43.   47.   49.   50.   52.   59.   60.   60.   62.
   69.   72.   72.   75.   76.   79.   80.   80.   85.   86.   86.   87.
   88.   90.   91.   97.][-99. -95. -95. -94. -93. -92. -85. -75. -75. -75. -74. -74. -73. -71.
 -71. -67. -65. -64. -61. -61. -57. -55. -55. -51. -48. -46. -42. -33.
 -30. -29. -28. -26. -25. -25. -24. -23. -23. -20. -16. -16. -14. -13.
 -12. -11.  -9.  -8.  -8.  -7.  -1.  -1.   2.  11.  12.  14.  18.  19.
  19.  20.  22.  26.  28.  31.  43.  46.  46.  48.  49.  49.  50.  50.
  50.  51.  51.  55.  56.  59.  59.  60.  62.  63.  63.  66.  66.  67.
  70.  70.  72.  73.  78.  79.  81.  81.  82.  83.  84.  85.  87.  93.
  99. 100.][-98. -97. -96. -90. -78. -77. -75. -74. -71. -70. -69. -65. -64. -63.
 -61. -61. -60. -55. -50. -50. -48. -48. -45. -44. -42. -42. -37. -32.
 -31. -30. -30. -24. -24. -22. -21. -20. -16. -14. -13. -11.  -5.   1.
   5.   6.   6.   6.   6.   8.   9.  10.  10.  12.  13.  18.  21.  24.
  26.  26.  30.  30.  31.  33.  34.  36.  36.  39.  42.  44.  46.  47.
  47.  47.  49.  54.  55.  55.  57.  61.  64.  64.  67.  67.  68.  69.
  72.  73.  74.  75.  76.  79.  80.  80.  81.  83.  85.  86.  87.  92.
  95.  97.][-100. -100.  -99.  -98.  -96.  -95.  -92.  -92.  -89.  -88.  -88.  -87.
  -83.  -83.  -82.  -82.  -80.  -80.  -79.  -76.  -73.  -69.  -68.  -66.
  -58.  -57.  -55.  -46.  -40.  -39.  -34.  -33.  -33.  -33.  -29.  -22.
  -21.  -21.  -16.  -14.  -12.  -11.   -9.   -8.   -8.   -8.   -4.   -4.
   -4.   -3.    0.    0.    1.    2.    3.    7.    7.   13.   14.   16.
   17.   19.   26.   27.   28.   29.   31.   35.   37.   37.   37.   41.
   41.   48.   49.   50.   52.   59.   59.   62.   68.   71.   74.   75.
   76.   78.   79.   85.   90.   90.   90.   93.   94.   94.   96.   97.
   98.   98.  100.  100.][-97. -96. -95. -94. -94. -91. -89. -86. -86. -85. -85. -84. -83. -83.
 -82. -80. -79. -77. -77. -73. -69. -67. -66. -64. -57. -57. -56. -54.
 -54. -53. -51. -50. -49. -45. -43. -42. -42. -41. -40. -39. -38. -36.
 -35. -34. -33. -31. -27. -20. -15. -14. -14. -11.  -4.  -1.  -1.   2.
   3.   4.   7.   7.   8.   8.  17.  17.  21.  23.  23.  25.  27.  28.
  30.  32.  39.  41.  41.  47.  47.  56.  56.  56.  58.  61.  62.  62.
  64.  66.  66.  67.  68.  70.  74.  75.  77.  81.  88.  88.  90.  91.
  91.  92.][-100. -100.  -99.  -97.  -96.  -92.  -89.  -87.  -86.  -86.  -86.  -85.
  -84.  -83.  -83.  -82.  -77.  -76.  -76.  -76.  -74.  -74.  -72.  -67.
  -66.  -66.  -64.  -62.  -60.  -59.  -58.  -57.  -56.  -53.  -46.  -39.
  -36.  -35.  -34.  -27.  -24.  -24.  -19.  -14.  -11.  -11.  -10.  -10.
   -8.   -8.   -7.   -6.   -6.   -5.    0.   12.   13.   14.   16.   20.
   21.   22.   25.   25.   28.   28.   29.   33.   33.   34.   37.   38.
   41.   49.   52.   52.   53.   56.   61.   62.   62.   63.   66.   68.
   68.   69.   69.   72.   74.   75.   77.   81.   86.   86.   87.   92.
   93.   93.   93.   95.][-99. -97. -93. -89. -86. -83. -79. -79. -75. -73. -72. -70. -70. -68.
 -68. -67. -65. -64. -62. -61. -60. -60. -56. -55. -53. -52. -52. -49.
 -36. -35. -33. -31. -30. -28. -27. -26. -26. -25. -24. -23. -23. -15.
 -11. -11. -10. -10.  -9.  -7.  -6.  -6.  -2.  -1.   0.   1.   4.   6.
  10.  14.  18.  18.  19.  19.  23.  26.  29.  30.  32.  32.  35.  36.
  44.  48.  49.  50.  50.  54.  55.  57.  59.  62.  63.  64.  64.  64.
  64.  66.  68.  70.  73.  74.  77.  78.  84.  84.  86.  87.  89.  98.
 100. 100.][-100. -100.  -98.  -98.  -97.  -92.  -84.  -84.  -83.  -81.  -77.  -76.
  -73.  -70.  -68.  -67.  -67.  -67.  -62.  -58.  -57.  -53.  -51.  -45.
  -43.  -41.  -41.  -37.  -34.  -33.  -29.  -28.  -28.  -22.  -21.  -21.
  -19.  -18.  -17.  -17.  -16.  -14.   -9.   -4.   -4.   -3.   -2.    0.
    3.    4.    5.    8.    8.    9.   12.   12.   13.   13.   14.   16.
   18.   19.   27.   28.   28.   33.   33.   34.   39.   41.   41.   41.
   42.   43.   43.   44.   46.   47.   48.   51.   55.   61.   62.   62.
   63.   67.   70.   74.   79.   79.   81.   85.   89.   91.   92.   92.
   93.   94.   97.   98.][-100.  -94.  -93.  -93.  -93.  -92.  -88.  -85.  -85.  -83.  -83.  -77.
  -77.  -76.  -76.  -68.  -68.  -66.  -63.  -62.  -61.  -58.  -56.  -55.
  -49.  -48.  -48.  -48.  -46.  -45.  -45.  -40.  -38.  -37.  -35.  -35.
  -34.  -34.  -27.  -24.  -24.  -23.  -21.  -20.  -16.  -14.  -13.  -13.
  -11.  -11.  -10.   -8.   -7.   -7.   -6.   -5.   -4.   -4.    0.    9.
   12.   19.   24.   29.   33.   33.   33.   36.   39.   42.   42.   43.
   46.   53.   54.   54.   56.   60.   61.   66.   68.   71.   78.   80.
   80.   81.   86.   86.   87.   89.   90.   91.   92.   92.   93.   98.
   99.   99.  100.  100.][-100.  -98.  -97.  -96.  -94.  -92.  -91.  -91.  -90.  -88.  -83.  -76.
  -75.  -73.  -71.  -71.  -64.  -63.  -61.  -60.  -59.  -57.  -55.  -54.
  -53.  -53.  -48.  -46.  -44.  -40.  -37.  -32.  -31.  -30.  -25.  -24.
  -23.  -22.  -20.  -18.  -16.  -12.  -12.  -12.  -11.   -8.   -6.   -6.
   -6.   -5.    1.    6.    6.    6.    7.   13.   13.   20.   26.   29.
   31.   34.   34.   35.   35.   37.   39.   40.   41.   43.   46.   47.
   48.   49.   59.   60.   65.   69.   71.   71.   73.   76.   78.   79.
   81.   82.   82.   83.   84.   86.   87.   87.   88.   88.   90.   92.
   93.   95.   99.  100.][-98. -94. -90. -86. -86. -82. -82. -82. -81. -80. -79. -79. -77. -72.
 -70. -66. -62. -59. -59. -58. -58. -50. -46. -42. -33. -33. -33. -32.
 -30. -29. -25. -21. -21. -17. -16. -13. -12.  -8.  -7.  -6.  -5.  -3.
   0.   0.   0.   2.   5.   6.   6.   8.   9.  11.  11.  15.  17.  19.
  20.  21.  26.  27.  30.  31.  31.  33.  34.  35.  35.  40.  41.  43.
  46.  48.  51.  53.  57.  60.  60.  60.  62.  62.  64.  65.  65.  65.
  69.  72.  73.  78.  79.  79.  79.  80.  84.  85.  86.  87.  88.  89.
  92.  95.][-100.  -99.  -93.  -92.  -90.  -88.  -87.  -87.  -85.  -85.  -81.  -78.
  -73.  -73.  -68.  -67.  -67.  -67.  -63.  -62.  -61.  -60.  -58.  -56.
  -51.  -51.  -48.  -45.  -44.  -43.  -43.  -41.  -38.  -37.  -36.  -35.
  -31.  -30.  -28.  -28.  -27.  -26.  -22.  -19.  -19.  -15.  -13.  -11.
  -11.   -7.   -6.    0.    1.    3.    4.    4.    4.   13.   13.   14.
   16.   16.   17.   17.   18.   20.   21.   25.   29.   32.   34.   34.
   35.   35.   36.   37.   49.   50.   52.   56.   59.   62.   64.   65.
   68.   69.   71.   72.   73.   76.   77.   80.   80.   87.   88.   89.
   94.   96.   97.   98.][-100.  -99.  -97.  -97.  -96.  -95.  -90.  -90.  -89.  -79.  -79.  -77.
  -75.  -75.  -70.  -69.  -69.  -65.  -62.  -59.  -58.  -53.  -52.  -49.
  -46.  -45.  -41.  -40.  -35.  -34.  -32.  -30.  -29.  -29.  -27.  -26.
  -24.  -21.  -20.  -19.  -16.  -16.   -8.   -6.    1.    2.    5.    6.
    7.    8.    8.    9.   16.   17.   18.   18.   20.   24.   26.   27.
   30.   31.   33.   40.   42.   42.   46.   46.   46.   51.   52.   55.
   55.   55.   56.   57.   58.   62.   63.   68.   69.   70.   70.   70.
   71.   72.   72.   74.   75.   76.   76.   79.   81.   81.   83.   84.
   88.   91.   98.   99.][-99. -98. -96. -96. -90. -87. -87. -82. -82. -73. -73. -72. -69. -68.
 -67. -61. -58. -58. -58. -56. -56. -56. -54. -52. -52. -52. -51. -51.
 -51. -51. -49. -47. -47. -46. -46. -42. -42. -40. -36. -30. -26. -25.
 -22. -22. -17. -14.  -7.  -4.  -4.  -3.  -2.   4.   8.   8.   9.   9.
  10.  10.  11.  13.  14.  17.  17.  18.  20.  20.  21.  25.  29.  31.
  37.  38.  43.  49.  50.  51.  53.  62.  63.  67.  69.  69.  70.  71.
  72.  75.  75.  79.  79.  81.  82.  83.  84.  85.  85.  88.  89.  91.
  95.  96.][-100.  -98.  -95.  -95.  -94.  -87.  -84.  -74.  -73.  -73.  -72.  -68.
  -66.  -65.  -64.  -63.  -59.  -59.  -58.  -57.  -56.  -55.  -55.  -50.
  -49.  -45.  -44.  -43.  -43.  -42.  -41.  -40.  -39.  -38.  -37.  -31.
  -30.  -26.  -25.  -20.  -19.  -15.   -8.   -7.   -4.   -3.    1.    1.
    4.    7.    7.    9.    9.    9.   11.   12.   12.   16.   16.   19.
   19.   21.   25.   31.   33.   35.   36.   40.   42.   45.   46.   47.
   59.   60.   62.   62.   62.   63.   68.   68.   69.   70.   73.   75.
   76.   76.   78.   78.   83.   84.   85.   85.   86.   87.   89.   90.
   92.   93.   96.   98.][-100. -100.  -99.  -98.  -97.  -95.  -87.  -87.  -86.  -86.  -83.  -80.
  -78.  -78.  -77.  -76.  -74.  -74.  -72.  -71.  -70.  -66.  -65.  -65.
  -65.  -63.  -63.  -61.  -61.  -56.  -55.  -54.  -54.  -52.  -52.  -48.
  -46.  -45.  -45.  -43.  -43.  -42.  -41.  -40.  -34.  -31.  -29.  -28.
  -26.  -19.  -11.   -5.   -1.   -1.    1.    3.    6.    8.    9.   15.
   16.   21.   22.   25.   29.   31.   38.   43.   43.   44.   45.   46.
   46.   48.   49.   53.   54.   56.   58.   59.   60.   63.   65.   65.
   70.   73.   73.   75.   79.   79.   79.   81.   90.   91.   92.   93.
   93.   97.   99.  100.][-97. -97. -94. -94. -88. -84. -83. -82. -80. -80. -77. -75. -74. -69.
 -67. -66. -65. -63. -59. -59. -59. -58. -51. -48. -47. -46. -46. -43.
 -43. -39. -37. -27. -23. -22. -16. -15. -14. -11.  -4.  -4.  -4.  -1.
   0.   0.   1.   7.   8.   8.   8.  10.  13.  17.  22.  23.  24.  24.
  25.  26.  26.  28.  28.  32.  32.  34.  35.  36.  38.  39.  41.  41.
  47.  49.  49.  52.  52.  57.  58.  61.  63.  64.  65.  70.  73.  74.
  75.  78.  81.  84.  84.  87.  89.  89.  89.  94.  95.  95.  97.  99.
 100. 100.][-99. -96. -95. -94. -89. -88. -87. -83. -78. -75. -74. -74. -72. -72.
 -71. -69. -69. -68. -68. -64. -63. -62. -59. -58. -57. -54. -51. -50.
 -43. -40. -40. -39. -37. -34. -34. -34. -31. -27. -26. -24. -21. -19.
 -18. -12. -12. -11. -11. -10.  -7.  -7.  -5.  -2.  -1.   1.   1.   2.
   4.   7.  10.  14.  15.  18.  19.  21.  23.  28.  28.  29.  31.  36.
  37.  39.  43.  46.  51.  52.  56.  57.  59.  60.  64.  64.  69.  69.
  70.  72.  73.  73.  74.  79.  81.  82.  88.  89.  91.  91.  95.  97.
  98.  98.][-100. -100. -100.  -99.  -96.  -92.  -84.  -84.  -81.  -79.  -78.  -77.
  -76.  -76.  -73.  -69.  -68.  -67.  -66.  -64.  -63.  -58.  -56.  -55.
  -55.  -55.  -54.  -51.  -49.  -45.  -39.  -37.  -36.  -33.  -32.  -32.
  -29.  -27.  -26.  -24.  -23.  -22.  -21.  -20.  -20.  -20.  -19.  -16.
  -15.  -13.  -11.   -6.   -4.   -2.    1.    3.    6.    6.   11.   14.
   15.   21.   25.   25.   31.   33.   34.   39.   41.   41.   46.   46.
   47.   50.   51.   55.   57.   60.   60.   61.   63.   68.   70.   71.
   71.   73.   74.   78.   80.   81.   84.   88.   90.   92.   94.   96.
   97.   97.   99.  100.][-99. -98. -97. -94. -93. -91. -91. -90. -88. -86. -85. -81. -80. -79.
 -78. -76. -76. -70. -62. -57. -57. -54. -52. -52. -51. -51. -42. -34.
 -34. -33. -33. -32. -31. -29. -24. -24. -22. -16. -16. -14. -13. -13.
 -12. -11.  -9.  -6.  -4.  -3.  -1.   0.   1.   7.  10.  12.  15.  15.
  15.  20.  20.  24.  24.  29.  30.  32.  34.  34.  39.  39.  39.  40.
  40.  41.  42.  43.  48.  48.  49.  49.  50.  54.  55.  59.  61.  61.
  66.  70.  74.  75.  75.  79.  81.  81.  82.  85.  87.  87.  90.  99.
 100. 100.][-98. -97. -95. -92. -91. -88. -84. -82. -82. -79. -79. -76. -76. -75.
 -73. -73. -72. -71. -69. -68. -67. -66. -63. -61. -61. -60. -60. -57.
 -57. -56. -52. -49. -48. -45. -45. -40. -39. -36. -30. -29. -27. -27.
 -25. -23. -22. -19. -16. -15. -14. -12. -12. -10.  -8.  -4.  -4.  -1.
   3.   7.  13.  14.  16.  19.  21.  23.  25.  26.  26.  31.  35.  36.
  38.  44.  45.  46.  47.  51.  51.  52.  57.  60.  63.  67.  67.  67.
  70.  71.  77.  80.  84.  85.  90.  92.  93.  93.  98.  98.  98.  99.
 100. 100.][-99. -97. -82. -74. -72. -69. -69. -69. -68. -58. -57. -56. -56. -52.
 -52. -50. -49. -48. -48. -47. -47. -36. -34. -33. -32. -32. -25. -24.
 -23. -21. -17. -17. -17. -16. -15. -15. -12.  -9.  -8.  -8.  -6.  -4.
  -4.  -3.  -1.   0.   3.   3.   5.  10.  12.  16.  16.  20.  21.  22.
  23.  23.  25.  25.  26.  26.  29.  30.  31.  32.  32.  33.  38.  41.
  41.  42.  42.  45.  45.  47.  48.  49.  50.  51.  52.  54.  56.  57.
  62.  66.  66.  66.  67.  68.  68.  72.  74.  82.  86.  90.  93.  95.
  97.  99.][-93. -93. -93. -89. -85. -82. -78. -66. -66. -63. -62. -61. -59. -59.
 -58. -57. -54. -52. -49. -47. -43. -43. -42. -40. -37. -37. -35. -35.
 -35. -32. -31. -30. -25. -24. -21. -21. -19. -14. -14. -14. -13. -11.
 -10. -10.  -8.  -7.  -5.  -1.  -1.   0.   2.   7.   8.  10.  15.  16.
  17.  22.  23.  24.  25.  25.  25.  26.  29.  33.  33.  42.  44.  45.
  45.  46.  46.  47.  49.  52.  57.  58.  60.  64.  67.  69.  69.  74.
  77.  80.  80.  82.  83.  84.  85.  86.  87.  89.  89.  90.  93.  98.
  99. 100.][-98. -96. -94. -94. -93. -92. -91. -86. -86. -85. -83. -81. -77. -76.
 -76. -75. -72. -70. -69. -68. -67. -62. -60. -59. -58. -53. -50. -48.
 -47. -45. -40. -40. -39. -34. -34. -33. -31. -29. -28. -26. -25. -25.
 -21. -20. -18. -15. -14. -12.  -4.  -1.   0.   4.   4.   6.   7.   7.
   7.   9.  10.  12.  14.  14.  16.  17.  18.  18.  24.  27.  35.  36.
  36.  39.  39.  41.  45.  50.  50.  51.  51.  55.  56.  62.  62.  66.
  67.  69.  75.  77.  80.  81.  82.  83.  83.  89.  90.  94.  96.  98.
  98.  99.][-100. -100.  -97.  -86.  -86.  -84.  -82.  -81.  -80.  -75.  -71.  -70.
  -65.  -60.  -55.  -54.  -54.  -51.  -49.  -47.  -45.  -42.  -37.  -32.
  -32.  -26.  -24.  -23.  -22.  -18.  -16.   -7.   -7.   -6.   -5.   -5.
   -4.   -4.   -2.    0.    0.    6.    6.    8.    8.   11.   11.   12.
   13.   19.   21.   21.   21.   21.   23.   23.   26.   28.   30.   31.
   32.   40.   42.   45.   45.   46.   50.   52.   60.   61.   62.   63.
   64.   64.   66.   72.   72.   75.   75.   75.   75.   76.   77.   77.
   79.   83.   84.   85.   85.   86.   86.   87.   89.   89.   89.   90.
   90.   92.   97.   99.][-97. -97. -97. -97. -96. -94. -93. -91. -88. -85. -84. -78. -77. -71.
 -69. -68. -68. -67. -65. -65. -65. -63. -63. -61. -60. -58. -58. -57.
 -55. -49. -48. -47. -46. -37. -35. -31. -26. -23. -21. -19. -14. -11.
 -10. -10.  -7.  -4.   0.   0.   1.   2.   2.   3.   4.   6.   7.   7.
  10.  12.  13.  14.  17.  17.  17.  17.  19.  25.  31.  31.  34.  35.
  35.  38.  38.  38.  39.  39.  42.  42.  43.  46.  48.  51.  53.  55.
  57.  62.  63.  65.  66.  67.  68.  72.  73.  74.  74.  75.  75.  82.
  90.  96.][-100.  -92.  -90.  -90.  -87.  -86.  -79.  -79.  -77.  -75.  -75.  -75.
  -72.  -71.  -70.  -67.  -66.  -65.  -64.  -63.  -62.  -62.  -56.  -52.
  -51.  -51.  -49.  -40.  -38.  -33.  -29.  -27.  -22.  -20.  -19.  -16.
  -14.  -13.  -12.  -11.   -7.   -6.   -4.   -4.   -3.   -1.    1.    2.
    3.    5.    5.    8.    9.   13.   19.   23.   28.   29.   29.   32.
   32.   33.   33.   34.   36.   37.   38.   42.   45.   45.   46.   46.
   48.   56.   56.   59.   62.   63.   66.   69.   70.   72.   74.   75.
   75.   76.   78.   80.   84.   85.   85.   91.   91.   92.   94.   95.
   99.   99.   99.  100.][-98. -94. -94. -91. -86. -85. -82. -81. -80. -79. -79. -78. -76. -76.
 -70. -62. -62. -62. -61. -60. -55. -51. -50. -49. -48. -48. -47. -47.
 -46. -45. -44. -41. -40. -37. -37. -37. -36. -34. -28. -27. -27. -23.
 -21. -20. -18. -17. -16. -11.  -6.  -3.  -3.   3.   5.   6.   8.  13.
  14.  15.  15.  16.  18.  18.  19.  19.  23.  25.  27.  30.  30.  31.
  31.  34.  34.  34.  40.  40.  41.  44.  46.  48.  49.  50.  53.  53.
  58.  60.  60.  61.  62.  72.  74.  79.  81.  93.  93.  94.  94.  94.
  99.  99.][-99. -95. -94. -92. -92. -91. -86. -85. -85. -83. -81. -81. -77. -71.
 -71. -70. -64. -61. -61. -61. -61. -61. -58. -56. -54. -54. -52. -49.
 -49. -48. -45. -43. -43. -41. -39. -38. -37. -35. -32. -28. -25. -22.
 -16. -16. -13. -11. -11. -10.  -4.  -3.   5.   5.  10.  11.  16.  20.
  21.  21.  23.  23.  26.  27.  27.  28.  32.  33.  36.  36.  38.  39.
  41.  43.  44.  44.  44.  46.  48.  50.  52.  52.  53.  55.  57.  57.
  61.  62.  64.  67.  68.  69.  72.  73.  75.  76.  81.  82.  83.  93.
  98.  98.][-96. -96. -92. -92. -87. -83. -81. -80. -80. -80. -77. -75. -60. -59.
 -59. -56. -56. -54. -52. -51. -47. -45. -45. -44. -43. -43. -42. -40.
 -34. -31. -27. -26. -25. -23. -22. -22. -21. -21. -20. -18. -13.  -8.
  -4.  -4.  -2.  -1.   0.   1.   5.   6.   7.   7.   8.  11.  11.  13.
  15.  19.  19.  21.  25.  31.  37.  38.  38.  41.  48.  48.  49.  53.
  56.  56.  57.  58.  59.  59.  59.  60.  63.  64.  65.  66.  68.  69.
  74.  74.  75.  81.  81.  82.  83.  87.  87.  88.  90.  90.  95.  95.
  96. 100.]