[-100.  -96.  -92.  -92.  -91.  -91.  -88.  -87.  -85.  -82.  -82.  -79.
  -77.  -76.  -76.  -75.  -74.  -72.  -68.  -67.  -67.  -66.  -65.  -64.
  -64.  -62.  -60.  -60.  -60.  -59.  -58.  -52.  -52.  -50.  -49.  -48.
  -48.  -45.  -45.  -42.  -40.  -39.  -38.  -33.  -31.  -27.  -25.  -21.
  -20.  -20.  -20.  -16.  -10.   -9.   -6.   -5.   -5.   -2.    0.    0.
    0.    3.    7.    7.    8.    9.   11.   22.   24.   26.   27.   28.
   30.   31.   33.   34.   37.   40.   41.   42.   47.   50.   52.   53.
   54.   57.   59.   65.   66.   69.   69.   74.   78.   80.   81.   85.
   89.   89.   94.   96.][-91. -88. -86. -85. -83. -83. -82. -78. -75. -71. -69. -68. -64. -62.
 -60. -59. -59. -58. -57. -51. -51. -49. -47. -47. -44. -44. -41. -41.
 -41. -39. -39. -38. -36. -34. -32. -27. -26. -26. -25. -25. -22. -18.
 -14. -13. -11.  -9.  -8.  -2.   0.   1.   1.   2.   9.  14.  14.  16.
  18.  21.  22.  23.  25.  29.  29.  29.  33.  33.  36.  40.  40.  40.
  41.  42.  43.  45.  48.  48.  49.  54.  55.  58.  58.  60.  60.  66.
  67.  68.  70.  71.  75.  76.  82.  82.  85.  86.  88.  94.  94.  97.
  98.  99.][-100.  -97.  -95.  -93.  -92.  -91.  -90.  -89.  -88.  -83.  -82.  -81.
  -79.  -78.  -74.  -71.  -67.  -66.  -63.  -62.  -61.  -60.  -59.  -56.
  -53.  -46.  -46.  -44.  -42.  -40.  -35.  -33.  -28.  -27.  -25.  -24.
  -20.  -19.  -17.  -16.  -15.  -14.  -13.  -12.   -9.   -8.   -3.    0.
    0.    3.    4.    4.    4.    5.    5.    8.    9.   10.   11.   11.
   12.   16.   21.   23.   26.   27.   27.   28.   31.   32.   32.   34.
   39.   40.   40.   41.   42.   45.   47.   51.   52.   52.   53.   57.
   60.   62.   65.   65.   66.   68.   68.   74.   75.   76.   77.   77.
   82.   87.   87.   90.][-100.  -99.  -97.  -96.  -94.  -92.  -88.  -87.  -84.  -83.  -82.  -80.
  -77.  -72.  -72.  -72.  -69.  -68.  -61.  -56.  -55.  -54.  -52.  -52.
  -47.  -46.  -46.  -45.  -34.  -31.  -31.  -30.  -24.  -24.  -22.  -22.
  -20.  -15.  -15.  -14.  -12.  -11.  -11.   -9.   -6.   -5.   -5.   -2.
   -1.    0.    4.    4.    4.    5.    5.    7.    8.    9.   10.   11.
   12.   15.   16.   17.   20.   23.   27.   28.   29.   36.   36.   40.
   42.   45.   45.   50.   51.   54.   56.   58.   59.   61.   61.   62.
   63.   68.   69.   73.   76.   77.   79.   80.   83.   85.   88.   89.
   90.   94.   95.   98.][-99. -97. -95. -93. -92. -91. -90. -89. -88. -86. -85. -82. -81. -80.
 -79. -67. -67. -65. -63. -60. -54. -52. -50. -47. -46. -44. -43. -33.
 -27. -22. -19. -18. -18. -16. -13. -13. -10.  -5.  -5.  -2.   0.   1.
   1.   8.  10.  10.  10.  12.  12.  17.  19.  24.  29.  29.  29.  30.
  32.  35.  36.  37.  38.  38.  40.  41.  42.  44.  44.  45.  45.  45.
  47.  47.  47.  50.  53.  56.  57.  62.  63.  65.  69.  70.  72.  73.
  73.  75.  80.  81.  83.  85.  86.  86.  87.  88.  90.  92.  93.  94.
  96.  98.][-99. -99. -93. -92. -91. -87. -87. -87. -86. -85. -83. -81. -79. -77.
 -73. -71. -69. -64. -61. -58. -54. -54. -53. -52. -51. -50. -49. -47.
 -45. -43. -40. -39. -36. -34. -32. -32. -29. -26. -25. -24. -21. -20.
 -20. -17. -13. -13. -10. -10.  -9.  -2.  -1.   1.   1.   4.   5.   9.
  11.  14.  15.  15.  18.  23.  25.  25.  34.  34.  36.  38.  39.  40.
  41.  42.  44.  44.  50.  50.  51.  57.  58.  58.  58.  60.  60.  64.
  65.  66.  67.  76.  77.  79.  84.  84.  86.  88.  89.  89.  90.  91.
  92. 100.][-99. -98. -98. -93. -90. -86. -82. -82. -80. -76. -76. -75. -69. -66.
 -61. -60. -59. -59. -58. -56. -55. -54. -52. -51. -51. -50. -46. -40.
 -31. -30. -28. -26. -25. -25. -19. -15. -15. -15. -12. -11. -10.  -7.
  -6.  -4.  -3.  -3.  -1.   0.   1.   1.   5.   6.   7.  10.  13.  14.
  17.  17.  19.  21.  22.  22.  22.  23.  27.  28.  28.  29.  33.  34.
  36.  38.  38.  40.  44.  44.  45.  50.  53.  55.  56.  56.  56.  57.
  60.  62.  63.  65.  65.  66.  69.  73.  76.  84.  85.  88.  90.  94.
  97.  99.][-98. -94. -94. -87. -87. -87. -82. -78. -74. -66. -66. -65. -64. -62.
 -61. -58. -56. -54. -53. -48. -47. -47. -47. -44. -42. -41. -33. -33.
 -28. -27. -26. -25. -25. -23. -22. -19. -18. -15. -14. -13. -13. -12.
  -6.  -3.  -3.  -3.  -2.   0.   0.   1.   3.   9.  10.  15.  18.  22.
  22.  26.  27.  27.  30.  34.  35.  37.  38.  44.  48.  55.  55.  57.
  58.  59.  61.  62.  67.  68.  72.  77.  79.  80.  82.  82.  84.  85.
  87.  88.  89.  89.  89.  89.  90.  90.  91.  94.  96.  98.  99. 100.
 100. 100.][-95. -91. -91. -90. -88. -80. -79. -77. -75. -65. -63. -62. -61. -60.
 -58. -56. -56. -54. -53. -51. -48. -47. -47. -41. -40. -39. -38. -38.
 -34. -33. -33. -31. -30. -30. -27. -27. -26. -23. -20. -18. -18. -17.
 -17. -17. -15. -14. -13. -10.  -8.  -5.  -4.  -3.  -2.  -1.   0.   1.
   6.  12.  14.  15.  17.  17.  18.  19.  24.  25.  26.  31.  32.  33.
  34.  35.  38.  38.  39.  40.  43.  45.  45.  46.  52.  52.  58.  66.
  70.  73.  79.  79.  79.  84.  86.  87.  87.  90.  92.  94.  95.  95.
  98.  98.][-99. -98. -97. -93. -91. -90. -88. -88. -82. -81. -78. -77. -76. -75.
 -74. -72. -66. -66. -63. -60. -57. -56. -56. -54. -52. -49. -48. -47.
 -45. -38. -38. -31. -31. -22. -20. -17. -16. -16. -14. -13. -11. -10.
  -7.  -6.  -5.  -3.  -3.   0.   1.   2.   4.   5.   6.   8.   9.  10.
  12.  12.  13.  19.  20.  24.  24.  26.  31.  34.  34.  35.  35.  36.
  38.  39.  40.  40.  41.  43.  47.  57.  62.  66.  68.  74.  75.  76.
  79.  81.  84.  84.  84.  89.  92.  92.  94.  97.  98.  98.  99. 100.
 100. 100.][-99. -98. -96. -96. -92. -88. -88. -79. -76. -75. -73. -73. -70. -68.
 -66. -64. -63. -61. -56. -55. -51. -50. -41. -40. -30. -28. -23. -22.
 -21. -18. -18. -16. -13. -12. -11. -10.  -9.  -7.  -7.  -5.  -5.  -4.
  -2.   3.   5.   6.   6.   6.   7.  10.  10.  11.  16.  16.  16.  16.
  19.  25.  29.  31.  34.  35.  37.  37.  38.  39.  40.  42.  49.  50.
  54.  54.  54.  62.  64.  65.  65.  67.  67.  69.  72.  73.  77.  78.
  79.  80.  81.  84.  85.  88.  88.  88.  90.  94.  94.  95.  95.  97.
  99.  99.][-100.  -99.  -96.  -95.  -94.  -93.  -87.  -87.  -86.  -85.  -84.  -79.
  -75.  -72.  -68.  -61.  -57.  -54.  -54.  -54.  -51.  -49.  -41.  -40.
  -39.  -39.  -36.  -36.  -36.  -35.  -32.  -31.  -27.  -25.  -25.  -22.
  -13.  -12.  -12.  -11.   -9.   -7.   -3.   -3.    0.    3.    3.    4.
    6.    6.   15.   18.   18.   18.   20.   25.   28.   28.   29.   29.
   30.   34.   34.   38.   42.   43.   46.   49.   54.   56.   56.   57.
   57.   60.   61.   64.   65.   70.   71.   74.   76.   79.   79.   81.
   81.   83.   84.   85.   86.   86.   86.   86.   87.   89.   90.   92.
   96.   98.  100.  100.][-97. -96. -95. -95. -94. -92. -91. -90. -87. -84. -82. -79. -76. -75.
 -74. -73. -71. -68. -65. -63. -62. -60. -60. -55. -52. -48. -45. -45.
 -45. -44. -38. -36. -36. -33. -33. -31. -30. -27. -26. -25. -25. -21.
 -19. -18. -16. -14. -11.  -9.  -7.  -7.  -5.   0.   0.   4.   4.   7.
   8.  16.  19.  20.  21.  22.  23.  25.  27.  28.  28.  29.  39.  41.
  42.  43.  43.  47.  54.  56.  59.  61.  63.  65.  68.  69.  69.  71.
  73.  74.  75.  77.  77.  78.  81.  91.  91.  93.  94.  96.  96.  97.
  97.  98.][-98. -98. -97. -96. -95. -94. -94. -89. -87. -83. -81. -79. -79. -76.
 -75. -71. -69. -69. -67. -65. -64. -62. -60. -59. -54. -53. -53. -49.
 -46. -42. -41. -37. -37. -33. -32. -32. -32. -30. -29. -26. -26. -23.
 -23. -23. -16. -10. -10.  -9.  -3.   0.   2.   2.   3.   5.   6.   6.
  12.  13.  20.  22.  23.  25.  26.  29.  31.  32.  37.  38.  44.  46.
  47.  47.  47.  48.  49.  50.  52.  57.  58.  60.  62.  68.  70.  70.
  72.  72.  74.  75.  78.  85.  86.  86.  86.  90.  93.  93.  96.  97.
  99. 100.][-95. -93. -92. -87. -84. -83. -77. -76. -71. -70. -69. -69. -68. -66.
 -62. -60. -60. -58. -57. -56. -54. -46. -30. -28. -27. -25. -24. -22.
 -19. -17. -16. -16. -14. -14. -11. -11.  -9.  -5.  -4.  -1.  -1.   0.
   2.   3.   3.   7.   9.  12.  13.  13.  15.  16.  16.  17.  20.  21.
  21.  27.  28.  30.  31.  31.  32.  33.  36.  37.  39.  40.  44.  48.
  48.  50.  51.  52.  52.  53.  57.  58.  59.  59.  60.  61.  63.  63.
  64.  65.  68.  71.  73.  79.  80.  85.  88.  93.  93.  97.  98.  99.
 100. 100.][-97. -83. -80. -78. -75. -74. -73. -72. -72. -68. -66. -64. -63. -62.
 -61. -60. -60. -58. -53. -52. -51. -48. -45. -44. -43. -43. -43. -42.
 -39. -38. -37. -37. -35. -34. -34. -31. -26. -23. -21. -20. -19. -18.
 -17. -13. -12. -11. -10.  -9.  -8.  -7.  -6.  -5.  -4.  -3.   5.   6.
   7.  16.  19.  28.  29.  33.  33.  34.  35.  39.  39.  40.  40.  46.
  46.  46.  47.  48.  50.  54.  54.  55.  58.  60.  60.  66.  67.  74.
  75.  80.  81.  82.  82.  82.  84.  85.  87.  88.  89.  90.  91.  93.
  94.  97.][-99. -98. -97. -97. -92. -91. -90. -89. -87. -87. -86. -82. -82. -80.
 -79. -78. -77. -73. -68. -66. -66. -65. -61. -61. -59. -56. -54. -53.
 -51. -50. -49. -39. -32. -29. -26. -22. -20. -19. -15. -14. -14. -11.
  -8.  -7.  -5.   2.   5.   6.   7.   8.   9.  13.  13.  13.  13.  14.
  18.  19.  19.  31.  31.  32.  36.  38.  38.  39.  40.  40.  43.  44.
  46.  49.  50.  51.  53.  54.  57.  59.  63.  63.  65.  66.  70.  73.
  73.  74.  77.  79.  81.  83.  85.  86.  88.  90.  93.  95.  96.  98.
  98.  99.][-100.  -99.  -97.  -97.  -89.  -87.  -86.  -83.  -80.  -78.  -76.  -75.
  -74.  -73.  -69.  -67.  -67.  -59.  -56.  -52.  -52.  -52.  -51.  -51.
  -48.  -47.  -45.  -45.  -44.  -42.  -42.  -40.  -40.  -39.  -38.  -36.
  -31.  -29.  -29.  -27.  -27.  -26.  -22.  -14.   -9.   -9.   -7.   -4.
   -2.   -1.   -1.   -1.    1.    1.    2.    5.    5.    6.    7.    8.
    9.   10.   15.   16.   18.   21.   22.   22.   26.   29.   31.   34.
   35.   37.   40.   40.   43.   43.   45.   49.   50.   53.   53.   54.
   54.   58.   60.   69.   71.   72.   72.   81.   82.   83.   88.   93.
   96.   97.   97.   98.][-99. -95. -94. -93. -91. -89. -89. -87. -85. -84. -82. -78. -78. -75.
 -75. -73. -72. -66. -66. -65. -60. -58. -57. -54. -50. -50. -50. -49.
 -48. -48. -47. -47. -45. -44. -43. -41. -39. -37. -35. -34. -33. -30.
 -29. -28. -26. -24. -23. -21. -20. -12. -12.  -8.  -8.  -7.  -7.  -6.
  -4.  -4.  -1.  -1.  -1.   1.   3.   3.   4.   5.   6.  13.  13.  14.
  21.  30.  31.  33.  36.  38.  41.  41.  42.  43.  47.  52.  52.  55.
  57.  62.  64.  65.  71.  72.  73.  77.  81.  82.  88.  89.  93.  96.
  97. 100.][-99. -97. -96. -92. -90. -89. -89. -88. -86. -83. -81. -81. -81. -79.
 -79. -78. -77. -70. -68. -68. -68. -57. -57. -52. -51. -48. -47. -45.
 -41. -40. -37. -35. -35. -28. -27. -26. -25. -24. -22. -21. -17. -13.
 -13. -10.  -7.  -7.  -2.  -1.   0.   1.   2.   7.  18.  20.  20.  22.
  23.  32.  34.  36.  38.  38.  39.  40.  42.  42.  46.  46.  50.  50.
  51.  51.  51.  52.  55.  56.  58.  60.  62.  64.  64.  68.  70.  70.
  72.  74.  75.  78.  80.  80.  81.  83.  89.  89.  90.  92.  95.  96.
  98. 100.][-96. -94. -94. -94. -93. -92. -91. -84. -83. -81. -78. -77. -76. -73.
 -72. -64. -63. -58. -51. -48. -48. -47. -46. -44. -40. -38. -38. -38.
 -35. -34. -32. -32. -26. -25. -24. -22. -19. -18. -18. -15. -15. -14.
  -5.  -3.  -2.   0.   0.   2.   5.   6.   9.  10.  13.  15.  16.  21.
  24.  25.  25.  26.  26.  27.  27.  27.  29.  29.  29.  30.  35.  35.
  43.  44.  47.  51.  52.  53.  56.  56.  60.  65.  65.  65.  66.  70.
  71.  74.  74.  77.  77.  78.  78.  79.  83.  88.  89.  89.  91.  94.
  98.  99.][-99. -98. -93. -91. -87. -86. -86. -84. -84. -84. -81. -80. -79. -77.
 -75. -72. -72. -70. -69. -68. -66. -65. -56. -54. -52. -50. -47. -43.
 -39. -39. -37. -37. -34. -30. -30. -29. -13. -12. -11. -10.  -9.  -9.
  -9.  -7.  -5.  -5.   2.   2.   3.   9.  10.  13.  15.  18.  19.  23.
  25.  25.  27.  33.  33.  34.  41.  42.  45.  46.  46.  46.  50.  51.
  55.  56.  60.  62.  63.  66.  66.  69.  69.  69.  70.  71.  71.  71.
  71.  72.  73.  73.  76.  77.  78.  79.  81.  82.  84.  84.  86.  87.
  89.  98.][-97. -96. -92. -92. -91. -87. -87. -82. -82. -79. -79. -76. -75. -70.
 -69. -68. -68. -67. -63. -61. -57. -56. -54. -52. -50. -49. -45. -45.
 -44. -42. -42. -41. -40. -40. -38. -34. -34. -33. -32. -28. -27. -21.
 -20. -19. -13. -12. -12. -10.  -7.  -7.  -5.  -3.  -3.  -2.   2.   4.
   7.  10.  12.  15.  16.  18.  19.  23.  23.  27.  28.  29.  30.  32.
  34.  35.  39.  41.  43.  45.  45.  47.  49.  49.  53.  55.  59.  63.
  64.  66.  68.  69.  69.  70.  73.  73.  76.  79.  81.  87.  88.  94.
  97. 100.][-97. -95. -94. -90. -89. -86. -83. -81. -81. -81. -80. -79. -79. -77.
 -76. -72. -65. -64. -58. -53. -50. -46. -45. -44. -42. -38. -37. -36.
 -35. -34. -33. -31. -30. -29. -27. -24. -21. -18. -17. -16. -15. -14.
  -9.  -7.  -5.  -4.  -3.  -2.  -1.   0.   1.   4.   6.   6.  10.  10.
  13.  14.  15.  16.  17.  19.  21.  21.  22.  24.  28.  31.  33.  36.
  37.  37.  38.  39.  39.  43.  44.  45.  48.  52.  55.  55.  57.  59.
  72.  72.  74.  74.  75.  76.  77.  81.  86.  91.  92.  93.  93.  94.
  94. 100.][-100.  -97.  -96.  -96.  -95.  -95.  -88.  -86.  -86.  -84.  -84.  -83.
  -74.  -67.  -64.  -56.  -53.  -53.  -50.  -50.  -49.  -48.  -47.  -47.
  -46.  -44.  -38.  -38.  -36.  -35.  -30.  -30.  -29.  -28.  -27.  -27.
  -27.  -25.  -24.  -21.  -20.  -15.  -14.  -13.   -7.   -4.   -3.   -1.
    0.    2.    4.    4.    7.    8.   10.   10.   13.   13.   17.   18.
   23.   25.   30.   30.   30.   35.   37.   37.   44.   49.   50.   50.
   51.   52.   55.   56.   58.   59.   60.   60.   61.   62.   65.   70.
   72.   73.   74.   77.   79.   79.   80.   82.   85.   86.   88.   88.
   92.   95.   98.   99.][-99. -98. -97. -97. -97. -96. -94. -94. -91. -90. -90. -88. -87. -86.
 -83. -83. -82. -81. -81. -76. -76. -76. -74. -72. -67. -66. -64. -61.
 -60. -60. -56. -54. -54. -52. -51. -48. -46. -41. -34. -26. -25. -23.
 -20. -15. -13.  -9.  -8.  -8.  -5.  -1.   2.   3.   5.   5.   8.   9.
  10.  10.  11.  19.  19.  21.  21.  23.  25.  25.  25.  28.  28.  29.
  33.  33.  36.  38.  44.  44.  45.  47.  47.  58.  58.  58.  59.  61.
  70.  74.  75.  77.  78.  79.  80.  81.  88.  90.  90.  91.  93.  93.
  95.  97.][-100.  -99.  -92.  -91.  -91.  -90.  -87.  -87.  -84.  -82.  -77.  -75.
  -75.  -75.  -73.  -69.  -67.  -67.  -67.  -63.  -62.  -62.  -60.  -58.
  -56.  -56.  -56.  -54.  -50.  -49.  -49.  -49.  -47.  -45.  -44.  -42.
  -42.  -35.  -31.  -30.  -29.  -28.  -27.  -27.  -26.  -23.  -21.  -20.
  -13.  -13.  -12.  -10.   -3.   -2.    1.    2.    2.    3.    5.    6.
    8.    9.   11.   14.   16.   18.   26.   28.   29.   30.   31.   32.
   33.   37.   44.   45.   45.   46.   46.   49.   53.   55.   55.   56.
   60.   61.   64.   69.   74.   79.   83.   83.   87.   87.   88.   90.
   90.   93.   93.   93.][-100.  -97.  -93.  -90.  -89.  -88.  -87.  -86.  -84.  -82.  -75.  -75.
  -75.  -68.  -67.  -65.  -64.  -58.  -57.  -52.  -52.  -52.  -50.  -48.
  -48.  -46.  -45.  -44.  -43.  -42.  -42.  -38.  -38.  -37.  -36.  -31.
  -26.  -24.  -23.  -21.  -20.  -18.  -17.  -15.   -9.   -1.    2.    3.
    6.    7.    8.    8.    9.   11.   18.   18.   18.   19.   22.   23.
   24.   24.   29.   31.   31.   32.   33.   37.   38.   39.   41.   45.
   46.   50.   52.   54.   54.   55.   60.   62.   63.   63.   64.   66.
   72.   74.   78.   81.   82.   82.   84.   84.   85.   87.   88.   89.
   95.   96.   98.   99.][-100. -100.  -97.  -97.  -95.  -95.  -94.  -93.  -90.  -88.  -85.  -78.
  -77.  -73.  -70.  -64.  -62.  -58.  -56.  -55.  -52.  -49.  -49.  -47.
  -46.  -45.  -44.  -41.  -41.  -39.  -38.  -33.  -30.  -29.  -28.  -26.
  -25.  -23.  -15.  -12.  -11.   -9.   -9.   -8.   -7.   -1.   -1.    1.
    1.    1.    5.    6.   16.   21.   21.   26.   26.   27.   27.   28.
   33.   35.   36.   36.   36.   39.   39.   40.   43.   51.   55.   55.
   56.   57.   57.   59.   61.   62.   63.   64.   70.   73.   73.   74.
   75.   80.   81.   84.   85.   87.   88.   90.   95.   96.   96.   98.
   98.   98.   98.   99.][-99. -96. -95. -95. -91. -88. -84. -83. -82. -81. -81. -80. -80. -79.
 -79. -79. -75. -75. -72. -71. -71. -71. -66. -65. -60. -59. -57. -56.
 -52. -51. -49. -48. -41. -40. -38. -38. -37. -31. -29. -27. -27. -25.
 -23. -20. -13. -12. -10.  -9.  -7.  -6.  -3.  -2.   4.   6.   7.  11.
  14.  16.  19.  28.  30.  33.  33.  34.  36.  36.  37.  41.  44.  47.
  48.  50.  52.  53.  57.  58.  59.  67.  69.  71.  72.  73.  75.  77.
  80.  81.  82.  83.  85.  88.  88.  89.  91.  92.  92.  93.  93.  94.
  96.  97.][-99. -98. -97. -97. -96. -93. -92. -90. -89. -88. -87. -82. -81. -81.
 -80. -78. -75. -74. -71. -70. -69. -68. -63. -61. -60. -58. -54. -49.
 -48. -46. -40. -39. -38. -38. -35. -34. -33. -31. -31. -30. -28. -26.
 -26. -23. -23. -22. -21. -19. -17. -17. -13. -12. -11. -10. -10.  -6.
  -6.  -1.   8.   8.   8.  14.  18.  21.  21.  23.  27.  27.  27.  29.
  31.  32.  32.  32.  34.  37.  47.  47.  48.  49.  49.  49.  52.  56.
  63.  64.  67.  70.  71.  71.  73.  77.  78.  78.  79.  84.  85.  90.
  94.  95.][-97. -94. -94. -90. -89. -85. -81. -78. -78. -77. -72. -67. -66. -65.
 -61. -60. -57. -57. -52. -51. -51. -50. -49. -49. -48. -46. -39. -39.
 -39. -38. -29. -29. -29. -28. -27. -25. -25. -24. -24. -10.  -8.  -6.
  -5.  -5.   7.   7.   8.   8.  11.  12.  12.  12.  13.  16.  17.  24.
  27.  30.  32.  32.  33.  36.  38.  38.  42.  42.  43.  44.  50.  50.
  50.  51.  53.  57.  58.  60.  64.  66.  67.  68.  69.  69.  70.  71.
  73.  76.  77.  81.  82.  85.  85.  87.  87.  90.  95.  95.  95.  99.
 100. 100.][-100.  -97.  -96.  -96.  -91.  -84.  -84.  -83.  -82.  -81.  -80.  -79.
  -79.  -78.  -77.  -76.  -76.  -70.  -68.  -66.  -61.  -59.  -58.  -55.
  -51.  -49.  -47.  -47.  -45.  -40.  -40.  -38.  -36.  -34.  -33.  -33.
  -31.  -29.  -28.  -26.  -24.  -19.  -19.  -18.  -16.  -14.  -12.  -11.
   -8.    0.    6.    6.    6.    7.    7.    9.   11.   15.   19.   20.
   20.   26.   29.   30.   30.   32.   32.   36.   37.   40.   45.   46.
   48.   50.   51.   52.   58.   59.   60.   60.   62.   64.   65.   65.
   66.   68.   71.   73.   73.   77.   81.   81.   84.   86.   87.   88.
   89.   92.   95.   95.][-99. -98. -97. -97. -97. -96. -94. -93. -93. -92. -89. -89. -88. -88.
 -85. -84. -82. -77. -76. -75. -73. -68. -67. -66. -65. -64. -60. -60.
 -56. -56. -55. -55. -45. -39. -39. -38. -37. -35. -34. -27. -27. -25.
 -16. -16. -13. -12.  -7.  -7.  -5.  -2.  -2.  -1.   0.   4.   8.  13.
  15.  18.  19.  20.  21.  23.  23.  24.  25.  27.  30.  37.  39.  42.
  42.  45.  45.  46.  49.  52.  54.  56.  60.  61.  68.  71.  73.  74.
  75.  76.  78.  78.  81.  84.  86.  86.  87.  88.  90.  93.  93.  96.
  98. 100.][-99. -97. -92. -91. -89. -83. -81. -78. -78. -78. -77. -77. -76. -71.
 -70. -69. -69. -68. -68. -67. -64. -59. -59. -59. -58. -57. -57. -56.
 -55. -52. -51. -48. -47. -40. -39. -39. -38. -38. -37. -36. -36. -34.
 -34. -32. -32. -28. -23. -21. -21. -17. -12.  -8.  -8.  -7.  -6.  -6.
  -2.  -2.  -2.   6.   7.  13.  13.  22.  22.  23.  23.  25.  26.  28.
  36.  38.  39.  41.  42.  44.  45.  45.  47.  56.  57.  58.  59.  69.
  70.  71.  72.  74.  75.  76.  76.  77.  79.  82.  89.  94.  95.  97.
  98.  98.][-100.  -97.  -94.  -92.  -92.  -91.  -91.  -91.  -88.  -87.  -86.  -83.
  -82.  -82.  -80.  -77.  -75.  -75.  -74.  -74.  -69.  -64.  -60.  -54.
  -48.  -47.  -47.  -45.  -43.  -42.  -42.  -40.  -39.  -38.  -35.  -35.
  -33.  -32.  -31.  -30.  -26.  -26.  -25.  -22.  -20.  -19.  -18.  -18.
  -17.  -15.   -7.   -6.   -3.    1.    1.    1.    4.    6.    7.    8.
    8.    8.    9.   10.   10.   12.   15.   16.   16.   21.   32.   34.
   37.   39.   42.   44.   45.   50.   51.   52.   54.   55.   61.   69.
   72.   80.   80.   81.   83.   83.   84.   88.   88.   91.   92.   94.
   96.   97.   99.  100.][-93. -85. -80. -79. -79. -77. -77. -75. -75. -74. -72. -72. -71. -68.
 -63. -62. -61. -61. -60. -60. -60. -59. -58. -57. -57. -56. -53. -53.
 -52. -52. -50. -47. -45. -43. -42. -42. -42. -41. -38. -38. -33. -29.
 -27. -24. -23. -23. -21. -19. -14. -12.  -5.  -1.   5.   5.   6.   7.
  10.  12.  22.  26.  28.  30.  32.  36.  38.  39.  40.  40.  41.  42.
  45.  46.  46.  47.  52.  53.  57.  60.  63.  66.  67.  67.  67.  68.
  70.  75.  77.  77.  79.  81.  82.  85.  88.  92.  93.  93.  93.  98.
  99.  99.][-100.  -98.  -97.  -97.  -89.  -88.  -87.  -85.  -82.  -81.  -81.  -81.
  -79.  -79.  -77.  -76.  -75.  -74.  -74.  -73.  -71.  -67.  -67.  -65.
  -59.  -58.  -58.  -58.  -57.  -56.  -55.  -54.  -53.  -52.  -46.  -45.
  -40.  -40.  -37.  -36.  -34.  -34.  -34.  -31.  -30.  -29.  -28.  -27.
  -26.  -26.  -16.  -14.  -13.  -13.  -11.   -5.   -5.   -3.   21.   26.
   28.   28.   29.   30.   33.   37.   38.   41.   42.   45.   47.   48.
   48.   50.   50.   51.   51.   58.   60.   68.   71.   72.   73.   75.
   76.   77.   77.   78.   84.   86.   86.   88.   89.   90.   90.   91.
   91.   92.   94.   97.][-99. -98. -92. -92. -83. -77. -77. -75. -72. -72. -70. -68. -66. -66.
 -64. -63. -62. -61. -58. -56. -53. -52. -46. -44. -42. -42. -42. -40.
 -38. -34. -34. -33. -33. -29. -28. -27. -22. -22. -21. -20. -18. -16.
 -11.  -9.  -8.  -8.  -5.  -5.  -4.  -2.  -2.  -1.   3.   8.  11.  15.
  16.  19.  20.  22.  24.  28.  29.  30.  33.  33.  34.  34.  36.  40.
  41.  41.  44.  45.  46.  47.  52.  54.  60.  62.  64.  68.  68.  72.
  77.  84.  85.  89.  89.  90.  92.  92.  95.  96.  97.  98.  99.  99.
  99.  99.][-100. -100.  -94.  -94.  -91.  -88.  -86.  -81.  -80.  -77.  -75.  -74.
  -73.  -73.  -73.  -73.  -72.  -71.  -66.  -63.  -63.  -60.  -57.  -52.
  -49.  -45.  -43.  -43.  -43.  -42.  -39.  -38.  -36.  -32.  -28.  -23.
  -23.  -23.  -20.  -20.  -10.   -9.   -9.   -4.   -3.   -1.   -1.   -1.
    2.    2.    3.    7.    7.    7.    8.    8.   11.   11.   14.   15.
   15.   15.   17.   24.   31.   34.   34.   37.   39.   42.   44.   48.
   49.   51.   54.   55.   63.   64.   65.   68.   69.   72.   74.   75.
   76.   76.   77.   79.   80.   80.   82.   82.   83.   90.   91.   91.
   94.   97.   99.   99.][-99. -99. -98. -97. -96. -92. -90. -88. -88. -87. -85. -82. -79. -78.
 -78. -74. -70. -67. -66. -62. -56. -56. -56. -56. -55. -55. -49. -48.
 -44. -35. -33. -32. -31. -29. -29. -25. -23. -20. -19. -16. -14. -14.
 -12.  -9.  -8.  -8.  -4.  -2.  -2.   1.   3.   7.   8.  10.  12.  14.
  14.  14.  16.  17.  22.  24.  26.  29.  31.  31.  33.  37.  38.  39.
  41.  43.  43.  45.  49.  52.  56.  60.  62.  62.  64.  65.  66.  67.
  67.  67.  73.  74.  75.  75.  78.  78.  87.  91.  94.  95.  96.  98.
  99. 100.][-100.  -98.  -98.  -97.  -95.  -92.  -89.  -87.  -87.  -83.  -82.  -78.
  -75.  -71.  -65.  -64.  -60.  -58.  -55.  -54.  -52.  -46.  -44.  -43.
  -41.  -37.  -28.  -25.  -17.  -16.  -15.  -14.  -11.  -11.  -10.   -9.
   -9.   -8.   -6.   -4.    1.    2.    2.    3.    7.    9.   14.   17.
   17.   18.   19.   19.   20.   24.   28.   30.   31.   33.   36.   39.
   39.   40.   43.   44.   46.   46.   49.   49.   50.   52.   53.   55.
   56.   56.   57.   57.   58.   59.   61.   63.   64.   67.   67.   75.
   78.   80.   81.   81.   86.   89.   90.   91.   92.   92.   93.   93.
   93.   94.   99.   99.][-99. -98. -96. -95. -91. -90. -89. -87. -86. -79. -76. -72. -72. -71.
 -71. -67. -65. -63. -63. -57. -51. -48. -47. -44. -43. -40. -36. -28.
 -28. -27. -25. -25. -20. -20. -16. -13. -11.  -8.  -8.  -5.   1.   4.
   5.   5.   5.   8.   9.  15.  16.  17.  17.  18.  21.  22.  24.  24.
  24.  25.  26.  26.  31.  31.  33.  39.  39.  40.  41.  42.  43.  44.
  47.  48.  48.  52.  52.  58.  59.  59.  61.  63.  65.  67.  68.  71.
  72.  72.  73.  74.  74.  77.  77.  78.  79.  80.  83.  84.  84.  90.
  91. 100.][-98. -95. -93. -88. -87. -86. -84. -79. -77. -76. -74. -74. -73. -72.
 -71. -68. -64. -61. -59. -58. -57. -57. -56. -53. -51. -50. -48. -42.
 -42. -41. -41. -41. -35. -34. -34. -31. -25. -22. -22. -20. -17. -16.
 -12. -12. -10.  -7.   1.   3.   4.   8.  10.  13.  13.  14.  16.  20.
  20.  23.  23.  25.  28.  29.  33.  45.  46.  47.  48.  49.  49.  52.
  54.  55.  59.  62.  63.  63.  65.  65.  67.  71.  74.  74.  74.  75.
  76.  76.  78.  79.  79.  80.  82.  82.  84.  84.  84.  93.  94.  95.
  96.  99.][-100.  -99.  -98.  -94.  -94.  -93.  -90.  -90.  -89.  -86.  -85.  -84.
  -77.  -75.  -75.  -73.  -73.  -70.  -68.  -66.  -63.  -59.  -58.  -52.
  -49.  -47.  -47.  -46.  -46.  -43.  -38.  -38.  -36.  -35.  -33.  -24.
  -21.  -19.  -18.  -17.  -14.  -13.  -12.  -10.  -10.   -8.   -6.   -6.
   -5.    4.    5.    6.    7.    7.   11.   11.   14.   14.   17.   19.
   19.   21.   22.   29.   34.   39.   40.   42.   42.   43.   45.   47.
   50.   53.   56.   59.   59.   61.   61.   65.   67.   69.   69.   70.
   71.   72.   75.   76.   77.   78.   85.   87.   88.   88.   91.   92.
   96.   96.   99.  100.][-100.  -96.  -96.  -87.  -84.  -84.  -83.  -80.  -77.  -76.  -73.  -70.
  -65.  -65.  -64.  -64.  -64.  -63.  -62.  -59.  -57.  -56.  -54.  -53.
  -49.  -46.  -45.  -45.  -43.  -40.  -38.  -36.  -36.  -33.  -31.  -31.
  -25.  -24.  -20.  -20.  -19.  -19.  -15.  -14.  -12.   -9.   -6.   -6.
   -5.   -5.   -3.    2.    5.    9.    9.   10.   11.   14.   15.   16.
   18.   18.   23.   26.   27.   27.   31.   33.   33.   34.   39.   40.
   40.   41.   41.   43.   44.   46.   48.   55.   57.   58.   58.   60.
   60.   61.   67.   68.   68.   72.   79.   80.   85.   85.   86.   93.
   96.   98.   99.  100.][-98. -96. -95. -92. -92. -91. -89. -89. -88. -88. -86. -85. -82. -82.
 -82. -81. -80. -75. -71. -71. -70. -63. -61. -60. -58. -57. -54. -51.
 -49. -48. -45. -44. -33. -30. -29. -28. -28. -26. -25. -24. -23. -16.
 -14. -12.  -6.  -3.  -1.   0.   1.   3.   6.   6.   7.  11.  11.  15.
  16.  18.  19.  22.  24.  24.  25.  25.  32.  34.  35.  36.  38.  40.
  42.  45.  47.  48.  49.  53.  54.  58.  64.  66.  66.  69.  74.  76.
  76.  76.  78.  79.  82.  85.  86.  87.  90.  92.  95.  96.  97.  98.
  99. 100.][-100.  -97.  -97.  -93.  -89.  -85.  -83.  -75.  -75.  -74.  -72.  -71.
  -70.  -66.  -64.  -63.  -60.  -59.  -59.  -54.  -54.  -51.  -50.  -44.
  -43.  -41.  -40.  -37.  -33.  -31.  -29.  -24.  -22.  -22.  -21.  -20.
  -20.  -19.  -18.  -18.  -18.  -17.  -11.  -11.  -10.   -9.   -9.   -1.
    1.    5.    5.    6.    7.    8.   10.   10.   11.   14.   14.   15.
   20.   21.   22.   22.   28.   30.   30.   35.   38.   39.   40.   43.
   43.   47.   47.   49.   50.   51.   52.   53.   55.   56.   59.   61.
   64.   67.   71.   72.   72.   75.   78.   79.   80.   85.   86.   89.
   90.   90.   92.   94.][-98. -97. -97. -90. -89. -88. -87. -83. -81. -81. -80. -80. -80. -75.
 -67. -61. -61. -61. -59. -58. -57. -57. -55. -54. -53. -52. -52. -51.
 -50. -48. -40. -32. -32. -29. -24. -23. -22. -17. -17. -15. -12. -10.
  -8.  -7.  -4.  -1.   0.   5.   8.   9.   9.  11.  12.  19.  22.  23.
  24.  25.  26.  27.  28.  30.  31.  34.  38.  38.  39.  43.  45.  45.
  45.  46.  47.  48.  49.  51.  51.  52.  54.  54.  55.  55.  57.  58.
  60.  60.  69.  69.  72.  73.  73.  76.  78.  81.  87.  90.  91.  91.
  94.  97.][-100.  -99.  -98.  -93.  -89.  -83.  -83.  -83.  -82.  -79.  -73.  -71.
  -67.  -66.  -66.  -62.  -59.  -58.  -56.  -55.  -50.  -50.  -49.  -49.
  -46.  -41.  -40.  -35.  -35.  -34.  -33.  -31.  -31.  -30.  -30.  -29.
  -25.  -22.  -22.  -21.  -21.  -20.  -12.   -8.   -3.   -3.   -1.   -1.
    0.    0.    1.    1.    6.    7.    9.    9.   12.   13.   14.   18.
   25.   27.   28.   28.   33.   34.   36.   40.   42.   43.   43.   43.
   44.   47.   48.   50.   52.   55.   59.   60.   65.   66.   66.   70.
   70.   71.   71.   73.   77.   77.   77.   83.   85.   90.   91.   92.
   92.   94.   98.   99.][-99. -98. -97. -96. -95. -90. -90. -88. -87. -85. -84. -83. -82. -80.
 -79. -79. -78. -78. -73. -72. -72. -68. -65. -64. -62. -57. -56. -53.
 -49. -47. -45. -43. -42. -40. -39. -37. -36. -36. -35. -34. -31. -30.
 -30. -23. -23. -22. -18. -13. -13.  -9.  -9.  -5.  -4.   0.   3.   4.
   9.  11.  15.  17.  18.  28.  30.  30.  31.  33.  38.  40.  43.  43.
  47.  47.  49.  50.  55.  57.  59.  59.  61.  62.  63.  66.  69.  71.
  72.  72.  74.  77.  81.  86.  88.  89.  92.  92.  93.  95.  95.  96.
  96. 100.][-97. -97. -92. -92. -89. -89. -87. -86. -85. -81. -81. -80. -80. -78.
 -75. -72. -69. -66. -62. -62. -62. -58. -58. -58. -56. -52. -47. -47.
 -45. -43. -43. -41. -36. -35. -34. -34. -29. -28. -24. -21. -19. -18.
 -17. -16. -15. -14. -13. -12. -11.  -5.  -2.   0.   4.   7.   9.  13.
  17.  18.  19.  20.  21.  25.  31.  33.  37.  40.  40.  44.  47.  47.
  48.  49.  53.  54.  55.  55.  60.  60.  61.  61.  62.  62.  64.  64.
  64.  67.  69.  72.  74.  79.  84.  84.  86.  87.  88.  93.  93.  94.
  94.  99.][-98. -96. -88. -86. -84. -80. -78. -78. -77. -77. -73. -70. -69. -67.
 -62. -59. -59. -57. -54. -53. -52. -49. -46. -44. -41. -36. -32. -31.
 -28. -27. -26. -24. -24. -23. -19. -18. -17. -13. -13. -13. -10.  -4.
  -3.  -1.   1.   3.   5.   5.   5.   6.  11.  11.  11.  13.  16.  18.
  18.  20.  22.  23.  24.  25.  26.  27.  28.  33.  38.  38.  40.  40.
  43.  44.  44.  44.  47.  47.  49.  49.  51.  55.  58.  59.  60.  61.
  61.  64.  65.  65.  72.  73.  74.  78.  79.  81.  83.  87.  90.  92.
  94.  96.][-98. -97. -97. -96. -96. -95. -94. -89. -88. -87. -78. -77. -76. -76.
 -73. -69. -65. -65. -53. -51. -49. -49. -48. -46. -43. -43. -42. -40.
 -39. -38. -34. -34. -32. -30. -29. -27. -24. -24. -23. -19. -15. -13.
 -11. -10.  -8.  -7.  -6.  -5.   2.   8.  10.  11.  15.  15.  15.  15.
  19.  19.  20.  22.  24.  25.  26.  26.  34.  35.  39.  40.  40.  41.
  42.  49.  51.  54.  55.  56.  56.  57.  67.  67.  69.  69.  70.  70.
  72.  74.  74.  76.  79.  80.  82.  83.  86.  87.  87.  89.  93.  97.
  98.  99.][-100.  -97.  -97.  -96.  -95.  -95.  -92.  -91.  -91.  -90.  -86.  -85.
  -81.  -79.  -78.  -75.  -63.  -61.  -60.  -55.  -54.  -52.  -51.  -51.
  -49.  -47.  -47.  -47.  -43.  -40.  -38.  -38.  -35.  -34.  -32.  -31.
  -30.  -30.  -30.  -29.  -28.  -28.  -28.  -24.  -24.  -23.  -21.  -21.
  -21.  -19.  -17.  -16.  -13.  -12.  -11.  -10.   -5.   -4.   -2.    0.
    1.    3.    5.   17.   18.   24.   27.   28.   29.   36.   36.   41.
   42.   43.   46.   47.   49.   49.   51.   52.   54.   55.   55.   56.
   57.   59.   64.   65.   71.   71.   75.   75.   82.   84.   84.   88.
   91.   99.   99.  100.][-100.  -98.  -95.  -94.  -90.  -89.  -88.  -87.  -85.  -84.  -83.  -82.
  -81.  -78.  -77.  -75.  -74.  -72.  -72.  -70.  -69.  -65.  -63.  -61.
  -59.  -58.  -55.  -53.  -52.  -51.  -45.  -44.  -41.  -40.  -40.  -39.
  -39.  -37.  -27.  -26.  -20.  -17.  -15.  -15.  -14.  -13.  -10.   -8.
   -7.   -5.   -2.   -1.    0.    0.    3.    4.    5.    8.   11.   15.
   15.   16.   16.   17.   18.   18.   20.   23.   31.   35.   35.   36.
   39.   42.   44.   44.   46.   47.   49.   49.   53.   53.   53.   55.
   56.   56.   57.   59.   63.   64.   64.   64.   65.   67.   68.   72.
   81.   86.   90.   94.][-100.  -94.  -93.  -92.  -90.  -89.  -87.  -83.  -81.  -79.  -79.  -77.
  -75.  -73.  -67.  -66.  -63.  -56.  -54.  -54.  -52.  -48.  -44.  -44.
  -42.  -39.  -39.  -38.  -35.  -30.  -29.  -28.  -28.  -27.  -23.  -22.
  -21.  -20.  -20.  -20.  -20.  -16.  -16.  -14.  -10.   -9.    1.    5.
    7.    7.    8.    9.   13.   15.   15.   16.   23.   28.   29.   29.
   29.   30.   31.   34.   38.   40.   40.   40.   41.   41.   43.   53.
   53.   55.   56.   63.   63.   63.   65.   68.   71.   73.   76.   85.
   85.   85.   87.   87.   88.   88.   88.   90.   92.   92.   94.   95.
   95.   98.   98.   98.][-100.  -98.  -96.  -89.  -89.  -88.  -86.  -86.  -83.  -83.  -83.  -75.
  -73.  -69.  -66.  -65.  -64.  -64.  -53.  -49.  -49.  -47.  -47.  -42.
  -42.  -41.  -38.  -35.  -30.  -28.  -24.  -23.  -18.   -6.    0.    2.
    4.    4.    4.    6.   10.   11.   16.   18.   20.   20.   21.   24.
   25.   27.   28.   31.   34.   36.   36.   37.   39.   40.   44.   44.
   44.   47.   48.   48.   49.   49.   50.   51.   52.   55.   55.   56.
   58.   58.   60.   62.   64.   66.   68.   69.   70.   70.   73.   74.
   74.   74.   77.   81.   84.   87.   88.   89.   90.   91.   93.   93.
   93.   95.   95.   99.][-100. -100.  -98.  -95.  -95.  -93.  -91.  -88.  -87.  -86.  -74.  -69.
  -69.  -66.  -63.  -61.  -53.  -52.  -51.  -51.  -51.  -50.  -49.  -48.
  -46.  -45.  -44.  -43.  -40.  -39.  -39.  -38.  -37.  -36.  -30.  -28.
  -27.  -23.  -22.  -21.  -18.  -16.  -14.   -9.   -9.   -8.    5.    8.
    8.   10.   13.   16.   17.   18.   19.   20.   22.   23.   23.   24.
   25.   25.   26.   29.   34.   36.   38.   39.   40.   44.   45.   45.
   45.   49.   50.   50.   52.   52.   55.   56.   58.   59.   62.   64.
   65.   67.   68.   69.   75.   77.   78.   78.   80.   80.   85.   87.
   87.   94.   96.   97.][-99. -97. -97. -95. -94. -89. -89. -86. -86. -86. -80. -80. -78. -78.
 -72. -70. -64. -61. -55. -46. -44. -43. -40. -38. -36. -36. -34. -29.
 -26. -26. -25. -21. -20. -18. -16. -13. -13. -10.  -9.  -6.  -3.  -3.
  -3.  -1.  -1.   5.   5.   9.   9.   9.  14.  14.  14.  16.  17.  20.
  25.  26.  28.  29.  30.  35.  37.  37.  37.  40.  41.  41.  44.  46.
  48.  48.  50.  54.  54.  58.  59.  60.  62.  63.  64.  68.  71.  71.
  76.  78.  78.  80.  83.  88.  88.  90.  91.  92.  93.  94.  95.  97.
  98. 100.][-96. -95. -89. -83. -80. -79. -73. -73. -71. -71. -68. -66. -65. -64.
 -58. -57. -52. -48. -43. -42. -40. -39. -39. -37. -34. -33. -33. -33.
 -32. -31. -30. -28. -26. -22. -22. -17. -16. -13. -12. -10.  -8.  -3.
  -2.  -2.  -2.  -1.   5.   7.   8.   9.  13.  14.  14.  15.  17.  20.
  26.  26.  27.  27.  31.  33.  34.  35.  38.  41.  43.  46.  47.  51.
  52.  60.  60.  61.  61.  63.  64.  65.  66.  67.  67.  67.  71.  73.
  74.  74.  75.  75.  76.  78.  79.  80.  84.  87.  93.  95.  95.  96.
  96.  97.][-95. -95. -94. -94. -93. -93. -91. -90. -90. -89. -89. -82. -82. -81.
 -81. -77. -73. -67. -64. -55. -51. -51. -50. -50. -44. -44. -44. -36.
 -35. -34. -30. -27. -27. -26. -25. -25. -24. -23. -20. -20. -16. -13.
  -9.  -7.  -5.   0.   1.   4.   7.   9.   9.  15.  17.  17.  19.  19.
  24.  24.  25.  26.  27.  27.  30.  32.  34.  34.  42.  43.  43.  46.
  50.  51.  54.  54.  55.  56.  56.  56.  57.  58.  60.  63.  63.  64.
  64.  66.  68.  77.  79.  82.  85.  87.  90.  93.  96.  96.  98.  98.
  98. 100.][-100.  -96.  -93.  -91.  -91.  -89.  -89.  -88.  -82.  -81.  -80.  -77.
  -75.  -75.  -70.  -68.  -65.  -64.  -64.  -64.  -62.  -60.  -59.  -57.
  -55.  -53.  -52.  -51.  -46.  -44.  -42.  -39.  -38.  -37.  -37.  -36.
  -31.  -30.  -29.  -25.  -24.  -22.  -21.  -17.  -17.  -12.  -10.  -10.
   -7.   -7.   -6.   -2.   -1.    0.    0.    2.    2.    2.   11.   13.
   13.   13.   14.   16.   17.   18.   24.   24.   25.   25.   28.   29.
   30.   32.   32.   35.   43.   45.   49.   50.   51.   51.   52.   62.
   64.   64.   64.   67.   68.   74.   76.   76.   79.   80.   80.   86.
   87.   87.   91.  100.][-99. -94. -93. -90. -88. -86. -85. -84. -77. -76. -75. -74. -73. -72.
 -70. -70. -65. -65. -64. -63. -63. -57. -55. -55. -55. -54. -53. -52.
 -52. -51. -50. -50. -50. -43. -42. -37. -36. -34. -34. -31. -25. -16.
 -16. -15. -14. -12. -12.  -9.  -7.  -4.  -2.   5.   5.   7.   8.   9.
   9.  12.  16.  20.  25.  27.  28.  34.  37.  40.  41.  45.  47.  48.
  51.  54.  54.  55.  59.  59.  59.  60.  60.  66.  66.  68.  68.  70.
  70.  71.  73.  76.  77.  81.  82.  82.  84.  87.  89.  91.  93.  98.
  99. 100.][-97. -96. -93. -93. -92. -79. -79. -78. -77. -77. -75. -74. -71. -70.
 -67. -62. -58. -55. -54. -44. -43. -43. -42. -42. -38. -35. -35. -34.
 -31. -31. -28. -28. -27. -26. -24. -23. -23. -22. -21. -19. -15. -11.
 -10.  -9.  -6.  -6.  -4.  -4.  -2.  -2.   1.   3.   5.   9.  17.  21.
  23.  24.  28.  30.  32.  33.  36.  36.  37.  43.  46.  46.  47.  48.
  51.  59.  59.  59.  68.  69.  71.  71.  71.  71.  75.  75.  78.  79.
  81.  82.  85.  85.  86.  87.  87.  88.  90.  91.  93.  94.  97.  98.
  98.  99.][-99. -98. -98. -98. -97. -96. -86. -84. -83. -81. -81. -79. -77. -76.
 -76. -72. -69. -65. -56. -52. -51. -50. -49. -48. -46. -40. -35. -34.
 -33. -32. -31. -30. -28. -27. -25. -25. -24. -22. -21. -21. -19. -19.
 -17. -15.  -8.  -6.  -5.  -5.  -4.  -1.   3.   6.   8.   9.  15.  16.
  17.  17.  20.  25.  29.  30.  32.  35.  35.  36.  40.  45.  48.  49.
  49.  53.  53.  54.  55.  55.  59.  60.  61.  61.  62.  63.  63.  64.
  67.  67.  72.  77.  80.  81.  82.  83.  86.  88.  89.  94.  95.  97.
  98.  98.][-97. -96. -90. -90. -85. -85. -84. -84. -83. -83. -81. -77. -77. -75.
 -72. -72. -71. -67. -67. -65. -65. -64. -62. -59. -59. -58. -57. -55.
 -53. -53. -49. -46. -46. -43. -40. -39. -39. -38. -35. -34. -34. -34.
 -32. -30. -26. -13. -12. -11. -10. -10.  -9.  -8.  -6.  -4.  -3.   4.
   5.   8.   9.  12.  13.  19.  20.  20.  21.  22.  27.  28.  33.  33.
  37.  40.  42.  42.  43.  44.  46.  48.  51.  52.  53.  55.  56.  60.
  66.  66.  68.  68.  69.  70.  71.  73.  79.  82.  84.  86.  88.  90.
  91.  97.][-99. -98. -98. -95. -89. -87. -81. -76. -76. -74. -71. -69. -68. -66.
 -57. -56. -55. -54. -53. -51. -45. -45. -44. -42. -39. -34. -32. -32.
 -31. -31. -29. -26. -25. -23. -22. -19. -19. -18. -15. -13. -10. -10.
  -9.  -8.  -4.  -3.  -3.  -3.   4.   6.   8.   9.   9.   9.  10.  15.
  15.  18.  20.  21.  21.  21.  23.  23.  24.  24.  24.  26.  27.  31.
  32.  33.  35.  36.  36.  39.  46.  48.  50.  51.  52.  60.  61.  63.
  69.  70.  77.  79.  81.  83.  84.  85.  86.  92.  93.  93.  94.  95.
  97.  97.][-100.  -98.  -96.  -96.  -93.  -93.  -93.  -84.  -84.  -83.  -79.  -78.
  -78.  -73.  -72.  -71.  -70.  -68.  -67.  -65.  -63.  -61.  -58.  -56.
  -55.  -53.  -47.  -46.  -45.  -43.  -41.  -39.  -39.  -36.  -36.  -30.
  -25.  -25.  -22.  -20.  -18.  -15.  -10.   -9.   -6.    1.    1.    2.
    3.    6.   10.   14.   14.   16.   16.   20.   21.   24.   27.   28.
   31.   31.   32.   33.   35.   37.   37.   38.   39.   40.   42.   43.
   44.   58.   59.   60.   61.   62.   64.   65.   65.   68.   68.   69.
   70.   71.   75.   75.   76.   77.   80.   81.   82.   82.   83.   84.
   89.   94.   97.   99.][-100. -100.  -97.  -97.  -94.  -92.  -88.  -88.  -83.  -82.  -81.  -79.
  -78.  -77.  -74.  -71.  -65.  -61.  -59.  -58.  -57.  -55.  -55.  -51.
  -50.  -49.  -49.  -49.  -44.  -43.  -40.  -38.  -36.  -36.  -35.  -33.
  -32.  -30.  -28.  -24.  -13.  -10.  -10.  -10.   -8.   -5.   -2.    2.
    6.    8.    9.    9.   11.   14.   17.   17.   23.   27.   29.   33.
   34.   35.   37.   41.   42.   43.   44.   47.   48.   49.   49.   49.
   49.   51.   51.   53.   53.   57.   60.   61.   61.   61.   62.   62.
   64.   66.   69.   71.   71.   72.   72.   78.   81.   86.   86.   87.
   90.   92.   96.   99.][-100.  -97.  -96.  -96.  -91.  -90.  -88.  -81.  -80.  -79.  -78.  -77.
  -72.  -71.  -71.  -66.  -66.  -62.  -62.  -59.  -56.  -55.  -55.  -54.
  -54.  -52.  -51.  -50.  -50.  -49.  -47.  -43.  -43.  -42.  -39.  -37.
  -35.  -34.  -28.  -27.  -27.  -25.  -22.  -22.  -21.  -20.  -19.  -19.
  -19.  -17.  -16.  -16.  -14.   -9.   -9.   -8.   -4.   -4.   -3.   -3.
    3.    6.    8.   10.   10.   11.   12.   17.   17.   19.   22.   24.
   25.   28.   31.   31.   31.   32.   35.   36.   46.   49.   49.   50.
   51.   58.   59.   59.   62.   63.   64.   66.   74.   74.   79.   89.
   89.   90.   90.   91.][-99. -90. -90. -86. -85. -85. -81. -81. -79. -79. -75. -75. -74. -73.
 -69. -67. -66. -65. -63. -61. -61. -60. -59. -58. -57. -55. -50. -47.
 -43. -41. -36. -29. -27. -25. -25. -24. -18. -16. -16. -14. -13. -12.
  -6.  -4.  -2.  -1.   0.   2.   7.   7.   8.   8.   9.  10.  11.  17.
  18.  19.  25.  27.  28.  29.  34.  34.  35.  35.  36.  38.  38.  38.
  41.  47.  47.  49.  53.  53.  53.  54.  59.  60.  61.  61.  64.  64.
  64.  66.  69.  72.  72.  75.  76.  77.  80.  83.  86.  87.  94.  96.
  98.  98.][-98. -97. -96. -94. -93. -92. -90. -87. -87. -86. -86. -84. -81. -79.
 -79. -75. -75. -73. -66. -66. -64. -63. -63. -61. -56. -54. -45. -43.
 -43. -35. -34. -30. -25. -20. -18. -15. -11. -10.  -9.  -7.  -4.  -2.
   1.   1.   2.   3.   7.   8.  10.  11.  13.  14.  16.  17.  18.  18.
  20.  24.  25.  26.  27.  27.  27.  32.  32.  35.  35.  41.  44.  44.
  46.  46.  47.  50.  50.  50.  54.  56.  57.  58.  58.  59.  60.  61.
  66.  67.  74.  79.  80.  81.  85.  86.  87.  89.  90.  91.  93.  95.
  95.  99.][-97. -94. -93. -92. -91. -88. -87. -85. -81. -79. -78. -74. -70. -67.
 -62. -60. -59. -57. -57. -53. -52. -50. -47. -47. -46. -45. -45. -45.
 -41. -38. -37. -36. -35. -35. -34. -32. -29. -25. -24. -23. -21. -19.
 -19. -18. -16. -14. -10.  -7.  -4.  -4.  -2.  -2.   1.   3.   4.   7.
  11.  11.  20.  22.  23.  24.  27.  30.  32.  33.  34.  34.  35.  37.
  38.  40.  40.  41.  41.  41.  44.  47.  47.  51.  51.  54.  56.  59.
  60.  64.  64.  67.  72.  73.  73.  82.  87.  89.  91.  91.  95.  97.
  98.  98.][-95. -94. -93. -90. -90. -90. -87. -86. -84. -82. -79. -74. -72. -71.
 -70. -70. -70. -68. -67. -65. -63. -62. -53. -50. -49. -47. -44. -43.
 -41. -40. -40. -40. -33. -31. -30. -27. -24. -19. -15. -14. -12. -10.
  -5.  -4.  -2.  -1.  -1.   4.   4.   5.   9.  11.  15.  17.  20.  23.
  31.  34.  34.  38.  38.  40.  44.  45.  46.  46.  47.  48.  54.  54.
  55.  55.  57.  58.  58.  59.  62.  62.  65.  65.  68.  69.  73.  73.
  75.  75.  75.  80.  82.  87.  91.  93.  94.  94.  94.  96.  96.  98.
  99. 100.][-100.  -96.  -96.  -94.  -91.  -89.  -87.  -85.  -85.  -84.  -84.  -84.
  -81.  -81.  -80.  -80.  -78.  -72.  -70.  -66.  -64.  -64.  -60.  -55.
  -54.  -50.  -48.  -45.  -43.  -41.  -36.  -31.  -30.  -29.  -29.  -27.
  -20.  -19.  -18.  -17.  -17.  -15.  -15.  -15.  -15.  -12.  -11.   -8.
   -7.   -3.   -2.    6.    7.    7.    7.   13.   15.   16.   25.   27.
   30.   30.   34.   36.   36.   36.   42.   45.   47.   48.   48.   49.
   50.   52.   54.   55.   56.   59.   61.   61.   62.   63.   65.   67.
   69.   70.   70.   73.   75.   76.   77.   79.   81.   81.   89.   90.
   92.   92.   93.   93.][-100. -100.  -99.  -98.  -98.  -98.  -95.  -95.  -94.  -94.  -93.  -92.
  -91.  -90.  -90.  -88.  -87.  -86.  -83.  -81.  -70.  -70.  -70.  -67.
  -65.  -64.  -61.  -60.  -56.  -55.  -53.  -51.  -51.  -48.  -47.  -46.
  -45.  -44.  -42.  -40.  -40.  -38.  -36.  -30.  -28.  -26.  -26.  -23.
  -22.  -22.  -17.  -13.  -11.   -9.   -8.   -7.   -6.   -3.   -2.   -2.
    2.    4.    6.    6.    8.    8.   12.   13.   13.   15.   17.   21.
   22.   22.   24.   30.   34.   35.   35.   39.   40.   41.   43.   45.
   47.   50.   54.   55.   60.   61.   66.   69.   69.   70.   78.   78.
   79.   84.   89.   93.][-99. -97. -95. -95. -94. -93. -93. -92. -88. -84. -84. -82. -82. -82.
 -80. -78. -74. -74. -73. -71. -63. -61. -57. -56. -54. -52. -51. -44.
 -43. -41. -41. -39. -38. -37. -35. -32. -31. -30. -28. -25. -22. -19.
 -18. -12. -12. -11. -11. -11.  -8.  -6.  -4.  -1.   0.   1.   2.   2.
   4.   4.   5.   6.  11.  12.  13.  14.  16.  16.  16.  19.  20.  24.
  25.  27.  27.  30.  40.  43.  44.  47.  49.  49.  57.  59.  62.  64.
  64.  68.  73.  75.  77.  78.  79.  79.  86.  86.  95.  95.  95.  96.
  97.  97.][-100.  -99.  -97.  -95.  -95.  -92.  -91.  -91.  -82.  -82.  -81.  -78.
  -78.  -77.  -76.  -71.  -70.  -69.  -69.  -68.  -67.  -64.  -63.  -58.
  -54.  -52.  -51.  -50.  -50.  -43.  -40.  -40.  -38.  -37.  -36.  -27.
  -21.  -21.  -20.  -16.  -15.  -11.  -10.   -7.   -7.   -5.   -5.   -4.
   -2.   -2.   -2.   -2.    0.    0.    1.    3.    5.    5.    9.   12.
   13.   17.   18.   20.   23.   24.   27.   28.   28.   32.   33.   36.
   36.   36.   44.   47.   50.   50.   52.   55.   56.   59.   62.   64.
   65.   66.   66.   68.   72.   73.   74.   74.   77.   83.   85.   86.
   87.   87.   94.   98.][-100.  -95.  -94.  -93.  -88.  -85.  -82.  -81.  -80.  -80.  -79.  -79.
  -79.  -75.  -74.  -74.  -71.  -71.  -64.  -63.  -62.  -57.  -54.  -53.
  -49.  -49.  -47.  -46.  -43.  -42.  -38.  -36.  -36.  -34.  -34.  -29.
  -29.  -27.  -22.  -21.  -17.  -14.  -13.  -12.   -7.   -5.   -2.   -1.
    1.    1.    3.    3.    7.   13.   13.   14.   15.   15.   16.   17.
   17.   20.   21.   21.   27.   28.   29.   31.   34.   35.   35.   35.
   38.   39.   40.   50.   51.   52.   55.   64.   65.   71.   71.   73.
   73.   73.   75.   81.   83.   85.   85.   87.   92.   93.   96.   97.
   98.   98.   99.  100.][-100.  -93.  -92.  -88.  -87.  -85.  -81.  -80.  -78.  -77.  -76.  -75.
  -72.  -71.  -66.  -62.  -62.  -60.  -59.  -58.  -57.  -56.  -55.  -52.
  -51.  -49.  -48.  -46.  -42.  -42.  -41.  -39.  -37.  -35.  -35.  -34.
  -33.  -28.  -25.  -25.  -23.  -22.  -21.  -20.  -19.  -19.  -15.  -12.
   -9.   -7.   -6.   -1.    0.    2.    9.   17.   24.   24.   28.   29.
   30.   30.   31.   33.   33.   42.   43.   45.   45.   46.   49.   49.
   50.   50.   53.   53.   55.   55.   59.   60.   65.   66.   66.   67.
   67.   68.   71.   72.   72.   72.   73.   77.   79.   79.   79.   80.
   89.   91.   94.   99.][-100.  -99.  -98.  -95.  -93.  -91.  -91.  -90.  -90.  -88.  -88.  -87.
  -87.  -81.  -80.  -78.  -78.  -76.  -73.  -71.  -71.  -70.  -64.  -61.
  -58.  -52.  -49.  -49.  -49.  -47.  -47.  -39.  -38.  -37.  -36.  -31.
  -28.  -22.  -20.  -17.  -11.   -9.   -4.   -3.   -3.   -2.   -2.   -1.
   -1.    1.    3.    6.    8.   11.   11.   16.   16.   18.   19.   19.
   22.   23.   29.   31.   33.   34.   37.   40.   41.   44.   44.   47.
   52.   54.   54.   55.   56.   59.   64.   65.   67.   67.   68.   71.
   74.   74.   76.   79.   81.   84.   85.   85.   88.   91.   92.   95.
   97.   99.   99.   99.][-100.  -99.  -96.  -96.  -91.  -90.  -90.  -88.  -88.  -86.  -85.  -83.
  -83.  -83.  -78.  -75.  -72.  -69.  -68.  -63.  -59.  -57.  -55.  -49.
  -48.  -47.  -46.  -44.  -41.  -40.  -34.  -34.  -33.  -31.  -30.  -28.
  -23.  -22.  -21.  -21.  -20.  -20.  -18.  -12.  -10.   -6.   -6.   -2.
    2.    6.    7.   10.   12.   14.   18.   20.   20.   21.   21.   21.
   28.   33.   33.   34.   35.   35.   42.   43.   44.   46.   48.   49.
   51.   53.   54.   54.   57.   58.   59.   59.   61.   64.   66.   66.
   71.   72.   72.   73.   73.   77.   78.   82.   83.   85.   86.   86.
   90.   94.   97.   99.][-97. -96. -93. -93. -89. -89. -81. -79. -76. -75. -72. -70. -67. -67.
 -65. -60. -60. -56. -55. -54. -47. -46. -46. -45. -39. -38. -36. -36.
 -35. -32. -32. -30. -30. -29. -28. -27. -22. -21. -21. -18. -16. -14.
 -14.  -5.  -2.   1.   1.   5.   7.   7.   9.  12.  13.  13.  15.  18.
  20.  21.  25.  25.  27.  28.  29.  30.  33.  33.  36.  36.  37.  38.
  41.  41.  42.  49.  50.  51.  55.  57.  59.  63.  64.  68.  69.  70.
  73.  73.  74.  75.  82.  83.  84.  85.  87.  89.  90.  92.  93.  94.
  97.  98.][-89. -89. -88. -88. -87. -87. -86. -85. -85. -84. -79. -79. -76. -76.
 -73. -70. -70. -66. -66. -64. -61. -60. -60. -55. -55. -54. -53. -52.
 -52. -52. -50. -50. -49. -37. -36. -35. -32. -30. -29. -24. -22. -22.
 -19. -15. -14. -14. -13. -11. -11. -10.  -7.  -6.  -5.   1.   3.   4.
   5.   6.  11.  15.  25.  26.  27.  29.  29.  29.  31.  33.  38.  40.
  41.  42.  45.  50.  52.  56.  59.  61.  63.  64.  64.  65.  67.  67.
  70.  70.  77.  77.  78.  80.  81.  82.  87.  87.  91.  92.  96.  98.
 100. 100.][-98. -97. -97. -96. -95. -92. -91. -89. -84. -83. -76. -71. -70. -69.
 -69. -66. -63. -62. -59. -59. -54. -54. -53. -52. -51. -49. -49. -47.
 -43. -42. -40. -40. -36. -36. -33. -31. -30. -27. -26. -26. -21. -21.
 -20. -17. -16. -13. -13. -12. -10. -10.  -1.   0.   2.   3.   5.   8.
   9.  14.  16.  19.  20.  21.  21.  31.  32.  33.  33.  34.  35.  35.
  36.  38.  40.  42.  45.  53.  57.  57.  60.  64.  64.  65.  66.  67.
  68.  71.  71.  73.  74.  74.  74.  76.  81.  81.  82.  86.  90.  91.
  95. 100.][-98. -98. -97. -96. -93. -93. -93. -93. -93. -89. -88. -88. -87. -85.
 -83. -83. -82. -81. -79. -75. -74. -73. -71. -71. -67. -66. -65. -62.
 -61. -56. -56. -54. -53. -51. -47. -44. -40. -40. -38. -38. -35. -35.
 -30. -29. -27. -25. -23. -23. -21. -21. -19. -19. -18. -14. -12. -12.
  -8.  -2.  -1.   0.   4.   4.   7.   7.   7.   9.  10.  16.  18.  18.
  21.  25.  38.  40.  41.  42.  42.  43.  45.  46.  46.  47.  53.  54.
  58.  59.  66.  67.  69.  70.  72.  79.  79.  80.  86.  92.  93.  94.
  95.  98.][-98. -97. -96. -96. -93. -90. -80. -75. -71. -69. -67. -67. -66. -65.
 -65. -63. -63. -60. -58. -57. -55. -48. -47. -46. -46. -44. -43. -42.
 -41. -38. -36. -34. -31. -31. -29. -28. -26. -25. -22. -22. -19. -19.
 -18. -18. -17. -10.  -9.  -7.  -6.  -3.  -2.  -2.   1.   3.   3.   7.
   7.   9.  10.  13.  14.  15.  15.  15.  15.  15.  19.  23.  26.  29.
  31.  35.  45.  49.  50.  51.  51.  55.  64.  67.  68.  69.  70.  71.
  74.  76.  79.  83.  85.  87.  87.  88.  91.  92.  93.  94.  94.  94.
  98. 100.][-100.  -99.  -94.  -93.  -91.  -91.  -89.  -88.  -87.  -85.  -85.  -84.
  -84.  -79.  -79.  -75.  -74.  -72.  -71.  -69.  -69.  -61.  -59.  -53.
  -52.  -51.  -50.  -47.  -41.  -37.  -37.  -36.  -35.  -35.  -32.  -29.
  -27.  -25.  -24.  -22.  -22.  -20.  -15.  -13.  -13.  -12.  -12.  -10.
   -9.   -9.   -6.   -1.    4.    7.    7.   10.   12.   12.   17.   17.
   18.   18.   19.   20.   20.   21.   21.   24.   28.   31.   33.   34.
   35.   39.   47.   48.   53.   55.   59.   61.   64.   65.   66.   67.
   68.   72.   74.   79.   83.   83.   83.   84.   85.   91.   93.   94.
   95.   98.   98.   99.][-100.  -99.  -98.  -95.  -95.  -95.  -95.  -91.  -91.  -89.  -89.  -81.
  -80.  -80.  -79.  -72.  -71.  -67.  -65.  -62.  -61.  -59.  -58.  -56.
  -56.  -55.  -54.  -54.  -52.  -49.  -48.  -48.  -47.  -45.  -43.  -43.
  -41.  -41.  -41.  -40.  -39.  -38.  -34.  -32.  -28.  -23.  -18.  -16.
  -15.  -10.   -9.   -5.   -2.   -1.   -1.    1.    4.    6.    8.   10.
   12.   14.   17.   19.   24.   25.   25.   27.   27.   27.   29.   30.
   31.   36.   37.   40.   40.   41.   43.   45.   48.   50.   56.   57.
   57.   60.   60.   61.   63.   67.   74.   76.   78.   80.   84.   86.
   90.   91.   93.   95.][-100.  -98.  -97.  -94.  -90.  -90.  -85.  -85.  -83.  -81.  -78.  -75.
  -73.  -70.  -69.  -64.  -64.  -63.  -60.  -57.  -56.  -53.  -48.  -48.
  -47.  -47.  -46.  -45.  -45.  -42.  -42.  -39.  -39.  -34.  -33.  -30.
  -28.  -22.  -21.  -20.  -20.  -19.  -13.  -10.   -6.   -6.   -4.   -2.
   -2.    1.    2.    2.    3.    7.    8.    8.   10.   14.   15.   18.
   20.   24.   25.   31.   31.   36.   42.   42.   42.   45.   45.   49.
   52.   54.   55.   56.   56.   59.   61.   61.   61.   63.   66.   66.
   67.   78.   79.   79.   80.   81.   83.   84.   85.   85.   86.   88.
   88.   92.   95.  100.][-100. -100.  -99.  -99.  -95.  -93.  -92.  -90.  -89.  -87.  -84.  -82.
  -82.  -77.  -76.  -73.  -73.  -73.  -70.  -65.  -60.  -55.  -54.  -49.
  -48.  -47.  -44.  -41.  -39.  -39.  -37.  -35.  -30.  -21.  -18.  -17.
  -13.   -9.   -8.   -7.   -7.    2.    5.    6.    9.   16.   17.   19.
   20.   22.   23.   24.   24.   25.   26.   29.   32.   32.   32.   33.
   33.   34.   35.   35.   36.   36.   37.   38.   44.   45.   45.   45.
   46.   47.   49.   51.   52.   54.   56.   56.   56.   57.   62.   63.
   63.   64.   68.   68.   69.   71.   72.   72.   74.   79.   84.   84.
   87.   90.   99.  100.][-98. -98. -96. -96. -90. -85. -85. -84. -83. -79. -78. -73. -71. -70.
 -68. -66. -63. -62. -61. -60. -56. -54. -51. -45. -45. -45. -43. -43.
 -39. -35. -34. -32. -32. -30. -29. -29. -29. -28. -27. -25. -24. -21.
 -17. -17. -17. -15.  -9.  -7.  -6.  -5.  -3.  -3.  -2.   2.   2.   2.
   3.   3.   4.   5.   5.  14.  16.  17.  17.  18.  20.  24.  25.  31.
  32.  40.  40.  43.  44.  44.  47.  47.  48.  50.  52.  55.  62.  63.
  65.  66.  66.  69.  69.  70.  72.  74.  79.  79.  86.  87.  90.  90.
  95.  96.][-100. -100.  -98.  -97.  -97.  -96.  -95.  -94.  -89.  -85.  -84.  -83.
  -79.  -76.  -75.  -75.  -74.  -65.  -64.  -64.  -61.  -60.  -56.  -49.
  -46.  -44.  -44.  -42.  -41.  -41.  -36.  -36.  -32.  -32.  -29.  -27.
  -26.  -25.  -24.  -22.  -21.  -19.  -19.  -16.  -16.  -15.  -14.  -13.
   -8.   -8.   -8.   -6.   -6.   -5.   -1.    3.    4.    6.    8.   10.
   17.   23.   24.   27.   29.   30.   40.   44.   45.   47.   49.   49.
   51.   59.   63.   64.   66.   67.   70.   71.   72.   72.   73.   73.
   75.   76.   77.   78.   78.   81.   82.   83.   84.   84.   85.   87.
   93.   95.   95.   99.][-99. -98. -97. -92. -91. -90. -89. -83. -83. -81. -79. -78. -76. -72.
 -69. -69. -69. -67. -65. -64. -61. -58. -54. -52. -48. -48. -48. -40.
 -38. -36. -33. -33. -30. -29. -26. -25. -25. -23. -19. -16. -16. -13.
  -8.  -6.  -6.  -1.   1.   1.   6.  11.  14.  15.  16.  17.  22.  29.
  31.  34.  35.  38.  38.  39.  40.  46.  53.  53.  54.  54.  55.  55.
  57.  58.  58.  58.  61.  61.  64.  64.  66.  68.  69.  71.  71.  71.
  71.  74.  74.  77.  78.  78.  86.  87.  88.  93.  94.  94.  95.  97.
  98.  99.][-93. -88. -85. -81. -77. -76. -76. -74. -73. -72. -71. -70. -68. -67.
 -60. -59. -59. -57. -52. -50. -46. -45. -44. -39. -37. -34. -33. -33.
 -30. -30. -22. -18. -12. -12. -10.  -6.  -4.  -2.  -1.   2.   4.   6.
   7.   9.  10.  11.  12.  12.  13.  16.  19.  23.  26.  26.  27.  29.
  32.  33.  35.  35.  38.  39.  41.  43.  46.  47.  47.  49.  51.  55.
  59.  62.  63.  70.  71.  71.  77.  78.  78.  80.  81.  81.  82.  84.
  84.  84.  84.  87.  88.  91.  91.  93.  94.  96.  97.  97.  98.  98.
 100. 100.][-100.  -99.  -96.  -94.  -92.  -91.  -90.  -88.  -87.  -86.  -86.  -84.
  -84.  -81.  -81.  -77.  -76.  -73.  -72.  -72.  -70.  -70.  -70.  -69.
  -68.  -66.  -64.  -60.  -59.  -53.  -51.  -50.  -49.  -47.  -45.  -43.
  -42.  -36.  -34.  -30.  -27.  -26.  -24.  -23.  -19.  -18.  -18.  -12.
  -12.   -8.    5.    5.   10.   11.   13.   15.   21.   22.   22.   25.
   26.   26.   29.   30.   31.   37.   37.   37.   39.   39.   43.   44.
   51.   53.   54.   54.   56.   58.   59.   60.   62.   62.   64.   65.
   69.   73.   76.   77.   78.   83.   86.   86.   86.   90.   93.   95.
   95.   99.  100.  100.][-99. -95. -94. -93. -92. -89. -87. -86. -84. -83. -81. -79. -79. -78.
 -73. -70. -61. -55. -55. -55. -54. -53. -53. -51. -47. -45. -45. -44.
 -40. -35. -34. -32. -30. -29. -27. -25. -25. -22. -22. -19. -17. -14.
  -5.  -4.  -4.  -3.  -3.  -1.   0.   0.   3.   3.   3.   4.   5.   5.
   7.   9.  10.  14.  15.  16.  18.  19.  22.  25.  27.  28.  31.  32.
  33.  36.  41.  45.  46.  48.  48.  48.  55.  56.  59.  64.  66.  68.
  71.  73.  74.  77.  78.  81.  81.  83.  83.  88.  89.  90.  90.  91.
  92.  94.][-99. -98. -98. -96. -94. -92. -92. -92. -91. -90. -88. -86. -85. -83.
 -83. -80. -79. -79. -77. -77. -77. -71. -70. -70. -69. -68. -65. -63.
 -63. -56. -55. -53. -53. -50. -48. -47. -46. -43. -41. -41. -40. -38.
 -32. -32. -32. -31. -31. -27. -27. -25. -20. -10.  -8.  -6.  -1.   3.
   4.   7.   8.   9.  12.  15.  16.  18.  19.  19.  22.  24.  30.  33.
  33.  34.  41.  43.  44.  45.  48.  49.  50.  51.  53.  57.  58.  58.
  58.  59.  61.  63.  66.  67.  67.  69.  71.  76.  79.  83.  84.  90.
  92.  98.][-100.  -99.  -97.  -89.  -89.  -88.  -86.  -83.  -80.  -79.  -76.  -69.
  -67.  -67.  -65.  -60.  -59.  -58.  -56.  -55.  -53.  -47.  -46.  -45.
  -44.  -36.  -36.  -32.  -31.  -29.  -26.  -24.  -19.  -18.  -17.  -13.
  -12.  -11.  -11.   -9.   -8.   -1.    2.    5.   11.   14.   14.   17.
   18.   21.   22.   23.   23.   24.   24.   26.   27.   28.   28.   29.
   32.   33.   35.   35.   39.   40.   41.   42.   44.   46.   46.   47.
   48.   48.   54.   55.   55.   58.   60.   61.   62.   63.   69.   70.
   70.   70.   73.   75.   76.   78.   79.   83.   85.   86.   88.   91.
   96.   98.   99.  100.]