[-98. -96. -96. -93. -91. -90. -87. -83. -79. -78. -77. -77. -77. -75.
 -75. -74. -74. -74. -73. -72. -69. -68. -65. -64. -62. -61. -56. -56.
 -55. -54. -53. -52. -52. -49. -47. -46. -45. -38. -38. -37. -35. -33.
 -32. -28. -21. -20. -19. -18. -18. -18. -15. -14. -13. -11.  -5.  -5.
  -4.  -1.   0.   1.   2.   6.   8.   9.  11.  13.  21.  22.  27.  27.
  29.  30.  33.  34.  36.  38.  39.  40.  43.  45.  53.  53.  54.  64.
  67.  71.  73.  75.  77.  77.  77.  78.  86.  89.  90.  91.  92.  95.
  98.  99.][-99. -93. -92. -86. -82. -74. -74. -73. -73. -72. -72. -67. -66. -66.
 -60. -59. -54. -54. -51. -51. -46. -43. -41. -41. -40. -39. -34. -33.
 -32. -31. -31. -31. -28. -28. -28. -24. -22. -21. -19. -15.  -9.  -8.
  -7.  -6.  -5.   0.   0.   7.   8.  12.  15.  15.  16.  17.  21.  22.
  23.  25.  29.  30.  31.  31.  33.  34.  35.  39.  40.  42.  47.  49.
  53.  56.  59.  59.  60.  61.  61.  63.  63.  67.  71.  73.  75.  75.
  75.  77.  79.  82.  87.  87.  88.  90.  93.  93.  95.  96.  96.  97.
  97.  97.][-98. -95. -95. -94. -93. -92. -90. -85. -85. -83. -82. -82. -81. -80.
 -73. -72. -71. -68. -65. -65. -63. -61. -61. -60. -54. -52. -51. -50.
 -48. -45. -45. -43. -43. -42. -40. -40. -40. -38. -36. -35. -33. -31.
 -27. -26. -23. -21. -19. -18. -18. -17. -16. -16. -11. -11.  -8.  -7.
  -6.   4.   6.  12.  14.  14.  19.  24.  26.  26.  27.  30.  32.  35.
  36.  37.  41.  41.  43.  45.  48.  52.  60.  62.  65.  67.  67.  68.
  72.  75.  83.  83.  84.  87.  87.  87.  90.  92.  93.  93.  95.  95.
  99.  99.][-100.  -98.  -98.  -97.  -97.  -96.  -95.  -94.  -93.  -91.  -86.  -84.
  -81.  -80.  -78.  -74.  -70.  -70.  -66.  -64.  -57.  -57.  -55.  -55.
  -53.  -53.  -53.  -51.  -48.  -47.  -45.  -44.  -38.  -38.  -29.  -28.
  -27.  -24.  -24.  -23.  -21.  -21.  -17.  -15.  -14.  -13.  -11.   -9.
   -6.   -6.   -4.   -3.   -3.   -1.   -1.    1.    4.    6.    9.   10.
   11.   18.   22.   23.   24.   25.   27.   31.   32.   33.   33.   39.
   41.   41.   42.   46.   47.   47.   48.   48.   49.   50.   52.   52.
   54.   54.   55.   56.   57.   62.   64.   67.   68.   78.   78.   83.
   96.   97.   99.   99.][-94. -90. -90. -87. -87. -86. -85. -84. -77. -75. -74. -72. -71. -71.
 -70. -68. -61. -58. -56. -56. -54. -52. -50. -46. -45. -40. -36. -34.
 -29. -28. -27. -25. -25. -25. -22. -21. -21. -15. -14. -10.  -9.  -5.
  -2.  -1.   0.   0.   1.   1.   2.   2.   3.   6.   7.  12.  12.  16.
  17.  18.  19.  20.  22.  22.  23.  26.  28.  36.  36.  37.  39.  40.
  40.  40.  40.  41.  44.  46.  49.  50.  52.  53.  57.  58.  60.  61.
  64.  66.  68.  72.  73.  73.  75.  80.  81.  81.  83.  88.  90.  93.
  94.  98.][-100.  -99.  -98.  -93.  -88.  -88.  -86.  -86.  -84.  -83.  -83.  -81.
  -81.  -78.  -77.  -73.  -71.  -68.  -64.  -64.  -63.  -62.  -62.  -61.
  -59.  -56.  -56.  -52.  -49.  -47.  -47.  -40.  -37.  -37.  -35.  -32.
  -31.  -29.  -23.  -20.   -9.   -8.   -8.   -7.   -3.   -2.    1.    1.
    2.    6.    9.    9.   11.   13.   14.   14.   17.   18.   22.   25.
   28.   30.   31.   33.   33.   34.   36.   37.   40.   41.   41.   41.
   43.   46.   51.   55.   56.   60.   60.   65.   72.   76.   78.   79.
   79.   79.   83.   85.   85.   86.   89.   92.   93.   95.   95.   95.
   97.   99.  100.  100.][-91. -87. -87. -86. -86. -86. -84. -84. -82. -81. -79. -75. -74. -73.
 -73. -70. -70. -69. -66. -66. -64. -59. -58. -57. -52. -51. -49. -47.
 -47. -46. -42. -42. -41. -36. -35. -33. -32. -31. -30. -28. -27. -26.
 -26. -23. -21. -20. -19. -16. -16. -15. -14. -10.  -8.  -7.  -7.  -6.
  -4.  -2.  -2.  -1.   0.   2.   4.   4.   8.  12.  18.  20.  25.  26.
  27.  33.  34.  35.  36.  43.  49.  50.  53.  58.  58.  59.  61.  61.
  62.  62.  63.  63.  67.  67.  68.  70.  71.  73.  81.  86.  90.  94.
  97.  97.][-97. -94. -93. -93. -90. -87. -85. -81. -80. -79. -78. -76. -75. -75.
 -74. -73. -71. -67. -64. -64. -63. -63. -62. -61. -58. -57. -55. -52.
 -52. -51. -49. -49. -36. -36. -34. -34. -22. -21. -18. -16. -16. -15.
 -14. -10.  -6.  -3.  -1.   1.   2.   3.   8.  15.  16.  16.  17.  20.
  24.  31.  32.  33.  33.  39.  40.  40.  42.  42.  44.  45.  47.  48.
  48.  50.  53.  55.  56.  57.  60.  61.  62.  70.  71.  71.  72.  76.
  81.  81.  82.  82.  83.  84.  84.  86.  87.  88.  90.  93.  94.  95.
  98. 100.][-95. -95. -92. -89. -89. -88. -80. -80. -79. -79. -78. -76. -76. -74.
 -74. -73. -73. -72. -68. -64. -63. -61. -60. -56. -54. -50. -47. -47.
 -45. -44. -43. -41. -41. -38. -37. -35. -35. -31. -30. -29. -20. -16.
 -16. -15. -14. -14. -12. -11.  -8.  -7.  -4.  -3.   1.   2.   4.   4.
   8.  10.  16.  18.  19.  22.  24.  25.  30.  31.  36.  37.  37.  38.
  39.  42.  44.  45.  46.  47.  52.  53.  56.  57.  57.  63.  65.  65.
  68.  68.  70.  73.  74.  76.  78.  79.  82.  83.  86.  88.  93.  96.
  97.  99.][-92. -91. -86. -83. -81. -80. -80. -77. -71. -70. -66. -64. -60. -55.
 -52. -49. -42. -38. -37. -36. -36. -32. -32. -31. -28. -26. -26. -26.
 -25. -24. -13. -13. -12. -12. -12. -10.  -9.  -9.  -8.  -8.  -6.  -5.
  -4.  -4.  -4.  -1.   0.   1.   2.   4.   6.   6.   7.   8.   9.  15.
  15.  16.  17.  17.  18.  20.  22.  25.  28.  29.  29.  29.  31.  32.
  32.  33.  35.  36.  37.  37.  38.  41.  46.  52.  54.  59.  61.  62.
  69.  70.  74.  77.  77.  77.  78.  78.  79.  80.  82.  84.  96.  96.
  96.  99.][-99. -98. -96. -96. -90. -83. -81. -79. -77. -76. -75. -74. -70. -67.
 -67. -64. -63. -61. -55. -53. -52. -52. -49. -49. -48. -45. -45. -39.
 -36. -34. -34. -30. -27. -26. -26. -25. -16. -15. -14. -12. -12. -11.
 -11. -10. -10. -10.  -7.  -5.  -2.  -2.  -1.   1.   4.   5.   8.   8.
  12.  13.  14.  16.  18.  19.  19.  24.  29.  31.  37.  38.  39.  41.
  41.  45.  47.  50.  51.  53.  53.  53.  54.  54.  57.  58.  61.  61.
  63.  65.  66.  68.  71.  73.  74.  81.  90.  91.  92.  93.  95.  96.
  99. 100.][-100.  -98.  -98.  -97.  -97.  -94.  -93.  -90.  -90.  -89.  -88.  -87.
  -87.  -82.  -81.  -79.  -64.  -64.  -63.  -62.  -60.  -60.  -58.  -57.
  -57.  -56.  -52.  -51.  -49.  -47.  -45.  -36.  -36.  -36.  -33.  -29.
  -28.  -27.  -26.  -24.  -23.  -20.  -15.  -12.  -10.  -10.    0.    1.
    2.    8.    9.   10.   12.   14.   15.   16.   17.   18.   18.   19.
   20.   21.   26.   31.   34.   36.   38.   40.   40.   41.   42.   43.
   45.   46.   47.   48.   48.   54.   56.   57.   59.   62.   62.   69.
   70.   72.   79.   81.   83.   84.   85.   86.   88.   90.   90.   91.
   95.   98.   98.   99.][-98. -91. -91. -90. -88. -87. -85. -84. -82. -80. -79. -78. -76. -74.
 -73. -72. -71. -70. -68. -65. -65. -61. -59. -58. -55. -51. -40. -39.
 -39. -39. -36. -34. -33. -32. -28. -27. -23. -22. -22. -21. -20. -18.
 -16. -12. -11.  -8.  -8.  -1.   1.   3.   4.   5.   5.   8.   8.  11.
  12.  14.  18.  20.  23.  26.  27.  28.  32.  33.  43.  44.  44.  47.
  47.  49.  49.  51.  51.  58.  61.  61.  61.  61.  64.  67.  68.  69.
  71.  72.  73.  76.  77.  77.  78.  82.  83.  84.  89.  91.  93.  94.
  99. 100.][-98. -97. -93. -88. -85. -85. -84. -77. -73. -71. -71. -69. -68. -62.
 -61. -58. -58. -56. -52. -52. -45. -42. -42. -38. -37. -36. -35. -34.
 -33. -28. -28. -28. -27. -25. -23. -22. -20. -20. -19. -15. -13. -12.
 -11. -10.  -5.  -4.  -3.  -2.   1.   5.   6.   6.   7.  11.  12.  12.
  17.  17.  17.  19.  20.  21.  25.  28.  31.  32.  33.  33.  34.  36.
  36.  42.  42.  47.  51.  55.  58.  60.  61.  61.  68.  71.  72.  73.
  74.  76.  77.  78.  79.  81.  82.  83.  85.  87.  89.  89.  89.  90.
  94. 100.][-100.  -99.  -96.  -95.  -92.  -92.  -92.  -92.  -90.  -87.  -83.  -83.
  -81.  -75.  -74.  -69.  -69.  -60.  -60.  -59.  -55.  -54.  -54.  -54.
  -53.  -51.  -48.  -44.  -44.  -44.  -40.  -40.  -37.  -36.  -34.  -33.
  -30.  -23.  -21.  -20.  -15.  -15.  -12.   -9.   -8.   -8.   -1.   -1.
    1.    2.    6.    9.   11.   13.   19.   21.   23.   26.   30.   31.
   34.   39.   40.   43.   43.   43.   44.   46.   50.   51.   53.   53.
   55.   59.   61.   63.   63.   66.   67.   68.   69.   70.   71.   74.
   75.   81.   83.   83.   86.   88.   89.   89.   89.   89.   89.   91.
   91.   94.   98.   99.][-99. -98. -97. -96. -94. -93. -91. -90. -89. -89. -87. -84. -81. -77.
 -74. -72. -70. -70. -69. -64. -62. -61. -60. -59. -58. -57. -54. -53.
 -49. -45. -43. -42. -38. -37. -37. -34. -33. -32. -32. -31. -30. -29.
 -26. -22. -21. -20. -19. -18. -16. -12. -12. -11. -10.  -8.  -8.  -7.
  -3.  -3.   1.   2.   3.   5.  13.  16.  26.  26.  28.  30.  31.  31.
  33.  34.  37.  38.  45.  45.  48.  49.  50.  56.  57.  61.  64.  68.
  72.  72.  73.  75.  78.  78.  79.  80.  83.  84.  85.  90.  90.  91.
  92.  97.][-100. -100.  -99.  -93.  -93.  -90.  -89.  -87.  -87.  -86.  -82.  -82.
  -80.  -80.  -79.  -78.  -78.  -77.  -74.  -71.  -65.  -65.  -61.  -60.
  -55.  -55.  -55.  -52.  -51.  -50.  -49.  -48.  -38.  -36.  -33.  -31.
  -29.  -29.  -28.  -27.  -26.  -24.  -20.  -20.  -18.  -15.  -12.   -6.
   -4.   -3.   -1.    4.    4.    4.    6.    8.    9.   11.   11.   16.
   18.   19.   22.   27.   31.   33.   33.   35.   37.   37.   37.   40.
   42.   43.   44.   44.   46.   51.   55.   57.   58.   59.   60.   62.
   64.   68.   68.   71.   71.   73.   74.   75.   76.   77.   87.   88.
   90.   93.   96.  100.][-98. -96. -92. -89. -84. -75. -73. -72. -72. -71. -70. -70. -69. -68.
 -66. -61. -53. -53. -52. -49. -49. -48. -48. -46. -45. -43. -41. -39.
 -39. -37. -35. -33. -33. -31. -30. -27. -27. -25. -25. -24. -23. -20.
 -18. -17. -14. -14. -13. -12. -12. -10.  -9.  -8.  -8.  -5.  -5.   0.
   2.   3.  10.  10.  15.  16.  16.  17.  18.  22.  24.  25.  26.  30.
  31.  36.  36.  39.  40.  40.  41.  42.  44.  47.  54.  55.  56.  56.
  58.  58.  59.  59.  62.  63.  71.  74.  76.  77.  87.  88.  88.  93.
  94.  98.][-97. -93. -90. -90. -87. -85. -77. -75. -74. -72. -71. -71. -71. -68.
 -63. -59. -57. -57. -55. -55. -54. -54. -54. -53. -50. -50. -46. -44.
 -44. -43. -43. -40. -39. -36. -35. -31. -26. -25. -25. -21. -21. -18.
 -18. -17. -12. -12. -11. -10. -10.  -8.  -5.  -4.  -1.   4.  11.  12.
  14.  19.  23.  23.  26.  28.  29.  30.  32.  34.  35.  36.  37.  37.
  38.  40.  42.  42.  47.  53.  55.  59.  62.  66.  66.  67.  69.  69.
  70.  71.  72.  72.  74.  75.  77.  79.  80.  81.  85.  88.  98.  98.
  99. 100.][-97. -96. -96. -94. -94. -94. -94. -92. -91. -90. -90. -83. -81. -80.
 -80. -76. -75. -72. -70. -69. -68. -68. -68. -63. -63. -60. -53. -46.
 -46. -46. -45. -45. -43. -41. -38. -35. -34. -23. -23. -21. -21. -17.
 -15. -12.  -7.  -6.  -3.  -2.   0.   4.   6.   9.  10.  12.  17.  18.
  19.  19.  20.  21.  22.  22.  24.  29.  30.  30.  33.  33.  41.  41.
  42.  43.  44.  44.  46.  46.  50.  52.  52.  54.  57.  58.  58.  61.
  67.  68.  71.  71.  73.  75.  78.  80.  83.  84.  87.  88.  93.  93.
  95.  98.][-98. -97. -94. -93. -85. -84. -83. -82. -81. -80. -77. -73. -72. -71.
 -70. -69. -69. -69. -66. -61. -57. -55. -53. -52. -52. -51. -42. -41.
 -41. -38. -38. -37. -35. -35. -34. -31. -30. -28. -26. -25. -20. -19.
 -14. -14. -10.  -7.  -5.   2.   3.   4.   4.   4.   6.   7.   8.   9.
  10.  13.  19.  24.  24.  25.  29.  31.  32.  35.  37.  37.  38.  38.
  40.  41.  41.  45.  47.  48.  49.  49.  50.  52.  58.  59.  59.  68.
  70.  75.  78.  80.  82.  83.  84.  84.  85.  88.  89.  89.  91.  93.
  97. 100.][-99. -96. -95. -93. -92. -90. -86. -85. -85. -83. -79. -79. -77. -77.
 -75. -63. -61. -60. -58. -56. -50. -49. -49. -48. -47. -46. -44. -42.
 -41. -39. -38. -37. -36. -33. -33. -32. -32. -31. -30. -29. -28. -25.
 -18. -18. -13.  -8.  -7.  -4.   0.   4.   6.   6.   8.   9.   9.   9.
  10.  13.  13.  14.  15.  18.  18.  18.  20.  23.  28.  29.  32.  33.
  34.  35.  36.  36.  37.  38.  39.  41.  42.  47.  47.  48.  50.  50.
  53.  54.  54.  55.  61.  70.  71.  72.  81.  84.  89.  89.  90.  90.
  95.  95.][-98. -98. -93. -92. -89. -87. -83. -83. -80. -77. -74. -72. -70. -66.
 -63. -62. -62. -60. -60. -60. -59. -59. -54. -53. -51. -47. -44. -44.
 -40. -38. -34. -30. -28. -27. -25. -20. -19. -18. -14. -12. -11. -10.
  -5.  -4.  -3.   0.   0.   1.   2.   2.   5.   9.  11.  15.  15.  17.
  18.  18.  19.  20.  22.  25.  26.  28.  29.  31.  36.  36.  36.  44.
  51.  57.  58.  59.  60.  61.  64.  66.  69.  71.  73.  75.  79.  79.
  80.  81.  82.  82.  83.  86.  86.  89.  90.  94.  95.  96.  96.  97.
  98. 100.][-98. -98. -98. -95. -94. -93. -93. -93. -92. -92. -90. -90. -86. -85.
 -83. -82. -80. -74. -70. -67. -65. -62. -62. -60. -57. -54. -50. -47.
 -44. -43. -42. -37. -37. -37. -36. -36. -29. -28. -27. -23. -23. -18.
 -17. -15. -13. -12. -10.  -9.  -8.  -2.  -2.  -1.  -1.   3.   6.   9.
   9.  11.  12.  13.  16.  19.  21.  22.  25.  28.  35.  37.  37.  37.
  37.  40.  41.  43.  44.  46.  47.  47.  48.  49.  58.  59.  64.  65.
  66.  67.  67.  68.  69.  71.  77.  79.  81.  82.  83.  85.  86.  92.
  94.  96.][-100.  -96.  -91.  -91.  -90.  -89.  -89.  -89.  -87.  -82.  -78.  -75.
  -73.  -72.  -67.  -65.  -60.  -57.  -57.  -56.  -55.  -55.  -52.  -48.
  -48.  -40.  -40.  -37.  -36.  -34.  -30.  -30.  -28.  -28.  -27.  -25.
  -24.  -23.  -22.  -22.  -16.  -13.  -12.   -7.   -7.   -6.   -6.   -6.
   -5.   -5.   -2.   -1.    2.    3.    3.    4.    5.   10.   12.   13.
   13.   14.   15.   16.   17.   18.   25.   26.   26.   28.   32.   36.
   36.   39.   41.   43.   45.   47.   48.   50.   51.   55.   56.   56.
   57.   59.   61.   68.   70.   71.   76.   77.   79.   79.   88.   91.
   93.   93.   94.   97.][-98. -97. -96. -91. -85. -85. -85. -83. -83. -80. -75. -75. -71. -69.
 -66. -65. -64. -63. -62. -62. -61. -61. -57. -55. -53. -51. -50. -48.
 -46. -45. -45. -39. -38. -38. -37. -35. -35. -32. -31. -29. -26. -26.
 -22. -20. -20. -16. -16. -13. -11. -11.  -9.  -4.   1.   5.   7.   8.
   9.  10.  11.  14.  15.  17.  18.  20.  20.  22.  23.  23.  23.  25.
  26.  29.  30.  31.  34.  39.  41.  43.  47.  48.  52.  59.  59.  61.
  65.  68.  71.  76.  76.  79.  81.  83.  85.  89.  92.  93.  95.  96.
  97.  99.][-98. -97. -96. -95. -90. -88. -88. -87. -85. -84. -80. -79. -79. -75.
 -70. -68. -58. -58. -57. -57. -55. -55. -54. -47. -46. -46. -44. -42.
 -42. -41. -40. -40. -38. -35. -35. -34. -30. -21. -19. -18. -17. -14.
 -13. -11.  -8.  -7.  -5.  -4.  -4.  -4.  -4.  -2.  -2.  -1.  -1.   7.
   9.   9.  11.  11.  11.  16.  20.  23.  25.  25.  26.  27.  29.  32.
  32.  32.  37.  39.  43.  43.  47.  47.  48.  64.  65.  65.  68.  71.
  74.  75.  76.  78.  80.  80.  82.  82.  83.  85.  89.  89.  94.  94.
  96.  98.][-100.  -99.  -98.  -95.  -91.  -86.  -85.  -82.  -80.  -77.  -75.  -74.
  -73.  -70.  -70.  -67.  -65.  -65.  -64.  -63.  -63.  -60.  -56.  -54.
  -53.  -52.  -48.  -45.  -41.  -41.  -33.  -29.  -26.  -23.  -22.  -21.
  -21.  -21.  -19.  -19.  -15.   -9.   -7.    1.    2.    3.    6.    9.
    9.   10.   11.   13.   14.   15.   16.   16.   22.   24.   25.   28.
   29.   31.   36.   39.   39.   39.   45.   46.   46.   47.   47.   47.
   51.   52.   53.   54.   54.   56.   57.   62.   64.   65.   70.   73.
   73.   76.   79.   79.   81.   83.   84.   89.   91.   91.   92.   92.
   93.   93.   94.   98.][-99. -99. -97. -88. -86. -84. -83. -82. -80. -79. -78. -75. -75. -71.
 -69. -65. -61. -58. -57. -56. -56. -55. -52. -45. -44. -41. -41. -40.
 -39. -38. -37. -34. -33. -32. -32. -32. -28. -24. -16. -12.  -9.  -8.
  -7.  -6.  -6.  -4.  -1.   6.   8.  11.  12.  13.  15.  16.  19.  22.
  23.  23.  24.  26.  27.  27.  32.  35.  35.  36.  39.  40.  41.  42.
  52.  52.  53.  55.  56.  56.  57.  59.  59.  60.  60.  60.  60.  62.
  63.  69.  71.  73.  74.  75.  77.  82.  85.  86.  86.  89.  92.  94.
  99. 100.][-99. -96. -95. -95. -94. -90. -89. -89. -79. -79. -74. -73. -70. -68.
 -68. -67. -67. -62. -61. -60. -54. -54. -48. -47. -47. -46. -42. -37.
 -37. -37. -33. -33. -32. -32. -32. -30. -30. -29. -29. -29. -24. -24.
 -19. -19. -18. -17. -14. -13. -13. -11.  -9.  -8.  -7.  -4.  -3.  -1.
   1.   4.   6.   7.   7.  11.  14.  15.  16.  16.  22.  22.  23.  29.
  31.  31.  31.  33.  38.  45.  47.  51.  53.  55.  56.  56.  58.  58.
  58.  61.  66.  66.  67.  68.  70.  70.  71.  75.  82.  86.  87.  90.
  90.  99.][-100.  -99.  -97.  -93.  -93.  -93.  -92.  -91.  -89.  -87.  -87.  -84.
  -81.  -80.  -80.  -78.  -77.  -75.  -69.  -65.  -64.  -59.  -55.  -54.
  -51.  -38.  -37.  -36.  -35.  -32.  -31.  -28.  -27.  -26.  -22.  -22.
  -21.  -20.  -18.  -17.  -16.  -15.  -10.  -10.   -9.   -7.   -5.   -2.
   -2.   -1.    3.    9.   10.   12.   15.   20.   21.   25.   26.   26.
   26.   27.   30.   31.   32.   33.   33.   34.   36.   38.   42.   44.
   46.   53.   61.   61.   62.   64.   66.   69.   72.   72.   74.   76.
   77.   78.   81.   82.   84.   86.   86.   88.   89.   94.   95.   97.
   98.   99.   99.   99.][-97. -95. -94. -94. -93. -90. -87. -84. -84. -82. -80. -77. -77. -76.
 -74. -73. -70. -68. -60. -58. -55. -52. -52. -51. -51. -47. -39. -36.
 -33. -31. -29. -29. -28. -27. -21. -18. -17. -17. -16. -16. -14.  -8.
  -6.  -5.  -1.   0.   1.   2.   2.   3.   8.  11.  12.  12.  15.  16.
  18.  22.  26.  26.  26.  27.  29.  29.  31.  31.  33.  35.  35.  42.
  45.  46.  47.  48.  48.  53.  61.  62.  63.  63.  64.  70.  71.  71.
  72.  73.  73.  73.  75.  76.  76.  78.  79.  82.  82.  84.  85.  85.
  85.  92.][-98. -98. -97. -96. -96. -95. -89. -84. -83. -77. -76. -74. -71. -70.
 -70. -69. -67. -67. -67. -66. -65. -64. -60. -59. -59. -59. -58. -58.
 -55. -48. -48. -48. -45. -41. -34. -33. -30. -28. -27. -27. -25. -25.
 -24. -23. -23. -13. -13. -11.  -6.  -4.  -1.   0.   1.   2.   6.   8.
   8.  10.  10.  10.  13.  20.  26.  27.  29.  30.  31.  32.  33.  33.
  36.  39.  45.  46.  46.  46.  46.  48.  50.  52.  56.  57.  59.  61.
  62.  63.  66.  68.  70.  71.  73.  74.  75.  79.  81.  83.  90.  91.
  94.  97.][-100. -100. -100.  -97.  -93.  -90.  -87.  -86.  -85.  -68.  -67.  -66.
  -65.  -64.  -62.  -54.  -53.  -53.  -51.  -51.  -40.  -40.  -39.  -37.
  -36.  -31.  -30.  -30.  -24.  -24.  -21.  -19.  -18.  -17.  -15.  -12.
  -12.  -10.   -9.   -3.   -1.    2.    4.   10.   11.   13.   14.   14.
   19.   21.   22.   23.   25.   29.   31.   31.   34.   35.   39.   39.
   40.   40.   41.   41.   44.   44.   45.   45.   48.   50.   50.   55.
   56.   57.   57.   59.   60.   65.   66.   67.   69.   72.   76.   79.
   79.   84.   85.   85.   87.   87.   88.   89.   89.   90.   90.   92.
   94.   96.   97.   99.][-100.  -99.  -93.  -89.  -85.  -83.  -80.  -79.  -79.  -78.  -77.  -77.
  -75.  -75.  -73.  -72.  -72.  -69.  -67.  -67.  -66.  -66.  -64.  -64.
  -63.  -62.  -62.  -59.  -55.  -55.  -52.  -50.  -48.  -46.  -46.  -43.
  -40.  -39.  -39.  -34.  -30.  -26.  -22.  -22.  -21.  -17.  -15.  -10.
   -8.   -8.   -7.   -6.   -5.    0.    0.    1.    2.    3.    4.    5.
    6.    7.    8.   10.   14.   17.   21.   23.   26.   32.   32.   38.
   40.   40.   45.   45.   46.   46.   47.   52.   52.   54.   69.   69.
   70.   71.   72.   73.   77.   81.   82.   86.   87.   89.   92.   93.
   94.   98.   98.  100.][-98. -97. -97. -91. -89. -88. -87. -87. -85. -82. -73. -70. -67. -66.
 -59. -52. -52. -52. -51. -49. -48. -43. -39. -34. -32. -30. -26. -26.
 -25. -23. -23. -20. -19. -17. -13. -11. -10. -10.  -8.  -6.  -6.  -4.
  -2.  -1.   0.   2.   2.   5.   5.   5.   8.  10.  10.  12.  13.  14.
  15.  15.  16.  16.  17.  17.  18.  20.  25.  29.  33.  34.  35.  38.
  41.  44.  45.  47.  50.  52.  55.  57.  58.  64.  65.  65.  78.  79.
  79.  81.  81.  82.  82.  84.  84.  85.  85.  87.  89.  90.  94.  94.
  97.  98.][-100.  -99.  -93.  -91.  -89.  -88.  -84.  -84.  -84.  -83.  -81.  -79.
  -70.  -69.  -66.  -63.  -61.  -60.  -59.  -56.  -54.  -54.  -47.  -46.
  -39.  -35.  -34.  -34.  -32.  -32.  -29.  -24.  -24.  -23.  -22.  -20.
  -19.  -15.  -13.   -6.   -1.    2.    4.    7.    7.    9.   12.   13.
   16.   20.   21.   22.   27.   29.   29.   31.   32.   33.   35.   35.
   35.   36.   38.   41.   44.   46.   48.   49.   54.   54.   56.   58.
   62.   63.   64.   64.   66.   67.   70.   70.   72.   72.   74.   74.
   75.   75.   75.   76.   76.   77.   80.   80.   82.   85.   86.   89.
   92.   96.   99.   99.][-99. -99. -98. -97. -94. -92. -90. -84. -83. -82. -74. -74. -72. -70.
 -63. -61. -58. -58. -54. -51. -50. -49. -49. -47. -45. -38. -37. -33.
 -33. -31. -22. -21. -16. -15. -12. -10.  -8.  -7.  -7.  -3.  -1.   0.
   3.   3.   7.   9.  10.  11.  12.  13.  15.  17.  19.  19.  20.  23.
  25.  25.  27.  30.  31.  34.  34.  36.  37.  41.  42.  45.  51.  53.
  54.  55.  56.  58.  60.  60.  60.  61.  63.  66.  71.  72.  73.  77.
  78.  80.  80.  81.  81.  86.  87.  87.  90.  92.  92.  95.  95.  96.
  97.  98.][-100.  -98.  -97.  -96.  -95.  -92.  -92.  -90.  -89.  -88.  -84.  -78.
  -78.  -78.  -78.  -75.  -74.  -71.  -71.  -70.  -68.  -67.  -67.  -65.
  -61.  -59.  -57.  -57.  -57.  -55.  -55.  -53.  -52.  -52.  -50.  -49.
  -43.  -41.  -39.  -37.  -36.  -35.  -30.  -29.  -23.  -23.  -22.  -15.
  -15.  -12.   -4.   -1.   -1.    0.    0.    1.    1.    2.    6.    7.
   10.   15.   17.   20.   20.   22.   24.   25.   26.   27.   30.   30.
   32.   35.   43.   45.   45.   45.   45.   46.   47.   51.   52.   53.
   53.   57.   59.   61.   64.   65.   68.   81.   82.   84.   85.   86.
   88.   91.   92.   98.][-100.  -98.  -95.  -93.  -92.  -91.  -89.  -86.  -86.  -85.  -84.  -84.
  -83.  -83.  -79.  -79.  -78.  -78.  -78.  -77.  -77.  -76.  -71.  -71.
  -69.  -67.  -64.  -63.  -61.  -61.  -52.  -52.  -49.  -40.  -39.  -39.
  -38.  -36.  -32.  -31.  -29.  -27.  -26.  -26.  -24.  -21.  -21.  -18.
  -15.  -14.  -11.  -10.   -8.   -7.   -6.   -3.   -2.    0.    5.    7.
    7.    9.   11.   14.   17.   19.   23.   23.   24.   29.   29.   34.
   35.   38.   41.   42.   45.   47.   48.   52.   52.   56.   57.   57.
   60.   63.   65.   70.   72.   73.   74.   74.   76.   77.   82.   86.
   89.   97.   98.   99.][-100.  -99.  -98.  -84.  -84.  -81.  -80.  -80.  -80.  -75.  -74.  -70.
  -66.  -60.  -59.  -57.  -55.  -53.  -50.  -48.  -47.  -47.  -43.  -40.
  -38.  -37.  -37.  -36.  -32.  -31.  -25.  -23.  -22.  -22.  -21.  -21.
  -20.  -19.  -18.  -17.  -15.  -12.  -12.  -11.  -11.   -9.   -8.   -5.
   -3.   -1.   -1.    2.    5.   11.   11.   12.   13.   15.   16.   16.
   16.   17.   22.   22.   25.   26.   29.   32.   33.   38.   42.   43.
   44.   45.   46.   48.   62.   63.   67.   67.   68.   68.   70.   77.
   81.   81.   81.   81.   83.   86.   88.   90.   94.   96.   99.   99.
   99.   99.  100.  100.][-97. -96. -92. -92. -92. -92. -88. -85. -84. -82. -81. -78. -77. -76.
 -75. -71. -71. -68. -65. -61. -60. -60. -51. -51. -50. -49. -47. -46.
 -45. -45. -44. -43. -42. -40. -39. -39. -38. -29. -26. -19. -19. -19.
 -18. -18. -13. -12.  -7.  -6.  -5.  -3.  -2.   0.   1.   2.   3.   4.
  10.  13.  13.  13.  14.  14.  15.  16.  17.  19.  19.  20.  21.  22.
  22.  26.  27.  32.  33.  33.  35.  36.  37.  39.  43.  46.  48.  49.
  50.  53.  53.  58.  63.  64.  65.  70.  72.  74.  77.  80.  85.  89.
  90.  99.][-100.  -98.  -94.  -92.  -92.  -90.  -90.  -89.  -87.  -85.  -84.  -84.
  -83.  -82.  -81.  -79.  -79.  -76.  -74.  -73.  -73.  -69.  -68.  -60.
  -60.  -58.  -56.  -54.  -54.  -52.  -51.  -50.  -49.  -49.  -47.  -47.
  -41.  -39.  -39.  -39.  -38.  -37.  -32.  -28.  -27.  -24.  -23.  -19.
  -19.  -15.  -15.  -15.  -14.  -12.  -11.  -10.   -9.   -4.   -1.   -1.
   -1.    0.    1.    2.    3.    4.    5.    7.    8.   12.   16.   18.
   20.   27.   30.   31.   32.   32.   35.   39.   48.   50.   52.   55.
   58.   65.   70.   72.   74.   79.   83.   84.   85.   86.   88.   93.
   95.   95.   99.   99.][-100. -100. -100. -100. -100.  -96.  -94.  -91.  -91.  -88.  -87.  -86.
  -84.  -84.  -80.  -80.  -79.  -78.  -78.  -74.  -70.  -66.  -65.  -64.
  -63.  -61.  -56.  -56.  -56.  -55.  -51.  -50.  -46.  -45.  -43.  -38.
  -37.  -31.  -29.  -28.  -25.  -24.  -23.  -22.  -21.  -15.   -9.   -8.
   -8.   -7.   -7.   -5.   -4.   -4.   -2.   10.   11.   12.   17.   18.
   19.   23.   26.   27.   29.   31.   32.   35.   37.   38.   41.   43.
   44.   44.   44.   47.   47.   49.   57.   58.   62.   63.   67.   67.
   73.   75.   79.   83.   86.   91.   91.   92.   93.   95.   95.   97.
   98.   99.   99.  100.][-100.  -99.  -98.  -89.  -84.  -83.  -83.  -83.  -81.  -80.  -79.  -78.
  -78.  -78.  -78.  -74.  -73.  -72.  -72.  -72.  -70.  -70.  -68.  -67.
  -62.  -60.  -48.  -47.  -46.  -45.  -45.  -42.  -42.  -41.  -39.  -33.
  -27.  -25.  -24.  -23.  -21.  -18.  -17.  -15.  -15.  -15.  -14.  -13.
  -12.  -11.   -9.   -4.   -3.   -3.    1.   10.   14.   14.   15.   21.
   30.   31.   32.   32.   34.   35.   36.   36.   37.   40.   40.   40.
   41.   45.   47.   48.   50.   51.   52.   52.   53.   65.   70.   72.
   72.   76.   77.   79.   80.   80.   83.   84.   84.   86.   87.   90.
   94.   98.   99.  100.][-99. -99. -99. -97. -97. -93. -87. -86. -84. -83. -79. -76. -75. -73.
 -72. -70. -69. -68. -68. -66. -66. -65. -64. -64. -63. -62. -61. -59.
 -55. -52. -52. -52. -50. -43. -41. -40. -39. -35. -35. -34. -29. -29.
 -26. -25. -23. -23. -23. -20. -20. -20. -17. -15. -13. -11.  -9.  -4.
  -3.  -3.  -3.  -3.  -2.  -1.   0.   2.   2.   5.  11.  14.  18.  22.
  24.  27.  36.  37.  39.  40.  43.  48.  56.  56.  57.  57.  57.  58.
  59.  61.  63.  64.  66.  67.  68.  69.  74.  81.  82.  85.  87.  93.
  93.  95.][-100.  -99.  -98.  -96.  -94.  -93.  -92.  -90.  -89.  -88.  -87.  -82.
  -79.  -79.  -78.  -76.  -74.  -71.  -68.  -67.  -67.  -64.  -62.  -61.
  -60.  -57.  -56.  -47.  -45.  -41.  -39.  -39.  -39.  -33.  -29.  -27.
  -27.  -25.  -21.  -20.  -18.  -16.  -14.  -14.  -14.  -11.   -9.   -5.
   -5.   -4.   -4.   -3.   -2.   -1.    0.    1.    2.    2.    7.    7.
   10.   11.   17.   19.   20.   21.   23.   23.   24.   24.   25.   28.
   31.   34.   35.   35.   37.   37.   38.   41.   44.   46.   48.   51.
   51.   52.   53.   55.   59.   64.   66.   75.   79.   81.   88.   94.
   95.   95.   97.   99.][-94. -93. -90. -89. -89. -85. -83. -82. -79. -76. -75. -75. -75. -73.
 -72. -66. -65. -58. -55. -54. -53. -49. -47. -46. -46. -46. -45. -44.
 -43. -43. -38. -35. -32. -32. -29. -29. -21. -19. -15. -14. -13. -13.
 -13.  -9.  -9.  -9.  -3.  -2.  -2.   0.   0.   3.   5.   6.   7.  10.
  13.  15.  18.  24.  27.  27.  29.  33.  41.  49.  49.  50.  50.  51.
  58.  59.  62.  64.  66.  67.  68.  72.  74.  75.  77.  78.  79.  80.
  85.  87.  88.  89.  90.  90.  92.  92.  92.  93.  94.  95.  96.  96.
  98. 100.][-100.  -99.  -95.  -94.  -93.  -86.  -83.  -83.  -80.  -78.  -75.  -74.
  -72.  -71.  -71.  -67.  -65.  -64.  -64.  -63.  -63.  -63.  -56.  -53.
  -53.  -52.  -44.  -43.  -40.  -34.  -29.  -29.  -29.  -28.  -23.  -21.
  -16.  -15.  -12.  -12.  -11.   -8.   -7.   -6.   -6.   -4.   -2.    2.
    9.    9.   10.   10.   13.   13.   17.   19.   21.   27.   29.   31.
   32.   35.   36.   38.   41.   41.   42.   42.   43.   45.   46.   48.
   52.   54.   55.   57.   59.   62.   62.   64.   66.   66.   67.   69.
   74.   74.   76.   77.   83.   87.   87.   89.   91.   92.   92.   93.
   94.   96.   98.   99.][-100. -100.  -99.  -96.  -93.  -92.  -88.  -85.  -82.  -80.  -77.  -75.
  -75.  -75.  -73.  -73.  -70.  -68.  -62.  -61.  -59.  -58.  -57.  -56.
  -54.  -47.  -47.  -45.  -42.  -39.  -39.  -38.  -35.  -35.  -35.  -32.
  -23.  -18.  -18.  -14.  -13.  -12.   -2.   -1.    0.    3.    6.    7.
   10.   11.   12.   14.   16.   22.   22.   22.   27.   29.   30.   33.
   34.   34.   35.   37.   37.   39.   45.   48.   48.   49.   50.   51.
   52.   52.   53.   54.   55.   56.   57.   62.   67.   67.   70.   73.
   77.   78.   78.   80.   82.   82.   85.   85.   86.   87.   87.   89.
   92.   93.   96.   99.][-100.  -99.  -96.  -94.  -94.  -89.  -89.  -89.  -86.  -86.  -85.  -84.
  -83.  -82.  -81.  -80.  -79.  -77.  -76.  -69.  -68.  -68.  -68.  -67.
  -65.  -65.  -65.  -62.  -56.  -53.  -51.  -48.  -45.  -41.  -38.  -38.
  -38.  -37.  -36.  -34.  -32.  -27.  -24.  -22.  -20.  -19.  -16.  -15.
  -13.  -12.  -12.   -2.   -2.   -1.    0.    1.    1.    7.   12.   14.
   15.   19.   19.   19.   22.   22.   24.   26.   30.   30.   33.   35.
   38.   45.   45.   46.   46.   48.   56.   58.   58.   60.   60.   65.
   65.   70.   70.   76.   79.   81.   82.   84.   85.   86.   89.   90.
   90.   95.   97.   97.][-98. -97. -97. -85. -85. -85. -85. -83. -79. -77. -75. -74. -74. -71.
 -69. -68. -63. -62. -62. -60. -60. -60. -59. -56. -56. -54. -53. -52.
 -52. -50. -46. -42. -40. -37. -35. -34. -33. -33. -32. -30. -28. -28.
 -27. -23. -23. -18. -15. -11. -10.  -9.  -9.  -5.   3.   7.   8.  10.
  12.  13.  15.  24.  28.  28.  30.  30.  38.  39.  45.  47.  52.  52.
  55.  57.  59.  60.  62.  63.  67.  67.  70.  71.  77.  78.  79.  82.
  82.  83.  85.  87.  87.  88.  91.  92.  92.  92.  93.  94.  96.  98.
  98.  99.][-97. -96. -96. -93. -91. -90. -90. -86. -86. -85. -85. -81. -81. -77.
 -73. -71. -69. -69. -68. -66. -64. -64. -63. -63. -62. -59. -53. -49.
 -48. -44. -44. -42. -41. -36. -31. -30. -29. -29. -26. -24. -22. -22.
 -21. -20. -19. -18. -10.  -7.  -6.  -5.  -2.   5.   7.   9.   9.   9.
  10.  11.  14.  19.  21.  23.  23.  28.  31.  32.  32.  32.  32.  32.
  34.  35.  36.  38.  44.  45.  48.  50.  52.  55.  55.  57.  59.  60.
  61.  63.  65.  73.  74.  75.  75.  76.  77.  81.  82.  86.  88.  98.
  98.  99.][-100.  -98.  -95.  -94.  -93.  -93.  -92.  -89.  -89.  -86.  -84.  -82.
  -81.  -80.  -76.  -72.  -68.  -67.  -67.  -62.  -61.  -61.  -57.  -54.
  -52.  -50.  -48.  -48.  -47.  -43.  -42.  -42.  -38.  -37.  -35.  -31.
  -23.  -23.  -21.  -17.  -16.  -14.  -14.  -13.  -11.  -11.   -9.   -6.
   -3.   -3.    1.    2.    4.    7.    8.   14.   14.   16.   16.   16.
   22.   23.   24.   25.   25.   28.   28.   29.   30.   31.   33.   34.
   37.   38.   45.   48.   52.   55.   57.   58.   61.   64.   65.   68.
   71.   71.   75.   77.   77.   80.   84.   85.   87.   91.   92.   97.
   98.   98.   98.   99.][-100.  -99.  -98.  -98.  -97.  -96.  -95.  -92.  -91.  -89.  -88.  -88.
  -87.  -83.  -79.  -75.  -75.  -71.  -69.  -68.  -67.  -67.  -60.  -60.
  -59.  -59.  -58.  -58.  -58.  -56.  -53.  -48.  -46.  -44.  -40.  -38.
  -36.  -33.  -30.  -30.  -24.  -23.  -22.  -20.  -12.  -10.   -7.   -6.
   -5.   -2.    1.    2.    3.    6.   10.   11.   13.   18.   19.   21.
   22.   26.   26.   26.   27.   30.   31.   33.   36.   38.   47.   52.
   52.   57.   60.   63.   63.   67.   68.   68.   68.   69.   70.   71.
   71.   72.   73.   74.   76.   78.   81.   86.   87.   90.   95.   97.
   97.   99.   99.  100.][-100.  -99.  -97.  -97.  -96.  -90.  -89.  -81.  -81.  -80.  -79.  -78.
  -76.  -76.  -76.  -75.  -72.  -70.  -66.  -60.  -60.  -58.  -55.  -53.
  -53.  -51.  -49.  -49.  -45.  -42.  -41.  -41.  -39.  -39.  -38.  -34.
  -31.  -29.  -25.  -20.  -20.  -19.  -19.  -16.  -13.  -12.   -8.   -6.
   -4.    1.    2.    2.    3.    4.    4.    7.   11.   16.   17.   18.
   20.   22.   23.   23.   33.   34.   39.   41.   44.   47.   48.   53.
   53.   55.   55.   56.   57.   59.   63.   64.   66.   69.   69.   71.
   72.   74.   75.   75.   77.   77.   80.   80.   82.   85.   86.   88.
   90.   92.   95.   99.][-100.  -97.  -95.  -95.  -95.  -94.  -92.  -92.  -89.  -86.  -79.  -78.
  -77.  -77.  -76.  -76.  -75.  -75.  -73.  -71.  -69.  -61.  -57.  -56.
  -54.  -54.  -49.  -48.  -47.  -46.  -40.  -40.  -39.  -37.  -37.  -31.
  -29.  -26.  -24.  -24.  -18.  -17.  -16.  -15.   -8.   -7.   -6.   -6.
   -4.    2.    2.    7.   10.   11.   13.   17.   17.   18.   20.   23.
   30.   35.   37.   38.   39.   41.   42.   44.   44.   48.   49.   50.
   51.   53.   60.   61.   62.   63.   66.   67.   67.   68.   68.   69.
   69.   71.   73.   76.   80.   82.   89.   91.   94.   95.   95.   96.
   98.   99.   99.  100.][-99. -96. -92. -91. -90. -88. -86. -84. -81. -78. -75. -73. -70. -68.
 -63. -60. -59. -58. -57. -56. -54. -51. -50. -50. -49. -46. -46. -45.
 -44. -43. -43. -39. -37. -35. -34. -28. -26. -24. -24. -24. -23. -17.
 -15. -15. -14. -13. -10.  -7.  -1.   1.   4.   4.   6.   8.  10.  16.
  17.  19.  20.  22.  24.  24.  25.  26.  26.  34.  34.  37.  38.  41.
  46.  52.  52.  57.  61.  61.  64.  67.  68.  70.  73.  76.  77.  80.
  81.  82.  82.  84.  85.  87.  87.  88.  90.  91.  92.  93.  93.  94.
  96.  99.][-99. -98. -96. -95. -94. -92. -92. -86. -85. -84. -83. -83. -82. -79.
 -79. -77. -73. -71. -70. -70. -69. -68. -68. -67. -67. -64. -64. -59.
 -59. -56. -53. -52. -51. -50. -49. -49. -43. -43. -42. -41. -39. -33.
 -29. -27. -26. -21. -16. -16. -13. -10. -10.  -3.   0.   0.   1.   4.
   4.   8.   9.  12.  12.  13.  14.  14.  15.  18.  20.  22.  23.  27.
  27.  31.  39.  45.  46.  47.  48.  50.  51.  55.  55.  57.  61.  62.
  66.  68.  69.  70.  76.  84.  87.  88.  89.  91.  91.  92.  98.  99.
  99. 100.][-98. -94. -94. -93. -92. -92. -91. -91. -88. -88. -87. -86. -85. -85.
 -84. -80. -78. -76. -75. -74. -74. -72. -71. -69. -66. -65. -63. -60.
 -60. -59. -59. -56. -53. -47. -45. -45. -45. -41. -41. -40. -40. -39.
 -35. -35. -35. -31. -30. -24. -23. -23. -21. -18. -18. -16. -14. -13.
  -9.  -8.  -6.  -6.  -3.  -2.  -2.   0.   0.   2.   4.  15.  15.  22.
  23.  27.  27.  29.  31.  40.  42.  45.  47.  53.  54.  55.  55.  57.
  68.  68.  69.  70.  73.  74.  76.  77.  79.  81.  86.  89.  95.  98.
  98.  99.][-100.  -96.  -94.  -87.  -85.  -80.  -78.  -77.  -72.  -70.  -69.  -66.
  -62.  -62.  -61.  -61.  -55.  -55.  -54.  -48.  -48.  -43.  -40.  -39.
  -36.  -32.  -29.  -29.  -29.  -26.  -21.  -17.  -13.  -12.  -11.   -8.
   -8.   -7.   -7.   -6.   -5.   -5.   -3.   -3.   -1.    0.    0.    0.
    1.    5.    7.    8.   11.   11.   14.   17.   18.   19.   19.   22.
   24.   25.   25.   25.   27.   27.   29.   30.   31.   32.   35.   35.
   39.   41.   44.   45.   47.   49.   49.   54.   57.   60.   65.   67.
   67.   67.   67.   68.   69.   72.   74.   75.   77.   79.   84.   85.
   87.   89.   90.   91.][-100.  -99.  -95.  -94.  -93.  -89.  -86.  -86.  -86.  -85.  -85.  -84.
  -84.  -83.  -79.  -78.  -76.  -76.  -75.  -75.  -74.  -71.  -71.  -70.
  -66.  -64.  -64.  -63.  -58.  -58.  -56.  -54.  -53.  -52.  -51.  -50.
  -49.  -47.  -44.  -42.  -42.  -41.  -38.  -37.  -31.  -30.  -29.  -27.
  -27.  -25.  -20.  -19.  -19.  -17.  -15.  -15.  -14.  -14.  -12.  -10.
  -10.   -9.   -8.   -7.   -1.    0.    1.    1.   12.   16.   24.   26.
   30.   36.   39.   44.   46.   47.   48.   49.   49.   53.   55.   58.
   59.   62.   65.   67.   71.   73.   73.   75.   77.   79.   91.   95.
   96.   97.   99.   99.][-100. -100. -100.  -98.  -97.  -96.  -95.  -94.  -92.  -92.  -92.  -91.
  -91.  -81.  -80.  -79.  -77.  -76.  -76.  -76.  -75.  -73.  -72.  -71.
  -71.  -69.  -67.  -66.  -66.  -65.  -62.  -61.  -60.  -58.  -57.  -56.
  -55.  -52.  -51.  -49.  -49.  -48.  -48.  -46.  -41.  -29.  -26.  -25.
  -25.  -22.  -20.  -19.  -14.  -14.  -11.  -11.   -7.    1.    5.    7.
   16.   16.   21.   22.   24.   25.   27.   29.   32.   32.   34.   36.
   38.   38.   40.   43.   46.   48.   53.   54.   57.   62.   63.   66.
   67.   68.   69.   69.   69.   70.   73.   73.   81.   82.   87.   88.
   92.   92.   98.   98.][-95. -93. -93. -89. -79. -79. -78. -78. -77. -73. -72. -69. -68. -67.
 -60. -57. -51. -50. -47. -46. -45. -45. -45. -45. -44. -39. -39. -39.
 -33. -33. -28. -27. -27. -26. -26. -21. -18. -18. -14. -14. -11.  -9.
  -5.  -5.  -4.   2.   4.   7.   7.   9.   9.  10.  13.  15.  15.  17.
  21.  22.  22.  23.  24.  24.  26.  26.  27.  28.  29.  33.  33.  35.
  35.  37.  40.  40.  41.  43.  43.  46.  47.  47.  55.  59.  60.  64.
  64.  66.  70.  71.  74.  76.  79.  80.  82.  82.  83.  84.  91.  91.
  94.  96.][-98. -94. -86. -86. -85. -80. -79. -79. -77. -76. -74. -74. -73. -72.
 -69. -69. -68. -62. -58. -58. -56. -55. -54. -49. -48. -45. -44. -34.
 -31. -28. -27. -23. -21. -21. -17. -16. -16. -14. -14.  -8.  -6.  -3.
   0.   5.   6.   7.   8.  10.  16.  16.  16.  24.  24.  27.  29.  30.
  31.  37.  37.  42.  42.  44.  44.  46.  48.  49.  53.  53.  54.  57.
  59.  59.  60.  60.  62.  62.  67.  73.  74.  74.  75.  76.  77.  79.
  81.  81.  82.  84.  85.  86.  87.  87.  91.  94.  96.  96.  98.  98.
  99. 100.][-100.  -99.  -97.  -97.  -93.  -92.  -92.  -90.  -87.  -85.  -82.  -82.
  -78.  -77.  -74.  -73.  -70.  -70.  -69.  -68.  -66.  -59.  -56.  -55.
  -49.  -49.  -47.  -46.  -45.  -42.  -42.  -41.  -33.  -33.  -30.  -28.
  -26.  -24.  -24.  -24.  -23.  -21.  -19.  -18.  -15.  -14.  -10.   -5.
   -5.   -3.   -1.    0.    0.    3.    7.   10.   12.   14.   16.   21.
   22.   23.   25.   25.   26.   28.   29.   30.   34.   34.   34.   36.
   37.   38.   38.   39.   40.   40.   46.   48.   49.   50.   52.   52.
   53.   53.   54.   56.   60.   63.   64.   65.   66.   69.   80.   87.
   88.   93.   96.   97.][-100.  -97.  -96.  -94.  -89.  -78.  -69.  -68.  -66.  -65.  -64.  -61.
  -61.  -59.  -58.  -56.  -54.  -47.  -44.  -43.  -43.  -42.  -38.  -31.
  -30.  -30.  -30.  -29.  -23.  -23.  -22.  -20.  -15.  -15.  -11.   -7.
   -6.   -5.   -3.   -1.    0.    2.    2.    3.    3.    6.    8.   14.
   17.   17.   18.   20.   20.   23.   30.   30.   30.   32.   33.   34.
   34.   37.   37.   37.   37.   41.   43.   43.   44.   45.   47.   48.
   50.   52.   52.   52.   54.   56.   58.   60.   61.   62.   62.   62.
   62.   63.   67.   68.   72.   74.   75.   77.   80.   81.   84.   84.
   87.   96.   96.   99.][-98. -98. -96. -93. -90. -88. -87. -85. -84. -84. -81. -80. -78. -74.
 -74. -70. -67. -65. -59. -54. -52. -51. -50. -50. -45. -44. -40. -34.
 -29. -27. -25. -24. -20. -20. -17. -16. -14. -13.  -6.  -6.  -5.  -5.
  -2.   1.   3.   4.   6.   6.   8.  11.  12.  12.  15.  16.  17.  18.
  21.  22.  22.  28.  29.  30.  30.  37.  39.  41.  42.  43.  44.  44.
  47.  48.  51.  51.  51.  52.  56.  56.  59.  60.  61.  62.  65.  66.
  70.  70.  73.  73.  75.  75.  81.  83.  84.  84.  88.  90.  93.  97.
  97. 100.][-99. -98. -94. -93. -92. -91. -84. -82. -82. -80. -80. -79. -78. -74.
 -71. -69. -67. -65. -62. -61. -60. -59. -58. -56. -56. -56. -53. -53.
 -50. -50. -50. -48. -34. -32. -31. -31. -30. -26. -23. -23. -20. -17.
 -16. -16. -14. -13. -12.  -5.  -2.   1.   2.  10.  12.  14.  14.  17.
  17.  18.  19.  20.  22.  25.  27.  28.  31.  31.  33.  35.  36.  38.
  38.  43.  46.  47.  52.  55.  57.  60.  64.  65.  67.  68.  69.  69.
  69.  74.  75.  75.  76.  76.  78.  80.  80.  83.  88.  92.  97.  97.
  98.  99.][-100.  -99.  -97.  -97.  -95.  -95.  -94.  -94.  -92.  -92.  -91.  -88.
  -88.  -84.  -83.  -83.  -80.  -76.  -76.  -75.  -73.  -68.  -67.  -62.
  -57.  -54.  -40.  -38.  -38.  -37.  -37.  -37.  -36.  -34.  -31.  -30.
  -27.  -25.  -25.  -23.  -22.  -17.  -17.  -17.   -7.   -7.   -5.    0.
    5.   10.   11.   14.   14.   15.   18.   18.   19.   25.   26.   29.
   32.   33.   38.   41.   42.   42.   42.   46.   48.   49.   52.   53.
   54.   56.   56.   57.   58.   61.   64.   66.   67.   68.   68.   68.
   70.   74.   76.   77.   78.   79.   79.   79.   80.   81.   83.   83.
   85.   85.   94.   98.][-100.  -97.  -97.  -89.  -88.  -88.  -87.  -87.  -82.  -77.  -73.  -72.
  -66.  -66.  -66.  -57.  -53.  -51.  -51.  -51.  -47.  -46.  -44.  -43.
  -43.  -40.  -38.  -38.  -37.  -35.  -28.  -26.  -26.  -26.  -23.  -18.
  -17.  -14.  -12.  -11.  -11.  -11.  -10.  -10.   -3.   -1.    0.    0.
    0.    2.    4.    5.    5.    6.    8.   13.   15.   16.   18.   19.
   24.   26.   27.   29.   31.   33.   36.   37.   39.   39.   45.   48.
   49.   49.   50.   52.   55.   55.   57.   61.   64.   64.   65.   66.
   69.   78.   79.   79.   80.   81.   84.   87.   88.   89.   90.   91.
   96.   98.   98.  100.][-100.  -96.  -93.  -91.  -91.  -90.  -89.  -84.  -83.  -82.  -81.  -81.
  -79.  -79.  -75.  -71.  -66.  -65.  -65.  -63.  -60.  -59.  -58.  -56.
  -53.  -44.  -43.  -41.  -39.  -37.  -36.  -33.  -32.  -29.  -24.  -22.
  -15.  -15.  -13.  -13.  -12.   -9.   -9.   -8.   -7.   -6.   -4.   -2.
    0.    1.    4.    6.    7.    9.    9.    9.   10.   15.   15.   17.
   17.   18.   23.   23.   32.   33.   35.   40.   41.   42.   44.   46.
   46.   48.   50.   51.   52.   60.   63.   65.   65.   70.   71.   72.
   72.   72.   74.   75.   77.   77.   79.   81.   82.   83.   85.   87.
   87.   96.   98.   98.][-98. -97. -96. -96. -91. -88. -88. -86. -86. -85. -79. -79. -79. -73.
 -72. -71. -71. -71. -71. -70. -69. -65. -65. -59. -58. -58. -57. -56.
 -55. -54. -54. -47. -45. -42. -39. -38. -36. -34. -30. -29. -26. -21.
 -17. -16. -10.  -6.  -1.   2.   3.   3.   4.   5.   6.   8.  11.  12.
  15.  19.  19.  22.  22.  24.  26.  30.  31.  33.  34.  35.  36.  38.
  43.  47.  47.  51.  52.  57.  57.  64.  65.  65.  65.  68.  69.  72.
  75.  79.  82.  82.  83.  83.  86.  86.  88.  89.  89.  89.  89.  90.
  93.  96.][-100. -100.  -99.  -98.  -98.  -97.  -96.  -96.  -93.  -87.  -85.  -82.
  -80.  -79.  -75.  -73.  -66.  -64.  -63.  -62.  -58.  -58.  -54.  -52.
  -50.  -48.  -48.  -47.  -46.  -45.  -45.  -42.  -42.  -36.  -36.  -35.
  -31.  -28.  -26.  -26.  -25.  -23.  -23.  -15.  -14.  -14.  -13.   -8.
   -4.   -2.    0.    1.    1.    7.    9.    9.   14.   16.   20.   22.
   22.   22.   25.   25.   28.   29.   29.   30.   32.   34.   35.   38.
   43.   43.   45.   46.   46.   47.   48.   53.   56.   57.   57.   58.
   60.   62.   65.   72.   76.   77.   77.   78.   85.   86.   89.   90.
   92.   95.   95.  100.][-97. -97. -92. -88. -87. -80. -76. -76. -74. -71. -70. -64. -63. -62.
 -61. -61. -56. -51. -48. -43. -41. -40. -40. -39. -37. -33. -32. -27.
 -25. -25. -24. -20. -20. -18. -18. -17. -16. -14. -14. -11.  -9.  -8.
  -7.  -6.  -4.  -3.  -2.  -1.   0.   0.   6.  13.  17.  24.  26.  27.
  28.  30.  34.  38.  38.  39.  41.  41.  42.  42.  44.  45.  52.  54.
  57.  58.  61.  63.  64.  67.  67.  69.  70.  72.  72.  73.  73.  74.
  77.  77.  77.  78.  83.  83.  84.  84.  86.  87.  92.  94.  98.  98.
 100. 100.][-100. -100. -100.  -99.  -97.  -97.  -95.  -92.  -91.  -91.  -89.  -82.
  -80.  -76.  -76.  -62.  -62.  -59.  -59.  -57.  -56.  -55.  -52.  -51.
  -49.  -40.  -36.  -33.  -32.  -30.  -27.  -25.  -25.  -19.  -19.  -18.
  -15.  -15.  -14.  -12.  -10.   -4.   -2.   -1.    1.    1.    4.    7.
    8.    9.   11.   12.   13.   14.   14.   14.   15.   17.   19.   20.
   22.   24.   24.   31.   34.   35.   36.   36.   38.   39.   40.   42.
   44.   45.   48.   52.   57.   60.   60.   61.   64.   64.   66.   66.
   70.   70.   70.   71.   73.   83.   88.   90.   91.   92.   93.   94.
   94.   94.   95.   99.][-99. -98. -98. -93. -91. -89. -86. -84. -83. -83. -83. -82. -82. -81.
 -74. -73. -73. -72. -70. -70. -64. -63. -60. -51. -49. -45. -44. -41.
 -39. -38. -36. -36. -34. -33. -33. -33. -31. -30. -30. -28. -27. -26.
 -24. -20. -18. -17. -16. -10.  -5.  -3.   0.   1.   1.   2.   2.   3.
   7.  10.  12.  16.  30.  32.  33.  35.  36.  38.  39.  41.  42.  43.
  44.  46.  46.  48.  49.  52.  55.  55.  56.  59.  60.  63.  63.  64.
  64.  68.  69.  70.  70.  71.  74.  79.  84.  88.  91.  93.  95.  97.
  99. 100.][-99. -97. -97. -96. -95. -94. -92. -91. -83. -83. -79. -79. -79. -76.
 -74. -73. -73. -72. -68. -68. -61. -60. -58. -56. -55. -52. -52. -49.
 -49. -46. -42. -42. -36. -35. -35. -34. -33. -31. -30. -29. -27. -25.
 -23. -22. -17. -17. -16. -16. -13. -11.  -7.  -2.   0.   1.   2.   3.
   3.   6.   7.  15.  18.  19.  20.  24.  24.  28.  33.  39.  49.  49.
  51.  52.  54.  59.  59.  61.  63.  66.  67.  69.  70.  70.  71.  72.
  74.  76.  77.  78.  79.  82.  84.  87.  87.  89.  90.  91.  92.  94.
  96. 100.][-99. -98. -96. -92. -89. -88. -82. -81. -80. -74. -74. -73. -72. -70.
 -67. -63. -61. -61. -59. -58. -54. -53. -49. -46. -46. -44. -44. -43.
 -42. -41. -37. -37. -36. -31. -30. -28. -25. -23. -22. -18. -18.  -9.
  -8.  -8.  -8.  -6.  -4.   1.   2.   3.   7.   8.   9.  12.  13.  18.
  18.  20.  29.  34.  40.  41.  42.  42.  45.  45.  46.  46.  46.  47.
  47.  47.  48.  56.  56.  59.  60.  63.  64.  64.  67.  69.  70.  72.
  74.  77.  77.  78.  78.  79.  79.  86.  86.  89.  90.  91.  93.  96.
  98. 100.][-99. -95. -93. -93. -91. -88. -87. -87. -86. -84. -76. -75. -75. -74.
 -73. -64. -63. -63. -62. -62. -57. -53. -52. -49. -48. -40. -39. -38.
 -37. -35. -33. -32. -29. -28. -24. -19. -17. -16. -16. -13. -12. -11.
  -9.  -6.  -6.  -6.  -5.  -4.  -2.   3.   3.   3.   3.   5.  10.  10.
  12.  14.  15.  15.  17.  18.  19.  26.  28.  32.  33.  33.  35.  37.
  37.  37.  38.  40.  41.  44.  48.  52.  52.  54.  54.  56.  60.  60.
  63.  67.  68.  69.  74.  74.  79.  80.  84.  87.  88.  89.  90.  91.
  92.  94.][-99. -97. -96. -95. -93. -93. -90. -84. -83. -83. -80. -80. -76. -72.
 -69. -66. -65. -64. -64. -62. -59. -57. -57. -56. -55. -52. -51. -51.
 -47. -47. -45. -45. -44. -44. -43. -35. -35. -34. -32. -32. -27. -27.
 -22. -21. -20. -20. -20. -19. -18. -16. -13. -13. -12.  -9.  -9.  -4.
  -1.   0.   2.   8.   8.   9.  11.  14.  16.  17.  29.  31.  32.  37.
  38.  41.  43.  48.  50.  51.  52.  53.  53.  54.  58.  62.  63.  67.
  69.  70.  70.  71.  71.  73.  74.  76.  90.  91.  91.  94.  95.  98.
 100. 100.][-100.  -99.  -98.  -97.  -97.  -97.  -94.  -94.  -94.  -94.  -94.  -94.
  -93.  -92.  -92.  -92.  -92.  -91.  -90.  -87.  -87.  -87.  -85.  -79.
  -74.  -73.  -71.  -71.  -63.  -63.  -61.  -53.  -52.  -49.  -45.  -39.
  -38.  -37.  -33.  -32.  -29.  -25.  -25.  -24.  -22.  -21.  -19.  -16.
  -16.  -10.   -7.   -4.   -2.    0.    1.    4.    9.   10.   12.   14.
   16.   17.   22.   25.   29.   32.   32.   33.   34.   36.   37.   37.
   38.   38.   43.   44.   45.   47.   50.   51.   53.   54.   54.   58.
   60.   63.   64.   65.   66.   69.   69.   75.   75.   78.   83.   87.
   89.   92.   92.   92.][-93. -88. -88. -85. -85. -83. -83. -81. -81. -80. -75. -75. -75. -74.
 -72. -64. -62. -61. -54. -53. -52. -50. -50. -49. -49. -45. -44. -40.
 -40. -37. -36. -30. -29. -28. -25. -25. -24. -20.  -9.  -6.  -4.  -1.
   0.   0.   5.   8.   8.   9.  10.  11.  13.  13.  13.  14.  15.  20.
  26.  26.  26.  29.  29.  30.  30.  31.  35.  37.  37.  38.  38.  39.
  47.  54.  57.  58.  59.  60.  61.  61.  61.  62.  63.  63.  65.  66.
  69.  70.  72.  72.  74.  78.  80.  83.  86.  88.  88.  94.  96.  96.
  97.  98.][-89. -86. -85. -80. -80. -79. -79. -76. -76. -76. -75. -74. -72. -72.
 -70. -70. -69. -67. -64. -62. -62. -61. -60. -58. -56. -56. -53. -53.
 -50. -49. -44. -41. -40. -32. -31. -30. -29. -28. -27. -21. -20. -19.
 -17. -14. -13. -10.  -7.  -4.  -3.  -2.   0.   2.   6.   6.   7.   9.
  11.  14.  15.  17.  17.  25.  25.  26.  28.  28.  29.  32.  33.  37.
  42.  43.  45.  47.  50.  54.  57.  58.  71.  73.  73.  74.  76.  78.
  80.  80.  86.  87.  88.  89.  89.  90.  94.  95.  95.  96.  97. 100.
 100. 100.][-98. -97. -96. -96. -96. -95. -93. -90. -85. -84. -84. -83. -83. -82.
 -79. -78. -78. -76. -75. -73. -69. -67. -62. -61. -56. -55. -55. -53.
 -52. -51. -51. -47. -45. -43. -43. -41. -39. -38. -37. -33. -29. -29.
 -29. -28. -26. -23. -23. -18. -17. -16. -15. -15. -15. -13. -10.  -9.
  -4.  -4.  -3.  -3.  -3.   4.   8.  11.  14.  15.  22.  24.  25.  25.
  26.  27.  28.  30.  38.  39.  43.  45.  49.  50.  50.  55.  62.  63.
  64.  65.  68.  68.  70.  78.  79.  81.  83.  86.  91.  92.  93.  95.
  96.  96.][-97. -96. -95. -95. -94. -93. -93. -93. -91. -89. -84. -83. -83. -79.
 -79. -77. -71. -65. -65. -63. -58. -54. -53. -50. -43. -42. -38. -37.
 -37. -36. -30. -27. -26. -26. -23. -23. -21. -19. -18. -15. -14. -13.
 -11.  -9.  -8.  -6.  -3.  -3.  -2.   2.   2.   3.   5.   5.   6.  15.
  17.  19.  22.  23.  24.  25.  30.  31.  32.  35.  36.  37.  40.  41.
  44.  50.  50.  53.  55.  55.  55.  56.  59.  59.  62.  65.  67.  70.
  71.  72.  73.  74.  79.  80.  83.  85.  86.  87.  89.  89.  91.  91.
  94.  98.][-100.  -97.  -97.  -93.  -91.  -91.  -88.  -87.  -87.  -78.  -76.  -70.
  -68.  -68.  -68.  -67.  -67.  -66.  -65.  -62.  -60.  -58.  -58.  -58.
  -54.  -54.  -53.  -52.  -52.  -48.  -48.  -46.  -44.  -41.  -41.  -40.
  -38.  -38.  -30.  -30.  -29.  -28.  -28.  -27.  -26.  -26.  -22.  -19.
  -18.  -15.   -7.   -1.    0.    3.    3.    4.   10.   12.   12.   17.
   18.   22.   24.   26.   26.   28.   33.   34.   34.   38.   43.   47.
   51.   54.   55.   58.   59.   59.   62.   65.   70.   70.   71.   76.
   77.   80.   80.   82.   85.   87.   89.   89.   90.   90.   91.   93.
   95.   95.   99.  100.][-100.  -95.  -95.  -94.  -90.  -87.  -87.  -83.  -78.  -77.  -76.  -75.
  -74.  -73.  -72.  -68.  -67.  -63.  -62.  -56.  -54.  -53.  -51.  -51.
  -49.  -48.  -46.  -46.  -46.  -44.  -41.  -38.  -37.  -36.  -34.  -33.
  -33.  -30.  -30.  -30.  -26.  -24.  -23.  -17.  -16.  -13.   -8.   -7.
   -4.   -2.    6.    7.    8.    8.   10.   11.   17.   18.   19.   19.
   22.   25.   26.   26.   36.   38.   38.   39.   41.   42.   42.   43.
   45.   51.   51.   56.   57.   61.   65.   66.   69.   69.   70.   72.
   73.   74.   79.   81.   85.   87.   89.   91.   91.   91.   91.   93.
   94.   96.   97.  100.][-98. -95. -95. -93. -93. -90. -88. -87. -86. -80. -79. -79. -76. -72.
 -70. -69. -65. -65. -62. -57. -52. -51. -51. -50. -48. -45. -43. -42.
 -42. -41. -40. -37. -35. -33. -25. -18. -17. -16. -15. -14. -13. -11.
  -9.  -4.  -2.   1.   2.   2.   4.   5.   5.  12.  13.  16.  17.  18.
  19.  23.  23.  25.  26.  34.  35.  41.  41.  44.  44.  45.  48.  49.
  52.  52.  55.  56.  60.  62.  64.  64.  64.  64.  71.  72.  74.  74.
  74.  75.  75.  76.  77.  78.  80.  80.  82.  84.  86.  86.  89.  91.
  91.  98.][-98. -98. -95. -93. -93. -89. -87. -86. -83. -81. -74. -70. -70. -68.
 -64. -63. -63. -61. -60. -58. -58. -57. -56. -56. -55. -51. -50. -50.
 -48. -48. -47. -42. -38. -36. -36. -34. -34. -32. -31. -30. -30. -29.
 -23. -23. -22. -10. -10.  -7.  -5.   0.   1.   1.   2.   3.   4.   5.
  10.  12.  12.  17.  23.  23.  27.  28.  30.  32.  32.  35.  40.  41.
  42.  43.  47.  48.  49.  52.  54.  54.  55.  58.  58.  63.  65.  66.
  69.  73.  73.  75.  80.  84.  86.  87.  87.  89.  90.  90.  91.  93.
  96. 100.][-97. -90. -89. -89. -85. -85. -84. -82. -80. -79. -70. -69. -67. -67.
 -62. -62. -58. -57. -50. -48. -48. -48. -46. -44. -42. -42. -41. -39.
 -33. -32. -31. -31. -29. -29. -25. -20. -18. -16.  -9.  -4.  -3.  -3.
   0.   3.   7.   7.   8.   9.  10.  14.  15.  15.  15.  16.  19.  21.
  25.  27.  29.  34.  36.  38.  40.  41.  41.  42.  43.  45.  47.  50.
  51.  53.  53.  56.  60.  62.  65.  67.  68.  70.  70.  71.  72.  77.
  78.  79.  79.  80.  81.  83.  86.  86.  86.  87.  90.  91.  93.  94.
  94.  98.][-97. -90. -89. -89. -83. -81. -80. -78. -77. -76. -73. -72. -72. -70.
 -66. -64. -64. -59. -55. -54. -53. -51. -47. -45. -43. -40. -39. -36.
 -35. -35. -34. -30. -28. -27. -26. -22. -20. -20. -15. -14.  -7.  -6.
  -5.  -5.  -4.  -4.   0.   3.   4.   4.   4.  12.  13.  14.  15.  15.
  16.  16.  17.  18.  21.  24.  25.  28.  29.  30.  37.  38.  40.  41.
  44.  46.  47.  49.  52.  54.  56.  56.  60.  61.  62.  63.  64.  64.
  67.  68.  69.  77.  80.  82.  83.  83.  87.  88.  91.  93.  94.  95.
  97. 100.][-99. -96. -93. -87. -85. -84. -82. -80. -71. -71. -71. -67. -67. -67.
 -66. -59. -59. -54. -54. -53. -53. -50. -48. -48. -47. -47. -47. -45.
 -42. -41. -41. -41. -40. -33. -33. -33. -32. -30. -28. -28. -26. -22.
 -16. -13. -13. -11. -10.  -8.  -6.  -6.  -3.  -2.   2.   2.   5.   6.
  11.  12.  12.  13.  15.  18.  19.  19.  21.  23.  23.  27.  27.  28.
  29.  35.  38.  40.  42.  42.  44.  44.  46.  46.  46.  49.  51.  59.
  63.  64.  65.  65.  66.  66.  69.  71.  73.  76.  77.  78.  78.  86.
  90.  96.][-98. -93. -90. -87. -85. -85. -84. -83. -82. -81. -76. -76. -75. -75.
 -75. -71. -70. -63. -61. -58. -57. -57. -55. -55. -48. -47. -47. -46.
 -45. -42. -41. -36. -35. -33. -33. -32. -29. -26. -24. -23. -21. -17.
 -16. -14. -10.  -3.  -3.  -3.   0.   0.   5.   5.   8.  10.  10.  17.
  18.  23.  26.  28.  32.  34.  35.  36.  36.  37.  39.  40.  40.  40.
  41.  45.  45.  48.  50.  51.  53.  57.  58.  62.  63.  65.  65.  66.
  66.  67.  74.  74.  75.  77.  80.  82.  87.  88.  96.  96.  96.  98.
  98. 100.][-99. -98. -97. -97. -96. -89. -87. -85. -85. -84. -83. -83. -82. -79.
 -78. -77. -73. -71. -71. -70. -69. -67. -63. -63. -61. -60. -58. -56.
 -54. -50. -48. -45. -42. -39. -39. -38. -38. -38. -38. -33. -30. -28.
 -23. -22. -19. -19. -10. -10. -10.  -8.  -6.  -5.   1.   3.   3.   6.
   6.   6.   7.   7.  13.  15.  15.  18.  18.  23.  25.  27.  29.  29.
  30.  33.  38.  39.  41.  42.  52.  57.  58.  59.  63.  67.  69.  71.
  74.  74.  75.  80.  81.  85.  86.  87.  91.  92.  92.  94.  94.  95.
  99. 100.][-100.  -98.  -94.  -92.  -90.  -88.  -85.  -81.  -79.  -75.  -74.  -71.
  -71.  -70.  -70.  -67.  -65.  -64.  -61.  -60.  -56.  -55.  -49.  -47.
  -47.  -47.  -46.  -42.  -40.  -39.  -37.  -35.  -32.  -29.  -27.  -26.
  -26.  -25.  -23.  -21.  -19.  -16.  -15.  -12.  -10.   -8.   -7.   -5.
    0.    1.    1.    1.   12.   15.   16.   19.   21.   23.   24.   25.
   27.   28.   38.   38.   38.   41.   42.   46.   47.   55.   55.   58.
   58.   59.   59.   60.   60.   60.   61.   61.   66.   72.   72.   76.
   77.   77.   82.   82.   83.   83.   86.   90.   93.   95.   97.   99.
  100.  100.  100.  100.][-100. -100.  -96.  -92.  -91.  -88.  -88.  -86.  -86.  -84.  -78.  -77.
  -72.  -71.  -67.  -64.  -62.  -60.  -57.  -57.  -56.  -56.  -54.  -51.
  -44.  -43.  -42.  -41.  -40.  -37.  -37.  -36.  -35.  -29.  -26.  -23.
  -20.  -18.  -18.  -15.  -14.  -10.  -10.  -10.   -9.   -1.   -1.   -1.
    2.    3.    5.    6.    8.    9.   14.   16.   19.   19.   23.   26.
   32.   33.   34.   34.   35.   37.   40.   40.   42.   44.   44.   52.
   54.   55.   62.   64.   64.   66.   67.   67.   69.   72.   75.   76.
   77.   77.   78.   78.   80.   85.   85.   89.   90.   91.   92.   94.
   95.   96.   99.  100.][-100.  -92.  -90.  -90.  -89.  -88.  -88.  -88.  -85.  -84.  -84.  -84.
  -84.  -82.  -81.  -79.  -77.  -75.  -73.  -68.  -64.  -63.  -59.  -58.
  -54.  -53.  -51.  -47.  -47.  -43.  -42.  -41.  -41.  -39.  -39.  -34.
  -34.  -34.  -33.  -26.  -23.  -18.  -16.  -16.  -15.  -14.  -14.  -11.
   -6.   -6.   -6.   -1.    0.    1.    4.    7.    7.   11.   14.   15.
   19.   19.   26.   31.   32.   33.   35.   36.   38.   39.   42.   43.
   46.   46.   49.   52.   57.   57.   59.   59.   60.   63.   64.   66.
   66.   70.   83.   84.   85.   88.   90.   90.   91.   94.   94.   94.
   95.   95.   96.   97.][-100.  -99.  -98.  -97.  -95.  -95.  -95.  -94.  -90.  -89.  -89.  -87.
  -87.  -85.  -84.  -80.  -79.  -75.  -75.  -73.  -67.  -65.  -65.  -65.
  -65.  -65.  -63.  -62.  -62.  -60.  -60.  -58.  -54.  -47.  -46.  -45.
  -44.  -43.  -40.  -36.  -34.  -33.  -31.  -30.  -26.  -26.  -24.  -22.
  -21.  -19.  -19.  -19.  -19.  -15.  -12.   -9.   -6.    1.    2.    4.
    6.    7.    8.   11.   13.   14.   16.   19.   20.   21.   33.   36.
   37.   39.   42.   44.   48.   50.   58.   62.   70.   70.   70.   70.
   72.   74.   74.   78.   78.   80.   81.   84.   84.   84.   86.   86.
   92.   93.   93.   99.][-100.  -99.  -99.  -94.  -92.  -92.  -91.  -90.  -87.  -85.  -84.  -82.
  -81.  -78.  -78.  -78.  -76.  -75.  -74.  -72.  -70.  -63.  -63.  -62.
  -61.  -58.  -56.  -55.  -55.  -54.  -52.  -49.  -47.  -41.  -41.  -36.
  -35.  -34.  -32.  -31.  -29.  -28.  -26.  -25.  -24.  -21.  -20.  -18.
  -15.  -14.  -12.   -9.   -9.   -6.   -1.    0.    1.    2.    4.    6.
   10.   11.   14.   17.   23.   24.   25.   27.   32.   36.   38.   38.
   39.   41.   43.   44.   48.   50.   50.   51.   52.   53.   55.   56.
   57.   59.   59.   65.   68.   70.   72.   72.   74.   75.   78.   82.
   88.   92.   96.   96.]