[-98. -97. -93. -86. -85. -85. -83. -82. -82. -78. -76. -75. -71. -71.
 -68. -67. -65. -64. -64. -63. -63. -62. -60. -58. -57. -56. -54. -52.
 -52. -49. -48. -46. -42. -39. -39. -38. -38. -36. -36. -36. -33. -30.
 -30. -30. -28. -22. -22. -20. -14. -14. -12. -10.  -7.  -6.  -5.  -2.
  -1.   5.  12.  16.  19.  23.  23.  31.  33.  35.  38.  40.  48.  48.
  49.  53.  57.  57.  58.  59.  60.  61.  61.  62.  64.  64.  66.  67.
  73.  79.  79.  81.  81.  86.  91.  92.  96.  96.  97.  97.  98.  99.
 100. 100.][-99. -99. -92. -92. -91. -88. -86. -86. -83. -80. -79. -78. -78. -73.
 -72. -72. -70. -70. -67. -64. -58. -57. -56. -55. -54. -52. -50. -50.
 -47. -47. -45. -45. -43. -41. -39. -34. -33. -33. -29. -23. -22. -20.
 -20. -20. -18. -18. -16.  -8.  -7.  -6.  -3.  -3.  10.  13.  15.  19.
  24.  25.  28.  31.  36.  36.  39.  40.  41.  46.  47.  47.  51.  53.
  53.  54.  58.  58.  58.  61.  61.  62.  62.  64.  65.  66.  67.  68.
  68.  69.  71.  72.  73.  75.  78.  80.  83.  84.  91.  92.  93.  93.
  95.  95.][-100.  -97.  -93.  -93.  -92.  -91.  -91.  -91.  -90.  -90.  -88.  -87.
  -86.  -84.  -82.  -78.  -76.  -74.  -73.  -73.  -72.  -65.  -64.  -61.
  -60.  -51.  -51.  -51.  -49.  -44.  -43.  -42.  -41.  -37.  -34.  -32.
  -31.  -24.  -23.  -23.  -23.  -22.  -17.  -14.  -12.   -8.   -8.   -8.
   -7.   -4.   -2.   -1.   -1.    3.    4.    9.   10.   11.   12.   17.
   18.   19.   20.   21.   21.   22.   24.   32.   32.   37.   38.   39.
   41.   43.   46.   47.   52.   56.   57.   60.   61.   62.   63.   65.
   72.   73.   73.   75.   76.   76.   78.   78.   81.   87.   88.   90.
   91.   91.   93.   96.][-100.  -99.  -95.  -94.  -93.  -89.  -88.  -88.  -86.  -85.  -81.  -80.
  -80.  -75.  -74.  -73.  -66.  -64.  -62.  -61.  -61.  -55.  -55.  -53.
  -53.  -50.  -50.  -50.  -47.  -45.  -39.  -39.  -39.  -38.  -32.  -31.
  -28.  -26.  -23.  -23.  -19.  -19.  -17.  -15.  -10.  -10.   -8.   -4.
   -2.    3.    4.    5.    6.    6.    7.    8.    9.   10.   16.   18.
   18.   20.   20.   23.   24.   26.   27.   28.   28.   29.   33.   35.
   36.   37.   38.   40.   40.   40.   42.   42.   47.   49.   51.   52.
   57.   59.   60.   62.   62.   64.   67.   69.   69.   72.   76.   84.
   87.   91.   94.   98.][-99. -99. -96. -93. -91. -90. -89. -84. -82. -79. -79. -78. -77. -74.
 -73. -70. -68. -68. -67. -66. -62. -62. -62. -61. -61. -61. -59. -59.
 -59. -51. -46. -44. -44. -42. -36. -34. -31. -31. -28. -25. -25. -25.
 -22. -19. -17. -15. -13.  -9.  -7.  -4.  -3.   3.   4.   7.   7.   7.
   8.  11.  11.  11.  13.  13.  15.  15.  15.  16.  17.  22.  24.  26.
  27.  28.  29.  30.  36.  45.  45.  45.  47.  52.  62.  62.  64.  66.
  67.  68.  76.  78.  80.  84.  86.  87.  89.  89.  90.  90.  96.  98.
  99. 100.][-97. -96. -94. -93. -92. -91. -86. -79. -77. -76. -74. -74. -72. -70.
 -70. -69. -61. -61. -58. -57. -54. -53. -53. -52. -52. -50. -47. -42.
 -40. -39. -38. -34. -31. -27. -25. -13.  -7.  -6.  -5.  -1.  -1.   1.
   2.   3.   3.   6.   9.   9.  10.  13.  17.  18.  22.  22.  22.  23.
  26.  27.  27.  28.  31.  32.  33.  35.  36.  39.  41.  41.  41.  44.
  44.  45.  46.  47.  51.  52.  54.  56.  57.  57.  57.  65.  66.  70.
  71.  77.  78.  79.  80.  81.  87.  87.  87.  87.  89.  91.  94.  96.
  97.  99.][-99. -98. -98. -96. -93. -91. -86. -84. -82. -80. -79. -79. -72. -69.
 -68. -67. -65. -64. -62. -61. -61. -57. -56. -53. -52. -51. -50. -45.
 -41. -41. -36. -35. -35. -34. -26. -26. -26. -26. -24. -23. -21. -20.
 -17. -14. -12.  -7.  -7.  -6.  -6.  -5.  -4.  -3.  -2.  -1.   2.   6.
  14.  18.  20.  21.  23.  27.  29.  30.  31.  31.  38.  40.  40.  41.
  42.  46.  47.  47.  51.  53.  53.  54.  56.  61.  63.  64.  66.  67.
  68.  71.  71.  73.  73.  76.  78.  85.  86.  89.  90.  94.  94.  95.
  99. 100.][-99. -97. -95. -95. -94. -94. -90. -88. -85. -82. -81. -73. -72. -67.
 -66. -66. -64. -62. -59. -59. -55. -53. -52. -52. -48. -48. -43. -41.
 -37. -34. -32. -22. -19. -18. -15. -12. -12. -11.  -9.  -8.  -6.  -5.
  -5.  -5.  -4.  -3.  -1.   3.   3.   3.   4.   6.   7.   9.  11.  13.
  14.  14.  16.  20.  20.  21.  22.  24.  24.  24.  25.  25.  26.  27.
  32.  32.  32.  33.  34.  34.  40.  42.  43.  55.  57.  58.  63.  65.
  68.  74.  74.  75.  77.  78.  78.  78.  81.  83.  88.  93.  94.  98.
  98.  99.][-100.  -98.  -94.  -91.  -85.  -83.  -81.  -80.  -79.  -77.  -75.  -74.
  -74.  -72.  -70.  -68.  -65.  -62.  -58.  -57.  -56.  -55.  -55.  -55.
  -52.  -52.  -48.  -44.  -43.  -43.  -42.  -35.  -34.  -23.  -22.  -21.
  -21.  -19.  -18.  -16.  -16.  -15.   -8.   -4.   -3.   -2.    0.    1.
    2.    4.    5.    7.   11.   12.   15.   15.   16.   16.   16.   22.
   22.   23.   25.   29.   31.   32.   33.   38.   40.   41.   42.   43.
   43.   44.   44.   44.   46.   49.   52.   54.   59.   63.   64.   64.
   66.   75.   77.   78.   82.   85.   87.   87.   90.   91.   91.   92.
   93.   93.   96.   97.][-94. -91. -90. -89. -89. -88. -88. -86. -84. -77. -75. -71. -70. -68.
 -68. -67. -66. -63. -62. -61. -60. -56. -54. -54. -41. -38. -38. -36.
 -36. -35. -35. -33. -31. -29. -25. -23. -23. -20. -20. -20. -19. -15.
 -12. -12.  -7.  -7.  -4.  -1.  -1.   2.   2.   2.   2.   3.   5.   7.
  10.  12.  14.  19.  21.  23.  25.  27.  28.  29.  39.  40.  42.  43.
  44.  45.  48.  48.  49.  49.  49.  51.  60.  64.  64.  67.  73.  75.
  76.  79.  80.  81.  83.  84.  85.  86.  90.  90.  93.  93.  94.  95.
  96. 100.][-99. -98. -97. -97. -96. -96. -96. -94. -91. -88. -85. -85. -85. -83.
 -73. -72. -71. -71. -69. -66. -66. -65. -64. -63. -60. -60. -56. -51.
 -46. -46. -40. -39. -31. -30. -27. -26. -25. -24. -23. -22. -17. -16.
 -12. -11.  -6.  -5.  -4.  -3.  -1.   0.   1.   1.   3.   4.   4.   8.
   8.   8.   9.  10.  12.  13.  14.  21.  30.  33.  36.  37.  39.  39.
  40.  41.  41.  42.  44.  46.  47.  48.  48.  48.  59.  66.  69.  69.
  70.  70.  77.  78.  78.  80.  86.  87.  90.  90.  92.  93.  94.  95.
  97.  97.][-100.  -97.  -97.  -96.  -92.  -89.  -89.  -87.  -86.  -85.  -83.  -81.
  -80.  -78.  -75.  -70.  -68.  -68.  -66.  -64.  -63.  -62.  -59.  -58.
  -51.  -50.  -48.  -38.  -37.  -35.  -35.  -30.  -28.  -27.  -25.  -25.
  -23.  -23.  -20.  -16.  -16.  -16.   -8.   -4.   -4.   -3.   -1.    0.
    0.    2.    2.    3.    9.   12.   12.   14.   15.   16.   24.   25.
   26.   27.   28.   30.   39.   39.   40.   41.   44.   46.   46.   46.
   48.   49.   50.   50.   52.   53.   54.   55.   57.   58.   59.   60.
   60.   69.   70.   71.   78.   83.   84.   84.   85.   85.   89.   89.
   94.   96.   98.  100.][-99. -96. -95. -94. -93. -91. -87. -86. -77. -76. -68. -68. -68. -65.
 -62. -61. -59. -50. -49. -48. -46. -44. -42. -40. -38. -37. -37. -35.
 -34. -32. -32. -29. -27. -25. -24. -24. -23. -16. -14.  -8.  -7.  -7.
  -5.  -3.  -2.  -1.   3.   8.   8.   9.  11.  12.  13.  15.  15.  18.
  21.  23.  23.  24.  24.  29.  31.  33.  34.  37.  39.  40.  48.  48.
  51.  54.  56.  56.  66.  68.  68.  71.  72.  75.  77.  78.  78.  79.
  80.  82.  84.  84.  84.  85.  87.  90.  91.  92.  92.  94.  95.  96.
  98.  99.][-98. -98. -96. -95. -85. -83. -75. -70. -70. -68. -65. -65. -65. -65.
 -62. -60. -59. -58. -56. -56. -56. -55. -55. -53. -51. -49. -48. -45.
 -45. -43. -41. -40. -40. -39. -39. -34. -32. -26. -24. -22. -17. -16.
 -14. -12. -11. -10. -10.  -7.  -6.  -4.  -4.  -2.   4.   5.   8.  11.
  13.  13.  15.  17.  20.  21.  28.  29.  31.  36.  37.  39.  39.  50.
  51.  51.  53.  61.  62.  62.  64.  69.  69.  70.  70.  72.  73.  77.
  80.  80.  83.  83.  83.  83.  85.  86.  87.  92.  92.  92.  95.  95.
  96.  98.][-97. -93. -92. -91. -91. -86. -84. -84. -83. -82. -81. -74. -73. -73.
 -69. -69. -68. -65. -63. -60. -60. -58. -55. -54. -53. -53. -52. -51.
 -49. -46. -45. -44. -42. -41. -39. -38. -37. -35. -31. -31. -30. -29.
 -26. -26. -23. -23. -22. -22. -19. -18. -12. -11. -11. -10.  -8.  -6.
   3.   6.  10.  11.  13.  14.  15.  16.  16.  16.  26.  29.  31.  31.
  36.  38.  41.  41.  41.  45.  46.  46.  56.  61.  64.  68.  71.  76.
  78.  78.  79.  80.  80.  85.  85.  86.  88.  89.  90.  91.  92.  93.
  98.  99.][-100.  -99.  -99.  -97.  -96.  -95.  -92.  -92.  -91.  -90.  -86.  -77.
  -77.  -76.  -75.  -72.  -72.  -67.  -66.  -65.  -64.  -64.  -59.  -59.
  -58.  -58.  -51.  -49.  -47.  -46.  -45.  -45.  -41.  -41.  -40.  -39.
  -39.  -37.  -32.  -30.  -30.  -29.  -26.  -24.  -24.  -23.  -22.  -21.
  -20.  -19.  -16.   -8.   -8.   -7.   -2.    6.    8.   10.   11.   13.
   13.   15.   16.   19.   22.   23.   23.   24.   25.   25.   28.   30.
   33.   36.   36.   40.   41.   44.   47.   47.   49.   49.   50.   55.
   55.   59.   65.   68.   70.   72.   75.   75.   79.   85.   86.   87.
   90.   91.   95.   97.][-99. -94. -93. -92. -85. -84. -82. -82. -80. -72. -69. -68. -68. -68.
 -59. -58. -58. -57. -55. -54. -53. -53. -53. -52. -50. -49. -49. -46.
 -44. -44. -43. -37. -35. -35. -29. -29. -28. -27. -26. -25. -23. -22.
 -22. -22. -22. -21. -20. -19. -19. -14. -12. -12.  -9.  -9.  -8.  -8.
  -7.   1.   1.   2.   5.   7.  10.  11.  11.  14.  20.  20.  22.  22.
  24.  24.  25.  33.  34.  34.  36.  36.  42.  48.  49.  51.  54.  56.
  58.  58.  61.  77.  77.  77.  80.  81.  82.  84.  85.  93.  98.  99.
 100. 100.][-97. -96. -96. -91. -88. -84. -81. -79. -76. -74. -72. -71. -67. -66.
 -61. -59. -59. -56. -52. -50. -46. -39. -37. -36. -36. -35. -34. -33.
 -32. -31. -26. -25. -20. -16. -15. -11. -11.  -9.  -9.  -7.  -6.  -5.
   0.   2.   2.   3.   3.   4.  10.  10.  11.  15.  20.  20.  20.  20.
  20.  22.  22.  22.  24.  26.  26.  26.  29.  30.  31.  32.  34.  34.
  35.  38.  40.  40.  42.  43.  44.  52.  53.  57.  58.  59.  59.  62.
  63.  64.  66.  66.  67.  69.  71.  73.  77.  80.  82.  88.  90.  92.
  98. 100.][-100.  -98.  -97.  -97.  -93.  -92.  -91.  -91.  -89.  -85.  -85.  -82.
  -79.  -73.  -71.  -71.  -70.  -68.  -68.  -65.  -65.  -63.  -62.  -59.
  -58.  -53.  -53.  -50.  -45.  -44.  -43.  -42.  -40.  -34.  -34.  -33.
  -32.  -31.  -27.  -25.  -22.  -21.  -20.  -20.  -18.  -15.  -12.  -10.
   -9.   -8.   -7.   -4.   -4.   -3.   -3.    0.    1.    1.    4.    8.
    9.   10.   10.   21.   23.   23.   26.   31.   33.   38.   40.   42.
   43.   47.   47.   48.   57.   58.   61.   62.   67.   68.   69.   69.
   70.   71.   71.   72.   75.   75.   76.   78.   82.   84.   87.   89.
   93.   93.   95.   99.][-100.  -99.  -98.  -93.  -92.  -91.  -87.  -87.  -85.  -85.  -85.  -83.
  -83.  -79.  -78.  -75.  -73.  -70.  -69.  -61.  -58.  -58.  -55.  -49.
  -41.  -41.  -35.  -29.  -29.  -29.  -28.  -25.  -24.  -22.  -22.  -21.
  -21.  -19.  -16.  -10.   -9.   -8.   -6.   -5.   -4.   -2.    0.    1.
    7.    7.    9.    9.   15.   15.   16.   17.   20.   23.   26.   28.
   30.   33.   33.   36.   38.   40.   41.   44.   46.   49.   54.   54.
   54.   56.   59.   60.   61.   61.   65.   68.   70.   76.   77.   78.
   79.   81.   84.   85.   87.   87.   90.   91.   91.   91.   93.   94.
   94.   94.   95.   99.][-99. -99. -95. -93. -86. -82. -81. -77. -77. -75. -73. -71. -70. -57.
 -56. -55. -54. -53. -53. -49. -48. -45. -41. -40. -40. -39. -39. -37.
 -27. -27. -23. -22. -20. -18. -18. -16. -14. -13. -12. -12. -11.  -9.
  -9.  -8.  -6.  -6.  -4.  -3.   0.   2.   3.   4.   6.   8.  13.  15.
  15.  16.  17.  26.  28.  30.  31.  35.  37.  38.  42.  42.  44.  45.
  45.  45.  46.  47.  52.  58.  60.  60.  62.  62.  66.  68.  71.  74.
  75.  75.  77.  81.  83.  83.  84.  84.  85.  87.  93.  95.  97.  99.
 100. 100.][-99. -99. -98. -98. -97. -96. -96. -94. -94. -93. -92. -90. -90. -89.
 -85. -84. -83. -83. -79. -75. -75. -72. -71. -70. -70. -69. -69. -66.
 -65. -63. -61. -56. -52. -50. -43. -41. -39. -36. -36. -34. -28. -27.
 -27. -27. -25. -25. -25. -23. -18. -16. -12. -12.  -9.  -9.  -8.  -3.
  -2.  -1.   0.   0.   4.   4.   5.   8.  10.  11.  12.  14.  17.  17.
  21.  25.  26.  28.  35.  37.  38.  38.  46.  48.  52.  52.  54.  55.
  64.  66.  68.  71.  74.  79.  79.  81.  85.  90.  90.  91.  92.  95.
  96.  96.][-97. -97. -96. -93. -89. -86. -84. -82. -75. -75. -72. -70. -68. -62.
 -59. -52. -50. -49. -45. -42. -41. -33. -31. -29. -28. -26. -25. -24.
 -22. -21. -20. -18. -16. -10. -10. -10. -10.  -9.  -7.  -6.  -5.  -4.
  -2.  -1.  -1.   0.   1.   1.   2.   2.   3.   8.  10.  12.  14.  14.
  15.  19.  19.  21.  22.  23.  23.  24.  24.  28.  30.  31.  34.  34.
  39.  40.  44.  44.  46.  49.  51.  56.  56.  58.  60.  62.  63.  64.
  71.  78.  79.  79.  79.  80.  82.  83.  83.  86.  89.  90.  91.  94.
  97.  99.][-96. -96. -90. -90. -89. -88. -85. -84. -82. -80. -78. -75. -71. -69.
 -61. -59. -51. -49. -43. -42. -41. -40. -39. -37. -36. -32. -27. -25.
 -24. -24. -23. -20. -17. -15. -11. -10.  -9.  -8.  -7.  -6.  -5.  -5.
  -5.  -2.   0.   0.   1.   4.   7.   7.  11.  13.  14.  16.  17.  22.
  22.  23.  24.  25.  26.  27.  28.  30.  34.  37.  39.  40.  40.  41.
  42.  44.  47.  48.  48.  50.  50.  54.  56.  57.  58.  61.  71.  73.
  77.  80.  82.  83.  84.  85.  85.  87.  88.  89.  89.  94.  94.  98.
  99. 100.][-100.  -99.  -99.  -94.  -87.  -86.  -86.  -85.  -85.  -84.  -83.  -81.
  -80.  -78.  -76.  -65.  -63.  -63.  -61.  -61.  -60.  -59.  -54.  -54.
  -53.  -47.  -46.  -40.  -38.  -37.  -32.  -30.  -30.  -30.  -29.  -29.
  -19.  -19.  -19.  -19.  -17.  -17.  -17.  -15.  -13.  -12.  -12.  -11.
   -8.   -6.   -1.    0.    4.    6.    7.    8.    8.    9.   12.   12.
   16.   17.   17.   18.   20.   20.   21.   26.   32.   32.   37.   41.
   43.   43.   44.   46.   51.   52.   52.   62.   63.   63.   64.   66.
   69.   73.   73.   74.   74.   74.   76.   80.   82.   84.   90.   91.
   94.   96.   97.   97.][-99. -97. -92. -88. -87. -85. -85. -83. -83. -82. -81. -81. -78. -75.
 -68. -67. -67. -66. -66. -64. -63. -63. -63. -54. -53. -50. -50. -49.
 -49. -48. -43. -42. -40. -39. -33. -33. -31. -29. -25. -24. -24. -21.
 -19. -18. -17. -17. -17.  -8.  -7.  -7.  -2.   5.   8.  11.  12.  17.
  18.  19.  22.  25.  29.  30.  32.  34.  37.  41.  45.  45.  47.  53.
  54.  55.  56.  58.  58.  59.  59.  62.  65.  68.  69.  69.  71.  73.
  74.  75.  76.  76.  77.  78.  79.  84.  88.  89.  91.  93.  94.  96.
  98. 100.][-93. -93. -85. -83. -80. -78. -78. -75. -73. -72. -71. -69. -67. -67.
 -65. -65. -59. -59. -58. -58. -58. -54. -50. -50. -45. -42. -39. -39.
 -38. -37. -35. -34. -33. -33. -30. -30. -28. -25. -25. -25. -24. -21.
 -18. -17. -17. -15. -14. -11. -10. -10. -10.  -6.  -2.   1.   4.   9.
   9.  11.  17.  18.  21.  22.  25.  27.  27.  27.  28.  29.  32.  35.
  35.  36.  38.  38.  39.  40.  50.  51.  51.  59.  63.  64.  64.  66.
  67.  75.  75.  77.  78.  78.  80.  81.  84.  85.  86.  87.  88.  88.
  97.  99.][-99. -94. -94. -93. -92. -90. -90. -88. -85. -84. -83. -81. -79. -79.
 -79. -76. -74. -71. -71. -71. -64. -58. -55. -54. -54. -52. -51. -50.
 -50. -49. -44. -44. -43. -43. -43. -42. -41. -41. -41. -37. -33. -31.
 -31. -30. -30. -28. -26. -20. -15. -13. -12. -10.  -9.  11.  11.  15.
  17.  22.  26.  26.  26.  26.  27.  28.  33.  34.  35.  38.  39.  42.
  44.  45.  47.  48.  49.  50.  52.  52.  54.  59.  60.  61.  62.  64.
  66.  66.  68.  71.  84.  88.  88.  92.  93.  95.  95.  96.  96.  98.
  99.  99.][-92. -91. -91. -90. -81. -78. -76. -75. -75. -72. -72. -72. -68. -67.
 -67. -66. -64. -62. -62. -60. -55. -55. -53. -52. -50. -49. -47. -46.
 -44. -43. -38. -37. -35. -31. -29. -26. -23. -19. -18. -17. -14. -14.
 -12.  -6.  -6.  -2.  -1.   3.   4.   5.   9.  10.  11.  13.  13.  14.
  14.  15.  16.  18.  19.  22.  27.  28.  29.  38.  39.  40.  41.  43.
  48.  48.  48.  51.  51.  53.  60.  60.  65.  66.  68.  70.  71.  72.
  74.  76.  79.  83.  83.  84.  84.  88.  90.  91.  92.  92.  94.  99.
  99.  99.][-100.  -97.  -96.  -95.  -94.  -93.  -93.  -92.  -90.  -89.  -85.  -84.
  -82.  -78.  -76.  -74.  -73.  -72.  -70.  -69.  -68.  -67.  -58.  -56.
  -55.  -54.  -50.  -45.  -44.  -42.  -36.  -31.  -23.  -23.  -23.  -23.
  -22.  -17.  -16.  -15.  -13.   -9.   -8.   -6.   -6.   -6.   -5.   -4.
   -4.   -3.   -2.   -2.    2.    4.    5.    7.    7.   10.   13.   14.
   19.   20.   22.   25.   27.   28.   30.   31.   32.   33.   34.   37.
   40.   41.   42.   44.   45.   46.   47.   52.   61.   63.   66.   69.
   70.   74.   74.   75.   75.   76.   79.   81.   83.   89.   90.   92.
   96.   96.   99.  100.][-98. -94. -93. -93. -90. -89. -88. -84. -84. -82. -79. -77. -69. -67.
 -67. -65. -62. -57. -57. -56. -55. -55. -47. -46. -38. -35. -34. -31.
 -31. -29. -29. -28. -25. -25. -23. -22. -17. -13. -12. -10.  -9.  -5.
  -4.  -3.  -2.  -1.   2.   3.   5.   5.   5.   6.   7.   8.  12.  12.
  15.  19.  22.  24.  24.  26.  28.  29.  33.  34.  37.  37.  40.  41.
  42.  42.  46.  46.  47.  48.  49.  53.  54.  54.  56.  57.  61.  66.
  66.  69.  76.  77.  79.  82.  82.  85.  85.  85.  89.  94.  96.  97.
  98. 100.][-100.  -98.  -98.  -97.  -97.  -91.  -88.  -84.  -83.  -82.  -81.  -77.
  -74.  -66.  -66.  -64.  -62.  -60.  -50.  -50.  -50.  -49.  -41.  -41.
  -39.  -38.  -36.  -36.  -34.  -34.  -31.  -30.  -29.  -25.  -25.  -24.
  -24.  -24.  -22.  -20.  -15.  -14.  -11.   -9.   -7.   -6.   -5.   -4.
    0.    0.    6.    8.   10.   12.   13.   13.   13.   16.   17.   17.
   18.   20.   21.   24.   25.   28.   31.   31.   31.   32.   36.   38.
   40.   40.   45.   52.   58.   58.   61.   63.   64.   65.   69.   74.
   77.   78.   79.   79.   84.   86.   86.   86.   87.   88.   89.   89.
   93.   96.   97.   99.][-99. -99. -99. -97. -93. -93. -92. -92. -85. -83. -82. -81. -80. -76.
 -73. -71. -69. -68. -68. -67. -66. -61. -59. -58. -57. -55. -51. -51.
 -50. -45. -41. -40. -39. -38. -36. -35. -33. -32. -32. -32. -30. -28.
 -26. -26. -23. -20. -18. -16. -13. -10.  -9.  -8.  -6.  -3.   4.   5.
   6.   9.  10.  11.  13.  14.  18.  19.  21.  25.  26.  31.  33.  36.
  37.  43.  44.  44.  45.  46.  51.  52.  54.  55.  58.  60.  62.  64.
  64.  66.  66.  67.  77.  77.  79.  79.  81.  82.  83.  84.  86.  87.
  94.  96.][-99. -93. -91. -90. -90. -90. -90. -86. -85. -85. -82. -81. -80. -70.
 -69. -66. -64. -62. -61. -60. -57. -57. -57. -55. -53. -52. -47. -44.
 -43. -42. -40. -40. -37. -36. -33. -33. -32. -27. -26. -23. -19. -16.
 -16.  -9.  -8.  -7.  -7.  -7.  -6.  -6.  -1.   0.   1.   6.   9.  12.
  14.  14.  21.  24.  30.  32.  36.  36.  37.  40.  40.  41.  44.  54.
  55.  57.  60.  66.  66.  70.  70.  71.  75.  76.  76.  77.  79.  79.
  79.  80.  82.  85.  86.  88.  89.  89.  89.  92.  94.  95.  95.  96.
  97.  97.][-100. -100.  -99.  -98.  -98.  -92.  -91.  -86.  -78.  -76.  -75.  -73.
  -73.  -65.  -63.  -63.  -62.  -62.  -59.  -57.  -56.  -54.  -52.  -45.
  -44.  -44.  -43.  -42.  -41.  -35.  -34.  -29.  -27.  -25.  -19.  -19.
  -17.  -17.  -13.  -12.   -6.   -2.   -2.   -1.    2.    2.    4.    8.
    9.    9.    9.    9.   10.   10.   11.   14.   18.   24.   24.   26.
   27.   27.   27.   29.   29.   32.   34.   34.   36.   37.   38.   39.
   45.   46.   46.   48.   51.   54.   55.   55.   62.   62.   66.   67.
   69.   69.   71.   81.   82.   87.   88.   88.   89.   90.   90.   90.
   91.   94.   99.   99.][-97. -97. -96. -96. -94. -93. -92. -90. -85. -81. -81. -76. -75. -74.
 -72. -72. -71. -68. -68. -68. -67. -67. -65. -62. -61. -53. -53. -51.
 -49. -45. -36. -33. -25. -23. -21. -19. -18. -17. -17. -13. -13.  -7.
  -6.  -4.  -3.  -3.  -2.   4.   5.   7.   9.   9.  10.  10.  12.  16.
  17.  18.  19.  21.  22.  30.  35.  38.  42.  42.  44.  46.  46.  47.
  49.  50.  51.  54.  57.  59.  60.  63.  64.  65.  65.  69.  69.  72.
  73.  74.  74.  78.  78.  78.  78.  80.  81.  86.  88.  89.  89.  89.
  98. 100.][-100.  -94.  -94.  -93.  -92.  -92.  -90.  -89.  -88.  -87.  -86.  -84.
  -81.  -79.  -78.  -74.  -68.  -63.  -62.  -62.  -61.  -60.  -53.  -51.
  -48.  -46.  -45.  -40.  -40.  -40.  -39.  -35.  -35.  -34.  -33.  -31.
  -30.  -29.  -28.  -25.  -21.  -20.  -14.  -13.  -13.  -11.   -9.   -9.
   -7.   -2.   -2.    2.    3.    6.    8.    9.   11.   15.   18.   19.
   25.   28.   29.   32.   36.   39.   41.   43.   44.   44.   46.   46.
   47.   47.   52.   53.   53.   54.   58.   60.   63.   66.   66.   71.
   71.   72.   76.   76.   78.   78.   80.   83.   83.   88.   92.   96.
   97.   98.   99.   99.][-100.  -96.  -95.  -94.  -92.  -86.  -85.  -84.  -80.  -80.  -79.  -76.
  -76.  -72.  -72.  -66.  -66.  -64.  -64.  -63.  -62.  -58.  -56.  -55.
  -54.  -52.  -52.  -48.  -46.  -45.  -42.  -40.  -38.  -36.  -34.  -33.
  -23.  -22.  -18.  -16.  -16.  -16.   -9.   -9.   -8.   -8.   -4.   -2.
   -1.    0.    1.    4.    7.   10.   13.   15.   18.   19.   21.   26.
   27.   29.   31.   31.   33.   33.   33.   35.   36.   37.   39.   41.
   48.   52.   52.   53.   59.   60.   61.   62.   66.   66.   67.   70.
   71.   71.   80.   82.   82.   83.   84.   87.   87.   88.   92.   93.
   95.   97.   98.  100.][-100.  -99.  -96.  -95.  -95.  -94.  -94.  -92.  -91.  -89.  -88.  -87.
  -86.  -85.  -80.  -79.  -78.  -77.  -76.  -75.  -73.  -72.  -68.  -66.
  -63.  -61.  -58.  -56.  -53.  -53.  -51.  -48.  -48.  -47.  -40.  -34.
  -31.  -30.  -29.  -28.  -25.  -25.  -23.  -21.  -19.  -17.  -16.  -16.
  -11.  -11.  -11.   -4.   -3.   -3.   -2.    0.    3.    6.    6.   12.
   13.   14.   15.   16.   17.   17.   19.   19.   25.   28.   30.   30.
   31.   32.   38.   38.   39.   41.   44.   48.   50.   54.   55.   59.
   62.   64.   64.   64.   65.   69.   70.   73.   75.   78.   79.   81.
   86.   86.   91.  100.][-97. -93. -91. -91. -90. -89. -87. -86. -84. -83. -82. -82. -82. -79.
 -78. -75. -68. -65. -62. -61. -61. -60. -57. -55. -47. -45. -41. -39.
 -37. -36. -34. -25. -25. -20. -20.  -9.  -9.  -7.  -6.  -6.  -4.  -1.
   0.   1.   3.   3.   7.   7.   9.  12.  12.  12.  14.  18.  20.  22.
  22.  22.  24.  24.  24.  26.  27.  28.  31.  35.  35.  36.  44.  45.
  46.  46.  54.  55.  58.  64.  64.  65.  66.  66.  67.  69.  69.  71.
  71.  72.  73.  77.  78.  79.  79.  84.  90.  91.  91.  95.  95.  97.
  98. 100.][-100.  -97.  -96.  -92.  -92.  -92.  -88.  -86.  -71.  -69.  -69.  -68.
  -65.  -62.  -62.  -61.  -61.  -59.  -58.  -57.  -50.  -49.  -47.  -45.
  -45.  -39.  -37.  -37.  -36.  -32.  -32.  -30.  -29.  -28.  -28.  -27.
  -26.  -25.  -23.  -20.  -14.  -14.   -1.    2.    5.    6.    6.    8.
   12.   14.   15.   21.   22.   23.   27.   27.   33.   34.   35.   35.
   39.   40.   45.   46.   48.   49.   49.   52.   52.   55.   55.   55.
   58.   59.   59.   60.   64.   64.   66.   66.   67.   69.   71.   72.
   73.   74.   76.   77.   79.   83.   86.   86.   87.   89.   93.   93.
   94.   95.   98.   99.][-100.  -99.  -98.  -98.  -96.  -95.  -94.  -86.  -81.  -79.  -79.  -77.
  -76.  -74.  -73.  -71.  -68.  -67.  -60.  -50.  -48.  -46.  -46.  -44.
  -41.  -40.  -39.  -39.  -36.  -35.  -33.  -33.  -32.  -28.  -25.  -24.
  -23.  -22.  -21.  -20.  -20.  -15.  -13.  -11.   -8.   -8.   -8.   -7.
   -5.   -2.   -2.   -1.    0.    2.    5.    6.    9.   10.   12.   13.
   15.   15.   18.   19.   21.   24.   24.   27.   30.   30.   30.   32.
   43.   49.   54.   57.   60.   61.   62.   66.   67.   68.   69.   72.
   75.   75.   76.   76.   77.   77.   78.   78.   80.   85.   87.   88.
   95.   96.   97.   99.][-97. -92. -91. -91. -86. -85. -83. -83. -81. -79. -76. -72. -71. -66.
 -66. -65. -64. -64. -63. -60. -60. -48. -45. -45. -45. -41. -40. -38.
 -36. -34. -33. -32. -30. -30. -25. -25. -24. -24. -19. -18. -18. -18.
 -12. -12. -11.  -9.  -8.  -8.  -7.  -6.  -6.   0.   2.   2.   3.   5.
   7.   8.   9.  11.  13.  14.  15.  15.  17.  18.  19.  20.  22.  26.
  27.  35.  42.  44.  52.  53.  54.  55.  55.  66.  66.  67.  70.  76.
  78.  78.  80.  81.  81.  81.  83.  85.  87.  91.  93.  95.  96.  96.
  97.  98.][-97. -92. -88. -82. -81. -80. -78. -72. -69. -66. -63. -62. -61. -58.
 -58. -55. -55. -54. -53. -52. -51. -50. -50. -49. -49. -47. -46. -43.
 -40. -37. -35. -28. -28. -27. -27. -22. -16. -16. -15. -13. -11.  -8.
  -7.  -7.  -6.  -6.  -4.   0.   3.   6.   9.  10.  12.  12.  13.  13.
  15.  15.  19.  20.  22.  24.  28.  36.  38.  39.  39.  43.  43.  45.
  47.  62.  63.  63.  65.  66.  66.  67.  68.  68.  72.  74.  75.  78.
  79.  80.  82.  83.  87.  90.  91.  91.  94.  96.  97.  98.  99. 100.
 100. 100.][-100.  -98.  -98.  -85.  -83.  -82.  -81.  -76.  -76.  -75.  -74.  -72.
  -72.  -71.  -71.  -70.  -67.  -61.  -60.  -57.  -57.  -56.  -55.  -52.
  -52.  -51.  -48.  -46.  -44.  -43.  -39.  -39.  -37.  -37.  -36.  -36.
  -34.  -33.  -31.  -30.  -23.  -22.  -22.  -19.  -16.  -14.   -9.   -9.
   -6.   -5.   -4.    1.    3.    4.    7.    8.   12.   14.   20.   22.
   24.   25.   27.   30.   32.   32.   32.   33.   33.   35.   36.   36.
   37.   37.   40.   41.   42.   42.   43.   44.   48.   52.   52.   52.
   53.   53.   56.   62.   63.   65.   66.   72.   73.   76.   78.   79.
   81.   87.   87.   88.][-100.  -98.  -85.  -75.  -75.  -72.  -64.  -63.  -63.  -63.  -57.  -56.
  -54.  -51.  -50.  -44.  -42.  -42.  -39.  -38.  -36.  -35.  -35.  -34.
  -34.  -33.  -33.  -32.  -29.  -18.  -18.  -18.  -15.  -15.  -13.  -13.
   -9.   -7.   -5.   -5.   -3.   -3.   -1.    0.    3.    4.    5.    5.
    5.    8.   11.   11.   15.   15.   15.   16.   18.   24.   25.   30.
   34.   35.   35.   35.   36.   37.   38.   42.   46.   47.   47.   48.
   50.   50.   52.   53.   57.   61.   61.   63.   67.   67.   67.   68.
   68.   73.   74.   76.   76.   78.   80.   80.   80.   83.   88.   91.
   91.   92.   92.   97.][-99. -98. -95. -94. -91. -90. -90. -90. -89. -87. -83. -81. -81. -77.
 -77. -74. -74. -72. -71. -71. -69. -68. -68. -67. -62. -60. -56. -54.
 -47. -44. -44. -44. -41. -35. -33. -30. -30. -27. -25. -24. -24. -21.
 -16. -12. -12.  -9.  -6.  -4.  -3.  -2.   1.   7.   8.   9.  10.  11.
  13.  15.  15.  16.  17.  17.  18.  19.  22.  22.  27.  27.  28.  33.
  35.  36.  40.  40.  43.  44.  46.  47.  48.  54.  57.  58.  58.  58.
  61.  62.  63.  68.  70.  80.  82.  83.  86.  86.  87.  88.  94.  97.
  98. 100.][-100.  -97.  -94.  -87.  -85.  -83.  -82.  -82.  -80.  -78.  -74.  -72.
  -70.  -70.  -70.  -65.  -58.  -58.  -53.  -52.  -50.  -49.  -45.  -42.
  -41.  -35.  -31.  -30.  -25.  -24.  -23.  -21.  -18.  -18.  -14.  -13.
  -12.  -11.   -9.   -9.   -6.   -5.   -1.   -1.    1.    5.    6.    6.
   10.   16.   17.   17.   17.   18.   19.   21.   21.   28.   28.   32.
   32.   34.   34.   35.   35.   37.   39.   46.   47.   48.   60.   61.
   61.   62.   62.   62.   64.   65.   67.   70.   71.   72.   72.   74.
   74.   75.   75.   76.   76.   78.   83.   84.   87.   89.   91.   97.
   97.  100.  100.  100.][-97. -95. -95. -93. -89. -83. -83. -82. -78. -73. -69. -67. -64. -63.
 -59. -58. -55. -53. -53. -51. -51. -49. -48. -48. -47. -47. -46. -45.
 -41. -41. -39. -35. -33. -33. -32. -29. -28. -23. -21. -17. -16. -15.
 -15. -13. -12. -12.  -8.  -3.   7.   9.  11.  12.  12.  14.  14.  17.
  22.  23.  30.  31.  32.  34.  35.  37.  37.  37.  38.  44.  44.  45.
  48.  52.  55.  58.  60.  60.  60.  60.  61.  61.  61.  64.  65.  69.
  71.  71.  72.  73.  73.  74.  75.  75.  76.  77.  77.  85.  85.  90.
  97.  98.][-100.  -99.  -96.  -96.  -95.  -94.  -90.  -89.  -89.  -87.  -85.  -82.
  -81.  -77.  -69.  -64.  -61.  -57.  -55.  -50.  -46.  -46.  -45.  -45.
  -41.  -41.  -41.  -40.  -39.  -38.  -38.  -37.  -37.  -36.  -35.  -35.
  -33.  -33.  -33.  -31.  -28.  -25.  -23.  -20.  -15.  -14.  -13.  -12.
  -11.  -11.   -8.    2.    2.    4.    6.    6.    6.    8.   13.   13.
   15.   15.   16.   17.   19.   21.   22.   25.   26.   27.   27.   29.
   30.   31.   31.   32.   35.   35.   38.   44.   52.   54.   60.   63.
   67.   69.   71.   76.   79.   81.   84.   88.   91.   91.   92.   94.
   94.   98.  100.  100.][-99. -95. -93. -91. -87. -87. -86. -86. -82. -82. -81. -80. -79. -73.
 -71. -66. -64. -56. -55. -54. -53. -47. -47. -41. -40. -34. -31. -30.
 -28. -24. -24. -20. -19. -18. -15. -15. -13. -12. -10.  -9.  -8.  -4.
  -1.   0.   0.   5.   7.  10.  11.  16.  16.  19.  21.  22.  25.  26.
  26.  27.  29.  29.  29.  30.  31.  31.  32.  40.  41.  42.  44.  45.
  47.  50.  54.  56.  56.  57.  59.  62.  63.  65.  65.  66.  66.  70.
  74.  75.  76.  76.  77.  78.  80.  82.  86.  89.  92.  94.  96.  99.
  99. 100.][-100.  -99.  -97.  -90.  -82.  -80.  -79.  -78.  -77.  -77.  -74.  -72.
  -71.  -68.  -68.  -65.  -64.  -64.  -64.  -63.  -63.  -58.  -58.  -57.
  -49.  -49.  -40.  -36.  -33.  -32.  -31.  -29.  -27.  -26.  -24.  -23.
  -22.  -20.  -20.  -15.  -13.  -12.  -10.  -10.  -10.   -8.   -7.   -4.
   -1.    1.    3.    4.    5.    5.    6.    6.    8.    9.   11.   12.
   13.   13.   13.   18.   19.   21.   22.   26.   32.   35.   36.   37.
   39.   39.   39.   42.   42.   44.   46.   48.   54.   56.   57.   63.
   70.   70.   74.   76.   78.   78.   79.   83.   83.   89.   90.   95.
   96.   96.   97.   97.][-100.  -91.  -90.  -89.  -89.  -88.  -86.  -82.  -77.  -75.  -75.  -74.
  -73.  -66.  -65.  -64.  -62.  -62.  -56.  -49.  -47.  -46.  -45.  -44.
  -44.  -43.  -43.  -43.  -38.  -33.  -32.  -30.  -25.  -21.  -21.  -12.
   -9.   -6.   -3.   -1.    1.    1.    2.    2.    4.    4.    5.    6.
    7.    9.   10.   11.   16.   16.   17.   22.   23.   24.   25.   29.
   29.   31.   34.   34.   35.   36.   36.   40.   41.   42.   47.   50.
   56.   57.   57.   59.   60.   62.   62.   68.   68.   70.   70.   70.
   72.   72.   75.   78.   78.   79.   83.   88.   91.   92.   93.   93.
   93.   94.   94.   95.][-97. -93. -90. -87. -83. -83. -82. -80. -80. -79. -77. -75. -73. -73.
 -69. -69. -68. -67. -61. -61. -60. -59. -57. -57. -56. -53. -53. -49.
 -49. -46. -43. -41. -41. -41. -39. -32. -30. -29. -28. -22. -19.  -9.
  -9.  -9.  -8.  -7.  -3.  -3.   0.   1.   2.   9.   9.  13.  14.  19.
  21.  24.  24.  28.  31.  31.  31.  33.  34.  34.  34.  35.  37.  38.
  39.  42.  43.  45.  46.  49.  50.  51.  54.  56.  58.  62.  62.  65.
  66.  66.  67.  68.  69.  72.  77.  78.  79.  79.  80.  82.  90.  94.
  98. 100.][-99. -99. -95. -93. -91. -89. -88. -85. -84. -83. -81. -76. -75. -72.
 -71. -71. -70. -66. -65. -64. -62. -60. -60. -60. -58. -55. -55. -50.
 -49. -48. -45. -43. -41. -38. -36. -33. -33. -32. -29. -29. -28. -27.
 -22. -22. -22. -21. -19. -19. -18. -17.  -7.  -6.  -3.   1.   2.   3.
   5.   8.  10.  11.  12.  12.  12.  14.  17.  20.  22.  25.  25.  26.
  27.  27.  31.  34.  37.  39.  40.  41.  43.  44.  47.  51.  51.  58.
  59.  59.  61.  61.  67.  68.  71.  72.  73.  78.  81.  90.  94.  94.
  94.  99.][-100. -100. -100.  -98.  -98.  -97.  -97.  -93.  -89.  -88.  -87.  -87.
  -86.  -86.  -84.  -83.  -82.  -74.  -74.  -74.  -70.  -70.  -70.  -69.
  -66.  -64.  -58.  -57.  -56.  -54.  -52.  -51.  -43.  -43.  -41.  -40.
  -40.  -39.  -39.  -37.  -36.  -32.  -31.  -31.  -31.  -25.  -24.  -23.
  -20.  -20.  -19.  -16.  -14.  -13.  -11.  -11.   -9.   -9.   -5.   -3.
   -2.    3.    6.    8.   14.   16.   18.   23.   24.   25.   29.   29.
   33.   38.   44.   45.   48.   48.   50.   56.   66.   68.   69.   71.
   71.   72.   72.   73.   77.   78.   80.   80.   84.   84.   84.   88.
   94.   95.   99.  100.][-97. -93. -92. -91. -90. -90. -86. -82. -82. -80. -79. -76. -71. -64.
 -63. -61. -59. -58. -55. -54. -50. -49. -48. -48. -47. -41. -40. -40.
 -39. -37. -35. -35. -33. -32. -25. -22. -22. -22. -19. -19. -17. -15.
 -15. -11. -10.  -6.  -6.  -5.  -2.  -2.   0.   0.   6.   7.   8.  10.
  12.  13.  14.  14.  15.  19.  21.  21.  26.  26.  30.  33.  36.  36.
  37.  39.  39.  39.  51.  51.  52.  52.  52.  53.  54.  60.  61.  66.
  66.  68.  70.  73.  73.  73.  74.  83.  88.  88.  88.  99.  99. 100.
 100. 100.][-100.  -96.  -96.  -92.  -88.  -87.  -86.  -85.  -84.  -83.  -77.  -76.
  -74.  -70.  -67.  -67.  -65.  -65.  -65.  -64.  -63.  -62.  -59.  -58.
  -54.  -52.  -48.  -47.  -47.  -46.  -46.  -43.  -39.  -35.  -33.  -29.
  -29.  -28.  -28.  -28.  -27.  -26.  -25.  -23.  -22.  -20.  -20.  -19.
  -19.  -17.  -14.  -13.  -11.  -10.  -10.   -8.   -7.   -5.    2.    3.
    4.    9.    9.   12.   12.   12.   19.   23.   25.   25.   26.   30.
   32.   32.   33.   36.   44.   44.   50.   55.   59.   61.   63.   64.
   64.   66.   74.   74.   80.   80.   84.   85.   85.   89.   89.   92.
   95.   95.   98.   99.][-98. -98. -95. -95. -92. -92. -91. -90. -90. -87. -84. -83. -81. -78.
 -75. -74. -71. -63. -62. -61. -60. -60. -59. -57. -56. -53. -52. -48.
 -48. -45. -45. -37. -37. -35. -26. -25. -24. -21. -21. -19. -18. -16.
 -16. -13. -10.  -6.  -4.  -3.  -2.   0.   0.   1.   2.   9.  10.  12.
  13.  14.  19.  21.  22.  22.  26.  29.  29.  32.  36.  37.  38.  41.
  41.  42.  45.  47.  48.  48.  49.  51.  51.  52.  53.  54.  56.  56.
  58.  58.  59.  59.  59.  63.  68.  71.  75.  76.  77.  79.  92.  99.
 100. 100.][-93. -92. -90. -88. -87. -86. -85. -84. -82. -78. -78. -75. -72. -68.
 -68. -67. -62. -58. -57. -55. -53. -52. -50. -47. -47. -46. -46. -43.
 -41. -40. -35. -34. -33. -25. -24. -20. -17. -14. -14. -10.  -8.  -7.
  -4.   0.   0.   0.   2.   4.   4.   6.   7.   9.   9.  11.  15.  15.
  20.  24.  25.  29.  39.  39.  40.  41.  45.  50.  51.  52.  54.  56.
  57.  57.  59.  61.  63.  63.  66.  67.  67.  67.  69.  71.  76.  77.
  78.  80.  81.  81.  82.  84.  85.  86.  88.  89.  89.  91.  97.  98.
  99.  99.][-100.  -99.  -97.  -97.  -94.  -93.  -93.  -92.  -89.  -86.  -81.  -81.
  -77.  -76.  -76.  -73.  -73.  -71.  -71.  -70.  -68.  -66.  -60.  -57.
  -54.  -52.  -43.  -43.  -40.  -39.  -38.  -37.  -34.  -32.  -32.  -32.
  -31.  -27.  -27.  -25.  -23.  -22.  -21.  -21.  -20.  -19.  -19.  -18.
  -16.  -14.  -12.  -10.   -9.   -9.   -6.   -4.   -1.    2.    4.    9.
   10.   11.   14.   17.   18.   18.   25.   25.   26.   28.   34.   38.
   40.   45.   48.   48.   49.   58.   60.   60.   61.   62.   63.   64.
   65.   67.   68.   70.   71.   73.   74.   76.   82.   87.   89.   93.
   96.   96.   98.  100.][-99. -98. -94. -92. -90. -89. -89. -86. -85. -82. -82. -80. -80. -78.
 -77. -77. -77. -77. -73. -67. -67. -62. -60. -59. -58. -56. -55. -54.
 -53. -50. -49. -48. -47. -42. -42. -40. -38. -29. -18. -13. -12. -10.
  -8.  -7.  -7.  -5.  -5.   2.   4.   8.   9.   9.  11.  12.  14.  14.
  19.  20.  23.  23.  24.  27.  32.  32.  33.  34.  36.  39.  40.  41.
  42.  42.  44.  46.  50.  52.  53.  57.  60.  62.  66.  69.  69.  74.
  74.  75.  76.  77.  77.  77.  80.  83.  83.  85.  87.  90.  91.  91.
  95.  98.][-98. -90. -87. -86. -84. -84. -83. -83. -83. -82. -81. -81. -79. -79.
 -79. -76. -75. -71. -71. -71. -68. -65. -61. -57. -51. -47. -37. -36.
 -36. -32. -30. -29. -29. -26. -26. -26. -23. -21. -20. -18. -18. -17.
 -17. -15. -12.  -9.  -7.  -5.  -5.  -4.   2.   2.   4.   5.   6.   7.
  10.  16.  17.  23.  24.  25.  25.  26.  27.  30.  32.  32.  33.  33.
  36.  36.  37.  39.  40.  42.  44.  47.  51.  51.  53.  56.  60.  61.
  70.  71.  73.  75.  79.  79.  81.  83.  84.  86.  91.  93.  93.  94.
  94.  95.][-100. -100.  -97.  -97.  -95.  -95.  -91.  -87.  -87.  -82.  -82.  -80.
  -72.  -71.  -71.  -65.  -61.  -56.  -56.  -56.  -55.  -52.  -50.  -50.
  -48.  -47.  -47.  -45.  -44.  -37.  -36.  -34.  -29.  -28.  -26.  -25.
  -24.  -18.  -16.  -14.  -13.  -11.  -10.   -8.   -6.   -1.    2.    3.
    6.    7.    7.    9.   10.   13.   14.   15.   19.   20.   22.   22.
   23.   23.   24.   24.   27.   29.   35.   35.   36.   37.   40.   43.
   47.   47.   49.   49.   51.   54.   58.   63.   64.   65.   66.   67.
   68.   68.   69.   69.   74.   75.   76.   77.   77.   80.   84.   86.
   87.   95.   99.  100.][-99. -98. -98. -96. -96. -92. -90. -90. -85. -85. -85. -82. -82. -81.
 -78. -77. -76. -74. -67. -61. -50. -49. -49. -39. -38. -37. -35. -34.
 -34. -29. -26. -26. -25. -22. -21. -20. -19. -16. -15. -14. -13. -12.
 -11.  -8.  -6.  -4.  -2.  -1.   0.   1.   2.   7.   9.  10.  14.  14.
  16.  17.  22.  24.  25.  25.  26.  27.  27.  30.  34.  34.  35.  35.
  36.  36.  38.  38.  38.  39.  42.  46.  47.  48.  48.  48.  52.  53.
  61.  61.  62.  67.  67.  73.  73.  75.  80.  84.  85.  86.  90.  94.
  97. 100.][-97. -96. -93. -91. -91. -90. -89. -89. -84. -83. -78. -76. -70. -68.
 -64. -59. -58. -54. -54. -52. -50. -48. -48. -47. -46. -45. -45. -42.
 -42. -39. -38. -38. -37. -31. -27. -26. -25. -25. -22. -21. -18. -15.
 -12. -11. -10.  -7.  -3.  -3.  -1.   1.   3.   4.   5.   6.   7.  10.
  12.  12.  12.  13.  15.  16.  17.  18.  26.  26.  35.  35.  37.  37.
  37.  39.  41.  43.  43.  47.  49.  49.  50.  53.  62.  65.  71.  74.
  76.  77.  77.  81.  82.  84.  85.  87.  87.  88.  90.  93.  94.  95.
  96.  98.][-100.  -97.  -96.  -96.  -93.  -89.  -84.  -83.  -80.  -77.  -76.  -75.
  -73.  -70.  -69.  -68.  -65.  -60.  -60.  -57.  -54.  -54.  -54.  -52.
  -52.  -52.  -49.  -43.  -42.  -41.  -41.  -41.  -40.  -38.  -35.  -33.
  -33.  -31.  -27.  -26.  -24.  -23.  -11.  -10.   -9.    1.    3.    5.
    9.   12.   14.   17.   19.   21.   21.   21.   25.   25.   26.   29.
   39.   40.   40.   41.   42.   44.   45.   45.   46.   47.   49.   50.
   55.   56.   61.   61.   62.   64.   65.   66.   67.   68.   72.   72.
   79.   80.   81.   82.   83.   86.   89.   90.   91.   91.   91.   91.
   97.   98.  100.  100.][-99. -98. -97. -95. -95. -95. -91. -90. -89. -88. -88. -88. -86. -86.
 -83. -83. -80. -79. -78. -76. -75. -74. -73. -73. -65. -54. -54. -54.
 -52. -48. -45. -37. -35. -34. -32. -31. -26. -26. -23. -22. -19. -18.
 -16. -16. -16. -15. -15. -13.  -9.  -4.  -3.  -1.   2.   6.   7.   8.
   9.  10.  15.  16.  17.  18.  19.  19.  20.  21.  23.  23.  27.  28.
  29.  29.  32.  34.  35.  40.  42.  43.  46.  47.  50.  50.  51.  51.
  58.  60.  61.  69.  71.  74.  77.  78.  79.  80.  83.  92.  94.  94.
  99. 100.][-100. -100.  -98.  -91.  -91.  -89.  -89.  -87.  -85.  -85.  -83.  -82.
  -81.  -81.  -78.  -76.  -72.  -71.  -71.  -66.  -66.  -66.  -65.  -65.
  -55.  -47.  -45.  -45.  -41.  -40.  -36.  -33.  -33.  -31.  -28.  -27.
  -25.  -24.  -23.  -19.  -17.  -17.  -16.  -16.  -14.  -14.  -13.   -8.
   -7.   -2.   -1.   -1.   -1.    3.    4.    8.    9.   10.   10.   15.
   15.   20.   21.   24.   24.   25.   26.   30.   30.   33.   35.   38.
   39.   41.   43.   48.   53.   53.   54.   54.   63.   64.   66.   68.
   69.   72.   76.   76.   79.   80.   84.   87.   91.   91.   96.   96.
   97.   97.  100.  100.][-100.  -98.  -94.  -94.  -93.  -86.  -86.  -84.  -84.  -78.  -74.  -73.
  -71.  -70.  -69.  -63.  -63.  -62.  -61.  -57.  -56.  -56.  -52.  -51.
  -49.  -49.  -40.  -39.  -38.  -37.  -29.  -27.  -24.  -21.  -20.  -14.
  -13.  -13.  -11.   -7.   -4.   -4.   -3.   -3.   -1.    0.    1.    2.
    3.    5.    5.    6.    8.    8.   11.   12.   13.   15.   17.   17.
   17.   22.   24.   28.   32.   35.   36.   37.   38.   39.   42.   42.
   43.   46.   51.   52.   52.   52.   53.   58.   61.   63.   64.   72.
   78.   79.   80.   80.   81.   83.   85.   86.   87.   88.   88.   89.
   96.   98.  100.  100.][-100. -100. -100.  -98.  -96.  -93.  -92.  -89.  -82.  -82.  -80.  -78.
  -77.  -77.  -76.  -75.  -75.  -74.  -72.  -71.  -66.  -65.  -63.  -62.
  -61.  -57.  -57.  -49.  -48.  -34.  -34.  -33.  -28.  -27.  -27.  -25.
  -22.  -22.  -21.  -20.  -18.  -12.  -12.  -11.   -7.   -5.    1.    2.
    2.    3.    8.    8.   13.   13.   15.   16.   18.   18.   20.   22.
   23.   26.   31.   33.   34.   34.   39.   39.   42.   45.   50.   51.
   52.   54.   56.   58.   61.   63.   63.   65.   65.   65.   66.   70.
   73.   80.   80.   81.   82.   84.   85.   87.   89.   91.   93.   94.
   95.   95.   97.   98.][-95. -94. -92. -89. -84. -83. -80. -76. -69. -67. -67. -66. -66. -61.
 -59. -57. -54. -53. -53. -46. -45. -35. -34. -28. -27. -27. -25. -17.
 -16. -15.  -9.  -5.  -4.  -3.   0.   1.   5.  13.  14.  15.  16.  19.
  20.  20.  21.  22.  23.  24.  26.  26.  26.  29.  30.  30.  31.  32.
  32.  34.  34.  34.  37.  38.  38.  39.  40.  42.  44.  45.  46.  46.
  52.  52.  52.  52.  53.  55.  57.  59.  61.  63.  69.  72.  72.  73.
  76.  77.  78.  78.  87.  87.  89.  92.  93.  94.  94.  95.  99.  99.
  99. 100.][-100.  -99.  -99.  -97.  -97.  -97.  -95.  -94.  -94.  -94.  -93.  -92.
  -90.  -87.  -87.  -84.  -83.  -74.  -70.  -70.  -70.  -68.  -66.  -61.
  -60.  -56.  -54.  -45.  -44.  -42.  -39.  -37.  -37.  -32.  -31.  -25.
  -25.  -18.  -16.  -13.  -12.  -12.  -11.  -10.   -9.   -9.   -1.   -1.
    1.    3.    4.    4.    5.    9.   15.   15.   18.   20.   22.   22.
   28.   33.   34.   38.   39.   39.   41.   44.   46.   46.   47.   48.
   49.   50.   53.   56.   56.   64.   64.   66.   68.   68.   69.   73.
   75.   80.   86.   87.   89.   92.   92.   93.   93.   94.   94.   96.
   96.   98.  100.  100.][-99. -96. -95. -94. -91. -90. -89. -88. -87. -86. -85. -81. -80. -80.
 -79. -76. -74. -71. -69. -65. -65. -65. -64. -58. -54. -54. -52. -52.
 -50. -47. -47. -44. -43. -42. -41. -38. -30. -29. -26. -25. -25. -24.
 -14. -12. -11. -10.  -7.  -4.  -1.   1.   1.   5.   9.  12.  14.  16.
  19.  19.  20.  20.  22.  23.  25.  28.  29.  34.  37.  39.  42.  42.
  49.  53.  60.  60.  62.  66.  71.  71.  72.  75.  75.  76.  78.  82.
  83.  83.  84.  85.  88.  90.  91.  94.  96.  97.  97.  99.  99. 100.
 100. 100.][-100.  -98.  -98.  -95.  -89.  -88.  -86.  -84.  -83.  -80.  -79.  -77.
  -75.  -74.  -73.  -69.  -68.  -64.  -63.  -63.  -61.  -55.  -53.  -52.
  -48.  -47.  -47.  -41.  -40.  -39.  -36.  -35.  -35.  -34.  -32.  -29.
  -28.  -27.  -23.  -22.  -22.  -21.  -20.  -17.  -16.  -15.   -7.   -1.
    3.    3.    8.    8.   12.   18.   19.   23.   24.   24.   28.   29.
   31.   34.   35.   36.   38.   38.   43.   48.   48.   49.   50.   50.
   51.   53.   54.   54.   55.   58.   59.   61.   61.   65.   67.   68.
   71.   75.   76.   77.   78.   79.   79.   79.   82.   85.   90.   97.
   97.   97.   97.   98.][-100. -100.  -98.  -98.  -93.  -92.  -82.  -77.  -75.  -73.  -70.  -70.
  -70.  -69.  -68.  -62.  -61.  -57.  -56.  -56.  -48.  -48.  -46.  -46.
  -42.  -40.  -39.  -39.  -38.  -38.  -38.  -37.  -37.  -32.  -29.  -29.
  -27.  -23.  -20.  -19.  -16.  -16.  -14.  -13.  -11.   -9.   -8.   -6.
   -2.   -2.   -1.    2.    7.    7.    8.    8.   12.   12.   13.   16.
   18.   19.   27.   29.   30.   32.   38.   41.   42.   44.   45.   47.
   52.   53.   53.   55.   55.   58.   61.   63.   66.   68.   72.   73.
   76.   77.   83.   84.   85.   86.   86.   88.   89.   89.   92.   92.
   95.   97.   97.   98.][-100. -100.  -95.  -95.  -93.  -92.  -89.  -88.  -86.  -85.  -83.  -81.
  -78.  -73.  -71.  -67.  -67.  -67.  -66.  -65.  -64.  -62.  -59.  -59.
  -59.  -54.  -53.  -50.  -50.  -47.  -41.  -40.  -39.  -35.  -27.  -26.
  -26.  -24.  -23.  -22.  -18.  -15.  -14.   -8.   -7.   -6.   -6.   -3.
   -3.   -2.    1.    6.    6.    8.    9.   12.   14.   16.   19.   20.
   21.   21.   23.   24.   24.   30.   31.   31.   33.   36.   41.   42.
   43.   44.   46.   47.   49.   52.   55.   55.   55.   57.   59.   60.
   62.   65.   67.   67.   71.   73.   76.   76.   79.   80.   84.   87.
   89.   90.   90.   97.][-98. -97. -97. -96. -94. -93. -90. -89. -89. -88. -87. -84. -80. -75.
 -72. -71. -71. -64. -62. -59. -57. -56. -52. -51. -50. -46. -45. -45.
 -44. -43. -41. -29. -24. -22. -22. -22. -20. -20. -10.  -9.  -7.  -6.
  -6.  -4.   3.   4.   4.   5.   6.   9.  10.  13.  14.  15.  16.  16.
  16.  17.  20.  21.  22.  22.  23.  24.  24.  25.  33.  34.  34.  37.
  38.  39.  42.  42.  43.  46.  50.  54.  55.  55.  55.  62.  62.  64.
  66.  66.  70.  76.  76.  77.  80.  83.  84.  88.  88.  93.  94.  98.
  98.  99.][-100. -100.  -99.  -99.  -96.  -92.  -91.  -90.  -88.  -86.  -83.  -82.
  -82.  -81.  -78.  -78.  -75.  -67.  -57.  -56.  -49.  -48.  -48.  -45.
  -42.  -42.  -41.  -38.  -37.  -36.  -36.  -35.  -34.  -31.  -31.  -31.
  -27.  -24.  -23.  -20.  -19.  -17.  -15.   -4.   -3.    2.    3.    3.
    4.    7.    8.   11.   13.   14.   16.   18.   23.   23.   23.   27.
   28.   28.   30.   30.   33.   43.   44.   44.   48.   49.   49.   50.
   53.   57.   58.   61.   63.   64.   68.   72.   75.   79.   80.   82.
   82.   84.   85.   86.   89.   90.   90.   91.   91.   91.   93.   93.
   94.   95.   96.   99.][-97. -90. -87. -86. -85. -84. -82. -79. -74. -72. -71. -70. -68. -62.
 -62. -60. -59. -57. -56. -56. -54. -49. -48. -46. -43. -40. -39. -37.
 -36. -31. -30. -28. -23. -22. -20. -20. -20. -19. -18. -18. -16. -14.
 -13. -12. -12.  -7.  -3.  -3.  -1.   0.   2.   3.   4.   4.   5.   6.
   6.   6.  13.  13.  14.  17.  22.  26.  34.  37.  39.  39.  42.  43.
  43.  43.  44.  46.  49.  52.  55.  55.  56.  59.  59.  62.  67.  68.
  69.  70.  72.  78.  79.  79.  81.  82.  87.  88.  90.  93.  94.  95.
  99.  99.][-100.  -98.  -95.  -94.  -92.  -90.  -89.  -82.  -82.  -81.  -79.  -78.
  -78.  -78.  -76.  -72.  -67.  -63.  -63.  -62.  -62.  -60.  -58.  -58.
  -58.  -57.  -55.  -53.  -53.  -49.  -48.  -42.  -40.  -39.  -39.  -38.
  -36.  -33.  -29.  -28.  -28.  -26.  -20.  -18.  -17.  -15.   -8.   -8.
   -8.   -6.   -2.   -1.    1.    5.    6.    6.   11.   15.   16.   17.
   17.   22.   23.   24.   24.   29.   30.   35.   37.   39.   44.   46.
   50.   51.   51.   53.   53.   54.   56.   56.   58.   59.   67.   69.
   71.   75.   75.   76.   79.   84.   84.   87.   89.   93.   95.   95.
   97.   98.   98.   99.][-99. -98. -97. -96. -95. -91. -89. -89. -82. -80. -73. -73. -73. -71.
 -71. -70. -66. -65. -57. -56. -53. -51. -49. -46. -45. -39. -38. -36.
 -35. -33. -30. -30. -27. -27. -26. -25. -22. -16. -11. -11.  -4.  -4.
  -4.  -3.  -2.  -1.   2.   2.   7.   7.  10.  10.  11.  12.  13.  18.
  20.  24.  24.  27.  30.  30.  36.  37.  38.  39.  41.  44.  45.  49.
  50.  52.  56.  57.  60.  64.  65.  65.  69.  72.  74.  74.  75.  76.
  78.  80.  80.  82.  82.  83.  83.  87.  89.  90.  90.  92.  94.  94.
  99. 100.][-98. -98. -96. -95. -90. -89. -87. -82. -82. -75. -71. -67. -64. -62.
 -56. -55. -49. -49. -47. -36. -36. -34. -34. -33. -32. -31. -31. -31.
 -30. -29. -29. -28. -26. -25. -25. -22. -20. -17. -17. -13. -12.  -8.
  -4.  -3.   1.   3.   6.   7.   8.   8.  11.  12.  16.  17.  18.  19.
  20.  25.  29.  29.  30.  35.  35.  35.  36.  38.  40.  40.  42.  45.
  48.  50.  50.  52.  52.  54.  54.  57.  57.  58.  58.  59.  60.  62.
  66.  71.  75.  76.  78.  83.  83.  84.  84.  86.  87.  89.  89.  91.
  91.  93.][-100. -100.  -98.  -98.  -98.  -96.  -93.  -92.  -87.  -82.  -81.  -79.
  -79.  -78.  -76.  -76.  -75.  -74.  -69.  -66.  -65.  -64.  -60.  -60.
  -57.  -55.  -53.  -50.  -47.  -42.  -32.  -28.  -27.  -25.  -21.  -21.
  -18.  -15.  -14.  -13.  -11.   -9.   -9.   -9.   -6.   -6.   -6.    0.
    1.    2.    7.    9.    9.    9.   11.   12.   13.   14.   22.   23.
   26.   26.   31.   32.   33.   38.   38.   44.   47.   47.   51.   53.
   54.   65.   67.   71.   78.   78.   78.   78.   79.   81.   81.   82.
   83.   85.   88.   89.   90.   91.   92.   92.   93.   95.   95.   96.
   97.   98.   99.  100.][-99. -96. -95. -95. -91. -89. -88. -86. -84. -81. -80. -77. -77. -72.
 -70. -69. -69. -66. -65. -64. -64. -62. -53. -50. -49. -49. -45. -45.
 -43. -38. -36. -35. -35. -32. -31. -30. -28. -28. -27. -26. -23. -21.
 -16. -16. -14. -12.  -4.  -3.  -1.   0.   3.   3.   4.   8.   8.  12.
  12.  15.  19.  21.  22.  24.  25.  25.  26.  28.  28.  29.  30.  32.
  34.  35.  38.  38.  38.  39.  39.  39.  46.  47.  50.  51.  52.  52.
  57.  57.  58.  59.  60.  67.  73.  76.  80.  80.  83.  87.  87.  88.
  90.  99.][-100.  -98.  -93.  -91.  -88.  -87.  -86.  -84.  -78.  -77.  -75.  -72.
  -71.  -66.  -64.  -62.  -62.  -58.  -57.  -54.  -48.  -44.  -43.  -41.
  -40.  -40.  -37.  -36.  -35.  -34.  -34.  -31.  -31.  -29.  -21.  -17.
  -17.  -12.  -11.   -3.   -3.   -2.    0.    1.    7.    7.    8.    8.
    9.    9.   10.   12.   13.   17.   18.   21.   27.   28.   32.   32.
   39.   39.   39.   41.   41.   41.   42.   42.   43.   44.   48.   49.
   49.   51.   52.   54.   54.   55.   56.   59.   61.   65.   65.   69.
   70.   70.   71.   75.   78.   79.   82.   83.   83.   84.   89.   90.
   97.   99.  100.  100.][-100. -100.  -99.  -98.  -98.  -97.  -92.  -92.  -87.  -84.  -82.  -75.
  -67.  -62.  -62.  -62.  -60.  -60.  -58.  -57.  -56.  -55.  -53.  -53.
  -51.  -50.  -47.  -45.  -44.  -42.  -42.  -41.  -41.  -39.  -39.  -34.
  -34.  -33.  -31.  -27.  -27.  -23.  -22.  -22.  -18.  -17.  -17.  -17.
  -15.  -14.  -10.   -9.   -9.   -7.   -5.    0.    1.    6.    7.    8.
    9.   12.   13.   15.   17.   18.   19.   20.   20.   23.   24.   29.
   35.   35.   38.   38.   42.   43.   44.   45.   50.   57.   59.   62.
   64.   71.   71.   72.   73.   78.   81.   83.   83.   85.   86.   87.
   89.   91.   96.   99.][-98. -98. -98. -97. -93. -89. -89. -88. -86. -86. -85. -84. -84. -82.
 -81. -77. -74. -73. -70. -69. -68. -67. -64. -64. -64. -61. -59. -58.
 -57. -55. -55. -55. -52. -49. -37. -36. -34. -31. -30. -26. -25. -21.
 -10. -10. -10.  -8.  -6.  -5.  -5.  -4.  -2.   0.   0.   2.   2.   3.
   4.   5.   7.   7.   9.  10.  11.  11.  12.  12.  16.  21.  23.  24.
  24.  26.  27.  36.  36.  38.  39.  39.  40.  41.  42.  46.  47.  49.
  52.  53.  56.  59.  61.  62.  63.  69.  72.  84.  85.  85.  87.  91.
  93.  97.][-100.  -99.  -97.  -96.  -92.  -89.  -86.  -80.  -79.  -79.  -75.  -74.
  -71.  -70.  -69.  -67.  -64.  -54.  -54.  -53.  -50.  -46.  -44.  -40.
  -34.  -32.  -27.  -25.  -24.  -24.  -23.  -22.  -22.  -20.  -20.  -18.
  -18.  -14.  -12.  -12.  -10.   -5.   -3.   -3.   -3.   -3.   -2.    4.
    8.    8.    9.   11.   13.   14.   18.   19.   22.   27.   28.   29.
   29.   30.   32.   33.   33.   33.   34.   36.   36.   38.   41.   41.
   47.   49.   52.   55.   57.   57.   58.   59.   62.   63.   66.   69.
   74.   76.   76.   79.   80.   80.   83.   85.   85.   86.   88.   91.
   91.   92.   93.   98.][-100. -100.  -99.  -98.  -97.  -97.  -96.  -94.  -94.  -90.  -89.  -85.
  -83.  -75.  -74.  -66.  -59.  -58.  -58.  -54.  -54.  -53.  -42.  -41.
  -39.  -36.  -33.  -31.  -30.  -29.  -25.  -24.  -23.  -23.  -22.  -17.
  -16.  -13.  -12.  -10.   -8.   -3.    1.    1.    2.    5.    6.    9.
   10.   10.   13.   15.   15.   15.   17.   22.   23.   23.   26.   28.
   33.   33.   34.   36.   37.   38.   41.   42.   43.   44.   47.   48.
   49.   49.   54.   55.   56.   56.   61.   61.   64.   65.   67.   68.
   70.   71.   72.   75.   75.   76.   78.   78.   79.   83.   85.   87.
   87.   89.   98.   98.][-99. -97. -94. -91. -83. -81. -80. -78. -77. -69. -60. -58. -55. -54.
 -47. -44. -39. -38. -34. -32. -32. -32. -28. -28. -24. -24. -23. -21.
 -15. -13. -12.  -8.  -6.  -6.  -1.   4.   4.   6.  11.  11.  12.  12.
  13.  13.  15.  16.  16.  17.  22.  27.  29.  29.  30.  31.  32.  33.
  34.  34.  35.  35.  36.  37.  39.  39.  39.  40.  40.  43.  49.  50.
  50.  50.  52.  53.  53.  56.  61.  62.  65.  68.  68.  68.  70.  72.
  75.  75.  75.  76.  77.  81.  81.  83.  85.  88.  89.  90.  90.  92.
  92.  97.][-100.  -97.  -97.  -96.  -94.  -91.  -89.  -86.  -84.  -83.  -78.  -76.
  -73.  -72.  -71.  -71.  -71.  -67.  -66.  -64.  -64.  -64.  -55.  -50.
  -48.  -47.  -46.  -43.  -43.  -42.  -37.  -36.  -34.  -34.  -34.  -27.
  -26.  -23.  -23.  -17.  -15.  -15.  -14.  -12.  -12.   -8.   -3.   -3.
    3.    7.    9.   12.   12.   14.   16.   17.   18.   21.   21.   21.
   22.   23.   23.   26.   27.   34.   35.   36.   37.   42.   48.   51.
   55.   55.   60.   64.   64.   65.   65.   65.   68.   70.   72.   77.
   79.   81.   81.   81.   82.   83.   83.   83.   85.   85.   85.   86.
   89.   91.   99.   99.][-95. -93. -91. -90. -90. -86. -77. -74. -74. -73. -73. -71. -70. -65.
 -60. -59. -56. -52. -51. -46. -45. -45. -43. -42. -40. -38. -37. -37.
 -35. -31. -30. -28. -26. -26. -22. -20. -18. -16. -15. -15. -11.  -5.
  -5.  -3.  -2.   0.   1.   2.   2.   4.   5.   6.   7.   8.   9.  11.
  12.  16.  17.  19.  20.  21.  21.  27.  29.  30.  31.  35.  41.  42.
  44.  44.  46.  47.  52.  55.  57.  57.  59.  65.  66.  68.  70.  71.
  72.  75.  75.  77.  77.  78.  81.  86.  92.  93.  94.  95.  95.  96.
  96.  97.][-100.  -99.  -95.  -94.  -92.  -88.  -87.  -83.  -74.  -73.  -72.  -72.
  -70.  -68.  -68.  -67.  -65.  -63.  -56.  -54.  -53.  -49.  -48.  -46.
  -44.  -44.  -40.  -40.  -38.  -36.  -35.  -34.  -26.  -19.  -18.  -12.
  -11.   -9.   -4.    2.    3.    5.    5.    6.    6.   10.   10.   16.
   17.   18.   21.   24.   24.   25.   25.   30.   32.   32.   32.   35.
   35.   37.   38.   39.   39.   40.   40.   40.   41.   44.   44.   46.
   47.   51.   52.   53.   54.   57.   57.   61.   64.   67.   67.   69.
   70.   70.   71.   73.   74.   74.   74.   77.   78.   84.   84.   87.
   89.   90.   93.   99.][-98. -95. -95. -92. -87. -86. -82. -81. -81. -76. -76. -75. -74. -71.
 -70. -70. -67. -66. -65. -65. -63. -63. -61. -60. -58. -53. -52. -51.
 -50. -46. -42. -41. -37. -34. -33. -29. -29. -28. -28. -27. -26. -24.
 -18. -12. -11.  -6.  -5.  -4.  -1.  -1.   1.   9.  12.  12.  14.  20.
  22.  23.  24.  25.  25.  26.  27.  30.  31.  31.  32.  39.  40.  43.
  45.  51.  52.  53.  56.  56.  57.  58.  61.  62.  64.  69.  71.  73.
  74.  75.  76.  76.  78.  87.  89.  90.  93.  93.  93.  94.  94.  97.
  99.  99.][-99. -98. -96. -96. -91. -91. -91. -89. -88. -88. -84. -84. -83. -83.
 -77. -69. -68. -68. -67. -67. -67. -67. -64. -59. -59. -57. -55. -54.
 -53. -52. -51. -51. -49. -47. -47. -44. -44. -42. -41. -36. -33. -33.
 -31. -29. -24. -24. -23. -22. -17. -15. -11.  -8.  -5.  -2.   0.   5.
   8.  12.  13.  14.  14.  15.  17.  18.  19.  20.  25.  32.  33.  35.
  36.  38.  40.  41.  41.  47.  47.  50.  50.  52.  54.  57.  59.  61.
  62.  64.  64.  66.  67.  70.  75.  87.  88.  88.  89.  97.  97.  98.
  99. 100.][-99. -94. -93. -89. -87. -85. -84. -83. -82. -77. -76. -75. -70. -64.
 -64. -60. -52. -52. -49. -48. -45. -41. -41. -36. -35. -35. -35. -34.
 -31. -26. -26. -26. -26. -23. -14. -13. -12. -12. -12. -12.  -6.  -5.
  -4.  -4.  -3.  -2.  -2.  -1.   1.   3.  12.  13.  14.  15.  15.  15.
  19.  21.  24.  24.  25.  25.  25.  32.  35.  35.  35.  38.  42.  48.
  51.  51.  53.  58.  58.  58.  59.  61.  63.  65.  70.  70.  71.  73.
  78.  80.  81.  82.  84.  85.  85.  85.  87.  88.  89.  90.  94.  95.
  95.  97.][-99. -97. -97. -96. -95. -91. -87. -85. -82. -82. -77. -76. -74. -70.
 -67. -66. -65. -64. -63. -62. -59. -59. -57. -56. -55. -55. -54. -51.
 -49. -45. -43. -41. -39. -36. -36. -32. -32. -31. -31. -30. -29. -29.
 -28. -27. -27. -26. -25. -25. -25. -22. -21. -19. -13. -11.  -9.  -3.
   1.   2.   2.   2.   8.  14.  16.  18.  22.  22.  23.  25.  25.  32.
  34.  35.  38.  39.  39.  44.  50.  50.  50.  52.  53.  54.  54.  56.
  60.  61.  63.  66.  69.  74.  75.  78.  80.  80.  84.  86.  92.  93.
  94.  94.][-100. -100.  -99.  -94.  -93.  -92.  -92.  -91.  -88.  -86.  -84.  -82.
  -82.  -81.  -80.  -79.  -77.  -76.  -74.  -72.  -69.  -69.  -68.  -67.
  -67.  -66.  -64.  -63.  -61.  -61.  -61.  -60.  -57.  -57.  -54.  -54.
  -46.  -44.  -44.  -41.  -39.  -36.  -36.  -31.  -28.  -27.  -26.  -24.
  -23.  -18.  -17.  -15.  -13.  -13.  -13.   -8.   -7.   -6.   -4.   -3.
   -2.    0.    4.    7.   15.   16.   19.   22.   23.   29.   32.   33.
   34.   35.   37.   39.   39.   41.   46.   49.   50.   51.   51.   54.
   55.   55.   56.   59.   60.   62.   72.   78.   80.   85.   88.   96.
   97.   98.   99.  100.][-100.  -93.  -91.  -91.  -86.  -83.  -82.  -82.  -81.  -80.  -78.  -78.
  -77.  -76.  -74.  -73.  -73.  -73.  -73.  -71.  -69.  -68.  -68.  -66.
  -65.  -57.  -55.  -55.  -49.  -47.  -46.  -45.  -44.  -43.  -35.  -33.
  -31.  -31.  -28.  -28.  -27.  -25.  -24.  -18.  -12.   -9.   -8.   -4.
   -2.   -1.   -1.   -1.   -1.    3.    4.   12.   14.   19.   21.   25.
   26.   26.   29.   32.   34.   38.   39.   40.   41.   41.   44.   45.
   49.   52.   53.   57.   57.   58.   59.   60.   60.   61.   68.   71.
   71.   71.   74.   77.   78.   82.   82.   83.   83.   83.   84.   84.
   86.   87.   89.   94.]