[-98. -97. -97. -93. -88. -88. -87. -84. -84. -83. -83. -82. -80. -80.
 -76. -75. -74. -70. -69. -64. -58. -55. -44. -43. -43. -39. -38. -38.
 -38. -37. -32. -31. -29. -26. -25. -24. -23. -20. -18. -17. -15. -15.
 -12. -10.  -4.  -4.  -3.  -2.   0.   4.   6.   6.   7.   9.  10.  11.
  12.  13.  13.  22.  22.  22.  26.  29.  31.  33.  34.  34.  35.  38.
  38.  39.  43.  44.  46.  46.  53.  58.  59.  60.  67.  67.  69.  69.
  72.  72.  73.  76.  78.  83.  84.  86.  86.  86.  88.  88.  90.  94.
  96.  99.][-99. -88. -87. -87. -85. -85. -85. -84. -84. -74. -73. -70. -68. -68.
 -65. -65. -63. -61. -60. -60. -60. -58. -57. -56. -56. -56. -53. -49.
 -45. -45. -40. -38. -37. -37. -34. -33. -30. -28. -23. -22. -22. -21.
 -17. -15. -10. -10.  -8.  -7.  -1.  -1.   2.   5.   5.   7.   9.   9.
  11.  12.  14.  15.  15.  16.  17.  21.  30.  32.  33.  33.  36.  36.
  39.  39.  40.  41.  41.  43.  43.  45.  47.  48.  48.  50.  52.  58.
  58.  61.  61.  63.  67.  67.  70.  84.  90.  91.  95.  96.  98.  98.
  99.  99.][-98. -97. -97. -92. -90. -87. -86. -83. -82. -76. -76. -75. -74. -72.
 -67. -66. -66. -62. -61. -52. -51. -51. -49. -48. -48. -47. -45. -44.
 -42. -42. -40. -39. -32. -29. -29. -26. -26. -22. -19. -17. -16. -15.
 -15. -13.  -5.  -5.  -3.  -2.   0.   3.  11.  12.  14.  17.  18.  18.
  20.  20.  24.  29.  32.  32.  34.  36.  40.  40.  42.  43.  45.  46.
  47.  48.  49.  50.  50.  52.  53.  55.  57.  58.  58.  59.  62.  63.
  64.  64.  64.  64.  69.  69.  70.  71.  79.  81.  81.  82.  87.  94.
  95.  96.][-92. -92. -91. -90. -90. -88. -86. -86. -84. -83. -83. -82. -82. -82.
 -77. -74. -67. -58. -55. -53. -52. -51. -51. -50. -49. -47. -44. -44.
 -43. -42. -35. -34. -33. -29. -25. -25. -24. -15. -14. -13.  -9.  -8.
  -7.  -7.  -7.  -6.  -3.  -2.   2.   3.   5.   7.   9.  12.  14.  14.
  15.  16.  17.  20.  20.  21.  25.  25.  27.  27.  28.  28.  31.  32.
  32.  35.  37.  37.  39.  41.  42.  44.  46.  52.  54.  56.  57.  58.
  59.  61.  63.  63.  64.  71.  71.  72.  78.  80.  81.  86.  94.  96.
  98.  98.][-95. -95. -93. -93. -90. -88. -87. -86. -85. -81. -80. -76. -72. -71.
 -71. -70. -69. -66. -65. -65. -64. -59. -57. -52. -51. -51. -50. -47.
 -43. -43. -43. -40. -38. -36. -35. -35. -32. -30. -27. -26. -24. -21.
 -17. -13. -12. -12. -10.  -8.  -6.  -5.  -5.   5.   6.   6.   7.  10.
  14.  17.  20.  22.  22.  22.  22.  22.  23.  23.  24.  26.  26.  30.
  32.  33.  42.  45.  46.  46.  48.  54.  63.  64.  64.  67.  69.  69.
  73.  73.  73.  79.  80.  80.  81.  81.  83.  84.  85.  88.  88.  89.
  92.  99.][-95. -87. -85. -85. -77. -75. -71. -68. -66. -66. -60. -60. -59. -59.
 -48. -45. -44. -44. -43. -42. -40. -39. -39. -37. -36. -34. -32. -29.
 -27. -26. -18. -14. -13. -13. -10.  -8.  -3.  -2.   0.   2.   2.   3.
   5.   8.  10.  13.  21.  22.  25.  30.  32.  34.  34.  35.  36.  41.
  41.  42.  42.  43.  44.  44.  45.  46.  48.  51.  51.  51.  54.  57.
  61.  64.  64.  68.  70.  71.  72.  78.  78.  78.  79.  79.  79.  84.
  84.  86.  88.  89.  89.  90.  90.  90.  91.  92.  93.  95.  96.  96.
  99.  99.][-99. -99. -98. -94. -94. -92. -89. -82. -81. -80. -79. -79. -78. -76.
 -75. -72. -72. -67. -66. -65. -64. -63. -61. -60. -58. -57. -57. -54.
 -52. -50. -49. -46. -40. -39. -35. -34. -34. -33. -33. -29. -24. -21.
 -21. -18. -15. -13. -13. -10.  -8.  -2.  -2.   0.   0.   1.   2.   3.
   3.   6.   9.  13.  13.  13.  14.  15.  21.  25.  26.  26.  28.  31.
  32.  34.  36.  37.  39.  39.  41.  42.  44.  45.  63.  63.  68.  69.
  69.  76.  76.  79.  81.  83.  85.  90.  91.  92.  93.  94.  95.  96.
  98. 100.][-100.  -99.  -96.  -96.  -94.  -94.  -93.  -90.  -87.  -87.  -85.  -85.
  -83.  -82.  -81.  -78.  -78.  -77.  -75.  -75.  -74.  -74.  -72.  -71.
  -69.  -69.  -68.  -68.  -68.  -65.  -65.  -60.  -60.  -59.  -57.  -53.
  -53.  -53.  -49.  -49.  -45.  -44.  -44.  -42.  -41.  -33.  -30.  -30.
  -30.  -30.  -20.  -20.  -17.  -17.  -14.  -14.   -7.    2.    3.    4.
   12.   14.   16.   16.   23.   28.   32.   35.   36.   38.   39.   41.
   43.   46.   47.   49.   50.   50.   53.   58.   59.   60.   62.   63.
   69.   69.   71.   71.   73.   78.   78.   81.   87.   88.   91.   93.
   96.   98.   99.  100.][-100.  -99.  -98.  -92.  -87.  -86.  -85.  -84.  -83.  -81.  -81.  -80.
  -79.  -77.  -77.  -70.  -68.  -67.  -63.  -63.  -62.  -60.  -60.  -59.
  -53.  -50.  -43.  -40.  -38.  -38.  -37.  -32.  -30.  -30.  -30.  -28.
  -27.  -25.  -22.  -21.  -19.  -16.  -12.  -11.  -10.   -9.   -6.   -5.
   -4.   -4.   -2.    7.    9.   11.   12.   12.   15.   16.   18.   20.
   26.   28.   29.   30.   30.   33.   34.   37.   37.   39.   41.   41.
   42.   49.   52.   53.   55.   55.   62.   63.   66.   68.   69.   69.
   76.   77.   77.   79.   81.   84.   85.   86.   87.   88.   92.   92.
   95.   96.  100.  100.][-100.  -99.  -98.  -98.  -98.  -96.  -92.  -88.  -88.  -87.  -84.  -83.
  -82.  -77.  -76.  -75.  -72.  -70.  -63.  -63.  -62.  -61.  -52.  -52.
  -50.  -49.  -47.  -43.  -41.  -40.  -30.  -29.  -28.  -26.  -23.  -20.
  -19.  -17.  -14.  -13.  -11.  -11.  -10.   -8.   -7.   -2.   -1.    2.
    2.    4.    6.    7.    9.   12.   12.   15.   17.   21.   24.   24.
   34.   34.   35.   39.   41.   43.   43.   44.   49.   52.   52.   52.
   54.   54.   54.   56.   59.   62.   64.   67.   67.   72.   72.   73.
   75.   77.   82.   85.   85.   86.   88.   89.   91.   93.   94.   94.
   95.   99.   99.  100.][-97. -95. -95. -88. -88. -87. -82. -81. -78. -77. -73. -72. -71. -69.
 -63. -61. -59. -59. -59. -57. -57. -57. -56. -52. -46. -45. -43. -38.
 -36. -31. -27. -20. -19. -17. -17. -16. -15. -13. -13. -13. -11. -11.
  -7.  -3.  -3.   1.   2.   3.   4.   6.  11.  12.  13.  14.  14.  19.
  22.  23.  24.  25.  26.  28.  29.  29.  29.  31.  32.  36.  37.  39.
  40.  40.  40.  42.  42.  42.  44.  45.  48.  49.  51.  57.  58.  60.
  63.  66.  69.  70.  70.  71.  74.  76.  79.  80.  86.  91.  92.  96.
  99. 100.][-96. -94. -87. -87. -82. -78. -76. -68. -64. -63. -62. -62. -61. -60.
 -59. -58. -54. -52. -50. -50. -48. -45. -45. -43. -41. -40. -38. -36.
 -35. -35. -29. -26. -24. -21. -20. -20. -19. -13. -11. -11.  -7.  -5.
  -3.  -2.   2.   3.   3.   5.   7.   9.   9.   9.  11.  11.  12.  13.
  17.  22.  22.  31.  33.  34.  34.  35.  38.  41.  43.  44.  45.  47.
  47.  49.  49.  51.  55.  56.  57.  61.  62.  64.  64.  65.  65.  68.
  71.  72.  73.  75.  76.  76.  79.  82.  83.  83.  86.  88.  91.  95.
  97.  97.][-100.  -99.  -98.  -96.  -93.  -92.  -91.  -89.  -88.  -87.  -80.  -80.
  -79.  -72.  -60.  -56.  -54.  -49.  -48.  -46.  -45.  -43.  -42.  -41.
  -41.  -40.  -38.  -38.  -37.  -37.  -35.  -35.  -34.  -32.  -31.  -31.
  -27.  -22.  -21.  -19.  -17.  -17.  -14.  -14.  -13.  -12.  -11.   -9.
   -3.    6.    6.    7.    9.   15.   28.   29.   30.   30.   34.   36.
   36.   36.   37.   37.   42.   42.   45.   45.   49.   50.   50.   55.
   55.   56.   56.   60.   60.   61.   64.   68.   68.   69.   69.   70.
   72.   73.   77.   77.   78.   79.   81.   88.   89.   89.   92.   94.
   95.   95.   98.  100.][-100.  -99.  -98.  -97.  -96.  -89.  -85.  -83.  -80.  -79.  -78.  -77.
  -76.  -75.  -69.  -68.  -67.  -66.  -65.  -64.  -62.  -62.  -61.  -60.
  -59.  -54.  -53.  -53.  -52.  -51.  -50.  -48.  -45.  -40.  -38.  -35.
  -34.  -33.  -29.  -27.  -26.  -25.  -22.  -21.  -18.  -15.  -14.  -11.
   -9.   -7.   -7.   -7.   -6.   -5.   -5.   -4.   -2.    2.    6.    8.
   19.   19.   20.   20.   21.   24.   24.   25.   25.   26.   28.   29.
   31.   37.   37.   37.   38.   50.   57.   58.   64.   65.   66.   66.
   66.   72.   73.   73.   74.   75.   76.   77.   77.   78.   81.   88.
   91.   97.   97.   99.][-99. -96. -95. -93. -92. -91. -90. -89. -88. -87. -87. -85. -83. -82.
 -80. -79. -77. -73. -72. -64. -60. -56. -56. -55. -52. -52. -47. -47.
 -42. -38. -34. -34. -27. -27. -26. -26. -19. -18. -15. -15. -13. -13.
 -11. -11. -10.  -9.  -6.  -4.  -1.  -1.   1.   5.  11.  12.  13.  14.
  15.  20.  22.  23.  23.  26.  28.  29.  29.  31.  32.  36.  36.  44.
  44.  46.  46.  51.  51.  56.  63.  63.  64.  65.  70.  71.  71.  71.
  74.  74.  75.  76.  80.  80.  80.  83.  83.  84.  87.  88.  94.  95.
  97.  98.][-98. -97. -92. -87. -83. -82. -81. -79. -76. -75. -75. -74. -72. -71.
 -64. -63. -60. -60. -58. -54. -53. -52. -51. -50. -50. -49. -48. -48.
 -45. -45. -44. -44. -38. -36. -33. -33. -30. -29. -28. -28. -24. -24.
 -23. -21. -20. -18. -17. -17. -14.  -3.  -1.   4.   5.   6.   6.   7.
  10.  11.  11.  13.  18.  20.  21.  24.  26.  29.  29.  31.  32.  34.
  40.  40.  41.  42.  52.  53.  53.  55.  56.  57.  59.  63.  66.  67.
  73.  76.  77.  78.  83.  88.  89.  89.  90.  93.  94.  95.  96.  97.
 100. 100.][-100.  -96.  -94.  -90.  -90.  -88.  -86.  -81.  -79.  -75.  -72.  -71.
  -70.  -69.  -67.  -66.  -66.  -65.  -64.  -64.  -58.  -57.  -50.  -50.
  -47.  -46.  -43.  -42.  -40.  -38.  -35.  -33.  -32.  -28.  -26.  -23.
  -23.  -21.  -21.  -13.  -12.  -12.  -12.  -11.  -11.  -10.   -4.    1.
    2.    2.    2.    3.    4.    9.    9.   11.   13.   15.   16.   17.
   18.   21.   27.   29.   30.   35.   35.   36.   38.   42.   43.   43.
   44.   44.   47.   48.   48.   50.   53.   55.   59.   59.   63.   65.
   66.   66.   68.   72.   72.   73.   79.   87.   87.   87.   88.   89.
   93.   96.   97.   98.][-99. -99. -96. -96. -95. -93. -90. -86. -85. -85. -85. -83. -81. -80.
 -79. -77. -76. -75. -75. -73. -69. -69. -68. -65. -65. -59. -57. -57.
 -57. -56. -56. -55. -53. -53. -51. -44. -43. -38. -36. -35. -34. -33.
 -32. -28. -27. -24. -20. -16.  -1.  -1.   1.   2.   3.   8.  11.  19.
  19.  22.  23.  24.  26.  27.  27.  29.  32.  34.  36.  36.  39.  41.
  42.  43.  44.  45.  45.  49.  49.  51.  53.  55.  55.  59.  60.  64.
  66.  72.  77.  77.  78.  78.  84.  87.  90.  91.  92.  92.  94.  95.
  97.  98.][-94. -94. -92. -91. -90. -89. -83. -83. -80. -78. -75. -74. -70. -68.
 -66. -62. -62. -60. -60. -58. -57. -53. -53. -45. -44. -43. -41. -36.
 -35. -35. -33. -32. -31. -30. -29. -25. -24. -17. -14. -12. -11. -10.
 -10.  -8.  -5.  -3.  -3.  -2.  -1.  -1.  -1.   2.   4.   5.   6.   7.
   8.   8.   8.  10.  11.  13.  22.  25.  29.  30.  30.  33.  38.  40.
  42.  43.  44.  46.  49.  51.  56.  58.  59.  63.  66.  67.  68.  74.
  75.  77.  78.  78.  80.  80.  81.  81.  82.  85.  86.  87.  89.  90.
  97.  99.][-99. -95. -93. -92. -91. -90. -89. -89. -88. -87. -84. -83. -83. -81.
 -75. -73. -73. -71. -70. -70. -70. -69. -68. -67. -67. -60. -60. -58.
 -57. -56. -56. -53. -52. -49. -48. -45. -45. -43. -37. -33. -32. -32.
 -30. -29. -28. -24. -22. -21. -18. -17. -12.  -8.  -4.  -2.   0.   2.
   5.   5.   9.  10.  10.  12.  15.  16.  18.  20.  23.  24.  24.  26.
  28.  30.  31.  33.  34.  37.  42.  46.  46.  49.  53.  56.  56.  61.
  62.  70.  72.  75.  76.  76.  76.  81.  84.  88.  93.  93.  96.  97.
  98.  99.][-100.  -98.  -97.  -95.  -94.  -93.  -92.  -91.  -89.  -89.  -77.  -76.
  -74.  -70.  -69.  -66.  -66.  -63.  -62.  -60.  -60.  -53.  -49.  -48.
  -47.  -46.  -44.  -42.  -41.  -41.  -40.  -37.  -36.  -36.  -34.  -24.
  -23.  -22.  -21.  -14.  -13.  -11.   -9.   -2.    0.    2.    4.    5.
    6.    6.    9.   11.   12.   17.   17.   18.   18.   18.   22.   25.
   30.   31.   32.   32.   39.   39.   42.   43.   43.   48.   51.   54.
   56.   56.   57.   58.   58.   60.   62.   64.   66.   66.   67.   70.
   73.   76.   76.   77.   78.   79.   80.   84.   86.   90.   92.   92.
   93.   93.   94.   99.][-100.  -97.  -96.  -96.  -92.  -92.  -91.  -90.  -90.  -89.  -88.  -87.
  -83.  -83.  -81.  -81.  -80.  -79.  -79.  -77.  -72.  -68.  -65.  -64.
  -64.  -63.  -58.  -56.  -55.  -54.  -46.  -45.  -44.  -44.  -44.  -43.
  -42.  -41.  -39.  -35.  -34.  -33.  -28.  -28.  -27.  -24.  -23.  -23.
  -14.  -12.   -7.   -4.   -4.   -3.   -1.    0.    1.    2.   17.   20.
   21.   24.   29.   37.   47.   48.   48.   49.   52.   57.   59.   63.
   64.   66.   66.   66.   67.   68.   68.   72.   73.   74.   74.   76.
   76.   77.   79.   80.   81.   82.   82.   85.   90.   90.   91.   92.
   92.   93.   97.   98.][-100.  -98.  -98.  -93.  -89.  -89.  -88.  -86.  -86.  -84.  -79.  -73.
  -69.  -69.  -65.  -63.  -61.  -60.  -59.  -59.  -58.  -53.  -53.  -53.
  -53.  -48.  -48.  -42.  -41.  -40.  -39.  -38.  -38.  -38.  -34.  -32.
  -31.  -29.  -28.  -27.  -25.  -24.  -19.  -18.  -18.  -12.  -11.   -9.
   -9.   -7.   -7.   -3.   -1.   -1.    0.    1.    4.    5.    6.    9.
    9.   12.   14.   14.   17.   19.   21.   24.   25.   26.   28.   28.
   30.   31.   32.   35.   38.   40.   49.   50.   52.   63.   64.   65.
   68.   69.   73.   76.   78.   84.   89.   90.   90.   92.   92.   96.
   96.   97.  100.  100.][-100.  -96.  -93.  -90.  -90.  -89.  -85.  -80.  -80.  -78.  -77.  -76.
  -76.  -75.  -73.  -73.  -71.  -70.  -70.  -69.  -68.  -64.  -63.  -61.
  -60.  -58.  -53.  -53.  -53.  -52.  -42.  -37.  -36.  -34.  -32.  -29.
  -29.  -27.  -27.  -24.  -23.  -20.  -18.  -18.  -12.   -7.   -7.   -7.
   -7.   -6.   -5.   -2.   -1.    0.    1.    2.    4.    4.    5.    8.
   11.   12.   13.   13.   14.   15.   22.   24.   27.   28.   33.   33.
   33.   34.   37.   38.   40.   42.   45.   46.   46.   47.   48.   49.
   50.   52.   53.   54.   55.   58.   62.   65.   71.   84.   85.   87.
   90.   90.   93.   98.][-100.  -98.  -94.  -92.  -88.  -87.  -85.  -82.  -76.  -74.  -72.  -69.
  -68.  -68.  -64.  -64.  -64.  -64.  -61.  -61.  -59.  -59.  -59.  -58.
  -56.  -49.  -49.  -47.  -45.  -45.  -41.  -36.  -35.  -34.  -31.  -29.
  -26.  -25.  -24.  -22.  -22.  -19.  -17.  -16.  -15.  -14.  -13.  -12.
  -10.   -5.   -4.   -1.    1.    2.    3.    4.    6.    6.    8.   11.
   12.   12.   12.   12.   16.   17.   18.   20.   21.   22.   24.   27.
   39.   43.   43.   45.   47.   48.   52.   53.   56.   59.   63.   65.
   66.   66.   67.   67.   74.   75.   75.   81.   83.   83.   87.   89.
   92.   97.   98.  100.][-100.  -98.  -97.  -93.  -90.  -88.  -88.  -87.  -87.  -85.  -81.  -76.
  -74.  -73.  -71.  -70.  -69.  -63.  -62.  -58.  -54.  -53.  -50.  -48.
  -47.  -44.  -44.  -42.  -40.  -40.  -40.  -40.  -39.  -38.  -38.  -35.
  -32.  -32.  -29.  -26.  -22.  -22.  -19.  -19.  -16.  -15.  -11.  -10.
   -8.   -6.   -3.   -3.   -3.    0.    5.    6.    6.    9.   12.   13.
   17.   17.   19.   19.   19.   19.   21.   25.   26.   39.   42.   47.
   48.   49.   53.   54.   54.   56.   59.   60.   61.   63.   65.   71.
   73.   75.   76.   76.   79.   79.   80.   83.   83.   83.   86.   86.
   86.   95.   96.   99.][-100.  -89.  -88.  -88.  -86.  -86.  -84.  -84.  -81.  -79.  -77.  -76.
  -73.  -73.  -71.  -67.  -65.  -58.  -55.  -51.  -51.  -50.  -47.  -44.
  -43.  -40.  -39.  -38.  -37.  -34.  -33.  -29.  -28.  -27.  -22.  -22.
  -21.  -20.  -20.  -19.  -17.  -16.  -14.  -11.  -10.   -1.    1.    1.
    2.    5.    6.    8.    9.   13.   13.   14.   14.   20.   22.   24.
   25.   26.   26.   27.   30.   34.   34.   37.   42.   42.   43.   44.
   49.   52.   53.   56.   58.   59.   60.   63.   65.   66.   67.   70.
   77.   78.   79.   79.   84.   85.   86.   87.   88.   89.   91.   92.
   93.   93.   94.   99.][-99. -99. -96. -94. -93. -91. -91. -90. -89. -88. -86. -85. -83. -83.
 -82. -81. -80. -79. -79. -78. -77. -76. -75. -72. -72. -71. -68. -67.
 -67. -65. -65. -64. -64. -62. -62. -58. -57. -56. -56. -55. -54. -53.
 -53. -52. -52. -46. -44. -42. -37. -27. -26. -18. -14. -13. -12.  -9.
  -4.  -2.   1.   7.  10.  15.  18.  19.  19.  20.  20.  21.  26.  26.
  31.  35.  36.  40.  40.  40.  40.  42.  43.  44.  45.  49.  53.  55.
  57.  58.  61.  64.  68.  72.  72.  79.  79.  80.  84.  91.  92.  93.
  94.  98.][-100.  -99.  -98.  -97.  -97.  -92.  -87.  -86.  -85.  -84.  -80.  -77.
  -76.  -75.  -74.  -74.  -73.  -72.  -70.  -68.  -66.  -66.  -65.  -64.
  -64.  -63.  -60.  -56.  -53.  -53.  -50.  -49.  -40.  -40.  -38.  -31.
  -29.  -28.  -26.  -25.  -25.  -24.  -23.  -22.  -18.  -16.  -14.  -13.
  -10.   -8.   -8.    0.    4.    4.    4.    5.   10.   11.   12.   14.
   15.   16.   16.   21.   22.   29.   30.   32.   32.   33.   34.   34.
   36.   37.   38.   39.   39.   40.   40.   40.   42.   44.   46.   46.
   48.   48.   51.   52.   53.   64.   69.   69.   69.   70.   70.   75.
   79.   83.   91.   92.][-100.  -98.  -93.  -88.  -86.  -84.  -83.  -82.  -82.  -81.  -76.  -73.
  -72.  -70.  -68.  -67.  -67.  -67.  -67.  -66.  -64.  -63.  -62.  -61.
  -61.  -60.  -55.  -55.  -53.  -48.  -46.  -44.  -44.  -43.  -42.  -39.
  -37.  -33.  -28.  -28.  -27.  -25.  -19.  -13.  -13.  -12.   -9.   -8.
   -7.   -6.   -6.   -4.   -2.   -2.    0.    0.    2.    2.    6.    6.
    9.   12.   16.   17.   19.   20.   21.   22.   27.   28.   30.   31.
   34.   36.   36.   39.   41.   43.   43.   51.   52.   53.   58.   63.
   64.   67.   68.   69.   73.   76.   76.   78.   78.   79.   83.   84.
   85.   90.   91.   97.][-100.  -98.  -98.  -97.  -97.  -97.  -96.  -96.  -93.  -89.  -89.  -81.
  -79.  -79.  -75.  -75.  -75.  -69.  -64.  -63.  -63.  -60.  -56.  -53.
  -49.  -47.  -42.  -42.  -40.  -37.  -37.  -37.  -36.  -33.  -31.  -31.
  -28.  -27.  -25.  -22.  -20.  -18.  -17.  -15.  -15.  -12.    0.    3.
    7.   10.   11.   12.   13.   17.   18.   22.   22.   32.   34.   35.
   35.   36.   40.   41.   42.   43.   45.   52.   52.   52.   53.   53.
   55.   55.   55.   58.   59.   59.   60.   62.   66.   67.   67.   68.
   72.   72.   73.   73.   77.   77.   78.   83.   85.   90.   91.   92.
   93.   95.   98.   99.][-98. -98. -95. -92. -90. -86. -86. -84. -81. -78. -77. -77. -71. -70.
 -68. -68. -64. -63. -62. -61. -60. -53. -51. -50. -46. -44. -37. -36.
 -35. -33. -30. -28. -28. -23. -22. -22. -20. -17. -17. -15. -11.  -6.
  -5.  -4.  -2.   2.   2.   5.   6.   9.   9.  10.  12.  14.  15.  17.
  22.  23.  24.  25.  26.  33.  34.  40.  47.  48.  50.  52.  52.  56.
  57.  57.  57.  58.  60.  61.  61.  66.  66.  68.  70.  71.  73.  74.
  76.  79.  80.  81.  81.  84.  87.  88.  89.  89.  91.  94.  98.  98.
  99. 100.][-98. -98. -97. -92. -90. -90. -87. -86. -82. -81. -76. -75. -74. -73.
 -71. -67. -66. -66. -64. -62. -58. -58. -55. -54. -51. -51. -44. -44.
 -44. -42. -40. -37. -33. -31. -29. -28. -28. -25. -22. -22. -20.  -8.
  -6.  -3.  -2.   2.   4.   6.   6.   8.  11.  12.  13.  16.  16.  19.
  20.  22.  23.  26.  27.  31.  33.  33.  36.  39.  40.  43.  43.  45.
  49.  49.  50.  53.  54.  55.  58.  59.  60.  60.  61.  64.  68.  70.
  71.  73.  73.  77.  83.  84.  86.  86.  87.  88.  96.  97.  97.  98.
  99.  99.][-100. -100.  -96.  -95.  -95.  -93.  -92.  -86.  -84.  -82.  -81.  -78.
  -77.  -76.  -75.  -75.  -73.  -72.  -71.  -69.  -66.  -63.  -61.  -61.
  -56.  -48.  -48.  -44.  -43.  -43.  -40.  -39.  -38.  -38.  -34.  -34.
  -34.  -33.  -30.  -29.  -23.  -22.  -17.  -15.  -15.  -15.  -15.  -13.
  -13.   -8.   -8.   -7.    0.    2.    3.    5.   13.   15.   16.   17.
   20.   22.   23.   24.   27.   30.   33.   34.   35.   36.   39.   40.
   43.   48.   52.   52.   55.   57.   58.   60.   61.   62.   62.   66.
   69.   69.   70.   71.   72.   79.   82.   85.   87.   90.   92.   93.
   93.   94.   94.   97.][-98. -97. -96. -90. -89. -88. -87. -85. -82. -82. -78. -78. -77. -76.
 -72. -64. -59. -59. -59. -58. -57. -52. -50. -50. -44. -38. -38. -38.
 -33. -32. -27. -24. -21. -19. -14.  -9.  -8.  -7.  -7.  -3.   4.   6.
   7.   8.   8.   9.  14.  15.  15.  17.  18.  20.  23.  24.  26.  27.
  27.  28.  31.  31.  32.  33.  35.  38.  38.  40.  41.  45.  45.  47.
  47.  48.  49.  51.  52.  52.  52.  52.  54.  61.  62.  62.  63.  64.
  65.  69.  70.  71.  71.  75.  78.  81.  85.  85.  88.  88.  96.  98.
  98.  99.][-100.  -99.  -99.  -98.  -98.  -96.  -92.  -90.  -89.  -88.  -88.  -86.
  -85.  -85.  -85.  -81.  -81.  -79.  -76.  -74.  -72.  -70.  -66.  -65.
  -64.  -58.  -58.  -56.  -54.  -51.  -45.  -44.  -43.  -42.  -40.  -38.
  -37.  -36.  -27.  -23.  -23.  -23.  -21.  -15.  -14.  -14.  -11.  -10.
   -8.   -6.    1.    3.    4.    4.    5.    6.   11.   15.   17.   18.
   20.   24.   25.   26.   27.   28.   29.   29.   29.   31.   32.   38.
   39.   41.   44.   45.   45.   47.   53.   53.   67.   69.   69.   69.
   71.   72.   75.   78.   81.   82.   83.   85.   88.   88.   90.   92.
   92.   97.   98.   98.][-97. -93. -87. -86. -84. -83. -82. -80. -80. -79. -74. -70. -67. -66.
 -65. -64. -63. -62. -55. -48. -47. -46. -45. -34. -30. -24. -23. -23.
 -21. -18. -17. -17. -10.  -9.  -9.  -8.  -4.  -2.   0.   0.   4.   4.
   4.   5.   5.   6.   7.   8.   8.  10.  10.  15.  18.  19.  19.  22.
  24.  29.  29.  29.  34.  46.  46.  52.  52.  53.  54.  54.  56.  61.
  61.  62.  63.  67.  67.  68.  68.  70.  72.  73.  74.  76.  76.  77.
  79.  80.  80.  81.  82.  83.  85.  90.  91.  93.  94.  95.  96.  97.
  98. 100.][-100.  -99.  -98.  -98.  -94.  -92.  -90.  -87.  -84.  -79.  -79.  -77.
  -76.  -76.  -75.  -75.  -75.  -75.  -74.  -72.  -71.  -71.  -71.  -71.
  -70.  -68.  -67.  -64.  -63.  -60.  -59.  -59.  -58.  -56.  -55.  -48.
  -39.  -39.  -37.  -35.  -35.  -34.  -32.  -32.  -31.  -24.  -13.  -13.
  -10.   -8.   -6.    8.   12.   12.   18.   19.   19.   19.   20.   22.
   22.   24.   25.   27.   28.   31.   31.   31.   33.   35.   35.   36.
   36.   42.   45.   46.   50.   51.   55.   55.   57.   57.   60.   61.
   62.   66.   67.   67.   77.   81.   81.   88.   91.   92.   93.   94.
   98.   99.   99.  100.][-100.  -99.  -93.  -89.  -86.  -86.  -85.  -83.  -79.  -76.  -75.  -75.
  -62.  -61.  -60.  -59.  -59.  -58.  -57.  -55.  -55.  -53.  -46.  -43.
  -42.  -41.  -40.  -40.  -39.  -38.  -35.  -32.  -26.  -19.  -17.  -17.
  -15.  -15.  -13.  -13.  -12.  -11.  -10.   -9.   -7.   -3.   -1.    0.
    2.    4.    6.    7.    8.    9.   11.   11.   12.   13.   14.   14.
   18.   23.   25.   27.   29.   33.   37.   38.   40.   41.   43.   43.
   48.   50.   51.   55.   56.   57.   58.   59.   60.   60.   62.   63.
   68.   69.   73.   75.   77.   79.   79.   86.   87.   90.   91.   92.
   94.   95.   99.  100.][-100. -100.  -98.  -98.  -98.  -96.  -94.  -93.  -91.  -89.  -87.  -84.
  -79.  -74.  -73.  -72.  -69.  -69.  -66.  -65.  -63.  -60.  -54.  -52.
  -52.  -48.  -47.  -44.  -44.  -41.  -39.  -38.  -38.  -35.  -34.  -31.
  -27.  -27.  -25.  -21.  -20.  -20.  -17.  -12.  -11.  -11.   -9.   -8.
   -1.    0.    1.    3.    4.    8.    9.   11.   15.   17.   17.   17.
   18.   20.   20.   21.   22.   23.   24.   28.   29.   31.   34.   34.
   35.   35.   36.   37.   38.   43.   45.   52.   52.   52.   56.   60.
   60.   61.   65.   65.   68.   73.   76.   77.   78.   81.   82.   85.
   86.   88.   89.   92.][-100.  -99.  -97.  -96.  -94.  -93.  -93.  -92.  -89.  -83.  -81.  -80.
  -78.  -77.  -75.  -72.  -68.  -66.  -62.  -56.  -56.  -55.  -54.  -52.
  -49.  -47.  -46.  -45.  -43.  -42.  -41.  -41.  -39.  -33.  -32.  -22.
  -21.  -21.  -21.  -20.  -20.  -20.  -18.  -12.  -11.   -9.   -7.   -5.
   -1.   -1.    1.    4.   11.   14.   19.   21.   27.   28.   29.   32.
   33.   34.   35.   37.   38.   40.   42.   43.   43.   44.   45.   45.
   50.   51.   51.   55.   56.   57.   57.   58.   59.   61.   66.   67.
   69.   70.   75.   77.   78.   80.   82.   82.   85.   85.   85.   86.
   91.   93.   95.   95.][-100.  -98.  -97.  -94.  -92.  -92.  -86.  -86.  -85.  -82.  -80.  -76.
  -76.  -71.  -69.  -66.  -66.  -66.  -65.  -64.  -63.  -57.  -57.  -54.
  -53.  -52.  -51.  -50.  -49.  -48.  -47.  -45.  -42.  -41.  -41.  -40.
  -38.  -32.  -32.  -30.  -27.  -26.  -25.  -21.  -20.  -15.  -11.   -7.
   -6.   -6.    1.    1.    4.    4.    6.    7.    7.    8.   10.   11.
   14.   18.   19.   20.   22.   26.   27.   27.   29.   33.   35.   42.
   43.   44.   44.   44.   45.   45.   55.   55.   60.   63.   68.   69.
   69.   72.   72.   77.   77.   78.   79.   80.   81.   87.   89.   94.
   94.   97.  100.  100.][-100.  -98.  -96.  -94.  -92.  -92.  -92.  -90.  -89.  -88.  -88.  -84.
  -83.  -80.  -79.  -76.  -76.  -69.  -68.  -67.  -67.  -66.  -65.  -62.
  -57.  -52.  -51.  -51.  -50.  -48.  -47.  -42.  -37.  -33.  -32.  -29.
  -26.  -25.  -24.  -22.  -17.  -16.  -15.  -15.  -15.  -15.  -14.  -14.
  -14.  -12.   -8.   -6.   -4.   -1.    3.    8.   13.   15.   16.   16.
   16.   21.   26.   26.   29.   31.   37.   37.   42.   46.   50.   52.
   54.   57.   61.   63.   64.   64.   64.   66.   72.   72.   73.   74.
   75.   75.   76.   77.   77.   81.   82.   83.   85.   89.   89.   97.
   98.   99.  100.  100.][-100.  -99.  -97.  -95.  -91.  -90.  -89.  -89.  -84.  -83.  -82.  -80.
  -79.  -77.  -74.  -70.  -70.  -69.  -69.  -66.  -60.  -59.  -59.  -54.
  -50.  -43.  -39.  -39.  -38.  -36.  -35.  -34.  -30.  -29.  -26.  -26.
  -25.  -24.  -24.  -18.  -13.  -12.   -8.   -7.   -5.   -5.   -5.   -5.
   -4.   -2.   -2.   -2.    4.   12.   15.   15.   16.   17.   18.   20.
   24.   24.   25.   27.   36.   40.   40.   41.   43.   50.   50.   53.
   54.   54.   55.   56.   57.   62.   66.   68.   68.   68.   69.   70.
   71.   71.   72.   72.   75.   75.   77.   85.   87.   89.   91.   92.
   94.   95.   95.   97.][-100.  -99.  -98.  -93.  -84.  -80.  -79.  -78.  -77.  -77.  -76.  -75.
  -74.  -71.  -70.  -69.  -69.  -69.  -65.  -64.  -63.  -61.  -61.  -57.
  -55.  -55.  -54.  -51.  -49.  -43.  -39.  -35.  -34.  -33.  -31.  -31.
  -26.  -24.  -21.  -20.  -18.  -18.  -17.  -17.   -9.   -3.    1.    5.
    8.    9.    9.    9.   11.   12.   19.   24.   24.   26.   27.   27.
   28.   29.   34.   35.   35.   38.   38.   40.   41.   45.   45.   48.
   48.   49.   56.   56.   57.   58.   58.   60.   64.   65.   65.   66.
   66.   67.   71.   74.   78.   81.   81.   83.   85.   86.   89.   89.
   98.   98.   99.   99.][-99. -99. -93. -93. -92. -91. -90. -87. -87. -87. -82. -81. -80. -80.
 -79. -67. -64. -63. -58. -58. -57. -53. -53. -52. -51. -46. -44. -43.
 -42. -41. -40. -38. -38. -37. -36. -35. -34. -32. -31. -30. -29. -25.
 -21. -18. -17. -13. -11.  -6.  -4.  -3.  -3.  -2.   2.   4.   5.   6.
   7.  12.  16.  16.  17.  17.  17.  18.  19.  21.  22.  26.  27.  28.
  29.  30.  33.  33.  35.  37.  46.  47.  52.  56.  58.  58.  61.  67.
  70.  74.  74.  74.  75.  78.  80.  83.  91.  92.  93.  96.  97.  99.
 100. 100.][-98. -98. -96. -95. -89. -84. -83. -82. -81. -68. -67. -67. -65. -62.
 -59. -58. -56. -55. -52. -52. -49. -48. -48. -48. -46. -38. -35. -34.
 -31. -30. -29. -29. -28. -28. -27. -23. -23. -22. -19. -18. -11. -10.
  -7.  -6.  -5.  -4.  -2.   0.   0.   3.   4.   6.   8.  13.  14.  14.
  17.  20.  21.  22.  23.  27.  33.  34.  34.  36.  36.  38.  40.  42.
  42.  43.  43.  43.  45.  46.  50.  52.  58.  60.  63.  68.  70.  71.
  72.  75.  76.  81.  86.  88.  88.  92.  92.  94.  95.  95.  96.  96.
  99.  99.][-96. -96. -96. -94. -92. -90. -89. -89. -88. -88. -86. -85. -82. -81.
 -78. -78. -78. -78. -71. -68. -62. -62. -61. -59. -58. -57. -57. -53.
 -48. -46. -45. -39. -34. -33. -32. -28. -27. -24. -21. -15. -11. -10.
  -9.  -4.  -3.  -1.   2.   4.   7.   7.  10.  14.  14.  16.  20.  22.
  23.  24.  27.  28.  29.  32.  35.  41.  43.  43.  45.  47.  48.  55.
  55.  56.  56.  58.  58.  62.  63.  64.  66.  68.  68.  70.  72.  73.
  74.  79.  80.  80.  83.  85.  86.  91.  91.  92.  93.  93.  95.  95.
  97.  99.][-100.  -95.  -94.  -94.  -91.  -91.  -91.  -91.  -91.  -89.  -85.  -80.
  -78.  -78.  -77.  -77.  -75.  -71.  -70.  -69.  -68.  -67.  -67.  -65.
  -61.  -61.  -50.  -41.  -37.  -34.  -31.  -31.  -30.  -30.  -24.  -23.
  -22.  -21.  -19.  -18.  -16.  -16.  -12.   -8.   -7.   -5.   -4.   -2.
    3.    5.    5.    6.    9.   13.   13.   13.   17.   17.   19.   20.
   20.   22.   23.   24.   25.   28.   29.   34.   39.   43.   48.   55.
   55.   58.   60.   61.   63.   64.   66.   67.   69.   73.   75.   80.
   81.   82.   83.   85.   85.   89.   90.   91.   91.   91.   94.   94.
   96.   98.  100.  100.][-91. -90. -89. -85. -85. -82. -81. -81. -71. -70. -69. -63. -62. -60.
 -55. -48. -48. -48. -47. -46. -45. -44. -41. -41. -39. -36. -32. -32.
 -29. -22. -18. -17. -13. -10.  -7.  -7.  -6.  -4.  -3.  -3.  -1.   1.
   2.   2.   6.  10.  13.  17.  17.  19.  20.  24.  26.  27.  28.  28.
  29.  33.  35.  37.  41.  42.  46.  48.  49.  50.  54.  57.  58.  59.
  59.  62.  62.  65.  66.  68.  71.  72.  72.  73.  74.  75.  76.  78.
  81.  82.  82.  84.  89.  90.  91.  91.  92.  93.  93.  94.  94.  96.
  99. 100.][-100.  -97.  -96.  -96.  -95.  -94.  -89.  -89.  -87.  -84.  -84.  -83.
  -82.  -82.  -81.  -81.  -77.  -76.  -73.  -71.  -69.  -69.  -62.  -62.
  -62.  -60.  -59.  -58.  -55.  -53.  -52.  -50.  -45.  -45.  -42.  -41.
  -37.  -32.  -31.  -30.  -23.  -20.  -18.  -18.  -15.  -14.  -14.  -13.
  -12.  -11.   -9.   -9.   -9.   -9.   -4.   -3.   -3.    0.    3.    6.
    6.    6.    7.   10.   11.   12.   16.   17.   20.   22.   27.   30.
   33.   39.   42.   49.   50.   52.   56.   64.   68.   71.   72.   74.
   74.   75.   76.   78.   79.   82.   83.   83.   85.   85.   86.   86.
   87.   90.   91.   98.][-100. -100.  -94.  -91.  -88.  -87.  -85.  -82.  -81.  -76.  -73.  -73.
  -71.  -70.  -65.  -65.  -65.  -65.  -64.  -64.  -63.  -63.  -60.  -59.
  -57.  -54.  -53.  -41.  -36.  -34.  -23.  -23.  -22.  -21.  -14.  -12.
  -12.  -11.  -10.   -9.   -9.   -7.   -7.   -6.   -4.   -1.   -1.    2.
    5.    8.    8.   10.   11.   12.   14.   16.   17.   21.   22.   23.
   23.   23.   24.   24.   25.   30.   31.   31.   34.   38.   40.   42.
   42.   42.   43.   46.   48.   49.   50.   52.   53.   53.   55.   56.
   57.   60.   60.   66.   71.   77.   79.   80.   83.   84.   84.   89.
   91.   93.   96.  100.][-100.  -96.  -95.  -94.  -93.  -93.  -88.  -86.  -84.  -83.  -81.  -77.
  -73.  -72.  -71.  -70.  -66.  -65.  -62.  -60.  -59.  -59.  -59.  -58.
  -48.  -47.  -43.  -41.  -40.  -40.  -39.  -35.  -35.  -34.  -27.  -26.
  -24.  -24.  -23.  -20.  -18.  -17.  -15.  -14.  -13.  -11.  -10.   -7.
   -6.   -1.    5.    6.   12.   12.   16.   20.   21.   25.   26.   27.
   27.   30.   33.   34.   35.   36.   36.   38.   40.   41.   45.   46.
   46.   48.   50.   55.   57.   58.   59.   60.   68.   74.   74.   75.
   77.   78.   78.   79.   80.   83.   85.   88.   88.   88.   89.   90.
   91.   94.   95.   96.][-98. -95. -95. -95. -92. -90. -89. -88. -84. -80. -78. -78. -77. -76.
 -75. -74. -71. -71. -70. -69. -63. -62. -61. -60. -52. -50. -47. -46.
 -44. -44. -38. -36. -35. -33. -32. -30. -29. -22. -20. -20. -17. -16.
 -16. -13.  -7.  -5.  -5.  -5.  -5.  -4.  -3.  -3.  -3.  -1.   5.   7.
  10.  10.  12.  13.  16.  17.  17.  19.  25.  27.  27.  28.  28.  28.
  31.  34.  37.  38.  48.  48.  48.  53.  61.  61.  66.  67.  68.  71.
  71.  73.  74.  75.  77.  78.  83.  85.  89.  90.  95.  96.  97.  98.
  98. 100.][-99. -99. -97. -95. -93. -91. -89. -88. -85. -84. -82. -79. -79. -76.
 -75. -69. -69. -67. -64. -63. -62. -61. -60. -59. -58. -54. -49. -48.
 -48. -48. -46. -45. -43. -41. -40. -38. -37. -29. -24. -24. -23. -20.
 -20. -17. -16. -15.  -7.  -3.  -1.  -1.   2.   4.   6.   7.   7.   8.
  10.  18.  20.  20.  22.  25.  25.  27.  29.  35.  35.  36.  37.  37.
  42.  45.  45.  47.  49.  52.  53.  56.  57.  59.  59.  60.  61.  63.
  65.  68.  70.  71.  71.  78.  83.  85.  85.  85.  90.  92.  97.  97.
  97. 100.][-100.  -99.  -98.  -98.  -88.  -87.  -87.  -86.  -82.  -82.  -81.  -81.
  -79.  -76.  -73.  -71.  -71.  -65.  -64.  -64.  -63.  -61.  -54.  -53.
  -48.  -43.  -40.  -38.  -36.  -34.  -31.  -30.  -30.  -30.  -26.  -23.
  -19.  -19.  -17.   -9.   -4.   -4.   -2.    4.    5.    6.    6.    7.
    7.   10.   10.   10.   11.   12.   14.   15.   18.   19.   19.   20.
   20.   26.   27.   31.   35.   35.   38.   40.   42.   43.   43.   45.
   48.   50.   54.   57.   58.   59.   60.   61.   65.   67.   68.   69.
   69.   76.   78.   79.   80.   81.   82.   85.   86.   88.   90.   93.
   93.   93.   95.   97.][-99. -98. -98. -94. -93. -93. -89. -86. -84. -81. -79. -77. -75. -74.
 -71. -69. -67. -66. -63. -63. -61. -51. -45. -43. -42. -42. -37. -35.
 -31. -31. -27. -27. -24. -24. -22. -21. -19. -12. -11. -11.  -7.  -5.
  -4.  -3.  -2.  -2.   0.   0.   1.   2.   2.   3.   5.   6.  14.  15.
  15.  15.  17.  20.  28.  30.  32.  34.  35.  39.  39.  40.  42.  46.
  50.  53.  53.  54.  56.  58.  60.  60.  63.  65.  66.  67.  68.  68.
  69.  72.  78.  79.  82.  82.  82.  83.  83.  85.  85.  86.  88.  91.
  92.  99.][-97. -90. -89. -86. -84. -83. -83. -79. -76. -73. -72. -67. -66. -63.
 -62. -59. -59. -59. -57. -56. -54. -54. -53. -53. -49. -48. -48. -47.
 -47. -47. -45. -44. -41. -38. -30. -30. -29. -27. -25. -22. -22. -20.
 -18. -17. -16. -13. -11.  -9.  -7.  -5.   2.   2.   7.   8.  10.  11.
  14.  14.  16.  17.  17.  18.  20.  24.  24.  24.  29.  29.  29.  30.
  31.  42.  43.  45.  45.  45.  48.  51.  54.  54.  62.  64.  65.  69.
  70.  72.  73.  78.  79.  82.  82.  84.  84.  85.  85.  86.  86.  90.
  98. 100.][-99. -99. -96. -96. -94. -94. -93. -92. -92. -87. -86. -85. -84. -81.
 -78. -74. -70. -67. -65. -65. -61. -57. -50. -45. -44. -43. -41. -40.
 -39. -38. -34. -34. -34. -32. -30. -30. -26. -23. -22. -20. -20. -19.
 -16. -15. -14. -14. -10.  -7.  -7.  -6.  -5.  -5.  -5.   0.   2.   4.
   8.  11.  12.  18.  23.  24.  26.  28.  32.  32.  35.  36.  40.  41.
  44.  44.  44.  45.  46.  47.  48.  50.  51.  56.  57.  58.  59.  62.
  66.  69.  72.  75.  75.  81.  82.  86.  86.  87.  87.  92.  95.  96.
  97.  97.][-100.  -96.  -96.  -96.  -95.  -94.  -93.  -83.  -81.  -80.  -78.  -78.
  -76.  -75.  -73.  -71.  -71.  -66.  -65.  -64.  -63.  -63.  -61.  -55.
  -50.  -45.  -44.  -39.  -34.  -34.  -32.  -26.  -25.  -24.  -21.  -20.
  -20.  -18.  -17.  -16.  -16.  -16.  -15.  -14.  -14.  -10.   -4.   -3.
   -2.   -1.    7.    8.    9.    9.    9.   11.   15.   16.   19.   20.
   23.   26.   26.   27.   28.   31.   32.   33.   33.   36.   40.   46.
   50.   52.   53.   55.   56.   57.   57.   58.   58.   59.   64.   66.
   66.   69.   71.   71.   71.   74.   75.   79.   86.   87.   88.   89.
   93.   97.   99.   99.][-99. -99. -98. -98. -97. -97. -96. -90. -84. -82. -82. -81. -79. -79.
 -77. -74. -73. -71. -69. -69. -68. -68. -64. -64. -63. -61. -59. -56.
 -55. -55. -54. -52. -52. -52. -52. -51. -49. -48. -43. -37. -37. -23.
 -19. -14. -14. -14. -11.  -3.   1.   2.   3.   5.   8.   8.  14.  17.
  20.  22.  24.  25.  25.  27.  28.  29.  30.  31.  33.  33.  37.  37.
  40.  41.  44.  46.  49.  54.  58.  59.  62.  62.  66.  68.  69.  72.
  72.  75.  79.  81.  82.  82.  83.  83.  87.  89.  91.  95.  96. 100.
 100. 100.][-93. -87. -85. -77. -77. -73. -72. -71. -71. -70. -66. -64. -64. -63.
 -61. -60. -60. -59. -58. -58. -57. -54. -54. -53. -48. -44. -43. -42.
 -41. -41. -40. -40. -39. -28. -27. -27. -26. -22. -18. -17. -16. -16.
 -13. -10. -10.  -8.  -7.  -5.   1.   3.   4.   5.  10.  12.  17.  17.
  18.  20.  20.  21.  21.  22.  24.  24.  24.  25.  25.  29.  35.  37.
  40.  41.  46.  50.  50.  51.  53.  54.  55.  55.  56.  58.  59.  63.
  63.  64.  67.  69.  70.  74.  74.  74.  77.  81.  81.  85.  86.  92.
  96.  97.][-99. -94. -93. -92. -92. -91. -91. -90. -89. -88. -82. -82. -78. -74.
 -69. -69. -68. -67. -66. -66. -64. -64. -63. -61. -58. -53. -51. -50.
 -44. -41. -38. -35. -32. -32. -32. -31. -30. -30. -27. -25. -23. -21.
 -19. -19. -17. -14. -14.  -6.  -5.  -3.  -1.   7.   7.   9.  10.  11.
  14.  16.  16.  18.  18.  19.  21.  25.  27.  28.  29.  29.  30.  31.
  34.  37.  41.  43.  43.  43.  43.  45.  45.  50.  50.  52.  54.  57.
  58.  61.  62.  66.  70.  72.  80.  81.  85.  86.  87.  89.  89.  89.
  90.  99.][-100.  -99.  -98.  -98.  -96.  -82.  -79.  -77.  -76.  -75.  -75.  -74.
  -72.  -70.  -69.  -69.  -62.  -61.  -58.  -52.  -52.  -47.  -45.  -45.
  -42.  -40.  -35.  -34.  -27.  -25.  -21.  -19.  -17.   -9.   -3.   -3.
    2.    4.    5.    5.    7.    9.   11.   12.   13.   15.   15.   18.
   22.   24.   25.   25.   26.   27.   30.   31.   31.   31.   31.   32.
   34.   34.   44.   44.   48.   48.   50.   55.   55.   56.   58.   59.
   60.   61.   62.   62.   64.   65.   68.   70.   72.   72.   72.   77.
   78.   78.   83.   83.   84.   86.   87.   87.   89.   93.   96.   97.
   97.   98.  100.  100.][-96. -93. -92. -85. -83. -83. -82. -77. -76. -74. -72. -72. -71. -68.
 -64. -63. -63. -62. -60. -59. -59. -56. -54. -49. -48. -46. -39. -39.
 -39. -38. -37. -30. -28. -28. -28. -27. -26. -18. -17. -17. -17. -15.
 -13. -12. -12. -11. -11. -10.  -8.  -7.  -7.  -4.  -4.   1.   4.   5.
   5.   5.   6.  13.  14.  14.  15.  22.  24.  26.  29.  32.  32.  33.
  33.  38.  44.  45.  46.  48.  48.  49.  51.  52.  54.  55.  57.  58.
  59.  59.  59.  61.  62.  66.  68.  69.  78.  81.  84.  86.  86.  86.
  93.  96.][-94. -94. -93. -90. -90. -89. -86. -86. -85. -84. -83. -80. -76. -75.
 -74. -73. -73. -72. -71. -68. -66. -64. -63. -61. -56. -55. -51. -47.
 -46. -46. -45. -41. -41. -39. -37. -36. -36. -33. -27. -27. -27. -27.
 -26. -20. -18. -17. -16. -15. -15. -14. -14.  -9.  -8.  -8.  -7.  -4.
  -3.   2.   2.   5.   5.   5.   9.  10.  11.  12.  22.  23.  23.  24.
  28.  33.  35.  35.  37.  39.  40.  46.  49.  51.  54.  56.  59.  59.
  63.  64.  65.  67.  67.  70.  72.  72.  77.  79.  81.  87.  87.  88.
  91.  91.][-99. -94. -93. -91. -90. -90. -87. -86. -81. -80. -73. -70. -70. -65.
 -64. -63. -62. -62. -61. -56. -54. -52. -51. -50. -49. -46. -46. -45.
 -44. -43. -43. -36. -35. -32. -32. -29. -29. -28. -22. -19. -16. -16.
 -16. -10. -10.  -8.  -8.  -7.  -7.  -2.   1.   1.   4.   5.   7.  10.
  12.  18.  20.  21.  23.  24.  25.  26.  27.  29.  29.  29.  42.  43.
  45.  54.  55.  55.  57.  61.  61.  61.  64.  65.  66.  67.  69.  70.
  70.  72.  72.  72.  80.  84.  84.  86.  89.  89.  90.  92.  93.  95.
  95.  99.][-96. -96. -90. -88. -80. -76. -72. -71. -64. -63. -63. -62. -59. -58.
 -56. -55. -54. -53. -53. -49. -49. -48. -46. -45. -45. -42. -41. -39.
 -34. -33. -31. -29. -26. -24. -23. -22. -21. -20. -16. -15. -13. -12.
 -12. -12.  -8.  -5.  -5.  -3.   0.   1.   4.   8.   8.  10.  10.  11.
  13.  17.  19.  23.  25.  25.  28.  39.  40.  43.  43.  43.  43.  48.
  53.  53.  53.  53.  55.  58.  59.  60.  63.  65.  66.  68.  68.  68.
  72.  72.  76.  78.  83.  83.  85.  90.  91.  91.  92.  93.  93.  94.
  99. 100.][-100.  -98.  -96.  -91.  -91.  -89.  -83.  -82.  -76.  -75.  -73.  -73.
  -71.  -69.  -67.  -65.  -62.  -57.  -53.  -53.  -51.  -50.  -40.  -37.
  -36.  -36.  -30.  -27.  -26.  -26.  -25.  -25.  -23.  -18.  -18.  -14.
   -4.   -3.   -2.   -1.   -1.    1.    7.    7.   10.   12.   13.   14.
   15.   15.   17.   17.   18.   20.   22.   26.   26.   29.   31.   32.
   34.   39.   39.   39.   40.   40.   41.   44.   45.   48.   48.   48.
   51.   53.   54.   54.   57.   58.   59.   61.   64.   65.   71.   73.
   74.   75.   76.   77.   78.   80.   85.   86.   89.   90.   91.   94.
   94.   96.  100.  100.][-100.  -95.  -91.  -90.  -86.  -85.  -83.  -83.  -83.  -82.  -82.  -80.
  -76.  -73.  -71.  -68.  -67.  -67.  -65.  -64.  -62.  -61.  -59.  -58.
  -57.  -57.  -55.  -52.  -50.  -48.  -48.  -47.  -46.  -46.  -41.  -41.
  -39.  -36.  -32.  -26.  -23.  -22.  -21.  -21.  -21.  -19.  -18.  -17.
  -16.  -12.  -11.  -11.  -11.    2.    4.    4.    5.    7.   10.   13.
   13.   14.   15.   16.   18.   22.   23.   27.   32.   36.   37.   39.
   40.   41.   43.   50.   58.   61.   61.   62.   67.   71.   72.   75.
   75.   75.   77.   78.   80.   82.   83.   83.   84.   85.   86.   86.
   91.   91.   92.   92.][-100. -100.  -98.  -98.  -98.  -98.  -98.  -94.  -92.  -88.  -87.  -87.
  -85.  -82.  -80.  -80.  -75.  -75.  -64.  -62.  -62.  -62.  -61.  -54.
  -53.  -52.  -49.  -49.  -46.  -46.  -46.  -45.  -43.  -42.  -38.  -37.
  -34.  -34.  -32.  -31.  -30.  -25.  -25.  -21.  -19.  -15.  -14.   -8.
   -5.   -4.   -4.   -1.    0.    1.    2.    5.    7.    8.   15.   18.
   21.   24.   26.   28.   31.   33.   35.   36.   37.   45.   45.   46.
   50.   52.   53.   57.   59.   59.   61.   64.   64.   65.   66.   67.
   67.   69.   70.   71.   74.   74.   75.   76.   78.   78.   82.   88.
   89.   91.   94.   95.][-99. -96. -95. -95. -93. -92. -91. -90. -89. -88. -86. -85. -84. -84.
 -84. -82. -81. -80. -79. -78. -78. -70. -69. -69. -68. -67. -64. -60.
 -58. -57. -56. -54. -53. -53. -53. -51. -50. -47. -47. -46. -41. -39.
 -36. -34. -31. -27. -25. -19. -17. -16. -15. -15. -14. -13. -12.  -5.
  -4.  -3.  -2.   0.   4.   8.  10.  10.  10.  12.  24.  24.  26.  26.
  28.  29.  30.  30.  31.  31.  35.  36.  40.  40.  47.  49.  49.  49.
  50.  51.  54.  56.  57.  58.  62.  67.  68.  69.  69.  87.  91.  96.
  96.  98.][-98. -96. -96. -96. -95. -95. -95. -92. -90. -90. -89. -89. -88. -86.
 -86. -86. -85. -85. -85. -83. -77. -72. -71. -70. -68. -66. -65. -64.
 -61. -60. -58. -56. -55. -54. -46. -41. -41. -37. -36. -36. -36. -31.
 -30. -30. -29. -28. -28. -27. -20. -20. -16. -12. -11. -11.  -8.  -7.
  -5.  -3.  -2.   0.   9.  23.  25.  25.  26.  27.  27.  29.  30.  31.
  34.  35.  36.  36.  37.  40.  43.  44.  48.  48.  49.  51.  55.  55.
  56.  57.  58.  58.  67.  68.  73.  75.  75.  76.  77.  78.  81.  89.
  90.  98.][-95. -95. -95. -87. -86. -84. -83. -78. -78. -77. -75. -72. -69. -68.
 -65. -64. -63. -63. -61. -59. -59. -57. -56. -54. -53. -52. -51. -51.
 -48. -47. -39. -34. -32. -32. -32. -32. -31. -31. -31. -31. -30. -29.
 -28. -25. -19. -15.  -8.  -3.   3.   6.   9.   9.  13.  18.  20.  20.
  23.  25.  26.  29.  30.  31.  34.  36.  38.  38.  39.  42.  42.  44.
  45.  45.  45.  48.  49.  51.  52.  53.  57.  57.  58.  61.  63.  65.
  73.  75.  77.  78.  79.  82.  89.  89.  89.  92.  93.  93.  93.  94.
  99. 100.][-98. -95. -94. -90. -87. -87. -87. -86. -85. -85. -84. -83. -82. -80.
 -76. -74. -72. -71. -67. -67. -66. -66. -62. -62. -55. -47. -44. -42.
 -40. -36. -33. -32. -30. -25. -25. -20. -19. -14. -11.  -7.  -7.  -5.
  -3.  -2.  -1.   1.   2.   2.   3.   3.   4.   4.   6.   8.  14.  17.
  19.  21.  21.  29.  30.  30.  31.  32.  35.  38.  40.  44.  46.  47.
  48.  48.  56.  57.  58.  60.  61.  62.  64.  66.  66.  71.  71.  74.
  77.  81.  82.  82.  86.  86.  86.  87.  87.  87.  88.  91.  96.  97.
  97.  97.][-96. -94. -92. -91. -88. -88. -85. -78. -77. -77. -77. -76. -71. -67.
 -67. -66. -62. -62. -59. -59. -58. -52. -52. -49. -46. -38. -34. -34.
 -33. -31. -30. -29. -25. -25. -23. -23. -22. -18. -18. -17. -17. -10.
  -9.  -9.  -7.  -7.  -7.  -5.  -2.  -1.   0.   4.   5.   8.   8.  11.
  13.  13.  15.  18.  20.  20.  21.  23.  23.  26.  27.  29.  30.  32.
  34.  36.  37.  38.  41.  46.  46.  47.  49.  52.  55.  55.  57.  57.
  58.  58.  59.  63.  63.  70.  71.  72.  78.  81.  82.  83.  85.  89.
  92.  95.][-97. -97. -96. -90. -89. -88. -82. -81. -80. -77. -75. -74. -73. -67.
 -65. -63. -61. -59. -57. -53. -52. -50. -47. -45. -39. -39. -39. -38.
 -38. -37. -35. -32. -31. -28. -28. -28. -25. -25. -19. -17. -11. -10.
  -9.  -7.  -6.  -6.  -5.  -3.  -2.  -2.   0.   2.   5.  11.  16.  22.
  26.  27.  29.  29.  29.  33.  34.  36.  36.  38.  43.  47.  48.  49.
  49.  49.  50.  50.  52.  54.  55.  57.  63.  65.  65.  66.  68.  69.
  71.  76.  82.  83.  86.  86.  89.  90.  91.  92.  94.  97.  97.  98.
  98.  99.][-98. -97. -97. -96. -95. -94. -94. -93. -89. -85. -84. -83. -83. -77.
 -74. -74. -73. -68. -64. -62. -60. -59. -52. -49. -49. -46. -44. -43.
 -37. -36. -34. -33. -32. -29. -27. -26. -26. -26. -25. -24. -22. -18.
 -15. -12. -11. -11. -11.  -9.  -7.  -7.  -6.   0.   1.   1.   1.   2.
   3.   3.   8.  12.  19.  20.  23.  26.  27.  28.  30.  31.  37.  37.
  39.  40.  42.  49.  52.  54.  54.  58.  59.  62.  63.  65.  66.  67.
  67.  67.  67.  68.  70.  72.  72.  76.  76.  83.  84.  84.  89.  94.
  96.  96.][-100.  -99.  -99.  -96.  -94.  -90.  -89.  -89.  -88.  -87.  -87.  -86.
  -85.  -84.  -80.  -79.  -76.  -69.  -68.  -61.  -60.  -60.  -59.  -55.
  -54.  -48.  -46.  -43.  -42.  -42.  -39.  -36.  -36.  -35.  -34.  -33.
  -29.  -28.  -24.  -20.  -20.  -20.  -20.  -19.  -14.  -13.  -10.  -10.
   -7.   -4.   -3.   -3.   -2.    1.    3.    4.    5.    7.    8.    9.
   13.   15.   18.   19.   19.   25.   27.   31.   34.   36.   38.   40.
   43.   45.   48.   48.   49.   51.   58.   59.   59.   60.   64.   65.
   65.   67.   69.   70.   76.   77.   77.   77.   78.   82.   83.   85.
   89.   92.   93.   97.][-100.  -99.  -97.  -97.  -95.  -91.  -86.  -85.  -83.  -83.  -81.  -77.
  -75.  -75.  -74.  -71.  -65.  -58.  -58.  -57.  -55.  -55.  -54.  -53.
  -53.  -51.  -47.  -45.  -43.  -41.  -40.  -36.  -34.  -32.  -26.  -26.
  -22.  -21.  -19.  -18.   -9.   -9.   -8.   -8.   -7.   11.   12.   13.
   15.   16.   17.   17.   18.   22.   22.   22.   23.   24.   25.   27.
   29.   30.   33.   34.   35.   38.   40.   41.   45.   45.   48.   52.
   55.   57.   58.   62.   62.   69.   72.   74.   75.   76.   78.   79.
   81.   82.   82.   84.   84.   88.   88.   89.   89.   90.   91.   91.
   92.   93.   94.   96.][-100.  -98.  -97.  -95.  -95.  -94.  -92.  -91.  -91.  -90.  -89.  -87.
  -86.  -84.  -79.  -79.  -76.  -73.  -72.  -72.  -72.  -69.  -68.  -67.
  -65.  -61.  -60.  -54.  -53.  -52.  -51.  -50.  -50.  -46.  -44.  -41.
  -39.  -37.  -36.  -30.  -26.  -25.  -17.  -16.   -9.   -7.   -5.   -4.
   -2.   -2.   -1.   -1.    4.    6.    7.    8.    9.   11.   11.   15.
   17.   19.   21.   23.   25.   29.   30.   34.   37.   38.   43.   44.
   47.   49.   51.   52.   53.   58.   60.   60.   63.   65.   66.   67.
   71.   74.   75.   76.   76.   77.   80.   81.   84.   85.   88.   92.
   92.   96.   98.   99.][-100.  -99.  -96.  -96.  -95.  -90.  -88.  -86.  -85.  -84.  -83.  -83.
  -83.  -82.  -78.  -78.  -77.  -77.  -76.  -75.  -74.  -71.  -70.  -68.
  -68.  -67.  -64.  -64.  -61.  -60.  -59.  -59.  -56.  -52.  -50.  -47.
  -39.  -38.  -38.  -32.  -30.  -29.  -29.  -26.  -25.  -22.  -21.  -21.
  -17.  -16.  -15.  -13.  -12.   -9.   -7.   -6.   -4.    0.    3.    3.
    4.    4.    5.    5.    8.    9.   10.   14.   15.   17.   19.   19.
   21.   24.   29.   36.   39.   48.   50.   52.   53.   54.   58.   60.
   66.   67.   69.   69.   72.   73.   73.   73.   75.   76.   77.   87.
   89.   92.   94.  100.][-100.  -96.  -95.  -90.  -86.  -82.  -78.  -78.  -77.  -76.  -76.  -75.
  -69.  -69.  -67.  -62.  -55.  -54.  -53.  -51.  -45.  -45.  -44.  -35.
  -34.  -33.  -32.  -30.  -25.  -25.  -23.  -20.  -18.  -16.  -16.  -16.
  -13.  -13.   -9.   -5.    2.    5.    5.    7.    8.    8.    9.    9.
   10.   10.   11.   15.   17.   19.   20.   21.   24.   25.   26.   26.
   30.   32.   32.   33.   34.   35.   35.   36.   36.   40.   45.   47.
   47.   49.   50.   50.   51.   52.   53.   53.   55.   56.   60.   62.
   62.   63.   70.   74.   76.   76.   81.   86.   87.   88.   89.   89.
   92.   93.   94.   97.][-100.  -99.  -98.  -97.  -96.  -96.  -96.  -95.  -95.  -93.  -88.  -80.
  -80.  -78.  -70.  -64.  -58.  -58.  -52.  -50.  -50.  -49.  -48.  -45.
  -44.  -42.  -42.  -38.  -35.  -35.  -35.  -34.  -33.  -32.  -31.  -28.
  -23.  -22.  -20.  -19.  -19.  -17.  -15.  -14.  -14.  -12.  -10.    0.
    3.    3.    3.    4.    4.    5.    7.    9.   11.   14.   16.   17.
   18.   18.   19.   20.   21.   22.   28.   33.   33.   35.   38.   44.
   45.   45.   47.   49.   49.   51.   51.   52.   61.   64.   65.   66.
   69.   71.   74.   76.   77.   79.   80.   82.   83.   84.   85.   86.
   88.   89.   91.   98.][-98. -95. -93. -89. -88. -85. -83. -82. -82. -80. -69. -67. -66. -65.
 -65. -61. -61. -60. -58. -57. -57. -55. -54. -50. -50. -48. -44. -42.
 -42. -42. -38. -37. -37. -37. -36. -34. -33. -33. -28. -28. -25. -25.
 -17. -17. -16. -15. -11. -10. -10.  -6.  -6.  -3.   4.   4.   5.  10.
  15.  16.  18.  18.  21.  22.  23.  24.  25.  27.  28.  28.  28.  29.
  30.  31.  33.  34.  36.  43.  48.  63.  64.  68.  72.  73.  74.  76.
  77.  77.  81.  83.  83.  84.  85.  86.  87.  90.  92.  94.  96.  99.
 100. 100.][-99. -98. -97. -97. -95. -94. -93. -92. -90. -88. -88. -86. -82. -80.
 -75. -75. -74. -72. -69. -69. -63. -60. -58. -56. -56. -50. -49. -49.
 -48. -42. -40. -39. -38. -32. -30. -30. -29. -28. -27. -25. -22. -13.
 -12. -12.  -9.  -5.  -3.  -1.   2.   2.   2.  13.  14.  17.  18.  18.
  21.  22.  24.  27.  28.  29.  32.  36.  42.  43.  50.  53.  57.  60.
  61.  65.  65.  68.  70.  74.  74.  74.  75.  75.  77.  78.  79.  79.
  83.  83.  83.  86.  87.  88.  90.  91.  94.  94.  95.  97.  98.  98.
 100. 100.][-98. -97. -96. -95. -92. -91. -90. -88. -88. -87. -87. -83. -83. -80.
 -78. -75. -71. -66. -66. -61. -59. -58. -58. -52. -47. -47. -43. -41.
 -41. -40. -40. -39. -34. -33. -33. -31. -29. -28. -26. -25. -21. -20.
 -19. -19. -13. -12. -10.  -5.   0.   1.   3.   5.   5.   6.  11.  12.
  12.  13.  14.  15.  19.  20.  22.  23.  24.  24.  28.  29.  31.  32.
  33.  34.  34.  39.  39.  39.  40.  41.  44.  45.  53.  53.  54.  55.
  55.  59.  67.  68.  70.  73.  73.  79.  81.  86.  87.  87.  89.  91.
  91.  96.][-98. -95. -93. -89. -89. -88. -87. -87. -86. -83. -80. -75. -75. -74.
 -73. -70. -70. -68. -66. -64. -62. -59. -57. -56. -46. -46. -45. -44.
 -35. -35. -34. -34. -31. -30. -29. -23. -21. -19. -16. -15.  -8.  -8.
  -1.  -1.  -1.   2.   4.   7.   9.  10.  11.  12.  13.  17.  17.  19.
  22.  22.  24.  24.  26.  26.  29.  29.  30.  31.  31.  32.  45.  46.
  46.  57.  61.  62.  62.  65.  67.  68.  69.  69.  71.  72.  72.  74.
  74.  75.  75.  78.  78.  79.  79.  79.  79.  80.  81.  84.  84.  85.
  89. 100.][-99. -94. -92. -90. -89. -84. -84. -82. -79. -78. -78. -76. -76. -75.
 -70. -70. -70. -66. -66. -65. -60. -59. -58. -57. -56. -54. -54. -52.
 -52. -52. -52. -47. -44. -43. -42. -40. -37. -31. -28. -28. -26. -23.
 -23. -20. -19. -18. -16. -15. -15. -14. -14. -12. -10.  -7.  -7.  -7.
  -4.  -2.  -2.   1.   3.   6.   8.  19.  19.  21.  22.  23.  23.  25.
  26.  27.  28.  34.  36.  37.  38.  38.  45.  45.  46.  50.  51.  51.
  54.  59.  60.  61.  67.  71.  78.  81.  84.  86.  87.  90.  91.  94.
  95.  97.][-100.  -99.  -99.  -99.  -93.  -93.  -92.  -91.  -83.  -82.  -81.  -81.
  -77.  -77.  -74.  -73.  -72.  -72.  -71.  -69.  -65.  -64.  -63.  -60.
  -56.  -56.  -55.  -55.  -46.  -43.  -42.  -42.  -42.  -40.  -39.  -33.
  -32.  -29.  -24.  -22.  -20.  -17.  -17.  -12.  -10.  -10.   -9.   -8.
   -3.   -2.   -1.    2.    2.    7.    9.   11.   14.   16.   17.   18.
   21.   26.   26.   27.   30.   32.   33.   33.   33.   34.   34.   34.
   41.   47.   47.   50.   51.   53.   54.   56.   59.   59.   61.   65.
   66.   69.   73.   74.   78.   78.   80.   81.   83.   85.   85.   86.
   88.   90.   95.  100.][-99. -98. -97. -95. -94. -91. -91. -89. -85. -83. -82. -80. -80. -80.
 -71. -69. -67. -67. -63. -63. -63. -60. -59. -55. -54. -53. -49. -42.
 -41. -38. -37. -37. -34. -33. -28. -28. -27. -14. -12. -12. -12. -11.
  -8.  -8.  -8.  -6.  -2.  -1.   1.   4.   5.   6.   7.  10.  11.  12.
  13.  14.  15.  18.  19.  20.  21.  21.  24.  25.  27.  34.  35.  36.
  38.  40.  40.  41.  43.  46.  46.  51.  53.  55.  55.  57.  59.  60.
  61.  62.  63.  66.  67.  69.  71.  75.  84.  88.  90.  91.  94.  94.
  95.  98.][-100.  -96.  -94.  -93.  -92.  -92.  -90.  -89.  -86.  -84.  -84.  -82.
  -82.  -78.  -77.  -72.  -67.  -64.  -55.  -50.  -49.  -48.  -46.  -45.
  -44.  -41.  -39.  -38.  -37.  -36.  -36.  -34.  -34.  -34.  -34.  -32.
  -28.  -27.  -25.  -21.  -21.  -18.  -17.  -14.  -14.  -13.  -12.   -5.
   -2.    5.    7.    9.   10.   11.   11.   12.   14.   14.   14.   14.
   17.   19.   19.   19.   22.   25.   26.   27.   32.   33.   33.   33.
   33.   35.   37.   44.   45.   45.   50.   50.   51.   58.   59.   59.
   59.   64.   67.   68.   71.   73.   77.   82.   84.   85.   86.   89.
   92.   93.   95.   95.][-99. -99. -98. -96. -95. -94. -88. -88. -87. -86. -86. -84. -84. -83.
 -81. -80. -72. -72. -72. -71. -70. -69. -68. -65. -61. -55. -54. -53.
 -52. -52. -51. -49. -44. -41. -41. -38. -37. -32. -32. -30. -28. -27.
 -22. -20. -17. -16.  -8.  -6.  -5.  -4.  -3.  -1.  -1.   0.   0.   3.
   7.  11.  12.  14.  16.  16.  17.  18.  19.  19.  20.  20.  21.  22.
  24.  29.  30.  49.  56.  60.  61.  62.  64.  70.  71.  72.  73.  76.
  77.  79.  79.  79.  80.  81.  81.  85.  86.  86.  89.  90.  93.  94.
  97. 100.][-98. -98. -97. -97. -96. -95. -90. -86. -85. -84. -80. -80. -78. -75.
 -67. -65. -65. -61. -60. -59. -57. -56. -55. -54. -52. -52. -50. -48.
 -44. -41. -41. -40. -37. -37. -36. -36. -31. -29. -29. -24. -23. -21.
 -21. -18. -17. -17. -16. -11.  -7.  -6.  -5.  -3.  -3.  -2.  -1.   0.
   1.   1.   2.   5.   5.   9.  16.  17.  18.  19.  19.  20.  22.  23.
  25.  26.  31.  33.  37.  39.  40.  40.  50.  52.  52.  57.  57.  58.
  59.  60.  62.  63.  67.  67.  75.  76.  80.  83.  84.  85.  86.  90.
  99. 100.][-100. -100.  -99.  -98.  -96.  -86.  -84.  -83.  -82.  -82.  -81.  -81.
  -79.  -72.  -71.  -71.  -70.  -68.  -67.  -63.  -61.  -60.  -60.  -56.
  -49.  -47.  -47.  -46.  -45.  -45.  -43.  -41.  -41.  -38.  -35.  -30.
  -30.  -29.  -24.  -19.  -18.  -17.  -15.  -15.  -14.  -10.   -9.   -6.
   -5.   -5.   -2.    1.    1.    3.    3.    4.    9.   13.   15.   16.
   17.   18.   21.   22.   23.   24.   26.   29.   33.   34.   37.   39.
   42.   46.   48.   48.   50.   51.   56.   57.   59.   67.   72.   76.
   77.   78.   80.   82.   83.   85.   86.   87.   88.   90.   91.   93.
   94.   95.   99.   99.][-97. -97. -94. -92. -91. -91. -88. -84. -83. -74. -70. -70. -68. -67.
 -65. -63. -62. -62. -59. -58. -56. -55. -54. -54. -54. -52. -49. -49.
 -48. -47. -46. -45. -44. -39. -37. -36. -34. -34. -30. -28. -26. -18.
 -17. -13. -12. -10.  -9.  -7.  -6.  -4.  -3.   0.   1.   2.   2.   3.
  10.  11.  11.  12.  15.  18.  30.  30.  30.  34.  36.  37.  37.  43.
  44.  46.  51.  52.  53.  53.  57.  60.  60.  62.  62.  64.  64.  65.
  67.  67.  68.  69.  70.  73.  82.  83.  84.  85.  89.  91.  94.  94.
  99. 100.][-98. -96. -96. -95. -91. -88. -87. -86. -84. -81. -77. -71. -70. -68.
 -65. -64. -63. -63. -62. -58. -54. -53. -53. -52. -50. -50. -46. -46.
 -45. -43. -38. -36. -35. -31. -29. -27. -25. -23. -23. -23. -23. -23.
 -23. -22. -22. -22. -19. -17. -15. -11. -11. -10.  -6.  -5.  -5.  -4.
  -3.  -1.   1.   6.  10.  11.  11.  11.  12.  15.  16.  16.  18.  22.
  24.  25.  27.  28.  29.  30.  30.  32.  33.  45.  46.  49.  50.  53.
  54.  57.  57.  57.  62.  71.  72.  73.  78.  84.  91.  93.  94.  94.
  94.  99.][-99. -93. -91. -90. -86. -85. -84. -84. -82. -78. -77. -75. -71. -68.
 -67. -67. -60. -52. -50. -48. -45. -45. -45. -43. -38. -38. -36. -36.
 -33. -33. -32. -32. -31. -29. -25. -24. -24. -23. -21. -20. -15. -14.
 -14. -12.  -9.  -9.  -4.  -3.  -3.  -1.   0.   3.   9.   9.  14.  14.
  16.  17.  18.  18.  19.  28.  31.  32.  34.  35.  36.  37.  38.  39.
  43.  43.  44.  47.  49.  52.  53.  59.  60.  61.  62.  63.  64.  68.
  71.  71.  73.  73.  74.  76.  78.  79.  83.  85.  87.  89.  93.  96.
  98.  99.][-100.  -97.  -94.  -94.  -93.  -91.  -90.  -89.  -81.  -80.  -76.  -72.
  -70.  -67.  -67.  -66.  -66.  -66.  -65.  -58.  -58.  -57.  -57.  -56.
  -48.  -48.  -45.  -45.  -45.  -44.  -43.  -35.  -31.  -31.  -28.  -24.
  -19.  -18.  -13.  -11.   -7.   -5.   -2.   -1.   -1.    0.    1.    3.
    5.    6.    6.    7.   12.   13.   17.   20.   20.   22.   23.   26.
   29.   33.   33.   37.   39.   39.   40.   40.   41.   41.   44.   44.
   45.   45.   46.   46.   47.   49.   50.   51.   53.   53.   55.   57.
   62.   68.   70.   71.   73.   75.   77.   82.   82.   82.   84.   84.
   88.   89.   90.   92.][-98. -98. -97. -94. -93. -89. -88. -88. -86. -83. -81. -80. -78. -74.
 -74. -70. -69. -68. -66. -65. -64. -62. -60. -60. -59. -58. -56. -56.
 -54. -52. -51. -46. -46. -43. -42. -30. -30. -28. -28. -27. -25. -23.
 -22. -18. -16.  -8.  -5.  -5.  -4.  -1.   0.   0.   2.   2.   4.  10.
  12.  13.  17.  17.  18.  18.  19.  20.  20.  21.  23.  30.  31.  34.
  35.  37.  37.  38.  38.  41.  41.  42.  42.  47.  48.  51.  57.  60.
  60.  65.  67.  69.  70.  72.  76.  79.  79.  81.  82.  88.  89.  90.
  95.  99.]