[-98. -93. -92. -91. -90. -90. -89. -83. -80. -79. -78. -75. -74. -73.
 -71. -70. -67. -66. -65. -64. -62. -55. -55. -54. -54. -46. -45. -43.
 -42. -42. -41. -39. -38. -37. -36. -35. -34. -32. -29. -27. -26. -26.
 -24. -22. -21. -20. -20. -18. -17. -16. -12.  -9.  -5.  -2.  -1.  -1.
   0.   2.   4.   6.   6.   7.   9.  10.  11.  15.  19.  19.  19.  22.
  25.  27.  28.  28.  29.  29.  30.  31.  36.  48.  51.  62.  63.  70.
  70.  70.  71.  72.  74.  76.  77.  77.  78.  80.  80.  84.  87.  96.
  98. 100.][-96. -96. -96. -93. -90. -88. -87. -86. -82. -81. -78. -76. -76. -73.
 -71. -68. -68. -67. -65. -65. -64. -63. -60. -56. -55. -52. -51. -50.
 -49. -47. -47. -46. -46. -45. -41. -40. -35. -35. -32. -32. -30. -26.
 -26. -24. -23. -22. -21. -21. -20. -15. -10.  -2.  -2.  -1.   2.   7.
   7.  10.  14.  14.  14.  16.  16.  18.  19.  23.  26.  31.  31.  35.
  35.  36.  37.  49.  49.  51.  51.  52.  54.  55.  56.  57.  57.  57.
  61.  61.  66.  66.  70.  75.  76.  79.  81.  81.  85.  90.  91.  92.
  95. 100.][-100. -100.  -99.  -99.  -96.  -93.  -92.  -91.  -90.  -90.  -90.  -88.
  -84.  -80.  -79.  -77.  -73.  -68.  -67.  -66.  -63.  -58.  -57.  -56.
  -53.  -49.  -49.  -43.  -37.  -33.  -32.  -26.  -22.  -21.  -13.  -10.
   -8.   -6.   -3.   -2.    1.    2.    3.    3.    4.    5.    6.    6.
    6.    6.   10.   10.   11.   14.   16.   17.   18.   21.   21.   21.
   21.   27.   30.   30.   32.   34.   36.   37.   41.   43.   46.   46.
   47.   48.   49.   59.   59.   62.   63.   66.   66.   66.   68.   69.
   70.   73.   74.   76.   78.   81.   84.   85.   87.   95.   96.   97.
   97.   97.   98.   99.][-95. -94. -93. -92. -91. -89. -88. -86. -84. -82. -80. -80. -79. -78.
 -77. -76. -76. -76. -75. -74. -73. -73. -69. -67. -67. -67. -66. -65.
 -64. -62. -58. -53. -53. -52. -48. -46. -44. -41. -38. -33. -33. -32.
 -30. -28. -26. -21. -19. -18. -18. -17. -16.  -3.  -3.  -2.  -2.   0.
   0.   5.   6.   9.  10.  13.  18.  18.  19.  21.  23.  24.  26.  29.
  34.  34.  36.  37.  41.  41.  43.  46.  50.  52.  57.  58.  64.  67.
  69.  73.  76.  77.  78.  83.  86.  91.  92.  93.  93.  96.  98.  98.
 100. 100.][-100.  -98.  -98.  -89.  -86.  -85.  -82.  -77.  -74.  -71.  -69.  -69.
  -68.  -66.  -65.  -64.  -62.  -61.  -59.  -57.  -49.  -48.  -46.  -41.
  -41.  -40.  -39.  -39.  -38.  -31.  -31.  -28.  -27.  -24.  -23.  -19.
  -17.  -16.  -11.   -7.   -5.   -3.   -3.    0.    1.    1.    5.    6.
    6.    6.    8.   13.   14.   15.   17.   18.   19.   21.   22.   27.
   28.   30.   33.   34.   35.   36.   36.   38.   43.   44.   45.   48.
   50.   51.   53.   54.   56.   57.   60.   64.   65.   67.   71.   72.
   73.   74.   76.   79.   80.   82.   82.   86.   86.   88.   91.   93.
   94.   95.  100.  100.][-100.  -91.  -90.  -90.  -88.  -87.  -84.  -81.  -76.  -75.  -75.  -75.
  -75.  -73.  -73.  -70.  -68.  -67.  -63.  -63.  -59.  -56.  -53.  -53.
  -51.  -50.  -49.  -49.  -47.  -47.  -44.  -43.  -42.  -40.  -33.  -31.
  -31.  -30.  -27.  -27.  -26.  -26.  -24.  -22.  -20.  -20.  -18.  -16.
  -15.  -14.  -13.   -8.   -5.   -4.    1.    4.    4.    4.    8.   10.
   10.   13.   15.   17.   18.   21.   24.   25.   26.   26.   27.   29.
   30.   31.   32.   34.   37.   42.   47.   48.   53.   59.   63.   67.
   67.   67.   72.   74.   76.   77.   79.   80.   83.   90.   91.   93.
   94.   96.   98.   99.][-99. -93. -92. -91. -89. -89. -88. -86. -85. -82. -81. -80. -79. -78.
 -76. -74. -72. -67. -64. -56. -56. -55. -52. -50. -48. -44. -43. -42.
 -41. -39. -38. -37. -36. -36. -35. -34. -31. -28. -27. -24. -24. -19.
 -17. -17. -15.  -8.  -2.  -1.   0.   3.   9.  11.  14.  20.  22.  24.
  24.  25.  25.  27.  29.  34.  34.  37.  37.  39.  43.  47.  51.  53.
  53.  56.  56.  58.  62.  63.  67.  68.  68.  70.  70.  71.  74.  75.
  75.  76.  80.  80.  80.  81.  82.  82.  84.  86.  87.  88.  91.  93.
  93.  98.][-96. -96. -95. -95. -94. -92. -92. -91. -86. -86. -81. -80. -76. -74.
 -66. -66. -64. -60. -59. -52. -50. -48. -48. -46. -45. -45. -43. -42.
 -37. -37. -34. -34. -33. -32. -30. -30. -28. -26. -18. -16. -14. -14.
 -13.  -9.  -6.  -6.  -3.  -1.   1.   1.   4.   5.   7.   7.  11.  13.
  15.  16.  19.  20.  26.  27.  28.  33.  33.  35.  36.  39.  39.  41.
  42.  43.  46.  47.  51.  57.  59.  59.  60.  64.  66.  67.  69.  70.
  72.  73.  74.  75.  79.  80.  81.  82.  82.  83.  83.  89.  90.  93.
 100. 100.][-99. -99. -92. -90. -84. -80. -80. -80. -77. -77. -73. -73. -72. -64.
 -62. -61. -61. -60. -58. -57. -54. -52. -51. -51. -50. -49. -46. -46.
 -45. -43. -40. -40. -39. -38. -33. -33. -27. -26. -19. -17. -14.  -8.
  -8.  -7.  -5.  -2.   2.   2.   2.   4.   6.   9.  14.  18.  21.  22.
  22.  25.  27.  29.  30.  30.  33.  33.  35.  36.  37.  41.  44.  45.
  46.  49.  51.  53.  54.  55.  55.  58.  58.  61.  62.  63.  72.  73.
  75.  78.  78.  80.  82.  83.  85.  88.  89.  89.  90.  90.  93.  96.
  97. 100.][-99. -98. -97. -95. -95. -89. -89. -88. -85. -80. -76. -76. -76. -73.
 -72. -70. -70. -67. -66. -66. -62. -62. -58. -56. -55. -54. -54. -54.
 -52. -51. -49. -46. -44. -41. -33. -32. -30. -30. -29. -29. -29. -29.
 -26. -24. -20. -19. -17. -15. -14. -10.  -5.  -1.   2.   3.   4.   5.
   9.  13.  13.  14.  14.  17.  18.  20.  21.  22.  31.  34.  38.  39.
  39.  40.  40.  43.  44.  46.  46.  54.  56.  56.  56.  64.  64.  65.
  67.  73.  78.  78.  81.  82.  83.  84.  85.  87.  90.  94.  98.  99.
  99. 100.][-99. -99. -97. -97. -97. -95. -94. -93. -91. -87. -83. -83. -83. -78.
 -77. -76. -74. -73. -73. -68. -68. -64. -60. -60. -59. -57. -56. -55.
 -53. -53. -46. -41. -40. -39. -39. -38. -34. -33. -32. -29. -21. -21.
 -18. -17. -13. -12.  -2.   4.   4.   6.   8.  13.  15.  16.  16.  16.
  18.  23.  23.  24.  24.  26.  27.  27.  34.  35.  36.  39.  45.  46.
  48.  50.  52.  52.  55.  55.  59.  65.  66.  68.  69.  71.  72.  73.
  75.  79.  81.  82.  84.  85.  85.  87.  90.  92.  96.  97.  98.  98.
  99.  99.][-100. -100.  -99.  -97.  -89.  -89.  -86.  -85.  -85.  -84.  -82.  -82.
  -81.  -78.  -75.  -72.  -72.  -69.  -64.  -64.  -62.  -60.  -57.  -53.
  -48.  -44.  -43.  -42.  -42.  -39.  -37.  -35.  -32.  -31.  -29.  -29.
  -27.  -27.  -19.  -16.  -16.  -11.   -9.   -8.   -1.    1.    4.    5.
    7.   10.   11.   11.   14.   14.   17.   20.   24.   25.   27.   28.
   28.   29.   30.   32.   35.   39.   39.   40.   43.   44.   44.   45.
   45.   48.   49.   51.   54.   55.   56.   58.   62.   64.   64.   64.
   68.   68.   69.   69.   70.   70.   75.   78.   82.   87.   88.   91.
   93.   96.   97.   98.][-99. -98. -97. -96. -95. -93. -92. -91. -88. -85. -84. -80. -78. -77.
 -76. -74. -73. -69. -69. -69. -68. -68. -64. -64. -63. -61. -57. -53.
 -50. -47. -46. -43. -40. -40. -39. -38. -36. -32. -32. -32. -28. -26.
 -25. -24. -15. -14. -13. -12. -11. -10. -10.  -1.   1.   4.   5.   5.
  13.  13.  14.  16.  16.  20.  21.  22.  24.  25.  25.  26.  27.  29.
  32.  32.  33.  35.  36.  38.  39.  42.  42.  47.  47.  49.  51.  54.
  58.  59.  70.  75.  80.  83.  84.  85.  87.  89.  90.  92.  92.  92.
  93.  97.][-99. -96. -95. -95. -92. -90. -89. -87. -87. -87. -86. -86. -86. -84.
 -84. -83. -77. -75. -72. -69. -67. -64. -62. -61. -61. -60. -58. -55.
 -54. -51. -51. -50. -48. -42. -41. -39. -34. -32. -28. -26. -19. -18.
 -17. -16. -12.   7.   9.  10.  14.  14.  15.  17.  19.  19.  23.  24.
  26.  28.  33.  34.  35.  36.  40.  40.  40.  41.  43.  43.  44.  46.
  50.  51.  52.  54.  56.  56.  57.  59.  60.  60.  63.  63.  64.  65.
  66.  66.  66.  66.  68.  68.  70.  72.  72.  72.  83.  84.  87.  89.
  92.  99.][-100. -100.  -98.  -94.  -88.  -88.  -87.  -85.  -85.  -85.  -83.  -81.
  -80.  -75.  -73.  -72.  -65.  -65.  -65.  -59.  -59.  -57.  -56.  -53.
  -52.  -51.  -48.  -40.  -37.  -36.  -35.  -34.  -29.  -22.  -22.  -21.
  -19.  -19.  -18.  -17.   -9.   -4.   -3.   -2.   -1.    0.    1.    1.
    3.    5.    7.    7.   10.   12.   17.   17.   21.   21.   23.   24.
   32.   34.   34.   35.   36.   40.   40.   45.   46.   46.   47.   49.
   50.   50.   52.   55.   59.   60.   62.   63.   65.   66.   67.   69.
   69.   72.   73.   77.   78.   78.   85.   86.   88.   89.   89.   91.
   95.   98.   98.  100.][-100.  -89.  -88.  -87.  -87.  -84.  -84.  -82.  -82.  -82.  -80.  -79.
  -79.  -75.  -72.  -71.  -71.  -65.  -64.  -60.  -59.  -58.  -55.  -54.
  -51.  -51.  -49.  -41.  -37.  -37.  -36.  -35.  -28.  -27.  -26.  -24.
  -20.  -16.   -8.   -6.   -5.   -4.   -3.   -3.   -2.    0.    2.    5.
    5.    5.    6.    6.    8.    9.   12.   12.   13.   14.   22.   24.
   26.   33.   33.   34.   34.   36.   38.   39.   45.   45.   48.   51.
   55.   55.   56.   57.   57.   57.   58.   59.   66.   71.   76.   78.
   80.   82.   82.   82.   83.   87.   87.   89.   91.   91.   91.   94.
   95.   98.   99.  100.][-100.  -99.  -96.  -95.  -92.  -86.  -86.  -83.  -79.  -73.  -72.  -72.
  -71.  -70.  -69.  -64.  -63.  -60.  -59.  -59.  -57.  -57.  -57.  -55.
  -50.  -50.  -50.  -49.  -49.  -48.  -44.  -44.  -42.  -42.  -41.  -39.
  -37.  -36.  -32.  -32.  -30.  -26.  -25.  -24.  -24.  -20.  -19.  -18.
  -12.  -11.   -8.   -3.    0.    1.    1.    2.    9.   10.   12.   14.
   15.   24.   25.   29.   30.   32.   32.   34.   34.   34.   35.   43.
   47.   48.   49.   49.   49.   55.   57.   60.   63.   69.   69.   75.
   81.   82.   83.   84.   85.   85.   87.   90.   91.   92.   93.   94.
   94.   95.   95.   98.][-94. -92. -92. -91. -91. -91. -91. -90. -90. -85. -85. -84. -77. -76.
 -76. -76. -75. -75. -74. -71. -68. -65. -63. -62. -61. -60. -59. -55.
 -51. -37. -32. -32. -30. -23. -23. -22. -13. -13. -12. -11.  -9.  -7.
  -6.  -2.   0.   0.   1.   2.   5.  10.  10.  13.  14.  14.  16.  16.
  18.  19.  20.  21.  22.  26.  27.  28.  29.  34.  35.  41.  44.  48.
  48.  50.  51.  51.  54.  55.  57.  63.  64.  64.  64.  66.  74.  76.
  76.  77.  78.  79.  80.  80.  80.  80.  81.  82.  84.  86.  88.  90.
  94.  95.][-100.  -99.  -99.  -93.  -90.  -90.  -86.  -83.  -82.  -79.  -77.  -77.
  -76.  -76.  -75.  -71.  -71.  -68.  -67.  -65.  -60.  -59.  -55.  -55.
  -55.  -52.  -43.  -43.  -43.  -42.  -41.  -39.  -38.  -37.  -37.  -36.
  -32.  -29.  -28.  -26.  -23.  -22.  -21.  -20.  -16.  -14.  -12.  -11.
  -10.  -10.   -7.   -7.   -6.   -4.   -3.   -1.    1.    5.    5.    9.
   17.   18.   23.   27.   29.   31.   32.   36.   37.   38.   46.   48.
   50.   52.   57.   58.   60.   60.   60.   66.   67.   67.   68.   70.
   70.   73.   75.   76.   78.   79.   80.   82.   87.   90.   95.   95.
   99.  100.  100.  100.][-100.  -96.  -96.  -94.  -93.  -91.  -90.  -87.  -85.  -82.  -81.  -80.
  -79.  -78.  -77.  -77.  -70.  -70.  -69.  -68.  -66.  -62.  -61.  -61.
  -58.  -58.  -57.  -56.  -56.  -55.  -51.  -47.  -45.  -44.  -43.  -38.
  -37.  -31.  -30.  -30.  -30.  -25.  -24.  -23.  -22.  -22.  -21.  -20.
   -4.   -3.   -1.    0.    4.    7.    8.    8.   10.   10.   13.   13.
   20.   23.   27.   27.   28.   28.   28.   28.   30.   37.   39.   40.
   41.   43.   44.   47.   49.   52.   57.   58.   61.   63.   66.   67.
   68.   70.   75.   82.   82.   82.   83.   84.   86.   87.   89.   91.
   91.   92.   92.   97.][-99. -95. -91. -89. -86. -84. -83. -82. -81. -81. -81. -80. -78. -77.
 -77. -74. -73. -72. -71. -70. -50. -50. -49. -49. -45. -41. -41. -38.
 -38. -38. -38. -37. -32. -27. -27. -24. -24. -20. -18. -15. -15. -12.
  -6.  -6.  -6.  -5.  -4.  -1.  -1.   1.   1.   2.   9.   9.  10.  10.
  13.  16.  17.  19.  20.  24.  24.  24.  25.  25.  26.  31.  35.  36.
  37.  38.  38.  49.  49.  49.  53.  54.  57.  59.  60.  63.  68.  70.
  72.  73.  75.  78.  80.  81.  81.  82.  84.  87.  90.  90.  90.  91.
  92.  94.][-98. -95. -95. -92. -92. -92. -91. -90. -87. -86. -84. -84. -78. -75.
 -75. -73. -72. -70. -69. -68. -65. -64. -62. -62. -62. -60. -55. -54.
 -54. -51. -50. -46. -45. -35. -25. -24. -24. -23. -23. -22. -22. -19.
 -15. -15. -12. -11. -11. -10. -10.  -7.  -7.   0.   1.   7.   7.  10.
  12.  13.  13.  14.  16.  19.  21.  25.  28.  31.  32.  36.  37.  41.
  44.  44.  44.  45.  47.  47.  48.  52.  53.  58.  59.  63.  65.  66.
  69.  71.  72.  75.  77.  78.  78.  79.  82.  83.  86.  89.  92.  92.
  94. 100.][-99. -98. -97. -96. -95. -87. -81. -80. -77. -75. -75. -71. -70. -70.
 -69. -67. -67. -67. -65. -60. -58. -58. -58. -51. -51. -49. -47. -41.
 -39. -38. -38. -34. -31. -30. -29. -29. -28. -27. -27. -26. -26. -17.
 -15. -12. -11. -10.  -9.  -4.   0.   3.   5.   6.   8.   9.  11.  13.
  17.  20.  27.  31.  31.  32.  36.  37.  39.  41.  43.  44.  46.  46.
  47.  48.  48.  52.  54.  55.  56.  57.  58.  65.  65.  66.  67.  70.
  72.  73.  73.  74.  78.  81.  82.  85.  88.  88.  91.  92.  92.  93.
  93.  98.][-98. -98. -93. -91. -85. -82. -81. -79. -78. -76. -75. -73. -72. -71.
 -69. -66. -65. -57. -56. -55. -52. -50. -50. -47. -46. -45. -42. -42.
 -40. -40. -40. -39. -37. -36. -35. -34. -34. -27. -26. -25. -23. -22.
 -21. -21. -19. -19. -18. -16. -16.  -8.  -8.  -6.  -4.  -2.  -2.  -1.
  -1.  -1.   0.   1.   2.   2.   5.   6.   8.   9.  11.  13.  15.  16.
  28.  28.  30.  31.  31.  31.  33.  38.  38.  40.  41.  44.  44.  46.
  48.  53.  60.  60.  70.  70.  79.  80.  84.  84.  85.  85.  85.  88.
  90. 100.][-100.  -98.  -94.  -91.  -88.  -86.  -85.  -84.  -84.  -84.  -82.  -76.
  -72.  -71.  -70.  -66.  -66.  -61.  -56.  -55.  -55.  -54.  -50.  -48.
  -47.  -46.  -43.  -41.  -39.  -33.  -27.  -27.  -25.  -22.  -21.  -20.
  -14.  -11.  -11.   -2.    2.    3.    4.    6.    9.    9.    9.   12.
   12.   12.   12.   16.   17.   18.   18.   18.   21.   21.   22.   22.
   26.   27.   30.   30.   30.   31.   34.   37.   41.   43.   44.   44.
   46.   50.   51.   55.   57.   58.   63.   65.   68.   69.   71.   72.
   73.   74.   74.   75.   76.   77.   77.   78.   79.   80.   84.   84.
   84.   90.   93.   95.][-96. -95. -93. -91. -91. -87. -83. -80. -76. -75. -73. -73. -70. -70.
 -70. -69. -66. -62. -60. -59. -58. -55. -44. -36. -36. -35. -33. -32.
 -29. -28. -26. -26. -24. -23. -17. -13.  -6.  -5.  -4.  -4.  -2.  -1.
  -1.   2.   2.   3.   4.   4.   7.  11.  13.  15.  23.  23.  26.  27.
  27.  29.  30.  31.  33.  35.  38.  38.  39.  40.  41.  42.  42.  43.
  43.  45.  49.  50.  51.  52.  52.  52.  53.  53.  54.  55.  58.  59.
  60.  70.  71.  72.  74.  74.  76.  78.  78.  79.  83.  85.  87.  96.
  99. 100.][-100. -100.  -95.  -93.  -93.  -92.  -91.  -85.  -84.  -80.  -70.  -67.
  -63.  -63.  -56.  -55.  -52.  -49.  -48.  -48.  -47.  -42.  -39.  -38.
  -36.  -34.  -33.  -33.  -30.  -27.  -27.  -25.  -19.  -16.  -13.  -13.
  -12.  -11.   -9.   -7.   -4.   -2.   -2.    4.    8.    9.   12.   17.
   20.   23.   24.   24.   26.   28.   29.   31.   31.   32.   33.   33.
   34.   35.   36.   36.   38.   38.   39.   42.   42.   43.   45.   47.
   48.   50.   51.   52.   57.   57.   58.   59.   62.   63.   67.   69.
   70.   74.   74.   75.   76.   78.   80.   81.   84.   84.   92.   92.
   94.   95.   97.   98.][-100.  -99.  -98.  -98.  -97.  -97.  -96.  -95.  -92.  -92.  -91.  -91.
  -90.  -89.  -87.  -86.  -85.  -85.  -82.  -79.  -79.  -73.  -71.  -70.
  -66.  -66.  -65.  -61.  -53.  -52.  -51.  -49.  -45.  -40.  -37.  -36.
  -34.  -28.  -27.  -23.  -19.  -18.  -18.  -10.   -7.   -1.    1.    2.
    2.    3.    3.    4.    4.    6.    7.    9.   10.   12.   13.   13.
   17.   26.   28.   34.   35.   37.   38.   39.   42.   43.   46.   47.
   51.   52.   56.   57.   58.   58.   60.   61.   63.   65.   71.   74.
   76.   77.   78.   80.   82.   84.   85.   87.   87.   92.   92.   93.
   95.   95.   95.   98.][-99. -91. -89. -89. -86. -84. -80. -78. -77. -71. -71. -70. -67. -63.
 -60. -59. -55. -53. -52. -48. -44. -41. -41. -41. -34. -34. -32. -32.
 -31. -30. -29. -28. -28. -26. -25. -24. -11.  -9.  -9.  -8.  -5.  -4.
  -3.   0.   4.   5.  10.  10.  11.  19.  21.  27.  28.  29.  31.  33.
  35.  36.  37.  38.  40.  40.  40.  43.  45.  46.  48.  50.  51.  52.
  52.  53.  55.  56.  56.  56.  57.  63.  64.  65.  66.  67.  67.  69.
  69.  69.  70.  72.  75.  77.  77.  80.  84.  86.  88.  90.  90.  93.
  99. 100.][-99. -97. -96. -94. -91. -90. -89. -86. -84. -80. -80. -78. -76. -76.
 -75. -74. -72. -58. -50. -47. -46. -44. -44. -39. -39. -36. -34. -34.
 -30. -26. -23. -21. -21. -10. -10. -10.  -9.  -6.  -5.  -1.   5.  10.
  12.  12.  14.  14.  21.  22.  22.  23.  31.  31.  39.  40.  41.  41.
  42.  42.  43.  44.  46.  47.  47.  48.  49.  49.  50.  53.  54.  54.
  55.  58.  58.  58.  58.  60.  61.  66.  66.  67.  69.  76.  79.  79.
  81.  82.  83.  83.  85.  86.  86.  87.  89.  92.  93.  97.  98.  98.
  99.  99.][-100.  -99.  -99.  -99.  -96.  -89.  -88.  -88.  -87.  -84.  -80.  -80.
  -75.  -74.  -74.  -74.  -69.  -68.  -68.  -68.  -67.  -63.  -61.  -59.
  -59.  -55.  -53.  -49.  -46.  -44.  -43.  -41.  -41.  -36.  -28.  -28.
  -28.  -26.  -25.  -21.  -20.  -19.  -19.  -16.  -13.   -8.   -5.    1.
    1.    2.    4.    6.    7.    7.    9.    9.   11.   13.   15.   18.
   20.   26.   28.   29.   32.   40.   40.   41.   41.   42.   42.   49.
   50.   52.   55.   57.   60.   61.   62.   64.   65.   65.   66.   69.
   70.   75.   75.   75.   77.   77.   78.   83.   84.   87.   88.   90.
   90.   95.   99.   99.][-97. -97. -94. -92. -91. -90. -89. -84. -83. -79. -77. -75. -73. -72.
 -71. -69. -68. -67. -65. -64. -63. -62. -59. -57. -57. -50. -47. -46.
 -45. -44. -44. -33. -33. -33. -32. -29. -27. -27. -24. -22. -21. -20.
 -17. -16. -15.  -8.  -7.  -6.  -3.   0.   2.   3.   5.   8.   9.  12.
  12.  14.  14.  14.  16.  18.  19.  23.  23.  25.  28.  30.  31.  36.
  36.  37.  38.  38.  38.  39.  40.  43.  47.  48.  49.  53.  54.  61.
  66.  68.  80.  81.  82.  82.  82.  83.  83.  88.  92.  94.  95.  96.
  97.  98.][-97. -96. -93. -93. -91. -91. -88. -87. -83. -78. -77. -73. -69. -66.
 -65. -62. -61. -61. -59. -58. -58. -54. -54. -50. -49. -49. -46. -44.
 -44. -44. -43. -42. -40. -37. -34. -33. -33. -28. -26. -25. -25. -19.
 -19. -14. -14.  -8.  -7.  -6.  -6.  -5.  -5.  -5.   1.   1.   7.   7.
   8.  10.  12.  12.  17.  19.  22.  23.  25.  27.  35.  35.  35.  41.
  43.  45.  48.  49.  55.  56.  60.  61.  62.  64.  67.  68.  75.  76.
  77.  80.  81.  81.  84.  87.  90.  91.  96.  97.  97.  98.  99.  99.
 100. 100.][-100.  -97.  -96.  -94.  -94.  -91.  -91.  -91.  -90.  -87.  -85.  -84.
  -81.  -78.  -77.  -75.  -75.  -66.  -65.  -64.  -64.  -61.  -60.  -59.
  -56.  -53.  -53.  -50.  -50.  -46.  -43.  -40.  -38.  -37.  -35.  -31.
  -26.  -25.  -24.  -24.  -11.   -8.   -7.   -6.   -4.   -3.   -2.    0.
    1.    2.    2.    3.    7.    8.   15.   21.   31.   33.   33.   34.
   35.   39.   40.   42.   46.   55.   55.   55.   59.   62.   63.   63.
   63.   65.   65.   66.   66.   66.   69.   70.   70.   71.   72.   73.
   76.   78.   79.   80.   80.   82.   84.   84.   85.   85.   85.   87.
   93.   95.   96.   97.][-100.  -98.  -98.  -97.  -96.  -90.  -86.  -85.  -83.  -83.  -78.  -77.
  -77.  -75.  -72.  -72.  -71.  -70.  -66.  -65.  -60.  -58.  -56.  -54.
  -52.  -51.  -48.  -45.  -44.  -43.  -42.  -41.  -40.  -39.  -36.  -35.
  -35.  -33.  -32.  -31.  -24.  -22.  -19.  -19.  -16.  -14.  -13.  -12.
  -11.   -8.   -6.   -2.   -2.    0.    3.    3.    5.    7.    8.    9.
   13.   15.   15.   21.   21.   22.   23.   25.   25.   25.   28.   28.
   28.   29.   29.   32.   32.   34.   34.   38.   39.   40.   47.   52.
   54.   57.   63.   65.   66.   66.   69.   75.   77.   80.   83.   85.
   87.   90.   94.  100.][-98. -97. -94. -94. -92. -91. -89. -88. -84. -84. -80. -79. -77. -75.
 -75. -74. -73. -72. -71. -69. -69. -68. -66. -65. -62. -59. -59. -58.
 -56. -55. -53. -52. -51. -47. -46. -45. -44. -42. -40. -35. -35. -30.
 -28. -27. -26. -22. -20. -20. -11.  -7.  -6.  -5.  -5.  -4.   1.   1.
   3.   3.   6.   7.   9.   9.  11.  21.  22.  23.  24.  24.  25.  25.
  29.  29.  32.  35.  36.  40.  41.  41.  44.  44.  47.  49.  49.  50.
  52.  52.  53.  60.  74.  76.  77.  82.  82.  83.  88.  91.  91.  96.
  98.  98.][-100.  -92.  -87.  -84.  -83.  -81.  -81.  -81.  -79.  -79.  -79.  -70.
  -67.  -66.  -66.  -60.  -58.  -58.  -57.  -57.  -56.  -55.  -54.  -50.
  -49.  -49.  -45.  -44.  -41.  -40.  -38.  -33.  -30.  -29.  -28.  -22.
  -21.  -17.  -15.  -13.  -12.  -11.  -10.   -9.   -5.   -4.   -1.   -1.
    1.    2.    8.   10.   13.   15.   15.   15.   17.   19.   21.   25.
   26.   26.   27.   31.   32.   37.   41.   42.   45.   50.   50.   52.
   53.   56.   57.   57.   58.   58.   58.   59.   59.   65.   67.   68.
   70.   70.   72.   75.   76.   78.   80.   80.   80.   83.   84.   88.
   88.   91.   95.   97.][-91. -91. -89. -89. -87. -85. -81. -80. -77. -75. -74. -73. -73. -72.
 -70. -66. -65. -62. -59. -59. -58. -56. -56. -55. -52. -51. -49. -47.
 -45. -42. -40. -35. -34. -31. -30. -29. -24. -23. -20. -19. -17. -16.
 -15. -13. -12. -12. -11.  -9.  -8.  -8.  -7.  -2.   0.   7.   7.   7.
   8.   9.  11.  14.  14.  16.  20.  28.  33.  34.  37.  37.  38.  39.
  39.  43.  44.  44.  45.  51.  54.  55.  59.  60.  61.  62.  63.  66.
  67.  70.  75.  76.  77.  79.  82.  83.  83.  84.  85.  86.  89.  93.
  99.  99.][-99. -97. -97. -94. -92. -88. -87. -87. -87. -84. -83. -83. -81. -80.
 -79. -78. -76. -76. -75. -74. -73. -70. -69. -68. -66. -63. -61. -60.
 -58. -56. -54. -52. -51. -51. -51. -49. -49. -47. -47. -44. -41. -40.
 -38. -35. -34. -33. -32. -32. -31. -30. -25. -25. -24. -24. -23. -22.
 -20. -17. -14. -14. -12. -10. -10.  -9.  -9.  -7.  -7.  -5.  -4.  -1.
   0.   3.   3.   6.  14.  16.  18.  22.  27.  29.  32.  33.  39.  48.
  48.  49.  52.  59.  61.  62.  62.  64.  75.  79.  80.  85.  87.  93.
 100. 100.][-99. -97. -95. -93. -91. -91. -88. -87. -85. -81. -80. -77. -74. -73.
 -71. -68. -68. -62. -58. -58. -57. -55. -53. -53. -48. -44. -44. -40.
 -36. -35. -31. -30. -25. -25. -24. -15. -12. -10.  -8.  -4.  -2.  -2.
   2.   4.   5.  11.  13.  18.  19.  21.  26.  27.  30.  31.  31.  31.
  35.  35.  36.  38.  38.  38.  42.  42.  43.  43.  45.  46.  48.  48.
  50.  51.  52.  54.  55.  57.  59.  59.  61.  61.  66.  68.  74.  75.
  75.  76.  77.  78.  78.  84.  89.  90.  90.  91.  91.  92.  97.  97.
  99. 100.][-100. -100.  -99.  -98.  -97.  -96.  -95.  -93.  -91.  -91.  -82.  -81.
  -79.  -79.  -74.  -72.  -68.  -67.  -67.  -63.  -61.  -58.  -50.  -46.
  -46.  -45.  -39.  -35.  -35.  -34.  -34.  -33.  -33.  -33.  -32.  -31.
  -30.  -30.  -22.  -20.  -17.  -15.  -14.  -14.  -14.  -13.  -12.  -12.
  -10.   -9.   -8.   -8.   -5.   -3.   -3.   -1.    2.    4.    5.    9.
   11.   14.   19.   26.   32.   33.   35.   35.   36.   40.   41.   42.
   44.   45.   46.   47.   47.   48.   49.   51.   53.   54.   55.   57.
   59.   65.   66.   66.   68.   72.   75.   76.   78.   79.   82.   86.
   88.   91.   94.   94.][-97. -96. -93. -90. -90. -87. -85. -82. -82. -81. -77. -76. -75. -75.
 -74. -73. -72. -67. -63. -62. -61. -50. -48. -45. -43. -41. -40. -38.
 -37. -36. -32. -31. -30. -27. -24. -23. -19. -15. -13. -11. -10.  -9.
  -6.  -6.  -5.  -4.  -3.  -2.   0.   0.   0.   4.   7.   7.  10.  10.
  11.  11.  11.  12.  15.  18.  23.  25.  27.  27.  30.  33.  34.  36.
  38.  41.  43.  45.  47.  47.  49.  50.  51.  52.  53.  53.  53.  56.
  57.  58.  59.  63.  71.  71.  75.  77.  82.  84.  86.  88.  90.  90.
  91.  97.][-96. -95. -95. -92. -89. -88. -85. -83. -80. -79. -78. -78. -74. -68.
 -64. -62. -59. -58. -57. -52. -50. -50. -43. -42. -42. -40. -34. -33.
 -32. -31. -30. -29. -29. -24. -24. -22. -22. -16. -16. -12. -10.  -9.
  -7.  -5.  -4.  -3.  -3.  -2.  -1.   1.   3.   6.   6.   7.  17.  17.
  17.  20.  20.  21.  21.  25.  25.  29.  30.  31.  36.  37.  38.  44.
  45.  49.  52.  53.  53.  55.  57.  57.  69.  71.  74.  74.  75.  76.
  76.  77.  79.  83.  86.  88.  89.  90.  91.  91.  93.  94.  96.  97.
  98.  98.][-100. -100.  -99.  -98.  -95.  -93.  -89.  -85.  -83.  -82.  -82.  -80.
  -76.  -74.  -73.  -71.  -70.  -67.  -60.  -57.  -57.  -52.  -51.  -50.
  -49.  -46.  -44.  -41.  -35.  -35.  -35.  -34.  -30.  -24.  -18.  -18.
  -16.  -16.  -15.  -14.  -13.  -13.  -12.  -10.  -10.  -10.   -8.   -3.
    0.    1.    2.    3.    5.    5.   10.   11.   13.   16.   17.   22.
   24.   24.   24.   25.   26.   29.   32.   32.   34.   41.   41.   43.
   44.   44.   45.   47.   47.   53.   55.   59.   60.   63.   66.   67.
   67.   67.   68.   73.   77.   80.   83.   86.   86.   86.   90.   92.
   95.   97.   98.  100.][-99. -97. -92. -88. -87. -84. -79. -78. -77. -70. -69. -68. -67. -67.
 -67. -62. -61. -58. -57. -57. -54. -54. -52. -49. -49. -47. -46. -45.
 -44. -43. -37. -31. -30. -29. -28. -26. -26. -24. -19. -18. -15. -12.
 -10.  -7.  -6.  -5.  -4.  -1.   1.   4.   4.   6.   8.  17.  21.  22.
  23.  25.  25.  26.  27.  30.  34.  37.  37.  42.  43.  44.  46.  49.
  50.  51.  51.  52.  52.  55.  55.  61.  64.  68.  69.  69.  69.  69.
  71.  72.  74.  75.  81.  84.  84.  85.  86.  89.  89.  92.  93.  94.
  96.  96.][-94. -88. -87. -87. -84. -84. -83. -82. -79. -77. -73. -72. -72. -60.
 -57. -52. -52. -50. -49. -49. -45. -45. -43. -43. -43. -40. -37. -34.
 -34. -34. -26. -26. -25. -20. -15. -14. -14. -14. -14. -10.  -8.  -8.
  -7.  -7.  -7.   0.   1.   2.   3.   3.   4.   7.   8.   9.  14.  14.
  17.  18.  20.  21.  22.  26.  29.  29.  35.  35.  35.  37.  39.  39.
  40.  45.  48.  48.  50.  51.  55.  57.  57.  58.  60.  61.  64.  66.
  67.  71.  71.  72.  72.  78.  81.  86.  90.  92.  93.  93.  97.  98.
  99. 100.][-98. -96. -91. -91. -91. -90. -90. -88. -87. -87. -86. -83. -79. -74.
 -74. -73. -68. -54. -47. -45. -45. -45. -43. -41. -41. -41. -35. -35.
 -35. -34. -34. -34. -33. -32. -28. -27. -26. -26. -24. -22. -22. -20.
 -19. -16. -12.  -9.  -7.  -5.  -4.  -4.  -3.   0.   0.   2.   6.   8.
   9.  12.  14.  17.  24.  26.  27.  27.  27.  28.  29.  31.  33.  39.
  41.  42.  45.  45.  47.  48.  53.  53.  54.  54.  56.  57.  62.  62.
  66.  67.  69.  70.  72.  77.  78.  78.  79.  79.  84.  85.  87.  90.
  97.  99.][-97. -94. -93. -91. -90. -89. -80. -78. -77. -76. -73. -69. -66. -62.
 -60. -59. -58. -57. -56. -54. -53. -49. -46. -46. -46. -45. -41. -37.
 -35. -31. -29. -28. -27. -20. -20. -18. -16. -15. -11. -10.  -9.  -8.
  -7.  -6.  -6.  -3.  -3.   2.   3.   4.   5.   7.   9.  12.  12.  14.
  15.  20.  25.  29.  30.  30.  32.  32.  41.  41.  42.  44.  45.  45.
  47.  49.  49.  55.  56.  56.  56.  58.  67.  67.  67.  71.  72.  72.
  73.  74.  75.  79.  80.  83.  83.  84.  85.  86.  91.  92.  92.  92.
  93.  94.][-100.  -98.  -97.  -96.  -95.  -93.  -92.  -92.  -90.  -89.  -88.  -87.
  -86.  -82.  -80.  -79.  -75.  -71.  -71.  -68.  -64.  -62.  -62.  -59.
  -58.  -57.  -49.  -43.  -37.  -35.  -32.  -31.  -30.  -30.  -29.  -29.
  -25.  -25.  -24.  -23.  -22.  -21.  -21.  -14.  -12.  -11.   -9.   -7.
   -3.   -2.   -2.   -1.    0.    3.    7.    7.    8.   11.   14.   15.
   16.   22.   22.   24.   25.   26.   27.   28.   30.   30.   33.   34.
   35.   39.   49.   54.   55.   56.   58.   59.   71.   73.   76.   76.
   79.   80.   81.   82.   83.   86.   87.   92.   92.   93.   94.   95.
   96.   97.   99.  100.][-99. -97. -96. -94. -91. -91. -82. -81. -80. -77. -74. -73. -72. -72.
 -72. -70. -65. -60. -56. -55. -52. -52. -49. -46. -44. -44. -42. -41.
 -41. -40. -40. -40. -38. -37. -36. -36. -35. -33. -32. -32. -20. -20.
 -19. -18. -17. -16. -14. -11.  -9.  -7.  -7.  -7.  -1.  -1.   2.   5.
   7.   8.   8.   8.  10.  11.  16.  16.  19.  19.  22.  23.  24.  25.
  25.  35.  38.  47.  48.  48.  51.  53.  55.  60.  62.  62.  64.  70.
  72.  72.  72.  74.  78.  78.  82.  83.  84.  85.  86.  89.  90.  96.
  96.  99.][-98. -96. -96. -91. -91. -90. -89. -87. -87. -79. -78. -76. -73. -72.
 -68. -68. -66. -62. -59. -57. -54. -46. -43. -42. -40. -34. -33. -32.
 -31. -28. -24. -24. -23. -20. -19. -16. -14. -12.  -8.  -8.  -5.   1.
   1.   3.   5.   8.   8.   9.   9.  13.  13.  19.  19.  20.  22.  24.
  25.  27.  34.  34.  37.  41.  41.  42.  44.  46.  48.  54.  54.  54.
  56.  56.  56.  58.  59.  60.  60.  60.  61.  61.  62.  63.  64.  66.
  66.  74.  76.  78.  83.  83.  85.  86.  87.  87.  89.  90.  92.  96.
  97. 100.][-99. -99. -99. -96. -96. -94. -90. -90. -89. -86. -83. -82. -78. -78.
 -77. -76. -71. -70. -68. -67. -63. -60. -60. -58. -54. -54. -52. -50.
 -48. -43. -38. -34. -32. -31. -30. -30. -30. -29. -18. -18. -15. -14.
 -14. -12. -10.  -8.  -8.  -6.   4.   5.   5.   8.   9.  11.  13.  14.
  17.  18.  21.  24.  26.  28.  29.  30.  31.  33.  33.  35.  36.  40.
  40.  40.  43.  47.  47.  48.  50.  53.  55.  56.  57.  62.  63.  64.
  66.  67.  67.  70.  74.  74.  74.  79.  83.  84.  84.  86.  87.  88.
  92.  97.][-100. -100.  -99.  -96.  -96.  -95.  -89.  -87.  -85.  -78.  -78.  -78.
  -77.  -77.  -76.  -73.  -70.  -70.  -68.  -68.  -67.  -66.  -60.  -59.
  -58.  -55.  -50.  -50.  -49.  -45.  -45.  -44.  -43.  -36.  -36.  -34.
  -29.  -26.  -26.  -25.  -24.  -24.  -23.  -21.  -20.  -20.  -13.   -6.
   -4.   -1.    2.    4.    5.    7.    7.    8.   10.   11.   12.   13.
   13.   14.   18.   21.   21.   22.   22.   27.   29.   30.   31.   36.
   40.   41.   44.   45.   46.   48.   49.   49.   49.   52.   52.   56.
   59.   62.   66.   69.   72.   73.   78.   82.   83.   84.   84.   90.
   92.   94.   95.   97.][-100.  -99.  -96.  -95.  -93.  -90.  -89.  -87.  -81.  -81.  -80.  -79.
  -77.  -76.  -70.  -64.  -63.  -63.  -63.  -62.  -61.  -60.  -57.  -57.
  -50.  -49.  -44.  -44.  -43.  -41.  -41.  -39.  -38.  -37.  -36.  -35.
  -35.  -32.  -25.  -25.  -24.  -22.  -21.  -19.  -19.  -18.  -17.  -12.
  -12.  -10.  -10.  -10.   -7.   -6.   -2.   -2.   -1.    2.    5.    5.
   12.   13.   15.   18.   21.   24.   25.   30.   31.   31.   32.   34.
   36.   39.   40.   44.   48.   49.   52.   53.   53.   54.   54.   60.
   62.   67.   68.   68.   69.   72.   75.   79.   79.   80.   83.   84.
   85.   87.   97.   97.][-100. -100.  -96.  -91.  -90.  -90.  -90.  -87.  -87.  -86.  -85.  -83.
  -78.  -74.  -74.  -68.  -68.  -66.  -62.  -62.  -59.  -55.  -54.  -52.
  -51.  -49.  -49.  -47.  -45.  -43.  -42.  -40.  -38.  -36.  -36.  -34.
  -33.  -31.  -31.  -31.  -30.  -20.  -20.  -17.  -17.  -16.  -15.  -15.
  -13.  -11.   -8.   -7.   -5.   -2.    6.    7.    8.   10.   10.   12.
   12.   13.   17.   19.   21.   22.   24.   25.   25.   26.   27.   36.
   38.   39.   42.   44.   46.   48.   52.   55.   55.   58.   61.   62.
   64.   65.   70.   72.   72.   73.   82.   83.   85.   88.   89.   90.
   95.   96.   98.  100.][-98. -96. -92. -89. -89. -87. -85. -84. -82. -76. -75. -75. -74. -72.
 -70. -66. -65. -61. -55. -48. -43. -42. -40. -40. -40. -36. -34. -33.
 -32. -31. -30. -29. -25. -23. -21. -17. -17. -16. -15. -13. -12. -11.
  -8.  -6.  -5.  -4.  -2.   0.   1.   1.   2.   3.   7.  13.  14.  14.
  15.  15.  19.  19.  20.  24.  24.  24.  24.  25.  27.  28.  29.  30.
  32.  35.  39.  40.  44.  46.  46.  48.  49.  51.  53.  55.  55.  56.
  59.  59.  60.  60.  62.  63.  63.  65.  67.  76.  90.  91.  92.  92.
  99. 100.][-98. -97. -87. -84. -80. -78. -73. -72. -68. -68. -66. -64. -64. -57.
 -56. -56. -54. -51. -51. -47. -46. -45. -44. -41. -39. -36. -35. -34.
 -33. -29. -28. -27. -22. -18. -17. -17. -17. -16. -15. -13. -13.  -9.
  -8.  -8.  -7.  -5.  -2.   0.   2.   2.   4.   4.   4.   5.   6.   8.
   8.   8.   9.   9.  10.  13.  13.  18.  26.  28.  30.  31.  33.  33.
  34.  35.  37.  37.  47.  48.  51.  53.  53.  57.  60.  61.  62.  63.
  64.  65.  69.  76.  78.  80.  81.  84.  90.  91.  92.  92.  93.  95.
  95.  98.][-100.  -97.  -90.  -87.  -85.  -83.  -82.  -80.  -80.  -78.  -78.  -76.
  -72.  -71.  -71.  -69.  -68.  -67.  -66.  -63.  -62.  -58.  -49.  -48.
  -47.  -47.  -40.  -40.  -37.  -37.  -36.  -34.  -32.  -30.  -28.  -27.
  -26.  -26.  -26.  -26.  -24.  -23.  -23.  -18.  -17.  -16.   -7.   -5.
   -5.   -4.   -3.   -2.    0.    2.    3.    3.    3.    4.    5.    6.
   16.   21.   23.   25.   27.   29.   29.   31.   31.   36.   37.   38.
   42.   47.   48.   49.   50.   50.   54.   54.   54.   58.   59.   62.
   65.   67.   73.   74.   75.   77.   77.   78.   80.   88.   93.   94.
   97.   98.   99.  100.][-100.  -99.  -96.  -96.  -95.  -95.  -91.  -89.  -88.  -87.  -85.  -83.
  -83.  -82.  -80.  -77.  -76.  -75.  -73.  -68.  -68.  -65.  -63.  -63.
  -61.  -55.  -55.  -53.  -51.  -43.  -34.  -33.  -32.  -30.  -30.  -29.
  -28.  -26.  -22.  -19.  -18.  -12.   -7.   -4.   -4.   -1.    1.    1.
    1.    1.    2.    2.    5.    5.    7.   12.   13.   14.   16.   17.
   21.   22.   23.   24.   29.   32.   35.   38.   39.   39.   42.   44.
   44.   51.   54.   55.   55.   56.   64.   65.   66.   67.   67.   71.
   74.   76.   76.   78.   84.   84.   84.   86.   87.   89.   91.   93.
   93.   96.   98.   98.][-100.  -99.  -98.  -95.  -90.  -89.  -88.  -85.  -84.  -83.  -83.  -81.
  -81.  -80.  -79.  -77.  -76.  -75.  -74.  -72.  -71.  -71.  -70.  -69.
  -67.  -61.  -60.  -59.  -57.  -56.  -56.  -54.  -37.  -36.  -35.  -34.
  -32.  -31.  -30.  -30.  -29.  -27.  -23.  -18.  -14.  -12.   -6.   -5.
   -4.   -3.   -3.   -2.    0.    2.    2.    3.    4.    5.    6.   10.
   12.   13.   14.   18.   18.   19.   22.   26.   27.   29.   31.   33.
   37.   38.   38.   40.   40.   43.   44.   50.   51.   51.   52.   52.
   54.   58.   58.   61.   69.   75.   82.   84.   89.   91.   91.   93.
   96.   97.   98.   98.][-98. -97. -97. -96. -94. -85. -83. -83. -78. -78. -76. -73. -70. -69.
 -68. -67. -66. -62. -61. -56. -56. -55. -53. -52. -52. -50. -48. -47.
 -43. -41. -41. -40. -38. -38. -38. -35. -35. -30. -28. -28. -28. -25.
 -24. -24. -23. -21. -20. -17. -17.  -9.  -9.  -9.  -7.  -5.  -4.   2.
   2.   5.   5.   6.   8.  15.  16.  17.  18.  20.  24.  26.  30.  31.
  32.  33.  35.  38.  39.  40.  40.  41.  42.  45.  48.  48.  50.  51.
  52.  54.  55.  57.  62.  70.  73.  75.  78.  82.  89.  94.  95.  97.
  97. 100.][-96. -95. -95. -94. -89. -89. -89. -88. -79. -79. -77. -73. -72. -70.
 -68. -67. -66. -64. -59. -54. -50. -49. -48. -43. -42. -38. -37. -37.
 -37. -35. -35. -34. -33. -33. -32. -31. -25. -21. -21. -19. -18. -16.
 -13.  -7.  -2.  -1.   3.   6.   8.  11.  12.  12.  12.  15.  16.  19.
  20.  24.  26.  26.  26.  26.  27.  28.  28.  30.  32.  33.  34.  34.
  39.  39.  41.  44.  45.  47.  49.  50.  50.  55.  56.  57.  65.  66.
  66.  68.  69.  72.  75.  76.  77.  77.  79.  85.  90.  91.  93.  95.
  95.  97.][-98. -98. -96. -89. -84. -83. -82. -81. -79. -78. -75. -72. -72. -71.
 -69. -65. -65. -64. -63. -63. -62. -61. -55. -54. -50. -48. -45. -43.
 -42. -42. -40. -38. -30. -29. -27. -26. -26. -22. -21. -12. -12. -10.
  -7.  -6.  -4.  -3.   0.   2.   7.   7.   8.   8.  10.  11.  12.  12.
  16.  17.  17.  18.  19.  25.  28.  30.  33.  36.  40.  49.  51.  51.
  52.  53.  53.  55.  59.  59.  60.  60.  61.  62.  65.  67.  68.  71.
  73.  76.  76.  77.  79.  79.  88.  89.  90.  90.  92.  93.  95.  96.
  97.  97.][-100. -100.  -99.  -94.  -93.  -92.  -91.  -88.  -86.  -82.  -81.  -80.
  -79.  -78.  -77.  -77.  -77.  -74.  -72.  -71.  -68.  -62.  -61.  -58.
  -58.  -55.  -49.  -49.  -48.  -44.  -43.  -40.  -39.  -38.  -37.  -31.
  -31.  -29.  -27.  -23.  -23.  -15.  -14.  -14.  -12.   -9.   -9.   -7.
   -7.   -6.   -4.   -3.    1.    3.    4.    7.    7.   10.   11.   12.
   13.   14.   16.   17.   17.   23.   26.   26.   27.   29.   31.   33.
   34.   43.   44.   45.   54.   55.   56.   57.   59.   68.   70.   71.
   71.   75.   76.   79.   82.   82.   86.   88.   90.   91.   94.   96.
   97.   98.   98.   99.][-97. -95. -93. -91. -90. -87. -85. -81. -79. -78. -77. -73. -71. -70.
 -69. -68. -67. -63. -61. -61. -57. -55. -52. -44. -40. -40. -39. -39.
 -34. -34. -32. -32. -31. -31. -29. -28. -25. -25. -22. -21. -20. -17.
 -16. -11. -10.  -9.  -9.  -9.  -7.  -6.  -6.   0.   1.   3.   4.   5.
   7.   8.   8.  14.  15.  18.  20.  27.  27.  28.  30.  32.  36.  39.
  41.  42.  44.  47.  47.  50.  51.  51.  52.  52.  64.  65.  67.  71.
  71.  73.  73.  74.  75.  76.  76.  82.  83.  85.  86.  90.  90.  96.
  98.  99.][-99. -98. -98. -95. -93. -89. -86. -84. -81. -80. -80. -80. -77. -75.
 -72. -72. -66. -64. -61. -60. -60. -58. -58. -57. -55. -52. -51. -50.
 -43. -37. -36. -23. -22. -21. -18. -18. -17. -15. -14.   4.   6.   8.
  11.  15.  16.  20.  22.  23.  25.  31.  35.  35.  35.  36.  38.  42.
  42.  44.  45.  46.  48.  54.  55.  55.  56.  57.  59.  62.  63.  64.
  64.  65.  66.  66.  68.  69.  71.  71.  74.  76.  76.  76.  76.  77.
  78.  78.  80.  81.  81.  85.  85.  88.  89.  93.  95.  96.  98.  99.
 100. 100.][-100.  -92.  -91.  -90.  -88.  -86.  -84.  -84.  -81.  -81.  -78.  -77.
  -76.  -73.  -67.  -64.  -60.  -56.  -51.  -51.  -50.  -40.  -35.  -34.
  -31.  -30.  -30.  -30.  -26.  -26.  -26.  -25.  -24.  -24.  -21.  -19.
  -18.  -17.  -15.  -14.  -14.  -13.  -12.   -6.   -5.   -2.   -1.    1.
    1.    2.    3.    4.    6.    7.    8.    9.   10.   10.   10.   11.
   13.   15.   20.   21.   23.   23.   25.   27.   32.   32.   34.   36.
   38.   39.   39.   39.   44.   50.   52.   53.   54.   56.   56.   58.
   59.   62.   63.   64.   65.   71.   74.   74.   76.   78.   81.   89.
   90.   91.   99.  100.][-100.  -95.  -94.  -94.  -93.  -92.  -91.  -88.  -86.  -84.  -84.  -84.
  -84.  -83.  -83.  -80.  -80.  -78.  -76.  -71.  -67.  -66.  -63.  -56.
  -53.  -47.  -46.  -43.  -43.  -43.  -42.  -37.  -28.  -27.  -26.  -25.
  -24.  -18.  -17.  -15.  -12.  -11.  -10.   -9.   -8.   -5.   -5.   -5.
   -4.   -3.   -3.   -1.    1.    1.    3.    6.    7.    8.    9.   13.
   13.   13.   14.   15.   16.   20.   20.   23.   29.   35.   36.   40.
   40.   41.   42.   43.   46.   52.   54.   55.   56.   57.   61.   62.
   63.   64.   65.   76.   76.   77.   81.   82.   88.   88.   91.   94.
   96.   98.  100.  100.][-100. -100.  -98.  -94.  -92.  -92.  -91.  -90.  -90.  -90.  -90.  -85.
  -85.  -84.  -79.  -78.  -77.  -75.  -73.  -73.  -72.  -71.  -71.  -71.
  -69.  -68.  -68.  -64.  -57.  -57.  -54.  -54.  -51.  -45.  -43.  -42.
  -41.  -35.  -34.  -34.  -34.  -31.  -31.  -23.  -21.  -16.  -13.  -12.
  -11.  -10.   -6.   -4.    1.    2.    4.    6.    7.   13.   14.   20.
   23.   23.   24.   26.   26.   31.   31.   32.   33.   33.   33.   34.
   37.   37.   37.   38.   43.   44.   50.   50.   54.   57.   58.   60.
   62.   62.   63.   63.   74.   77.   79.   81.   82.   84.   86.   87.
   87.   91.   94.  100.][-97. -97. -96. -96. -94. -91. -89. -87. -77. -75. -74. -72. -72. -71.
 -70. -67. -65. -63. -61. -61. -61. -59. -58. -56. -55. -53. -52. -50.
 -47. -46. -46. -46. -44. -41. -38. -35. -35. -33. -27. -24. -24. -23.
 -21. -20. -13. -13. -11. -10.  -9.  -9.  -7.  -4.  -4.  -2.   0.   0.
   8.  15.  20.  20.  24.  25.  27.  27.  33.  34.  35.  39.  41.  42.
  42.  44.  45.  45.  52.  55.  58.  59.  60.  63.  64.  66.  69.  70.
  73.  75.  77.  78.  82.  84.  87.  89.  91.  93.  96.  96.  97.  97.
  99. 100.][-100.  -99.  -99.  -98.  -97.  -97.  -96.  -95.  -95.  -95.  -92.  -90.
  -86.  -86.  -82.  -80.  -79.  -79.  -74.  -73.  -73.  -69.  -69.  -50.
  -49.  -45.  -41.  -40.  -38.  -37.  -37.  -35.  -32.  -32.  -32.  -30.
  -29.  -29.  -25.  -24.  -24.  -21.  -20.  -18.  -10.   -9.   -7.   -1.
    1.    2.    4.    5.    7.   15.   16.   16.   21.   22.   22.   22.
   23.   23.   33.   33.   35.   36.   38.   46.   46.   46.   47.   48.
   52.   53.   54.   56.   58.   60.   61.   65.   70.   80.   81.   82.
   84.   84.   85.   85.   86.   88.   90.   91.   94.   94.   96.   96.
   96.   96.   97.  100.][-99. -93. -87. -87. -86. -81. -79. -74. -70. -70. -69. -69. -68. -65.
 -64. -61. -61. -57. -53. -52. -50. -49. -46. -42. -41. -36. -35. -33.
 -25.  -7.  -6.  -5.  -4.  -4.  -3.  -3.   1.   2.   3.   3.   5.   5.
   7.   8.  10.  10.  11.  12.  14.  18.  19.  20.  20.  24.  26.  26.
  27.  27.  27.  28.  33.  34.  35.  37.  42.  42.  42.  44.  45.  45.
  48.  52.  55.  56.  57.  58.  58.  61.  63.  65.  69.  70.  71.  72.
  73.  77.  78.  80.  81.  86.  88.  91.  93.  93.  94.  96.  96.  98.
 100. 100.][-98. -97. -92. -90. -81. -79. -77. -76. -75. -74. -74. -70. -69. -63.
 -58. -52. -51. -42. -41. -40. -39. -36. -36. -35. -31. -31. -30. -27.
 -23. -21. -20. -19. -18. -16. -16. -15. -13. -12. -12.  -8.  -8.  -5.
  -5.  -4.  -4.   3.   9.  12.  12.  13.  14.  16.  17.  18.  19.  29.
  30.  30.  32.  32.  36.  36.  43.  44.  44.  46.  46.  49.  50.  53.
  54.  54.  56.  57.  58.  60.  60.  60.  66.  66.  70.  70.  71.  73.
  75.  75.  75.  77.  78.  78.  81.  81.  85.  87.  90.  92.  93.  95.
  96.  97.][-99. -97. -97. -95. -94. -93. -91. -88. -86. -85. -81. -71. -69. -68.
 -64. -63. -61. -61. -59. -52. -49. -48. -45. -43. -41. -40. -39. -38.
 -37. -30. -19. -18. -18. -14. -14. -12. -11. -11. -10.  -8.  -5.  -4.
  -3.  -2.  -2.   4.   5.   7.   7.  13.  13.  15.  17.  21.  21.  24.
  24.  25.  27.  27.  33.  34.  37.  40.  42.  43.  45.  47.  50.  53.
  53.  55.  55.  57.  60.  62.  62.  62.  68.  68.  70.  72.  74.  76.
  77.  78.  80.  80.  82.  82.  83.  85.  86.  93.  93.  93.  93.  94.
  98.  99.][-96. -95. -94. -88. -83. -81. -79. -79. -78. -77. -74. -73. -69. -67.
 -63. -61. -61. -54. -49. -47. -45. -44. -43. -42. -39. -35. -33. -32.
 -29. -29. -26. -26. -18. -14. -10.  -6.  -5.  -1.   5.   6.   8.   8.
  10.  10.  10.  11.  12.  16.  18.  18.  28.  28.  29.  29.  29.  31.
  32.  32.  33.  35.  36.  38.  41.  42.  43.  45.  48.  49.  52.  52.
  53.  54.  59.  60.  60.  63.  66.  66.  69.  69.  70.  72.  72.  73.
  76.  79.  79.  79.  80.  80.  81.  82.  82.  85.  86.  87.  92.  93.
  95.  95.][-99. -92. -92. -89. -87. -79. -79. -68. -65. -62. -59. -59. -58. -57.
 -57. -57. -57. -52. -50. -49. -45. -45. -44. -42. -41. -39. -37. -35.
 -30. -30. -29. -29. -25. -22. -22. -21. -20. -19. -16. -13. -13. -12.
  -4.  -3.  -3.   0.   1.   7.   9.  10.  17.  17.  25.  26.  26.  27.
  30.  37.  39.  40.  42.  42.  47.  49.  52.  53.  56.  57.  58.  58.
  59.  60.  60.  62.  64.  65.  67.  68.  69.  71.  71.  73.  76.  78.
  78.  81.  83.  83.  86.  88.  90.  90.  91.  93.  94.  94.  95.  96.
  97. 100.][-94. -94. -92. -91. -88. -85. -84. -82. -82. -79. -78. -77. -72. -71.
 -71. -66. -64. -64. -61. -61. -61. -60. -57. -56. -46. -44. -40. -40.
 -39. -38. -34. -30. -29. -29. -27. -24. -22. -18. -12. -11. -10.  -9.
  -9.  -7.  -6.  -4.  -4.  -2.  -2.  -1.   3.   8.   9.  22.  22.  24.
  24.  25.  26.  27.  32.  32.  36.  38.  39.  40.  42.  44.  47.  48.
  50.  57.  58.  59.  59.  63.  65.  65.  66.  69.  71.  72.  72.  73.
  73.  74.  75.  83.  84.  84.  87.  87.  88.  91.  91.  91.  92.  95.
  96.  97.][-97. -95. -95. -92. -91. -90. -88. -85. -85. -83. -82. -79. -77. -73.
 -71. -68. -66. -64. -62. -61. -57. -54. -50. -49. -47. -45. -44. -44.
 -44. -41. -30. -29. -28. -28. -24. -24. -23. -22. -19. -15. -14. -13.
 -12. -12. -12.  -9.  -7.  -5.  -2.   6.   6.   9.  10.  12.  16.  17.
  19.  20.  20.  23.  29.  29.  38.  39.  39.  39.  39.  40.  42.  42.
  44.  45.  47.  48.  52.  52.  59.  61.  61.  64.  67.  68.  69.  69.
  72.  75.  76.  77.  81.  82.  83.  87.  88.  88.  90.  90.  94.  96.
  96. 100.][-99. -97. -97. -94. -94. -92. -92. -88. -87. -78. -74. -73. -72. -70.
 -69. -65. -62. -61. -58. -52. -49. -48. -46. -44. -43. -43. -41. -40.
 -40. -40. -37. -36. -31. -29. -24. -24. -22. -21. -17. -17. -11.  -8.
  -8.  -6.  -5.  -3.  -2.   0.   2.   2.   4.   4.   8.  13.  13.  17.
  18.  20.  20.  27.  28.  32.  37.  38.  39.  40.  45.  45.  46.  47.
  48.  48.  49.  50.  52.  53.  54.  56.  57.  58.  61.  61.  63.  65.
  65.  67.  67.  70.  72.  75.  75.  80.  81.  81.  82.  87.  89.  91.
  91.  96.][-100.  -99.  -97.  -97.  -94.  -93.  -93.  -91.  -81.  -73.  -73.  -71.
  -68.  -67.  -66.  -63.  -60.  -60.  -56.  -54.  -51.  -45.  -43.  -41.
  -39.  -37.  -34.  -34.  -34.  -32.  -29.  -28.  -27.  -25.  -18.  -17.
  -16.  -10.   -7.   -2.   -1.   -1.    0.    0.    2.    2.    7.    7.
    8.   10.   11.   13.   14.   15.   18.   19.   19.   23.   33.   33.
   35.   38.   39.   40.   41.   44.   46.   46.   47.   48.   49.   50.
   50.   51.   58.   63.   64.   64.   74.   75.   77.   77.   79.   82.
   84.   85.   86.   87.   87.   87.   89.   89.   90.   91.   91.   92.
   98.   99.  100.  100.][-98. -96. -95. -93. -91. -91. -89. -87. -87. -86. -84. -83. -82. -81.
 -81. -80. -80. -80. -77. -74. -71. -69. -68. -65. -65. -64. -63. -62.
 -59. -59. -58. -55. -54. -53. -52. -51. -48. -48. -44. -43. -42. -40.
 -37. -30. -29. -19. -16.  -6.  -5.  -3.  -1.   0.   4.   5.  15.  17.
  19.  19.  23.  26.  26.  27.  28.  30.  34.  36.  38.  40.  42.  45.
  45.  45.  46.  48.  49.  49.  51.  52.  55.  58.  59.  59.  60.  63.
  68.  70.  70.  70.  77.  83.  87.  87.  88.  90.  91.  92.  92.  99.
 100. 100.][-94. -86. -85. -84. -82. -81. -80. -80. -80. -78. -76. -71. -69. -68.
 -67. -66. -66. -61. -61. -60. -53. -52. -51. -49. -43. -42. -38. -36.
 -36. -33. -29. -29. -27. -26. -24. -22. -19. -18. -18. -17. -16. -12.
 -10.  -8.  -7.  -5.  -5.   3.   8.   9.  11.  13.  13.  14.  15.  17.
  17.  18.  19.  22.  24.  25.  25.  27.  28.  33.  40.  44.  47.  48.
  48.  51.  52.  52.  53.  54.  54.  56.  59.  60.  60.  66.  67.  69.
  73.  74.  74.  77.  77.  78.  80.  82.  84.  84.  89.  90.  90.  91.
  96.  98.][-100.  -99.  -95.  -94.  -92.  -89.  -86.  -83.  -81.  -80.  -78.  -76.
  -75.  -72.  -71.  -71.  -71.  -64.  -60.  -58.  -55.  -46.  -46.  -44.
  -43.  -42.  -39.  -38.  -31.  -29.  -28.  -25.  -24.  -22.  -18.  -15.
  -13.  -13.   -8.   -7.   -6.   -5.   -5.   -5.   -1.   -1.    1.    3.
    5.    5.   11.   12.   14.   14.   15.   17.   17.   17.   22.   24.
   26.   32.   33.   33.   33.   34.   35.   37.   38.   39.   40.   40.
   42.   54.   56.   56.   58.   60.   64.   66.   68.   72.   74.   75.
   75.   80.   80.   81.   81.   85.   88.   89.   92.   93.   94.   94.
   96.   99.  100.  100.][-99. -99. -99. -97. -96. -94. -92. -91. -90. -84. -83. -83. -81. -75.
 -73. -70. -65. -65. -64. -59. -56. -49. -47. -46. -46. -43. -43. -40.
 -35. -34. -31. -29. -28. -24. -20. -20. -19. -16. -15. -13. -10.  -7.
  -7.  -6.  -6.  -3.  -2.  -2.   1.   2.   3.   5.   7.   7.  11.  12.
  16.  17.  18.  18.  19.  19.  21.  21.  22.  22.  24.  24.  25.  28.
  31.  34.  38.  41.  42.  43.  45.  54.  55.  57.  58.  59.  60.  60.
  64.  65.  71.  72.  73.  73.  74.  74.  76.  78.  78.  83.  87.  94.
  94.  99.][-99. -99. -97. -97. -92. -91. -87. -82. -81. -80. -78. -77. -77. -74.
 -73. -73. -72. -72. -72. -70. -70. -69. -67. -67. -65. -57. -53. -46.
 -46. -43. -35. -34. -34. -29. -28. -28. -27. -22. -22. -18. -15. -12.
 -11. -10.  -9.  -7.  -7.  -7.  -3.  -2.  -2.  -1.   0.   1.   1.   2.
   2.   3.   4.   7.   8.  11.  12.  18.  19.  26.  27.  28.  32.  38.
  42.  45.  45.  47.  47.  47.  49.  49.  50.  54.  57.  61.  62.  63.
  69.  71.  71.  72.  74.  78.  80.  83.  85.  86.  86.  89.  93.  94.
  95.  97.][-100.  -98.  -97.  -94.  -91.  -91.  -86.  -85.  -84.  -83.  -81.  -79.
  -78.  -77.  -77.  -77.  -72.  -66.  -65.  -61.  -60.  -58.  -53.  -52.
  -43.  -42.  -39.  -39.  -37.  -34.  -26.  -25.  -22.  -21.  -18.  -18.
  -15.  -13.  -13.  -12.  -11.  -10.   -6.   -6.   -2.   -1.    2.    2.
    5.    6.    7.    7.    8.    8.    8.   13.   16.   18.   19.   22.
   25.   33.   33.   34.   37.   37.   38.   40.   42.   44.   48.   48.
   49.   49.   50.   50.   54.   55.   56.   57.   57.   57.   63.   68.
   69.   75.   76.   76.   81.   83.   84.   87.   89.   90.   90.   93.
   94.   95.  100.  100.][-98. -98. -94. -89. -84. -80. -77. -75. -73. -72. -72. -70. -68. -68.
 -67. -66. -64. -54. -52. -52. -50. -49. -43. -42. -40. -37. -35. -34.
 -30. -29. -29. -28. -28. -26. -24. -21. -19. -17. -16. -12. -10. -10.
  -9.  -9.  -8.  -8.  -6.  -4.  -2.  -1.   1.   4.   4.   6.   7.   7.
   9.   9.  13.  19.  20.  21.  25.  29.  29.  31.  33.  37.  41.  45.
  45.  55.  55.  57.  57.  61.  62.  62.  63.  64.  65.  65.  68.  70.
  74.  79.  79.  83.  86.  86.  88.  88.  90.  91.  91.  92.  94.  97.
  97. 100.][-99. -99. -98. -95. -93. -92. -91. -91. -90. -88. -88. -85. -83. -83.
 -80. -78. -76. -74. -73. -71. -71. -70. -68. -66. -65. -58. -58. -54.
 -53. -51. -47. -47. -45. -45. -40. -35. -29. -26. -25. -22. -20. -20.
 -18. -12. -11. -11. -11.  -8.  -8.  -4.  -4.  -1.  -1.   2.   3.   7.
  11.  12.  13.  17.  25.  25.  29.  32.  35.  38.  40.  40.  40.  41.
  41.  42.  45.  46.  47.  48.  52.  54.  56.  57.  58.  61.  64.  66.
  66.  71.  73.  78.  80.  81.  85.  85.  86.  89.  90.  91.  92.  94.
  96.  96.][-98. -96. -96. -93. -90. -89. -89. -87. -86. -84. -81. -79. -77. -73.
 -71. -70. -68. -67. -67. -66. -66. -65. -63. -62. -59. -58. -53. -52.
 -51. -51. -49. -48. -47. -47. -44. -44. -43. -41. -40. -40. -39. -39.
 -35. -34. -32. -30. -29. -23. -21. -17. -17. -14. -10.  -5.  -4.  -4.
   2.   5.   8.  12.  13.  13.  19.  19.  20.  23.  24.  25.  28.  35.
  36.  37.  37.  39.  41.  42.  44.  46.  51.  51.  55.  55.  58.  61.
  64.  66.  67.  67.  68.  69.  70.  72.  75.  81.  91.  94.  94.  97.
  97.  99.][-100. -100.  -89.  -88.  -87.  -85.  -82.  -78.  -75.  -74.  -72.  -71.
  -68.  -65.  -64.  -63.  -63.  -57.  -56.  -55.  -55.  -53.  -52.  -50.
  -47.  -47.  -47.  -45.  -42.  -38.  -28.  -26.  -25.  -23.  -21.  -19.
  -18.  -16.  -16.   -8.   -8.   -7.   -3.    0.    2.    3.    5.    6.
   10.   10.   13.   15.   17.   18.   20.   26.   28.   29.   30.   30.
   33.   34.   35.   37.   38.   39.   40.   41.   41.   41.   49.   50.
   50.   51.   52.   53.   54.   55.   56.   57.   60.   63.   63.   64.
   64.   64.   66.   67.   69.   75.   77.   81.   84.   85.   88.   89.
   92.   96.   98.  100.][-100. -100.  -98.  -98.  -96.  -94.  -93.  -92.  -91.  -89.  -89.  -87.
  -83.  -82.  -82.  -78.  -78.  -77.  -73.  -65.  -61.  -61.  -55.  -55.
  -50.  -47.  -47.  -46.  -46.  -45.  -45.  -42.  -37.  -37.  -36.  -36.
  -35.  -30.  -29.  -24.  -24.  -24.  -22.  -22.  -21.  -18.  -14.  -14.
  -11.   -2.    1.    1.    3.    4.    5.    7.    8.   14.   14.   14.
   15.   17.   17.   28.   29.   31.   32.   34.   35.   35.   35.   37.
   44.   47.   47.   48.   49.   49.   49.   50.   53.   54.   55.   59.
   60.   61.   70.   72.   75.   77.   79.   80.   81.   82.   82.   87.
   90.   96.   97.  100.][-100.  -99.  -97.  -90.  -86.  -86.  -78.  -75.  -72.  -71.  -71.  -67.
  -63.  -61.  -61.  -59.  -58.  -58.  -58.  -57.  -56.  -54.  -50.  -48.
  -46.  -42.  -41.  -39.  -37.  -36.  -36.  -33.  -32.  -32.  -31.  -31.
  -29.  -25.  -23.  -13.   -9.   -8.   -6.   -3.    0.    3.    4.    4.
    6.   14.   17.   20.   21.   22.   23.   23.   24.   26.   27.   29.
   30.   33.   34.   36.   39.   43.   44.   48.   48.   51.   51.   54.
   55.   56.   57.   57.   59.   59.   59.   60.   62.   65.   65.   68.
   70.   71.   72.   76.   78.   79.   80.   80.   80.   83.   86.   86.
   94.   96.   96.   98.][-98. -98. -96. -95. -95. -94. -93. -91. -89. -86. -85. -84. -79. -78.
 -76. -73. -65. -61. -61. -61. -58. -58. -56. -56. -56. -53. -52. -52.
 -49. -47. -47. -45. -43. -42. -42. -40. -39. -35. -34. -32. -29. -20.
 -17. -17. -17. -16. -14. -13. -12.  -9.  -7.  -4.   1.   3.   3.   5.
   6.   7.  10.  13.  14.  21.  22.  24.  24.  28.  30.  33.  34.  34.
  37.  37.  38.  38.  41.  44.  46.  47.  48.  48.  53.  56.  56.  59.
  59.  59.  65.  68.  69.  78.  78.  79.  80.  84.  88.  90.  92.  93.
  94.  98.][-98. -96. -96. -96. -93. -92. -89. -88. -87. -87. -83. -83. -79. -78.
 -78. -75. -73. -70. -66. -64. -64. -61. -60. -59. -59. -58. -57. -56.
 -56. -56. -48. -44. -41. -37. -36. -34. -22. -21. -18. -17. -14. -14.
 -13.  -8.  -8.  -7.  -6.  -4.  -3.  -3.  -2.   1.   8.   9.   9.  13.
  16.  19.  19.  19.  23.  27.  28.  29.  29.  31.  34.  40.  43.  45.
  46.  46.  47.  51.  52.  59.  60.  63.  63.  64.  66.  66.  69.  71.
  77.  84.  84.  88.  89.  89.  89.  91.  92.  92.  94.  95.  96.  96.
  99.  99.][-92. -92. -88. -84. -83. -81. -80. -77. -77. -72. -70. -70. -68. -65.
 -65. -65. -63. -61. -58. -57. -54. -54. -53. -51. -51. -49. -46. -45.
 -43. -43. -43. -38. -35. -33. -29. -26. -23. -21. -20. -18. -16. -16.
 -15. -13. -13.  -8.  -8.  -7.  -4.  -2.   3.   7.  10.  10.  11.  13.
  18.  19.  22.  23.  25.  26.  27.  29.  29.  30.  31.  31.  31.  32.
  33.  33.  35.  37.  39.  39.  42.  42.  43.  43.  48.  55.  60.  60.
  61.  65.  66.  67.  70.  71.  72.  72.  75.  79.  79.  80.  85.  89.
  95.  99.][-100. -100.  -94.  -93.  -93.  -92.  -90.  -89.  -89.  -87.  -86.  -85.
  -85.  -84.  -83.  -82.  -79.  -77.  -75.  -75.  -75.  -70.  -65.  -64.
  -61.  -60.  -58.  -58.  -55.  -51.  -50.  -49.  -42.  -42.  -42.  -41.
  -36.  -35.  -33.  -31.  -30.  -29.  -24.  -20.  -20.  -20.  -15.  -14.
  -11.  -11.  -11.  -10.   -9.   -9.   -8.   -8.   -6.   -5.   -2.   -2.
   -2.    0.    2.    3.    6.    9.   10.   11.   19.   25.   27.   27.
   28.   29.   32.   37.   38.   42.   45.   47.   51.   53.   54.   60.
   61.   65.   66.   66.   70.   75.   76.   77.   78.   81.   90.   95.
   97.   97.   98.   98.][-94. -93. -91. -89. -85. -80. -80. -80. -71. -71. -70. -68. -65. -65.
 -65. -62. -60. -58. -56. -53. -52. -51. -49. -49. -44. -43. -41. -40.
 -38. -36. -36. -34. -34. -32. -30. -28. -28. -27. -26. -22. -18. -18.
 -18. -16. -15. -15. -15. -15. -13. -13. -13. -10.  -8.  -3.  -2.   2.
   2.   5.   9.   9.  10.  10.  11.  11.  26.  27.  28.  32.  35.  36.
  38.  39.  40.  40.  41.  41.  43.  45.  47.  52.  52.  53.  56.  56.
  57.  58.  59.  66.  67.  69.  77.  78.  80.  80.  87.  88.  88.  89.
  93. 100.][-100.  -99.  -98.  -96.  -90.  -90.  -90.  -89.  -88.  -87.  -85.  -83.
  -80.  -80.  -78.  -75.  -74.  -74.  -72.  -72.  -70.  -69.  -65.  -64.
  -64.  -61.  -60.  -59.  -58.  -58.  -57.  -55.  -55.  -53.  -52.  -48.
  -44.  -36.  -30.  -27.  -24.  -22.  -20.  -19.  -19.  -12.  -11.  -10.
   -9.   -9.   -6.   -1.    2.    8.   12.   13.   13.   14.   16.   17.
   18.   18.   23.   23.   23.   26.   31.   35.   39.   40.   41.   43.
   43.   56.   56.   57.   57.   60.   61.   69.   70.   70.   71.   72.
   74.   75.   75.   80.   80.   81.   82.   86.   90.   94.   95.   95.
   96.   96.   99.   99.][-100.  -95.  -91.  -91.  -88.  -85.  -84.  -81.  -78.  -78.  -76.  -76.
  -68.  -62.  -62.  -60.  -60.  -59.  -59.  -58.  -58.  -58.  -57.  -53.
  -50.  -47.  -43.  -40.  -35.  -35.  -35.  -28.  -28.  -26.  -25.  -24.
  -22.  -21.  -21.  -19.  -19.  -17.  -16.  -16.  -16.  -12.  -12.  -10.
   -9.   -7.   -7.   -3.   -1.   -1.    0.    1.    5.    6.    9.   10.
   10.   10.   11.   12.   13.   14.   15.   16.   17.   20.   29.   29.
   30.   32.   33.   33.   34.   35.   38.   39.   42.   43.   46.   50.
   52.   54.   55.   58.   71.   71.   73.   76.   77.   79.   79.   80.
   88.   89.   95.  100.][-96. -90. -89. -89. -87. -83. -76. -74. -73. -71. -69. -67. -65. -64.
 -62. -59. -56. -52. -51. -49. -49. -47. -41. -39. -38. -36. -28. -26.
 -25. -21. -16. -16. -15. -13. -10. -10.  -6.  -6.  -6.  -1.   2.   4.
   6.  13.  14.  18.  18.  20.  21.  21.  23.  23.  24.  24.  25.  25.
  28.  28.  28.  29.  29.  33.  34.  35.  37.  38.  38.  40.  40.  40.
  41.  43.  46.  47.  48.  50.  51.  55.  55.  56.  56.  56.  58.  61.
  62.  63.  63.  68.  69.  69.  79.  82.  84.  86.  90.  90.  91.  91.
  96.  98.]