[-100. -100.  -99.  -99.  -93.  -89.  -88.  -87.  -85.  -84.  -81.  -78.
  -77.  -77.  -77.  -76.  -75.  -75.  -73.  -72.  -71.  -70.  -69.  -68.
  -67.  -67.  -63.  -61.  -60.  -58.  -54.  -50.  -47.  -46.  -43.  -42.
  -41.  -38.  -37.  -36.  -29.  -29.  -27.  -27.  -26.  -25.  -24.  -20.
  -16.  -15.  -14.  -14.  -13.  -12.  -12.  -10.   -6.   -4.   -3.   -1.
    5.    6.   11.   12.   12.   12.   14.   14.   16.   17.   19.   20.
   20.   22.   27.   35.   36.   41.   43.   50.   50.   54.   55.   56.
   57.   59.   61.   62.   65.   72.   80.   81.   84.   85.   85.   86.
   88.   90.   94.   94.][-100. -100.  -99.  -96.  -94.  -93.  -87.  -81.  -81.  -80.  -75.  -73.
  -73.  -71.  -69.  -68.  -68.  -64.  -62.  -60.  -51.  -51.  -50.  -49.
  -46.  -45.  -45.  -44.  -39.  -39.  -34.  -33.  -32.  -31.  -28.  -27.
  -27.  -27.  -23.  -21.  -21.  -18.  -14.  -10.   -6.   -1.    0.    1.
    3.    3.    5.    5.   11.   14.   14.   19.   21.   25.   26.   27.
   31.   31.   31.   33.   34.   35.   36.   38.   38.   39.   40.   41.
   51.   51.   51.   52.   54.   57.   60.   61.   61.   62.   62.   64.
   69.   70.   71.   71.   72.   73.   74.   78.   85.   87.   87.   87.
   95.   97.   97.  100.][-99. -98. -97. -93. -91. -90. -85. -81. -81. -80. -78. -73. -72. -72.
 -71. -70. -68. -68. -68. -65. -62. -62. -55. -54. -51. -47. -46. -44.
 -43. -35. -33. -29. -28. -27. -25. -22. -20. -19. -18. -15. -15. -12.
 -12.  -6.  -5.  -4.  -3.   0.   2.   2.  10.  11.  12.  12.  14.  15.
  17.  19.  20.  24.  28.  29.  29.  30.  38.  39.  39.  41.  42.  42.
  45.  46.  46.  46.  48.  50.  51.  51.  55.  57.  57.  61.  64.  67.
  70.  74.  79.  80.  82.  84.  85.  85.  85.  86.  88.  89.  93.  94.
  95.  96.][-100.  -99.  -99.  -99.  -98.  -95.  -93.  -89.  -88.  -80.  -80.  -78.
  -78.  -77.  -76.  -75.  -74.  -73.  -73.  -68.  -67.  -66.  -65.  -62.
  -61.  -58.  -57.  -57.  -53.  -52.  -47.  -45.  -45.  -42.  -34.  -28.
  -25.  -23.  -20.  -20.  -18.  -15.  -12.  -12.  -10.   -9.   -7.   -7.
   -5.   -5.   -2.    1.    2.    3.    3.    5.   10.   10.   10.   12.
   13.   15.   22.   29.   30.   31.   33.   34.   36.   37.   37.   39.
   43.   43.   44.   45.   50.   54.   57.   60.   61.   64.   66.   66.
   67.   68.   70.   70.   73.   76.   80.   81.   81.   81.   84.   92.
   92.   97.   97.   98.][-99. -97. -95. -95. -95. -93. -85. -85. -85. -84. -83. -81. -81. -78.
 -72. -67. -66. -65. -63. -62. -60. -58. -55. -52. -50. -50. -48. -47.
 -47. -46. -40. -39. -38. -36. -36. -34. -34. -33. -29. -29. -26. -25.
 -25. -24. -20. -20. -13. -11. -11. -11. -11. -11. -10.  -7.  -7.  -7.
  -5.  -4.  -1.  -1.   0.   1.   3.   3.   4.   4.   5.   6.   8.   8.
   9.  13.  20.  21.  21.  26.  36.  38.  39.  43.  52.  55.  59.  61.
  61.  61.  69.  71.  73.  77.  78.  83.  87.  88.  89.  89.  90.  91.
  94.  95.][-98. -97. -97. -96. -93. -83. -82. -81. -81. -78. -76. -76. -75. -75.
 -75. -73. -71. -67. -64. -62. -60. -55. -54. -54. -51. -48. -47. -46.
 -44. -42. -41. -37. -36. -35. -35. -29. -27. -16. -16.  -9.  -9.  -9.
  -7.  -6.  -5.  -2.  -1.  -1.   2.   3.   6.   6.  10.  12.  15.  15.
  17.  19.  20.  22.  26.  27.  27.  29.  33.  34.  35.  39.  41.  42.
  51.  55.  55.  55.  55.  55.  56.  59.  60.  68.  69.  69.  70.  76.
  77.  77.  78.  80.  80.  82.  85.  85.  86.  87.  87.  89.  92.  92.
  99.  99.][-99. -99. -97. -96. -94. -93. -87. -87. -85. -84. -80. -76. -76. -69.
 -67. -67. -62. -62. -59. -58. -58. -57. -57. -56. -56. -55. -53. -53.
 -52. -49. -48. -44. -43. -41. -37. -36. -35. -31. -28. -26. -24. -21.
 -19. -12.  -9.  -9.  -2.  -1.  -1.   0.   4.   5.   6.   9.  10.  10.
  17.  17.  18.  18.  18.  19.  24.  28.  34.  36.  39.  39.  40.  41.
  49.  49.  51.  52.  53.  53.  53.  56.  57.  60.  62.  68.  70.  71.
  73.  74.  75.  76.  77.  81.  82.  84.  84.  90.  91.  91.  91.  92.
  96.  97.][-96. -96. -95. -95. -89. -87. -86. -84. -83. -83. -83. -83. -81. -78.
 -76. -73. -72. -72. -71. -69. -68. -66. -63. -60. -59. -59. -56. -54.
 -49. -48. -47. -44. -43. -43. -42. -41. -38. -37. -36. -33. -31. -30.
 -26. -26. -21. -18. -15. -15.  -9.  -9.  -7.  -2.  -1.   1.   3.   3.
  13.  14.  17.  18.  22.  22.  23.  24.  26.  27.  32.  34.  35.  35.
  37.  41.  42.  43.  45.  48.  50.  54.  56.  56.  61.  63.  64.  64.
  66.  67.  74.  76.  77.  77.  81.  82.  84.  90.  90.  90.  93.  94.
  99. 100.][-99. -99. -97. -95. -91. -87. -86. -82. -82. -79. -77. -77. -76. -74.
 -73. -72. -70. -66. -65. -64. -64. -63. -59. -59. -56. -54. -53. -52.
 -46. -44. -43. -41. -41. -40. -39. -37. -37. -35. -34. -34. -33. -31.
 -28. -27. -27. -26. -26. -20. -19. -16. -13. -12. -12.  -9.  -9.  -6.
  -4.  -3.   0.   0.   0.   2.   4.   4.   6.  12.  16.  18.  20.  20.
  23.  26.  34.  35.  35.  36.  40.  42.  42.  43.  50.  52.  52.  55.
  58.  61.  64.  68.  69.  71.  79.  81.  82.  82.  85.  88.  93.  97.
  98. 100.][-98. -98. -95. -95. -86. -85. -78. -77. -76. -74. -73. -73. -68. -67.
 -62. -62. -62. -60. -54. -54. -49. -46. -40. -39. -37. -36. -36. -25.
 -21. -19. -19. -19. -17. -16. -16. -14.  -8.  -8.  -5.  -1.   0.   2.
   4.   6.   6.   6.   7.   8.   8.  10.  11.  12.  13.  17.  17.  18.
  18.  19.  20.  24.  24.  25.  26.  27.  34.  34.  36.  37.  46.  48.
  49.  50.  52.  53.  53.  55.  59.  59.  61.  62.  63.  63.  66.  66.
  70.  74.  76.  81.  82.  83.  83.  86.  87.  88.  89.  91.  92.  93.
  94.  94.][-100.  -98.  -97.  -95.  -91.  -88.  -87.  -79.  -76.  -72.  -72.  -70.
  -69.  -67.  -63.  -61.  -59.  -56.  -53.  -53.  -50.  -48.  -48.  -45.
  -42.  -41.  -41.  -40.  -39.  -37.  -37.  -36.  -34.  -27.  -27.  -24.
  -21.  -18.  -17.  -11.  -11.   -9.   -9.   -8.   -7.   -6.   -5.   -4.
    1.    5.    7.   11.   15.   16.   19.   20.   22.   23.   26.   29.
   31.   36.   37.   39.   41.   42.   43.   43.   46.   47.   48.   51.
   52.   53.   56.   59.   60.   61.   62.   63.   65.   65.   67.   67.
   67.   68.   75.   78.   78.   80.   83.   85.   88.   88.   89.   93.
   95.   95.   99.  100.][-100.  -97.  -97.  -96.  -94.  -94.  -89.  -88.  -83.  -82.  -82.  -81.
  -78.  -77.  -75.  -74.  -73.  -73.  -73.  -73.  -72.  -72.  -71.  -71.
  -68.  -68.  -66.  -65.  -60.  -60.  -58.  -56.  -54.  -51.  -51.  -49.
  -48.  -47.  -46.  -44.  -42.  -40.  -39.  -39.  -38.  -34.  -34.  -33.
  -30.  -29.  -25.  -25.  -19.  -19.  -18.  -16.   -8.   -8.   -7.   -6.
   -5.   -4.   -3.    4.   14.   15.   21.   23.   27.   30.   31.   32.
   34.   35.   38.   40.   44.   45.   46.   47.   49.   50.   50.   54.
   55.   62.   66.   73.   74.   77.   78.   81.   82.   83.   88.   95.
   95.   95.   97.   99.][-99. -99. -97. -94. -92. -92. -89. -86. -79. -75. -74. -73. -73. -69.
 -68. -67. -64. -62. -58. -58. -57. -56. -55. -51. -51. -50. -46. -44.
 -43. -42. -42. -41. -41. -39. -37. -36. -27. -23. -20. -17. -15. -13.
  -7.  -6.  -4.  -4.  -3.  -2.   0.   0.   0.   2.   3.   6.   8.  12.
  12.  12.  14.  20.  22.  23.  30.  31.  32.  32.  32.  32.  40.  42.
  45.  47.  49.  50.  51.  57.  58.  63.  66.  70.  71.  73.  75.  77.
  79.  80.  81.  82.  82.  83.  84.  86.  88.  88.  90.  91.  93.  97.
  99. 100.][-99. -98. -91. -90. -87. -85. -85. -84. -83. -80. -76. -73. -68. -67.
 -66. -64. -60. -58. -57. -50. -46. -46. -42. -40. -35. -35. -34. -31.
 -24. -22. -20. -19. -19. -17. -15. -13. -10. -10.  -6.  -5.  -2.   5.
   7.   8.  10.  10.  12.  13.  18.  18.  19.  19.  21.  24.  28.  29.
  29.  29.  30.  33.  36.  41.  42.  44.  44.  45.  45.  46.  47.  47.
  48.  50.  51.  51.  52.  57.  57.  57.  57.  60.  64.  65.  67.  69.
  69.  69.  72.  72.  74.  75.  77.  77.  78.  79.  86.  88.  90.  91.
  92.  92.][-99. -98. -97. -94. -92. -90. -87. -86. -86. -86. -83. -83. -82. -82.
 -81. -80. -79. -78. -78. -76. -75. -75. -73. -71. -71. -70. -69. -65.
 -64. -52. -47. -44. -41. -39. -38. -38. -36. -34. -30. -28. -27. -26.
 -25. -25. -24. -22. -20. -18.  -9.  -7.  -4.  -2.  -1.  -1.   3.   3.
   6.   6.  12.  17.  18.  19.  20.  24.  27.  28.  29.  30.  32.  40.
  41.  41.  41.  43.  46.  47.  47.  47.  50.  53.  59.  59.  64.  65.
  65.  69.  70.  71.  74.  78.  80.  82.  87.  88.  88.  91.  91.  93.
  95.  96.][-100.  -99.  -99.  -98.  -96.  -92.  -91.  -85.  -85.  -84.  -83.  -80.
  -80.  -80.  -78.  -78.  -77.  -73.  -73.  -72.  -70.  -67.  -64.  -57.
  -57.  -55.  -52.  -52.  -51.  -48.  -47.  -47.  -46.  -46.  -44.  -40.
  -40.  -38.  -37.  -35.  -33.  -31.  -31.  -26.  -25.  -25.  -15.  -15.
  -14.  -10.   -8.   -7.   -7.   -7.   -4.   -4.   -2.   -1.    1.    6.
    6.    8.    9.   11.   11.   12.   12.   15.   15.   16.   22.   25.
   33.   33.   35.   37.   40.   42.   43.   44.   45.   49.   51.   55.
   55.   56.   56.   56.   61.   64.   66.   76.   76.   79.   79.   87.
   87.   91.   98.  100.][-100. -100.  -97.  -96.  -94.  -92.  -84.  -82.  -81.  -78.  -78.  -75.
  -73.  -66.  -64.  -62.  -61.  -60.  -57.  -55.  -54.  -54.  -54.  -54.
  -49.  -47.  -46.  -41.  -37.  -32.  -30.  -25.  -24.  -23.  -22.  -21.
  -18.  -15.  -12.  -12.  -10.   -9.   -8.   -8.   -5.   -3.   -3.   -2.
    0.    1.    1.    7.    8.    9.   10.   15.   19.   23.   30.   31.
   31.   36.   37.   39.   40.   41.   44.   47.   47.   52.   52.   52.
   57.   60.   61.   69.   70.   71.   73.   73.   77.   77.   79.   80.
   80.   81.   83.   85.   85.   86.   87.   88.   93.   94.   96.   97.
   97.   97.   98.  100.][-100.  -98.  -94.  -92.  -90.  -87.  -87.  -82.  -81.  -81.  -80.  -77.
  -77.  -74.  -73.  -70.  -68.  -66.  -66.  -65.  -65.  -63.  -62.  -62.
  -60.  -59.  -58.  -58.  -55.  -52.  -47.  -44.  -44.  -43.  -43.  -38.
  -38.  -31.  -29.  -21.  -20.  -19.  -17.  -15.  -15.  -14.  -14.  -13.
   -1.    5.    6.    7.    8.    9.   10.   10.   13.   14.   15.   16.
   16.   16.   18.   21.   24.   25.   26.   28.   30.   31.   32.   35.
   36.   40.   41.   43.   48.   49.   50.   53.   56.   57.   58.   63.
   66.   69.   70.   71.   73.   74.   75.   78.   82.   84.   86.   90.
   91.   91.   94.   99.][-99. -99. -98. -94. -92. -89. -89. -87. -85. -85. -85. -84. -84. -79.
 -78. -71. -68. -68. -64. -64. -62. -60. -57. -55. -54. -50. -50. -49.
 -48. -46. -45. -44. -40. -40. -36. -36. -33. -31. -30. -25. -24. -13.
 -11. -10. -10. -10.  -8.  -7.  -6.  -1.   1.   3.   4.   4.   6.   7.
   7.   9.  11.  15.  16.  17.  21.  21.  26.  27.  28.  30.  30.  30.
  36.  36.  36.  39.  41.  42.  42.  51.  53.  55.  56.  57.  57.  65.
  67.  68.  71.  72.  73.  75.  76.  77.  82.  82.  83.  90.  92.  95.
  95.  98.][-94. -94. -93. -93. -89. -85. -81. -80. -79. -77. -75. -74. -73. -72.
 -71. -70. -69. -69. -68. -66. -63. -60. -58. -58. -54. -53. -53. -38.
 -38. -37. -37. -36. -31. -28. -25. -25. -25. -24. -21. -19. -18. -11.
 -10.  -6.  -4.  -3.  -3.  -2.   3.   3.   5.   6.   7.   7.  11.  11.
  12.  14.  14.  16.  18.  19.  19.  23.  26.  28.  28.  28.  36.  38.
  40.  42.  44.  45.  45.  47.  52.  54.  55.  57.  59.  60.  64.  64.
  67.  67.  68.  70.  72.  78.  82.  83.  85.  88.  91.  92.  92.  97.
  98. 100.][-100.  -99.  -96.  -96.  -95.  -91.  -91.  -89.  -79.  -78.  -77.  -74.
  -70.  -69.  -69.  -68.  -68.  -68.  -66.  -66.  -62.  -60.  -58.  -57.
  -55.  -55.  -53.  -47.  -45.  -44.  -43.  -42.  -40.  -38.  -26.  -25.
  -24.  -19.  -13.  -12.  -11.  -10.   -6.   -5.   -5.    0.    4.    5.
    7.    7.    8.    8.    9.   11.   13.   19.   27.   28.   28.   30.
   31.   37.   37.   37.   43.   44.   45.   48.   48.   54.   54.   54.
   55.   57.   58.   58.   59.   61.   63.   64.   65.   66.   72.   73.
   76.   78.   78.   79.   80.   81.   82.   82.   87.   88.   96.   97.
   97.   97.   99.  100.][-97. -91. -91. -89. -89. -89. -89. -88. -85. -83. -81. -77. -75. -74.
 -72. -71. -64. -63. -62. -59. -54. -50. -45. -43. -42. -42. -41. -40.
 -37. -34. -34. -33. -31. -29. -28. -25. -25. -24. -24. -23. -22. -18.
 -14. -12. -12. -10.  -9.  -8.  -7.  -4.  -1.   1.   2.   6.   9.  11.
  11.  15.  21.  24.  25.  27.  27.  29.  34.  34.  34.  35.  37.  37.
  40.  41.  44.  45.  48.  49.  54.  54.  55.  59.  60.  63.  67.  69.
  70.  74.  75.  75.  76.  76.  80.  81.  82.  90.  93.  95.  96.  97.
  97.  97.][-99. -98. -97. -93. -90. -87. -86. -86. -85. -84. -83. -83. -80. -80.
 -80. -76. -76. -69. -68. -67. -56. -54. -50. -46. -45. -43. -42. -42.
 -38. -28. -28. -27. -26. -24. -24. -19. -19. -18. -17. -17. -16. -14.
 -13. -10.  -9.  -9.  -3.  -2.  -1.  -1.   0.   1.   1.   4.   5.   5.
   8.   8.  10.  12.  13.  14.  18.  22.  25.  26.  26.  26.  28.  41.
  41.  58.  58.  61.  61.  63.  63.  67.  67.  69.  72.  75.  76.  77.
  79.  79.  80.  81.  81.  82.  82.  84.  87.  90.  93.  95.  96. 100.
 100. 100.][-98. -97. -95. -94. -91. -90. -86. -85. -79. -78. -76. -75. -74. -74.
 -73. -72. -64. -61. -56. -55. -50. -42. -38. -37. -32. -32. -31. -30.
 -29. -28. -25. -23. -22. -22. -19. -16. -13. -12. -11.  -9.  -8.  -7.
  -2.   3.   5.   6.   6.   8.   8.   9.  10.  10.  14.  15.  16.  21.
  21.  22.  22.  24.  26.  26.  26.  33.  33.  34.  35.  36.  39.  39.
  43.  46.  47.  48.  50.  51.  52.  54.  55.  58.  59.  60.  62.  64.
  64.  69.  70.  71.  73.  77.  78.  79.  79.  82.  84.  86.  86.  89.
  91.  99.][-99. -99. -95. -94. -93. -93. -91. -90. -89. -86. -85. -82. -81. -78.
 -77. -76. -74. -68. -67. -57. -56. -55. -54. -54. -54. -53. -52. -50.
 -44. -41. -41. -40. -39. -36. -33. -32. -31. -30. -28. -27. -25. -24.
 -21. -19. -15. -14. -14. -14. -12.  -8.  -6.  -5.  -3.  -3.  -2.   4.
   6.   7.   9.   9.  11.  11.  12.  17.  18.  19.  20.  22.  23.  26.
  26.  28.  34.  35.  36.  39.  45.  47.  47.  50.  51.  57.  60.  66.
  71.  74.  78.  79.  82.  84.  87.  88.  89.  91.  91.  91.  92.  99.
  99. 100.][-99. -99. -96. -95. -93. -89. -88. -86. -86. -85. -83. -83. -83. -76.
 -72. -70. -70. -70. -69. -69. -65. -65. -64. -61. -60. -60. -59. -55.
 -53. -50. -45. -42. -41. -34. -33. -31. -29. -28. -28. -25. -24. -24.
 -23. -17. -16. -14. -12.   3.   4.   4.   5.   8.   9.  12.  12.  13.
  17.  19.  20.  20.  24.  24.  25.  30.  33.  35.  36.  37.  40.  41.
  41.  41.  45.  46.  47.  55.  56.  60.  61.  63.  63.  63.  65.  67.
  69.  75.  77.  77.  79.  80.  81.  83.  84.  87.  88.  91.  97.  97.
  99.  99.][-98. -98. -95. -95. -93. -91. -89. -88. -87. -87. -87. -82. -81. -75.
 -73. -69. -69. -67. -61. -57. -54. -53. -52. -52. -51. -50. -50. -47.
 -46. -44. -43. -39. -36. -36. -34. -33. -31. -29. -27. -22. -19. -17.
 -16. -15. -14. -12.  -9.  -8.  -7.  -6.  -6.  -5.  -5.  -4.  -3.   2.
   2.   4.  10.  14.  25.  27.  30.  33.  38.  40.  42.  42.  45.  46.
  47.  48.  48.  50.  51.  51.  54.  58.  59.  62.  64.  64.  64.  65.
  65.  66.  68.  69.  76.  79.  79.  81.  85.  88.  92.  95.  96.  96.
 100. 100.][-99. -99. -97. -96. -95. -95. -92. -90. -88. -84. -82. -78. -77. -76.
 -74. -74. -73. -72. -69. -66. -63. -63. -62. -62. -61. -59. -57. -56.
 -52. -52. -46. -44. -41. -39. -38. -36. -32. -31. -26. -24. -20. -19.
 -18. -16. -16. -15. -15. -15. -15. -12.  -9.  -9.  -6.  -4.  -4.  -3.
  -1.   1.   1.   5.   6.   6.   8.   8.   9.  14.  15.  16.  18.  21.
  25.  26.  27.  29.  30.  30.  31.  33.  36.  39.  45.  52.  60.  65.
  74.  75.  76.  76.  79.  80.  81.  83.  84.  85.  85.  88.  98.  99.
  99. 100.][-99. -97. -94. -91. -88. -84. -82. -82. -81. -81. -80. -74. -72. -68.
 -68. -67. -66. -62. -60. -60. -57. -56. -54. -51. -50. -50. -48. -46.
 -45. -39. -36. -35. -33. -32. -29. -28. -28. -20. -18. -18. -16. -16.
 -15. -14.  -6.   2.   4.   6.   9.  13.  14.  18.  18.  22.  23.  24.
  24.  24.  25.  27.  27.  30.  38.  40.  43.  44.  47.  47.  49.  50.
  51.  51.  52.  52.  53.  55.  56.  57.  60.  62.  62.  65.  66.  68.
  69.  69.  69.  69.  71.  72.  73.  74.  75.  76.  76.  77.  83.  90.
  96.  97.][-100.  -96.  -95.  -95.  -93.  -93.  -92.  -91.  -91.  -90.  -89.  -88.
  -87.  -83.  -82.  -75.  -73.  -71.  -66.  -63.  -62.  -62.  -56.  -56.
  -56.  -53.  -50.  -49.  -48.  -47.  -44.  -42.  -40.  -39.  -29.  -28.
  -27.  -27.  -25.  -24.  -23.  -20.  -19.  -19.  -15.  -11.   -5.   -1.
   -1.    2.    3.    4.    5.    5.    7.   12.   14.   18.   18.   19.
   20.   20.   23.   24.   31.   32.   36.   39.   43.   44.   49.   49.
   50.   50.   52.   54.   54.   55.   56.   56.   57.   59.   60.   64.
   64.   67.   69.   69.   74.   75.   75.   75.   78.   79.   83.   85.
   86.   88.   90.   91.][-100.  -99.  -98.  -98.  -98.  -97.  -91.  -89.  -88.  -86.  -80.  -77.
  -77.  -76.  -75.  -73.  -72.  -71.  -70.  -67.  -65.  -64.  -63.  -63.
  -63.  -62.  -58.  -55.  -54.  -53.  -51.  -50.  -48.  -46.  -44.  -41.
  -40.  -39.  -33.  -33.  -29.  -21.  -21.  -20.  -20.  -19.  -16.  -11.
   -9.   -7.   -4.   -1.    4.    7.    9.   10.   13.   13.   17.   17.
   17.   21.   21.   22.   22.   23.   26.   29.   31.   33.   34.   34.
   36.   37.   38.   39.   42.   48.   50.   50.   53.   58.   66.   67.
   68.   69.   69.   75.   75.   76.   79.   81.   82.   83.   83.   92.
   93.   93.   94.   99.][-99. -98. -97. -95. -90. -84. -84. -81. -81. -80. -77. -73. -73. -73.
 -71. -69. -67. -64. -64. -64. -62. -58. -53. -53. -50. -48. -47. -47.
 -46. -40. -40. -37. -36. -35. -33. -31. -30. -21. -20. -18. -16. -16.
 -15.  -5.  -1.   1.   3.   9.  12.  14.  16.  17.  25.  25.  27.  28.
  28.  29.  33.  34.  37.  41.  42.  45.  46.  47.  48.  49.  52.  55.
  55.  55.  56.  56.  62.  63.  64.  67.  68.  68.  71.  73.  74.  75.
  75.  77.  80.  80.  81.  83.  83.  84.  86.  87.  87.  88.  96.  96.
  97.  98.][-99. -98. -98. -92. -88. -87. -83. -81. -79. -75. -73. -68. -63. -62.
 -57. -56. -55. -50. -48. -47. -46. -43. -43. -42. -41. -41. -40. -35.
 -35. -34. -34. -32. -29. -29. -27. -26. -24. -23. -22. -20. -20. -20.
 -14. -14. -13. -12.  -9.  -6.  -5.   0.   1.   1.   2.   3.   4.   5.
   6.   6.   7.  10.  10.  10.  15.  16.  23.  23.  23.  24.  26.  31.
  35.  37.  39.  39.  40.  40.  41.  45.  46.  48.  53.  56.  60.  61.
  62.  62.  62.  66.  66.  74.  75.  81.  87.  88.  89.  90.  92.  94.
  98.  99.][-96. -95. -94. -92. -90. -90. -90. -79. -79. -77. -76. -74. -73. -70.
 -69. -67. -63. -62. -62. -61. -60. -58. -56. -56. -55. -53. -53. -52.
 -51. -50. -49. -47. -46. -46. -45. -43. -42. -42. -41. -38. -36. -34.
 -33. -33. -30. -27. -26. -24. -18. -17. -15.  -8.  -8.  -7.  -2.  -1.
   0.   0.   0.   9.  10.  15.  17.  20.  20.  24.  26.  26.  26.  32.
  35.  39.  39.  46.  47.  47.  48.  49.  50.  51.  52.  53.  54.  57.
  63.  63.  64.  64.  67.  69.  71.  74.  74.  75.  77.  79.  83.  84.
  87. 100.][-99. -98. -97. -95. -92. -88. -87. -85. -81. -81. -79. -79. -75. -74.
 -70. -69. -59. -57. -55. -54. -51. -49. -47. -47. -46. -45. -43. -42.
 -42. -42. -40. -39. -37. -36. -35. -35. -31. -29. -29. -28. -25. -22.
 -17. -17. -17. -14. -12.  -8.  -3.  -3.  -3.  -3.   0.   5.   9.  10.
  14.  19.  22.  22.  22.  26.  27.  29.  29.  32.  33.  36.  36.  36.
  38.  40.  41.  42.  45.  46.  46.  47.  49.  51.  56.  56.  65.  68.
  69.  72.  75.  76.  78.  78.  78.  81.  89.  93.  93.  94.  95.  98.
  99. 100.][-99. -99. -98. -97. -96. -96. -92. -92. -90. -85. -82. -80. -73. -72.
 -72. -71. -71. -71. -69. -69. -62. -62. -62. -58. -56. -55. -53. -53.
 -51. -49. -48. -48. -48. -46. -45. -43. -40. -40. -38. -36. -30. -29.
 -28. -26. -23. -23. -22. -22. -21. -21. -19. -19. -18. -14. -13. -12.
 -10.  -8.  -7.  -4.  -2.   1.   1.   2.   7.   8.   8.   9.  17.  19.
  29.  32.  33.  33.  35.  38.  40.  40.  41.  45.  50.  51.  53.  57.
  60.  62.  64.  67.  70.  71.  72.  75.  79.  82.  85.  85.  91.  93.
  94.  95.][-99. -85. -85. -82. -79. -75. -73. -69. -69. -68. -65. -65. -64. -62.
 -61. -60. -59. -58. -55. -53. -53. -47. -47. -45. -45. -42. -40. -39.
 -39. -35. -34. -30. -28. -24. -24. -23. -22. -20. -19. -18. -18. -16.
 -13. -12.  -9.  -8.   5.   6.  12.  12.  13.  14.  14.  16.  18.  19.
  21.  22.  22.  26.  28.  28.  29.  31.  36.  37.  41.  41.  43.  44.
  45.  49.  50.  51.  51.  57.  59.  60.  60.  61.  63.  65.  65.  74.
  76.  80.  81.  81.  85.  86.  86.  90.  90.  90.  93.  94.  96.  96.
  96. 100.][-98. -95. -93. -91. -85. -84. -82. -80. -80. -76. -75. -72. -69. -67.
 -63. -61. -59. -57. -52. -50. -49. -47. -46. -43. -41. -39. -36. -34.
 -33. -32. -31. -30. -30. -28. -28. -27. -27. -26. -22. -21. -18. -17.
 -17. -12.  -6.  -5.  -2.   1.   2.   7.  10.  12.  13.  17.  19.  20.
  21.  22.  23.  24.  29.  30.  31.  32.  33.  33.  34.  34.  40.  41.
  41.  47.  50.  50.  52.  55.  55.  57.  58.  60.  63.  63.  64.  67.
  68.  69.  70.  70.  71.  72.  76.  78.  82.  86.  88.  92.  94.  94.
  96.  98.][-96. -96. -96. -94. -92. -89. -82. -81. -77. -75. -73. -68. -67. -67.
 -65. -64. -64. -57. -57. -54. -53. -52. -52. -51. -50. -44. -43. -42.
 -41. -38. -37. -37. -35. -35. -30. -28. -22. -20. -17. -14. -11. -10.
  -8.  -5.  -5.  -4.   0.   2.   2.   6.   7.   7.  13.  15.  16.  17.
  17.  18.  19.  20.  23.  25.  27.  31.  32.  32.  33.  33.  36.  36.
  39.  42.  44.  48.  49.  50.  50.  53.  56.  65.  66.  72.  73.  73.
  74.  74.  74.  76.  77.  82.  84.  86.  89.  89.  90.  91.  92.  93.
  95. 100.][-99. -96. -96. -95. -94. -93. -93. -92. -91. -85. -84. -77. -77. -75.
 -75. -75. -74. -69. -67. -60. -55. -54. -53. -53. -48. -45. -44. -41.
 -39. -37. -36. -32. -30. -29. -26. -20. -18. -18. -17. -17. -17. -14.
 -12. -11.  -6.  -3.  -1.   3.   5.   6.   9.  18.  19.  24.  28.  30.
  34.  34.  37.  41.  46.  48.  49.  50.  51.  53.  53.  57.  57.  58.
  58.  60.  62.  62.  62.  63.  64.  64.  65.  68.  68.  70.  70.  71.
  77.  77.  81.  81.  83.  84.  85.  86.  87.  87.  87.  88.  92.  96.
  99. 100.][-98. -98. -94. -93. -92. -91. -86. -86. -82. -77. -77. -76. -75. -74.
 -70. -68. -67. -66. -65. -65. -62. -62. -62. -60. -57. -57. -56. -55.
 -55. -54. -53. -53. -51. -50. -49. -48. -46. -45. -43. -42. -38. -36.
 -35. -31. -27. -27. -27. -24. -23. -22. -22. -22. -22. -21. -20. -18.
 -10.  -9.  -2.   7.  11.  13.  16.  17.  19.  22.  23.  26.  26.  32.
  39.  39.  40.  47.  48.  51.  55.  57.  60.  61.  62.  64.  65.  65.
  66.  69.  69.  70.  70.  73.  74.  78.  78.  82.  83.  83.  92.  94.
  99. 100.][-99. -87. -86. -86. -82. -82. -81. -78. -78. -77. -74. -74. -73. -73.
 -73. -72. -72. -70. -69. -67. -66. -65. -55. -54. -54. -53. -48. -46.
 -44. -43. -43. -37. -36. -36. -34. -31. -31. -29. -29. -26. -24. -23.
 -22. -21. -11.  -7.  -7.  -7.  -7.  -4.  -2.   1.   3.   3.   6.  11.
  15.  16.  17.  19.  21.  24.  26.  29.  29.  30.  30.  35.  36.  38.
  40.  41.  49.  50.  61.  61.  62.  69.  70.  70.  71.  71.  76.  76.
  79.  79.  80.  86.  86.  88.  88.  88.  88.  89.  89.  91.  91.  92.
  93.  93.][-100.  -97.  -97.  -97.  -96.  -95.  -92.  -91.  -89.  -87.  -84.  -84.
  -84.  -79.  -78.  -77.  -74.  -74.  -74.  -73.  -66.  -66.  -63.  -61.
  -60.  -50.  -46.  -45.  -45.  -41.  -40.  -40.  -39.  -38.  -38.  -33.
  -32.  -31.  -26.  -25.  -24.  -21.  -18.  -18.  -14.  -10.   -8.   -7.
   -6.   -5.    0.    0.    1.    1.    2.    3.    5.    5.    5.    7.
    9.   10.   12.   13.   16.   16.   21.   22.   25.   27.   28.   29.
   38.   41.   41.   43.   44.   46.   46.   47.   51.   57.   58.   61.
   61.   68.   74.   75.   78.   78.   80.   84.   84.   85.   85.   85.
   94.   96.   99.  100.][-98. -97. -93. -93. -90. -89. -88. -88. -84. -83. -82. -79. -76. -75.
 -69. -69. -69. -66. -66. -61. -61. -57. -56. -53. -53. -53. -53. -52.
 -51. -50. -49. -47. -46. -46. -41. -37. -36. -36. -33. -30. -27. -26.
 -21. -21. -18. -18. -15. -10. -10.  -9.  -4.  -1.   0.   2.   4.   4.
   5.   8.   9.  10.  11.  18.  22.  24.  24.  24.  26.  33.  36.  36.
  37.  37.  38.  38.  39.  44.  46.  46.  48.  53.  55.  56.  57.  60.
  63.  63.  66.  66.  69.  74.  76.  77.  78.  82.  88.  88.  89.  92.
  93.  95.][-100. -100.  -98.  -98.  -97.  -94.  -94.  -93.  -93.  -92.  -92.  -90.
  -90.  -90.  -86.  -83.  -81.  -79.  -78.  -71.  -68.  -67.  -66.  -62.
  -61.  -59.  -57.  -56.  -55.  -53.  -52.  -50.  -45.  -44.  -43.  -43.
  -43.  -43.  -41.  -40.  -38.  -29.  -28.  -24.  -24.  -19.  -18.  -18.
  -17.  -17.  -16.  -13.  -11.   -2.    0.    0.    2.    4.   10.   12.
   13.   13.   19.   21.   25.   26.   27.   28.   29.   29.   30.   30.
   33.   33.   35.   41.   43.   44.   47.   48.   53.   54.   55.   55.
   61.   61.   66.   67.   70.   70.   72.   81.   82.   84.   87.   93.
   93.   96.   97.   99.][-98. -96. -93. -83. -83. -80. -77. -77. -74. -73. -73. -73. -71. -70.
 -68. -66. -65. -63. -61. -61. -61. -59. -59. -59. -59. -57. -53. -50.
 -48. -48. -48. -47. -47. -45. -45. -44. -38. -37. -34. -31. -27. -25.
 -24. -19. -15. -14. -13. -13. -12. -12. -10. -10.  -8.  -3.  -1.   2.
   2.   6.   7.  11.  14.  17.  21.  21.  27.  29.  33.  34.  36.  36.
  37.  37.  42.  42.  45.  46.  48.  49.  56.  62.  73.  76.  77.  78.
  79.  81.  81.  82.  83.  84.  84.  85.  88.  92.  93.  95.  95.  97.
  98.  99.][-99. -91. -90. -88. -86. -84. -83. -80. -79. -75. -72. -71. -71. -69.
 -67. -60. -60. -59. -59. -58. -57. -57. -54. -50. -50. -49. -46. -46.
 -41. -39. -39. -39. -37. -36. -36. -36. -32. -29. -24. -23. -22. -21.
 -21. -20. -14. -11.  -6.  -5.  -5.  -1.   1.   1.   4.   7.   8.  11.
  17.  17.  20.  21.  24.  25.  29.  30.  30.  32.  32.  32.  35.  37.
  37.  38.  40.  44.  46.  50.  51.  52.  54.  54.  55.  57.  60.  60.
  65.  70.  71.  73.  74.  74.  76.  77.  80.  88.  89.  95.  97.  98.
 100. 100.][-99. -94. -89. -89. -86. -85. -83. -83. -81. -79. -72. -72. -66. -63.
 -56. -55. -52. -51. -49. -48. -47. -47. -46. -44. -39. -36. -35. -33.
 -30. -29. -27. -23. -22. -20. -17. -17. -16. -12. -12. -11. -11.  -9.
  -8.  -5.  -5.  -3.  -3.  -2.   0.   0.   9.  13.  15.  18.  20.  22.
  22.  23.  23.  26.  35.  36.  36.  42.  42.  43.  44.  45.  47.  47.
  50.  51.  52.  54.  55.  55.  55.  56.  57.  57.  59.  61.  67.  69.
  72.  73.  75.  76.  77.  83.  84.  84.  87.  88.  91.  91.  92.  94.
  98. 100.][-100.  -93.  -91.  -86.  -79.  -78.  -77.  -76.  -76.  -74.  -66.  -65.
  -65.  -63.  -63.  -61.  -60.  -60.  -60.  -59.  -57.  -55.  -54.  -53.
  -52.  -50.  -49.  -48.  -47.  -47.  -44.  -40.  -40.  -38.  -38.  -38.
  -37.  -33.  -27.  -26.  -23.  -23.  -19.  -16.  -14.  -11.  -11.   -9.
   -8.   -7.   -2.   -1.    1.    3.    4.    4.   13.   14.   16.   18.
   20.   22.   23.   24.   25.   25.   25.   25.   25.   28.   29.   32.
   34.   35.   36.   38.   41.   44.   44.   45.   47.   47.   50.   50.
   52.   56.   57.   64.   66.   66.   70.   75.   78.   83.   84.   89.
   90.   90.   92.   98.][-99. -98. -97. -96. -96. -93. -92. -90. -89. -88. -87. -83. -81. -80.
 -78. -76. -75. -75. -70. -68. -67. -61. -55. -52. -49. -47. -47. -46.
 -42. -42. -40. -37. -35. -33. -32. -32. -30. -27. -25. -23. -22. -21.
 -21. -17. -13. -12.  -9.  -9.  -8.  -7.  -6.  -3.   0.   1.   6.   8.
   9.  12.  13.  17.  17.  19.  23.  24.  25.  26.  26.  27.  28.  29.
  30.  32.  32.  34.  34.  36.  41.  48.  51.  52.  54.  54.  61.  62.
  63.  64.  64.  70.  70.  71.  72.  73.  73.  76.  79.  81.  81.  86.
  96.  96.][-100.  -99.  -99.  -97.  -93.  -92.  -88.  -85.  -84.  -76.  -67.  -64.
  -62.  -62.  -57.  -54.  -52.  -50.  -49.  -48.  -45.  -42.  -37.  -31.
  -30.  -28.  -28.  -26.  -25.  -24.  -22.  -21.  -17.  -16.  -16.  -15.
  -12.   -9.   -9.   -8.   -8.   -7.   -6.   -1.    1.    7.    7.    8.
    9.   11.   14.   17.   19.   19.   20.   22.   23.   25.   25.   26.
   27.   27.   28.   29.   31.   34.   36.   38.   38.   40.   41.   42.
   45.   49.   52.   54.   55.   55.   55.   57.   57.   58.   59.   61.
   62.   65.   66.   66.   66.   69.   69.   69.   79.   80.   81.   81.
   85.   96.   97.  100.][-100. -100. -100.  -98.  -96.  -89.  -88.  -86.  -85.  -80.  -80.  -80.
  -77.  -76.  -76.  -75.  -74.  -72.  -71.  -68.  -68.  -64.  -64.  -63.
  -62.  -57.  -57.  -57.  -55.  -55.  -53.  -51.  -50.  -49.  -48.  -46.
  -44.  -43.  -43.  -42.  -42.  -31.  -27.  -27.  -26.  -26.  -25.  -24.
  -22.  -18.  -18.  -15.  -14.  -12.  -10.   -9.   -8.   -7.   -7.   -5.
    4.    4.    9.    9.   10.   10.   16.   18.   21.   22.   30.   30.
   31.   36.   40.   40.   43.   45.   48.   57.   61.   62.   63.   68.
   69.   71.   73.   74.   75.   79.   85.   85.   86.   91.   91.   91.
   98.   99.   99.  100.][-100. -100.  -99.  -98.  -94.  -94.  -93.  -93.  -86.  -86.  -85.  -75.
  -75.  -72.  -72.  -68.  -65.  -65.  -64.  -63.  -62.  -56.  -54.  -47.
  -47.  -44.  -36.  -36.  -32.  -32.  -31.  -28.  -26.  -26.  -26.  -25.
  -24.  -21.  -17.  -16.  -16.  -15.  -14.  -13.  -11.  -10.   -9.   -7.
   -6.   -3.   -1.    0.    3.    9.   10.   11.   12.   12.   13.   13.
   22.   24.   25.   28.   30.   30.   36.   38.   42.   43.   43.   45.
   46.   49.   50.   50.   53.   55.   56.   59.   60.   60.   62.   63.
   67.   67.   68.   69.   70.   70.   72.   73.   74.   75.   77.   81.
   89.   93.   97.   99.][-100.  -98.  -97.  -97.  -96.  -96.  -95.  -95.  -94.  -93.  -91.  -90.
  -89.  -89.  -86.  -81.  -67.  -65.  -62.  -62.  -59.  -59.  -54.  -53.
  -47.  -46.  -46.  -44.  -43.  -42.  -42.  -39.  -39.  -30.  -25.  -23.
  -21.  -21.  -20.  -17.  -11.  -11.   -6.   -3.    0.    1.    2.    2.
    3.    5.    6.    7.    8.    8.    9.    9.   11.   12.   13.   14.
   14.   14.   15.   18.   19.   23.   24.   30.   31.   32.   33.   33.
   35.   38.   41.   41.   41.   44.   49.   50.   53.   56.   58.   58.
   58.   61.   65.   65.   66.   68.   70.   74.   75.   76.   78.   79.
   85.   86.   87.   96.][-99. -98. -96. -92. -91. -83. -81. -80. -78. -77. -73. -72. -69. -68.
 -64. -63. -61. -61. -56. -54. -54. -49. -48. -45. -44. -39. -38. -35.
 -34. -33. -30. -27. -23. -23. -18. -15. -14. -14. -14. -13. -12. -12.
 -11. -10.  -7.  -6.  -2.  -1.   2.   4.   6.   8.   8.   9.  12.  12.
  13.  15.  16.  16.  17.  17.  18.  18.  18.  20.  26.  30.  32.  35.
  35.  42.  45.  48.  48.  49.  49.  49.  50.  52.  53.  56.  56.  57.
  62.  63.  64.  67.  68.  70.  73.  73.  75.  76.  79.  83.  85.  86.
  96. 100.][-100.  -99.  -97.  -96.  -93.  -92.  -87.  -85.  -84.  -83.  -79.  -75.
  -74.  -70.  -69.  -65.  -65.  -65.  -64.  -64.  -62.  -55.  -54.  -52.
  -52.  -51.  -51.  -47.  -46.  -41.  -41.  -41.  -39.  -38.  -38.  -37.
  -33.  -33.  -27.  -26.  -26.  -23.  -20.  -20.  -15.  -15.  -14.   -6.
   -6.    0.    4.    9.   10.   10.   11.   12.   14.   19.   20.   20.
   20.   21.   23.   25.   26.   34.   35.   35.   37.   37.   39.   41.
   41.   45.   51.   58.   61.   63.   63.   64.   64.   65.   65.   66.
   66.   67.   67.   70.   71.   72.   72.   80.   80.   83.   86.   91.
   93.   95.   96.   96.][-96. -96. -94. -94. -93. -86. -86. -85. -84. -84. -82. -80. -76. -73.
 -73. -72. -72. -68. -68. -67. -63. -62. -60. -58. -52. -48. -47. -46.
 -39. -35. -35. -31. -30. -29. -28. -27. -23. -22. -22. -22. -19. -18.
 -17. -17. -17. -13. -13. -10.  -7.  -7.  -3.   2.   3.   4.   5.   8.
  10.  15.  16.  21.  31.  33.  33.  40.  42.  45.  47.  51.  51.  52.
  53.  55.  56.  67.  68.  69.  70.  70.  74.  75.  75.  75.  76.  76.
  78.  82.  84.  84.  84.  85.  85.  86.  87.  88.  89.  89.  90.  92.
  94.  98.][-98. -97. -96. -93. -92. -90. -89. -86. -78. -76. -75. -75. -74. -69.
 -66. -66. -65. -60. -56. -53. -52. -49. -48. -46. -46. -46. -45. -45.
 -38. -38. -37. -32. -30. -30. -30. -24. -23. -22. -21. -15. -11. -10.
  -8.  -8.  -7.  -7.  -5.  -5.  -3.   1.   5.   9.   9.  10.  11.  12.
  15.  18.  19.  20.  25.  25.  25.  26.  28.  29.  39.  39.  40.  44.
  46.  46.  47.  47.  55.  56.  57.  58.  59.  62.  62.  63.  64.  64.
  67.  70.  75.  82.  83.  86.  90.  90.  92.  93.  94.  94.  96.  98.
  98.  99.][-100. -100.  -99.  -95.  -94.  -93.  -92.  -91.  -87.  -85.  -83.  -83.
  -81.  -81.  -80.  -78.  -66.  -63.  -62.  -59.  -58.  -53.  -51.  -48.
  -46.  -43.  -42.  -39.  -38.  -38.  -37.  -35.  -34.  -32.  -31.  -28.
  -25.  -19.  -14.  -11.   -9.   -7.   -6.   -4.   -4.   -3.   -3.   -3.
   -2.   -1.    0.    0.    1.    1.    1.    2.    3.    7.    7.    8.
    8.   11.   11.   13.   15.   15.   16.   28.   28.   37.   39.   40.
   41.   47.   50.   52.   52.   57.   57.   58.   60.   69.   70.   72.
   75.   76.   77.   77.   83.   83.   83.   84.   84.   85.   87.   91.
   91.   92.   98.  100.][-100.  -96.  -94.  -93.  -91.  -90.  -89.  -86.  -86.  -86.  -81.  -80.
  -73.  -68.  -68.  -64.  -63.  -61.  -59.  -57.  -56.  -53.  -52.  -52.
  -49.  -49.  -44.  -39.  -37.  -35.  -35.  -34.  -33.  -31.  -29.  -27.
  -26.  -22.  -22.  -21.  -18.  -18.  -16.  -16.  -14.  -11.   -7.   -4.
   -3.   -2.    0.    1.    3.    5.   12.   13.   16.   18.   20.   20.
   26.   26.   28.   28.   29.   30.   33.   34.   34.   37.   37.   39.
   45.   46.   48.   49.   59.   60.   60.   61.   61.   61.   63.   68.
   69.   69.   69.   71.   73.   74.   79.   82.   83.   85.   88.   90.
   91.   93.   94.   99.][-100.  -98.  -96.  -94.  -93.  -92.  -91.  -89.  -88.  -83.  -80.  -79.
  -74.  -72.  -72.  -72.  -72.  -71.  -68.  -67.  -66.  -59.  -58.  -54.
  -53.  -51.  -50.  -49.  -49.  -44.  -41.  -37.  -33.  -31.  -31.  -27.
  -25.  -23.  -23.  -22.  -22.  -17.  -15.   -6.   -4.   -2.    0.    2.
    3.    4.    6.    7.    7.    8.   10.   12.   15.   16.   19.   20.
   21.   22.   25.   25.   27.   32.   37.   37.   44.   45.   48.   49.
   50.   54.   58.   59.   61.   61.   66.   66.   67.   67.   67.   67.
   67.   72.   73.   74.   76.   76.   77.   79.   81.   81.   89.   91.
   91.   94.   95.   96.][-99. -99. -98. -96. -94. -93. -93. -92. -91. -89. -88. -84. -84. -82.
 -80. -76. -75. -65. -62. -57. -55. -54. -53. -51. -48. -47. -47. -47.
 -43. -42. -42. -41. -37. -35. -35. -29. -28. -24. -24. -22. -16. -15.
 -15. -14.  -6.  -6.  -2.  -1.  -1.   1.  13.  13.  18.  18.  19.  24.
  27.  27.  29.  30.  34.  36.  38.  38.  39.  41.  42.  43.  44.  47.
  47.  48.  50.  52.  53.  57.  57.  58.  63.  65.  69.  72.  74.  77.
  81.  81.  85.  88.  88.  89.  89.  89.  90.  91.  91.  94.  96.  97.
  99. 100.][-99. -98. -98. -96. -88. -84. -83. -82. -78. -77. -76. -75. -74. -71.
 -69. -66. -65. -58. -58. -57. -52. -51. -48. -46. -45. -45. -44. -42.
 -39. -39. -38. -36. -34. -33. -32. -31. -31. -29. -23. -22. -22. -19.
 -18. -17. -13. -10.  -9.  -9.  -6.  -4.   0.   2.   5.   7.  11.  11.
  12.  19.  20.  22.  23.  24.  24.  30.  31.  35.  36.  37.  38.  39.
  44.  44.  44.  47.  48.  49.  49.  53.  54.  58.  62.  62.  62.  62.
  63.  67.  68.  69.  75.  78.  78.  83.  84.  84.  85.  89.  94.  95.
  98.  98.][-94. -91. -87. -85. -84. -80. -74. -74. -72. -72. -71. -68. -67. -67.
 -66. -65. -65. -63. -63. -62. -62. -60. -59. -57. -55. -53. -50. -49.
 -47. -46. -46. -46. -43. -43. -40. -36. -30. -26. -25. -22. -19. -18.
 -17. -15.  -9.  -6.  -4.  -2.  -1.   0.   1.   5.  12.  15.  16.  20.
  23.  23.  25.  26.  26.  26.  28.  30.  30.  30.  31.  36.  43.  48.
  49.  49.  49.  50.  54.  56.  60.  61.  61.  63.  66.  68.  71.  71.
  72.  72.  72.  74.  74.  75.  75.  80.  80.  84.  84.  86.  88.  95.
  99. 100.][-98. -98. -92. -90. -89. -89. -87. -85. -84. -83. -81. -80. -74. -73.
 -70. -69. -64. -57. -56. -56. -56. -46. -46. -43. -40. -35. -33. -31.
 -28. -27. -26. -24. -23. -22. -17. -15. -14. -13.  -2.   4.   9.  13.
  19.  20.  20.  23.  25.  30.  31.  31.  32.  37.  39.  40.  41.  42.
  44.  45.  45.  46.  47.  47.  48.  50.  53.  54.  56.  56.  56.  57.
  57.  58.  60.  61.  62.  64.  67.  69.  70.  72.  72.  74.  74.  75.
  75.  80.  81.  86.  87.  88.  88.  92.  92.  92.  95.  96.  99. 100.
 100. 100.][-97. -92. -90. -88. -86. -85. -83. -83. -81. -75. -73. -72. -71. -70.
 -69. -65. -64. -63. -62. -61. -59. -59. -57. -57. -57. -54. -53. -53.
 -52. -46. -46. -40. -38. -37. -36. -36. -35. -34. -34. -31. -30. -26.
 -24. -22. -20. -18. -16. -13.  -8.  -8.  -7.  -6.  -3.   0.   8.  11.
  11.  15.  16.  23.  23.  25.  26.  26.  30.  31.  33.  34.  35.  36.
  37.  38.  42.  47.  49.  51.  54.  57.  57.  59.  61.  62.  63.  65.
  65.  72.  72.  79.  79.  80.  80.  81.  83.  83.  90.  92.  92.  94.
  95. 100.][-100.  -97.  -93.  -93.  -91.  -89.  -88.  -79.  -78.  -77.  -74.  -71.
  -70.  -68.  -67.  -66.  -66.  -62.  -61.  -60.  -60.  -58.  -58.  -56.
  -51.  -47.  -44.  -43.  -41.  -40.  -40.  -33.  -33.  -32.  -29.  -28.
  -27.  -21.  -21.  -20.  -19.  -19.  -17.  -17.  -16.  -16.  -12.   -2.
    0.    0.    1.    2.    2.    5.    6.    9.   14.   15.   16.   16.
   16.   20.   20.   20.   20.   21.   21.   27.   30.   30.   30.   33.
   34.   37.   39.   42.   43.   45.   48.   48.   50.   50.   51.   52.
   54.   63.   71.   72.   73.   75.   80.   85.   87.   88.   89.   97.
   98.   98.  100.  100.][-96. -95. -92. -83. -83. -82. -80. -79. -71. -69. -66. -61. -61. -61.
 -57. -52. -49. -47. -46. -46. -44. -44. -43. -40. -37. -35. -31. -31.
 -27. -26. -19. -15. -14.  -9.  -8.  -6.  -6.  -6.  -6.  -5.  -4.  -2.
   0.   1.   1.   2.   2.  10.  11.  17.  18.  20.  22.  26.  27.  30.
  32.  33.  34.  38.  38.  40.  40.  41.  43.  45.  46.  46.  48.  51.
  51.  53.  56.  56.  58.  58.  59.  64.  65.  70.  72.  77.  77.  78.
  79.  79.  80.  80.  83.  84.  86.  86.  89.  91.  92.  93.  94.  95.
  95.  95.][-98. -93. -92. -91. -88. -86. -79. -74. -73. -73. -72. -72. -72. -69.
 -63. -62. -62. -59. -58. -54. -51. -51. -51. -50. -50. -48. -47. -45.
 -42. -42. -38. -38. -33. -32. -26. -26. -25. -23. -22. -22. -22. -20.
 -19. -19. -15. -13. -11.  -8.   4.   7.   7.   8.  10.  17.  17.  18.
  19.  19.  20.  22.  25.  28.  32.  33.  36.  46.  47.  47.  49.  54.
  58.  59.  62.  63.  63.  65.  67.  67.  69.  70.  77.  77.  80.  83.
  83.  84.  87.  87.  88.  88.  89.  90.  92.  94.  94.  94.  94.  96.
  97.  97.][-100.  -94.  -89.  -88.  -87.  -86.  -82.  -80.  -79.  -78.  -77.  -76.
  -74.  -70.  -70.  -69.  -66.  -66.  -66.  -65.  -59.  -59.  -53.  -53.
  -52.  -51.  -51.  -51.  -50.  -50.  -48.  -46.  -43.  -39.  -37.  -34.
  -32.  -30.  -29.  -28.  -25.  -24.  -24.  -20.  -20.  -19.  -15.  -13.
  -11.   -9.   -9.   -7.   -6.   -4.   -4.    2.    3.    3.    6.    9.
   10.   12.   13.   20.   24.   26.   31.   31.   32.   36.   37.   37.
   41.   41.   42.   43.   45.   53.   64.   69.   69.   71.   71.   74.
   76.   79.   83.   85.   87.   87.   88.   88.   89.   90.   92.   94.
   95.   98.   99.   99.][-98. -96. -91. -90. -88. -85. -84. -83. -82. -81. -79. -75. -73. -69.
 -66. -66. -66. -65. -64. -62. -61. -60. -57. -55. -54. -52. -51. -50.
 -50. -49. -46. -44. -41. -39. -39. -36. -33. -30. -30. -26. -25. -24.
 -24. -23. -19. -18. -16. -14. -14. -13. -10. -10.  -4.  -3.  -3.  -1.
   1.   2.   3.   4.   4.   8.   9.  10.  12.  13.  19.  19.  21.  28.
  30.  30.  31.  34.  41.  41.  54.  56.  59.  61.  67.  71.  71.  72.
  74.  76.  76.  79.  80.  85.  87.  88.  88.  89.  89.  89.  91.  91.
  92.  97.][-98. -98. -95. -93. -91. -91. -91. -86. -84. -81. -77. -72. -69. -68.
 -65. -65. -64. -64. -62. -62. -61. -52. -52. -51. -47. -45. -44. -42.
 -40. -39. -37. -35. -34. -31. -22. -18. -13. -11. -11. -11. -10.  -8.
  -6.  -3.  -2.  -1.  -1.  -1.   1.   1.   6.   7.   7.  10.  13.  16.
  18.  24.  25.  26.  26.  28.  28.  30.  33.  34.  36.  36.  38.  40.
  41.  43.  44.  44.  46.  46.  46.  49.  50.  57.  57.  61.  61.  63.
  64.  65.  72.  73.  77.  79.  80.  80.  84.  85.  86.  89.  90.  92.
  93. 100.][-98. -97. -97. -87. -85. -82. -81. -79. -77. -76. -76. -76. -74. -74.
 -73. -73. -69. -67. -66. -63. -63. -58. -57. -56. -51. -49. -47. -41.
 -41. -41. -40. -38. -37. -37. -37. -35. -34. -32. -32. -31. -28. -25.
 -16. -13. -11.  -6.   0.   5.   7.   9.  11.  15.  17.  21.  24.  27.
  28.  28.  28.  32.  34.  35.  37.  42.  43.  44.  47.  49.  51.  54.
  58.  61.  62.  62.  63.  64.  64.  66.  67.  70.  70.  72.  72.  73.
  73.  78.  81.  83.  84.  85.  86.  88.  88.  90.  91.  91.  91.  93.
  99. 100.][-99. -99. -95. -92. -84. -81. -79. -77. -77. -75. -74. -71. -69. -69.
 -65. -62. -58. -56. -55. -55. -53. -52. -48. -48. -48. -44. -44. -41.
 -39. -31. -31. -29. -24. -23. -23. -19. -19. -18. -13. -11. -11.  -9.
  -8.   0.   0.   0.   2.   2.   2.   3.   3.   5.  11.  11.  12.  12.
  16.  19.  20.  22.  26.  27.  28.  28.  28.  29.  30.  34.  35.  38.
  38.  44.  47.  49.  49.  50.  53.  53.  56.  56.  58.  59.  61.  63.
  63.  67.  70.  70.  78.  80.  85.  85.  87.  88.  88.  89.  90.  90.
  96.  97.][-100.  -99.  -98.  -96.  -92.  -90.  -88.  -87.  -86.  -82.  -81.  -81.
  -80.  -79.  -78.  -75.  -75.  -74.  -72.  -68.  -67.  -66.  -65.  -60.
  -59.  -58.  -53.  -51.  -48.  -43.  -43.  -37.  -32.  -32.  -32.  -31.
  -29.  -27.  -24.  -23.  -22.  -22.  -20.  -19.  -18.  -16.  -11.  -10.
   -8.   -7.   -5.    2.    8.   13.   15.   15.   16.   17.   18.   20.
   22.   24.   26.   28.   35.   39.   41.   42.   45.   46.   46.   47.
   49.   51.   51.   56.   57.   59.   61.   63.   65.   66.   68.   68.
   72.   73.   73.   73.   76.   84.   84.   85.   87.   87.   91.   92.
   96.   97.   98.   98.][-99. -98. -94. -92. -87. -85. -85. -84. -84. -82. -77. -76. -76. -75.
 -74. -71. -67. -66. -65. -64. -64. -64. -63. -63. -62. -60. -57. -50.
 -49. -48. -47. -45. -44. -38. -33. -33. -33. -32. -31. -28. -28. -27.
 -26. -24. -22. -22. -21. -21. -21. -20. -20. -16. -14. -13. -13. -10.
  -8.  -7.  -6.  -5.   0.   3.   7.   7.   8.  13.  13.  15.  15.  18.
  20.  22.  23.  28.  33.  39.  44.  45.  47.  51.  54.  56.  59.  63.
  66.  68.  73.  75.  77.  79.  81.  82.  87.  88.  90.  93.  95.  96.
  96.  97.][-100. -100.  -89.  -86.  -85.  -83.  -82.  -80.  -80.  -80.  -79.  -79.
  -76.  -73.  -73.  -73.  -71.  -70.  -70.  -70.  -69.  -68.  -68.  -67.
  -67.  -65.  -55.  -51.  -51.  -50.  -48.  -46.  -46.  -41.  -39.  -38.
  -38.  -35.  -34.  -30.  -29.  -27.  -27.  -25.  -24.  -24.  -23.  -21.
  -20.  -20.  -14.  -14.  -12.  -11.   -9.   -3.   -3.   -3.   -2.    1.
    3.    3.    4.   12.   12.   14.   23.   31.   32.   33.   39.   39.
   46.   48.   48.   52.   54.   55.   55.   57.   58.   63.   63.   65.
   68.   71.   72.   73.   77.   77.   78.   80.   84.   86.   86.   88.
   89.   89.   93.   98.][-98. -98. -97. -94. -94. -90. -90. -83. -81. -79. -79. -76. -75. -74.
 -72. -71. -71. -70. -63. -62. -62. -60. -57. -54. -52. -48. -48. -48.
 -43. -39. -34. -33. -31. -29. -27. -26. -26. -25. -23. -23. -22. -21.
 -20. -19. -16. -13. -12. -12. -11. -10. -10.  -3.  -1.  -1.   0.   0.
   3.   4.   8.  11.  11.  12.  15.  22.  22.  26.  26.  28.  29.  29.
  30.  32.  32.  35.  36.  36.  38.  39.  40.  45.  48.  51.  53.  55.
  62.  63.  63.  68.  70.  70.  72.  75.  77.  80.  80.  81.  87.  91.
  96.  97.][-100.  -97.  -97.  -97.  -96.  -95.  -94.  -92.  -85.  -84.  -84.  -84.
  -75.  -74.  -74.  -70.  -69.  -69.  -67.  -67.  -64.  -60.  -60.  -59.
  -58.  -57.  -57.  -51.  -46.  -41.  -40.  -39.  -39.  -37.  -36.  -36.
  -35.  -35.  -33.  -29.  -28.  -28.  -27.  -26.  -24.  -22.  -21.  -17.
  -15.  -14.  -13.   -9.   -5.   -3.   -2.    4.    4.    5.    5.    7.
    7.    9.   11.   13.   14.   15.   16.   21.   22.   24.   26.   31.
   31.   34.   34.   34.   41.   43.   43.   46.   51.   56.   57.   57.
   59.   61.   62.   62.   63.   64.   70.   71.   72.   74.   78.   91.
   93.   97.   98.  100.][-100. -100.  -99.  -99.  -98.  -96.  -94.  -93.  -92.  -89.  -88.  -84.
  -84.  -82.  -81.  -80.  -79.  -78.  -78.  -75.  -75.  -73.  -71.  -66.
  -64.  -62.  -60.  -59.  -58.  -45.  -42.  -38.  -37.  -36.  -36.  -35.
  -33.  -33.  -32.  -32.  -31.  -31.  -29.  -28.  -27.  -16.  -15.  -14.
  -13.   -9.   -8.   -6.   -4.    1.    3.    4.    5.    5.    8.   10.
   10.   12.   12.   17.   18.   22.   23.   27.   29.   32.   32.   32.
   38.   39.   43.   46.   50.   51.   52.   53.   56.   59.   59.   64.
   65.   68.   71.   77.   79.   81.   81.   91.   91.   93.   94.   96.
   96.   97.   97.  100.][-100.  -96.  -96.  -95.  -94.  -93.  -93.  -92.  -89.  -88.  -86.  -85.
  -82.  -80.  -79.  -78.  -77.  -76.  -76.  -73.  -69.  -68.  -65.  -62.
  -60.  -59.  -56.  -55.  -53.  -49.  -43.  -42.  -41.  -39.  -38.  -38.
  -36.  -35.  -30.  -28.  -27.  -26.  -25.  -22.  -18.  -13.   -9.    2.
    2.    5.    5.    7.    7.    8.    9.   10.   11.   12.   14.   21.
   21.   22.   23.   23.   28.   29.   34.   36.   37.   39.   39.   40.
   41.   44.   44.   45.   46.   51.   54.   54.   55.   60.   62.   63.
   63.   63.   64.   64.   67.   70.   73.   75.   82.   84.   85.   87.
   90.   91.   95.   99.][-100.  -97.  -92.  -89.  -88.  -85.  -84.  -84.  -82.  -79.  -77.  -76.
  -75.  -74.  -73.  -69.  -64.  -63.  -63.  -62.  -60.  -58.  -58.  -57.
  -57.  -57.  -54.  -54.  -54.  -52.  -51.  -49.  -46.  -45.  -45.  -44.
  -41.  -39.  -33.  -31.  -30.  -25.  -24.  -23.  -23.  -20.  -16.  -15.
  -14.  -13.  -13.  -13.  -11.   -9.   -3.    0.    2.    9.   11.   13.
   13.   14.   15.   18.   19.   23.   24.   27.   30.   33.   38.   40.
   45.   47.   48.   48.   52.   53.   54.   57.   65.   66.   67.   69.
   71.   73.   75.   75.   76.   76.   77.   84.   85.   91.   92.   93.
   93.   96.   96.  100.][-99. -98. -97. -97. -93. -91. -91. -86. -83. -80. -75. -73. -71. -71.
 -70. -70. -69. -66. -66. -61. -60. -59. -45. -43. -41. -40. -38. -38.
 -37. -36. -35. -34. -32. -29. -29. -29. -27. -26. -22. -21. -19. -18.
 -18. -16.  -8.  -8.   0.   5.   7.   9.  10.  10.  15.  16.  16.  22.
  24.  24.  25.  26.  26.  28.  28.  30.  30.  32.  33.  35.  39.  41.
  42.  42.  43.  44.  44.  45.  54.  54.  55.  61.  61.  61.  64.  65.
  66.  71.  71.  72.  76.  77.  78.  82.  83.  87.  93.  93.  94.  98.
 100. 100.][-100.  -95.  -91.  -91.  -90.  -90.  -86.  -84.  -84.  -82.  -81.  -79.
  -77.  -76.  -70.  -67.  -65.  -64.  -63.  -63.  -62.  -62.  -62.  -61.
  -59.  -56.  -56.  -55.  -54.  -53.  -53.  -53.  -48.  -47.  -47.  -42.
  -42.  -42.  -41.  -37.  -36.  -33.  -29.  -28.  -27.  -24.  -22.  -21.
  -21.  -20.  -16.  -14.  -14.  -12.  -11.   -9.   -9.   -8.   -7.    4.
    7.    8.   11.   13.   16.   17.   20.   24.   24.   27.   33.   35.
   38.   40.   41.   42.   42.   45.   46.   47.   48.   51.   52.   53.
   55.   55.   55.   64.   66.   69.   72.   73.   74.   74.   81.   83.
   83.   84.   86.  100.][-100.  -97.  -96.  -94.  -94.  -92.  -90.  -88.  -84.  -84.  -81.  -81.
  -80.  -79.  -76.  -75.  -75.  -73.  -69.  -67.  -67.  -64.  -64.  -63.
  -54.  -53.  -51.  -50.  -47.  -34.  -28.  -22.  -20.  -18.  -18.  -16.
  -16.  -16.  -14.  -13.  -10.   -8.   -8.   -7.   -5.   -1.    0.    3.
    4.    5.    7.    8.   10.   15.   16.   16.   18.   19.   19.   20.
   22.   23.   25.   26.   29.   33.   37.   38.   38.   39.   40.   44.
   45.   46.   47.   48.   64.   65.   66.   66.   67.   72.   75.   77.
   80.   82.   83.   86.   86.   87.   87.   89.   91.   91.   92.   92.
   93.   94.   97.  100.][-100. -100.  -99.  -96.  -96.  -94.  -94.  -90.  -87.  -87.  -85.  -83.
  -80.  -79.  -78.  -75.  -73.  -72.  -67.  -62.  -57.  -53.  -52.  -50.
  -50.  -47.  -47.  -46.  -44.  -43.  -41.  -40.  -39.  -37.  -34.  -31.
  -24.  -23.  -19.  -19.  -19.  -18.  -16.  -15.  -13.  -10.  -10.   -8.
   -6.   -5.    2.    2.    5.    5.    6.    8.   11.   14.   16.   16.
   18.   19.   28.   28.   31.   32.   33.   35.   35.   38.   40.   40.
   40.   41.   41.   44.   45.   46.   47.   53.   54.   58.   63.   64.
   69.   73.   73.   77.   79.   79.   80.   80.   83.   84.   85.   91.
   92.   96.   97.   98.][-97. -96. -96. -93. -90. -90. -88. -87. -84. -79. -78. -77. -71. -71.
 -70. -68. -67. -66. -65. -64. -63. -61. -59. -51. -47. -45. -42. -39.
 -39. -39. -35. -31. -29. -28. -28. -27. -27. -22. -20. -18. -17. -13.
  -6.  -6.  -6.  -4.   0.   2.   3.   5.   9.  12.  14.  15.  17.  18.
  18.  19.  20.  29.  31.  32.  35.  36.  37.  37.  40.  41.  47.  50.
  53.  55.  61.  62.  66.  66.  67.  68.  72.  73.  73.  74.  75.  75.
  76.  76.  76.  78.  79.  80.  88.  89.  94.  95.  95.  95.  96.  97.
  97. 100.][-98. -98. -89. -88. -84. -83. -79. -77. -76. -72. -69. -68. -63. -63.
 -60. -57. -55. -55. -54. -52. -52. -50. -40. -38. -36. -35. -32. -31.
 -30. -30. -27. -26. -22. -18. -18. -18. -16. -15. -14. -11.  -8.  -8.
  -7.  -6.  -4.  -2.   1.   1.   7.   7.   8.  19.  20.  20.  21.  26.
  26.  27.  27.  31.  32.  33.  33.  34.  36.  36.  41.  42.  52.  53.
  54.  55.  56.  56.  59.  61.  61.  61.  62.  65.  66.  67.  69.  70.
  70.  72.  73.  75.  76.  79.  79.  81.  81.  92.  92.  94.  97.  99.
  99. 100.][-98. -98. -97. -95. -93. -93. -86. -85. -85. -84. -83. -82. -81. -79.
 -77. -76. -72. -67. -64. -59. -58. -56. -55. -54. -51. -50. -50. -47.
 -47. -45. -40. -40. -37. -32. -32. -32. -31. -29. -29. -28. -27. -25.
 -24. -21. -21. -20. -18. -18. -15. -15. -10.  -9.  -2.   1.   1.   2.
   3.   9.  11.  11.  12.  14.  14.  15.  17.  20.  25.  28.  29.  29.
  31.  31.  32.  41.  44.  46.  47.  50.  54.  56.  56.  58.  61.  64.
  72.  72.  74.  75.  79.  79.  84.  87.  87.  89.  93.  95.  95.  97.
  97. 100.][-99. -96. -95. -93. -88. -86. -85. -84. -83. -82. -82. -82. -80. -78.
 -74. -74. -73. -73. -72. -66. -65. -64. -64. -59. -58. -56. -55. -52.
 -50. -36. -35. -35. -35. -33. -31. -30. -30. -29. -24. -23. -19. -18.
 -17. -16. -15. -13. -13. -12. -10.  -6.  -5.  -4.  -3.  -1.   4.   9.
  13.  14.  14.  16.  16.  19.  19.  20.  20.  24.  26.  29.  32.  34.
  35.  36.  37.  39.  43.  44.  49.  53.  54.  55.  60.  63.  65.  65.
  67.  68.  70.  73.  74.  80.  81.  86.  88.  91.  96.  97.  98.  98.
  99.  99.][-99. -96. -87. -84. -83. -81. -81. -78. -75. -75. -70. -69. -64. -59.
 -57. -53. -52. -50. -49. -47. -45. -40. -38. -37. -36. -35. -34. -32.
 -31. -29. -27. -27. -24. -14. -11. -10.  -8.  -8.  -2.  -1.   2.   2.
   3.   3.   6.   6.   8.  10.  10.  13.  14.  17.  17.  22.  28.  29.
  32.  32.  33.  38.  39.  39.  40.  41.  41.  43.  43.  45.  46.  47.
  49.  56.  57.  58.  58.  58.  59.  64.  69.  69.  70.  79.  79.  81.
  82.  83.  83.  85.  87.  87.  88.  89.  91.  93.  93.  97.  97.  98.
  99. 100.][-99. -98. -96. -94. -89. -89. -86. -85. -80. -80. -79. -79. -78. -77.
 -74. -71. -67. -65. -63. -63. -63. -60. -57. -54. -54. -50. -49. -48.
 -45. -42. -41. -40. -39. -36. -36. -35. -35. -34. -33. -33. -27. -21.
 -16. -15. -13. -11.  -7.  -6.  -2.   2.   4.   6.   7.   8.  10.  10.
  11.  13.  20.  20.  24.  25.  25.  27.  29.  29.  33.  37.  40.  40.
  40.  43.  43.  46.  48.  48.  49.  50.  53.  59.  59.  59.  62.  63.
  67.  68.  68.  68.  71.  71.  74.  76.  78.  79.  80.  84.  86.  87.
  90.  95.][-100.  -98.  -94.  -92.  -91.  -90.  -88.  -84.  -82.  -81.  -81.  -79.
  -78.  -77.  -69.  -68.  -67.  -67.  -67.  -63.  -63.  -62.  -60.  -55.
  -52.  -44.  -41.  -34.  -33.  -30.  -27.  -26.  -25.  -22.  -14.   -8.
   -6.   -4.   -2.   -2.   -1.    3.    4.    9.   10.   10.   10.   10.
   11.   11.   12.   12.   14.   16.   18.   18.   22.   27.   29.   30.
   32.   35.   37.   39.   39.   40.   42.   42.   42.   42.   44.   49.
   49.   52.   56.   56.   59.   61.   62.   66.   67.   68.   70.   71.
   73.   74.   74.   80.   80.   82.   84.   85.   87.   90.   92.   93.
   96.   98.   99.  100.][-99. -96. -92. -88. -87. -80. -79. -77. -76. -75. -74. -73. -71. -68.
 -63. -62. -60. -59. -56. -56. -54. -52. -46. -44. -42. -40. -40. -38.
 -38. -37. -35. -26. -25. -24. -24. -24. -23. -22. -19. -15. -15. -14.
 -11. -10.  -8.  -5.  -3.   3.   3.   3.   4.   8.  12.  13.  13.  23.
  23.  24.  28.  29.  30.  31.  33.  34.  36.  37.  37.  40.  40.  41.
  43.  44.  45.  45.  46.  48.  50.  56.  57.  59.  60.  63.  63.  64.
  64.  66.  66.  67.  68.  71.  79.  80.  80.  81.  84.  91.  92.  94.
  95.  98.][-98. -93. -90. -89. -89. -89. -83. -81. -78. -76. -75. -72. -71. -70.
 -69. -69. -68. -65. -64. -62. -61. -56. -52. -51. -50. -49. -48. -47.
 -47. -47. -45. -44. -44. -43. -42. -39. -38. -37. -35. -34. -34. -32.
 -31. -27. -26. -25. -23. -22. -20. -19. -17. -16. -15. -13. -12. -10.
  -9.  -9.  -9.   1.   2.  14.  16.  19.  22.  23.  27.  27.  31.  32.
  34.  35.  36.  36.  44.  46.  47.  49.  49.  50.  54.  54.  55.  56.
  58.  63.  66.  70.  70.  71.  73.  74.  76.  76.  78.  79.  83.  86.
  86.  99.][-98. -97. -96. -94. -91. -91. -90. -89. -88. -85. -84. -84. -82. -79.
 -77. -74. -73. -71. -69. -65. -62. -62. -61. -60. -57. -55. -54. -53.
 -42. -38. -37. -36. -36. -33. -31. -31. -23. -18. -16. -15. -13. -13.
 -11.  -8.  -7.  -6.  -4.   0.   0.   1.   2.   2.   4.  17.  18.  19.
  19.  20.  20.  21.  22.  22.  23.  24.  25.  29.  31.  33.  34.  36.
  40.  41.  42.  43.  45.  47.  51.  55.  56.  61.  69.  71.  71.  74.
  77.  78.  80.  85.  86.  87.  88.  88.  90.  90.  91.  91.  94.  94.
  95.  98.][-98. -94. -91. -86. -80. -79. -78. -76. -75. -72. -64. -62. -59. -59.
 -57. -57. -54. -53. -49. -47. -46. -46. -45. -44. -42. -42. -40. -34.
 -32. -29. -27. -25. -23. -23. -21. -18. -18. -18. -11. -10. -10.  -9.
  -8.  -7.  -6.  -1.  -1.   2.   3.   9.  10.  11.  12.  12.  15.  20.
  22.  23.  25.  26.  29.  37.  38.  39.  41.  42.  42.  45.  48.  50.
  52.  57.  59.  59.  59.  60.  62.  63.  67.  67.  67.  67.  70.  70.
  71.  73.  79.  79.  83.  83.  83.  86.  86.  90.  92.  92.  95.  95.
 100. 100.][-100.  -99.  -96.  -93.  -92.  -91.  -90.  -89.  -89.  -88.  -88.  -87.
  -86.  -85.  -80.  -79.  -75.  -73.  -70.  -69.  -66.  -63.  -62.  -59.
  -58.  -53.  -52.  -51.  -45.  -42.  -40.  -35.  -33.  -32.  -24.  -23.
  -21.  -20.  -20.  -16.  -15.  -14.  -14.  -12.   -5.    1.    4.    5.
    7.    8.    9.   10.   11.   11.   12.   13.   18.   22.   22.   31.
   31.   33.   33.   34.   34.   35.   36.   37.   39.   39.   44.   48.
   50.   51.   56.   60.   63.   64.   65.   66.   68.   72.   73.   76.
   77.   77.   79.   79.   81.   82.   86.   89.   91.   91.   91.   92.
   92.   95.   96.   97.][-100.  -99.  -98.  -97.  -96.  -96.  -91.  -91.  -91.  -87.  -87.  -85.
  -84.  -82.  -82.  -81.  -80.  -78.  -78.  -76.  -72.  -71.  -68.  -68.
  -68.  -65.  -65.  -59.  -56.  -55.  -52.  -51.  -51.  -50.  -49.  -49.
  -49.  -45.  -44.  -41.  -39.  -37.  -36.  -29.  -26.  -19.  -16.  -15.
  -14.  -14.  -13.   -9.   -9.   -8.   -7.   -6.   -6.   -4.   -3.    2.
    3.    3.    7.   10.   12.   13.   24.   26.   27.   32.   38.   41.
   46.   46.   46.   48.   49.   53.   54.   54.   57.   61.   63.   67.
   73.   75.   76.   76.   79.   80.   81.   81.   85.   86.   87.   89.
   89.   91.   98.   99.][-100.  -99.  -98.  -97.  -97.  -94.  -93.  -93.  -92.  -92.  -90.  -87.
  -84.  -82.  -82.  -80.  -80.  -75.  -73.  -72.  -71.  -69.  -65.  -62.
  -62.  -61.  -61.  -59.  -59.  -59.  -58.  -50.  -50.  -48.  -48.  -48.
  -48.  -44.  -40.  -40.  -31.  -31.  -29.  -25.  -24.  -23.  -20.  -18.
  -10.   -9.   -5.   -2.   -1.    0.    1.    7.    9.    9.   11.   11.
   13.   16.   16.   16.   21.   22.   23.   23.   25.   26.   34.   40.
   42.   45.   46.   47.   47.   47.   50.   50.   55.   55.   55.   56.
   60.   61.   62.   78.   80.   81.   86.   87.   88.   92.   93.   93.
   97.   97.   98.   98.]