[-99. -99. -93. -93. -84. -83. -82. -81. -80. -80. -80. -77. -75. -74.
 -74. -73. -70. -68. -68. -66. -63. -62. -59. -58. -57. -57. -56. -51.
 -46. -42. -41. -40. -35. -34. -33. -29. -28. -27. -25. -21. -19. -18.
 -18. -16. -14. -13. -11. -11.  -8.  -7.  -5.  -5.  -4.   3.   4.   6.
   7.  11.  14.  15.  15.  17.  18.  19.  19.  22.  23.  23.  33.  35.
  37.  40.  40.  41.  43.  44.  45.  47.  52.  52.  56.  61.  64.  67.
  68.  69.  71.  72.  83.  84.  85.  85.  85.  90.  95.  95.  98.  98.
  98.  98.][-97. -97. -96. -94. -93. -93. -90. -87. -86. -84. -83. -80. -77. -76.
 -76. -74. -73. -67. -65. -64. -63. -62. -58. -57. -48. -48. -48. -46.
 -46. -45. -44. -41. -35. -34. -23. -20. -17. -16. -15. -14. -14. -12.
 -11. -11. -10.  -8.  -7.  -5.  -4.  -3.  -1.   4.   5.   6.   6.   7.
  17.  17.  17.  18.  32.  34.  36.  36.  40.  41.  42.  45.  52.  52.
  55.  56.  59.  59.  63.  63.  63.  67.  69.  75.  76.  78.  78.  79.
  80.  81.  84.  84.  86.  87.  88.  90.  90.  95.  95.  95.  96.  97.
  99. 100.][-100.  -99.  -98.  -93.  -90.  -88.  -84.  -84.  -81.  -78.  -76.  -73.
  -72.  -72.  -72.  -72.  -71.  -71.  -71.  -70.  -69.  -66.  -61.  -59.
  -56.  -56.  -54.  -54.  -52.  -51.  -50.  -50.  -40.  -36.  -32.  -28.
  -27.  -27.  -25.  -19.  -17.  -16.  -14.  -13.   -7.   -5.   -5.   -4.
   -4.   -2.   -2.   -2.    5.    5.    7.    9.   12.   14.   16.   16.
   19.   20.   20.   23.   24.   25.   34.   36.   39.   44.   49.   50.
   50.   51.   54.   58.   58.   60.   60.   61.   64.   64.   65.   66.
   66.   69.   73.   75.   76.   76.   79.   87.   89.   89.   91.   91.
   93.   94.   94.   97.][-98. -95. -95. -94. -87. -86. -85. -79. -75. -73. -73. -69. -69. -68.
 -66. -65. -65. -64. -64. -62. -60. -59. -58. -57. -55. -52. -52. -47.
 -42. -40. -40. -37. -36. -34. -32. -31. -31. -26. -23. -21. -20. -20.
 -17. -15. -12. -11. -10.  -9.  -7.  -5.  -5.  -5.  -3.   0.   1.   3.
   4.   4.   5.   7.  10.  12.  14.  15.  16.  17.  24.  26.  27.  28.
  28.  29.  30.  31.  33.  34.  37.  40.  44.  47.  47.  48.  49.  52.
  53.  57.  60.  60.  66.  67.  68.  68.  76.  78.  88.  88.  89.  96.
  98.  99.][-98. -94. -92. -92. -87. -84. -83. -81. -77. -76. -75. -75. -74. -72.
 -71. -67. -67. -65. -60. -57. -53. -50. -49. -43. -43. -39. -39. -37.
 -34. -33. -31. -30. -28. -27. -25. -25. -25. -23. -23. -18. -15. -13.
 -13. -12. -12. -12. -11. -11.  -9.  -5.  -1.   0.  10.  11.  17.  18.
  21.  21.  22.  22.  24.  30.  30.  31.  32.  32.  33.  39.  41.  43.
  43.  49.  55.  55.  58.  58.  62.  64.  66.  68.  71.  71.  76.  78.
  80.  83.  84.  85.  85.  86.  87.  88.  90.  91.  91.  92.  93.  95.
  95.  98.][-100.  -99.  -95.  -95.  -89.  -88.  -88.  -85.  -85.  -82.  -81.  -77.
  -77.  -75.  -75.  -73.  -71.  -67.  -67.  -67.  -66.  -66.  -61.  -60.
  -59.  -53.  -53.  -53.  -50.  -49.  -49.  -46.  -45.  -45.  -44.  -41.
  -40.  -39.  -36.  -33.  -33.  -33.  -26.  -25.  -24.  -24.  -23.  -22.
  -22.  -14.  -13.  -12.  -11.   -8.   -5.   -3.   -2.    2.    2.    3.
   11.   12.   13.   14.   17.   17.   21.   21.   21.   30.   30.   32.
   40.   42.   47.   52.   53.   55.   56.   58.   59.   65.   67.   68.
   68.   70.   76.   80.   81.   85.   86.   90.   92.   93.   96.   97.
   97.   98.   99.  100.][-98. -98. -97. -95. -95. -92. -91. -88. -87. -83. -83. -82. -77. -77.
 -76. -74. -73. -73. -73. -70. -67. -62. -62. -59. -58. -56. -53. -49.
 -42. -40. -37. -36. -35. -34. -34. -32. -32. -30. -30. -30. -27. -26.
 -24. -23. -22. -22. -22. -21. -20. -16. -13.  -9.  -7.  -6.  -5.  -4.
  -3.  -2.   0.   2.   5.   6.   6.   8.  13.  14.  15.  17.  17.  19.
  22.  24.  26.  28.  30.  30.  35.  36.  40.  47.  47.  48.  53.  55.
  55.  56.  58.  70.  71.  78.  81.  82.  82.  84.  84.  87.  92.  94.
  98. 100.][-97. -96. -91. -88. -88. -84. -84. -82. -81. -81. -81. -78. -78. -77.
 -75. -72. -71. -69. -68. -66. -65. -63. -62. -56. -55. -55. -54. -50.
 -48. -46. -44. -43. -41. -41. -39. -33. -30. -30. -29. -24. -24. -24.
 -20. -20. -19. -19. -17. -15. -14. -11.  -9.  -7.  -7.  -4.  -3.  -3.
   0.   5.   6.   9.   9.  11.  12.  12.  17.  18.  19.  23.  26.  27.
  28.  32.  33.  34.  35.  39.  42.  46.  50.  51.  51.  52.  52.  53.
  54.  56.  59.  64.  83.  83.  83.  84.  86.  86.  91.  93.  96.  97.
  98. 100.][-99. -92. -91. -91. -88. -88. -87. -82. -77. -76. -75. -74. -70. -66.
 -66. -65. -64. -60. -57. -57. -53. -52. -48. -41. -35. -34. -33. -32.
 -31. -30. -27. -26. -24. -22. -20. -18. -17. -16. -15. -11. -10.  -7.
  -7.  -5.  -5.  -3.  -1.   1.   2.   4.   7.   7.   8.  15.  17.  18.
  18.  22.  23.  27.  30.  33.  34.  38.  39.  41.  41.  42.  47.  48.
  50.  52.  53.  55.  56.  57.  57.  58.  59.  61.  62.  63.  64.  64.
  67.  67.  72.  72.  79.  80.  82.  85.  88.  88.  88.  90.  90.  90.
 100. 100.][-100.  -98.  -97.  -97.  -97.  -94.  -92.  -84.  -82.  -82.  -79.  -79.
  -77.  -76.  -73.  -72.  -72.  -72.  -67.  -67.  -65.  -64.  -64.  -62.
  -62.  -62.  -60.  -58.  -58.  -56.  -54.  -54.  -46.  -43.  -43.  -42.
  -41.  -41.  -39.  -38.  -38.  -34.  -33.  -33.  -33.  -30.  -29.  -24.
  -24.  -20.  -20.  -15.   -5.   -2.   -1.    1.    4.   14.   15.   16.
   18.   19.   22.   24.   27.   31.   33.   34.   38.   42.   43.   45.
   46.   47.   50.   51.   51.   52.   59.   60.   65.   67.   69.   70.
   72.   73.   74.   75.   75.   79.   82.   82.   82.   82.   82.   83.
   84.   87.   95.   99.][-100.  -99.  -86.  -85.  -85.  -85.  -82.  -82.  -80.  -80.  -78.  -77.
  -76.  -73.  -72.  -71.  -71.  -68.  -65.  -62.  -60.  -59.  -56.  -56.
  -52.  -50.  -50.  -48.  -46.  -44.  -43.  -40.  -39.  -39.  -37.  -36.
  -32.  -29.  -28.  -24.  -16.  -12.  -11.   -6.   -5.   -4.   -2.   -1.
    2.    3.    3.    6.    8.    9.   14.   16.   17.   19.   20.   20.
   20.   21.   22.   26.   30.   32.   34.   35.   38.   39.   39.   40.
   42.   44.   44.   51.   52.   54.   56.   56.   58.   61.   62.   64.
   66.   67.   68.   68.   71.   72.   72.   77.   78.   78.   81.   82.
   84.   86.   95.  100.][-96. -93. -92. -92. -91. -91. -90. -89. -89. -89. -88. -88. -87. -86.
 -81. -79. -78. -76. -75. -71. -68. -68. -68. -64. -63. -61. -60. -56.
 -55. -52. -52. -48. -48. -39. -37. -26. -26. -24. -24. -23. -21. -16.
 -15. -14. -12.  -9.  -9.  -8.  -4.  -2.  -1.   0.   4.   5.   5.   6.
   9.  10.  18.  20.  20.  21.  22.  23.  25.  32.  34.  39.  41.  42.
  44.  44.  44.  46.  48.  51.  51.  62.  64.  64.  65.  68.  69.  69.
  71.  73.  76.  79.  80.  81.  82.  83.  83.  84.  86.  89.  89.  91.
  96.  98.][-94. -94. -90. -88. -84. -84. -81. -79. -78. -76. -75. -74. -72. -70.
 -70. -67. -62. -61. -58. -57. -56. -55. -54. -53. -51. -49. -46. -44.
 -40. -40. -33. -30. -27. -27. -26. -23. -21. -19. -19. -18. -16. -16.
 -14. -11.  -7.  -7.  -6.  -2.  -1.  12.  15.  18.  21.  23.  25.  27.
  28.  30.  30.  31.  32.  33.  34.  35.  37.  41.  42.  43.  43.  44.
  45.  46.  49.  51.  51.  55.  55.  58.  62.  68.  69.  71.  72.  73.
  73.  73.  74.  74.  74.  75.  77.  80.  80.  86.  88.  91.  92.  93.
  94.  99.][-96. -95. -95. -93. -92. -91. -88. -87. -86. -84. -82. -79. -74. -70.
 -70. -69. -66. -65. -64. -57. -55. -47. -45. -39. -38. -36. -33. -33.
 -32. -30. -27. -26. -20. -18. -18. -12. -11. -11.  -7.  -7.  -7.  -4.
  -4.  -3.   4.   6.   9.   9.  10.  14.  15.  17.  17.  19.  20.  20.
  20.  22.  24.  24.  25.  26.  31.  31.  33.  36.  37.  42.  44.  46.
  47.  47.  47.  48.  50.  53.  54.  55.  60.  62.  63.  68.  70.  70.
  73.  75.  80.  83.  83.  85.  86.  86.  87.  87.  92.  92.  94.  97.
  98.  99.][-96. -95. -91. -91. -88. -87. -87. -86. -85. -80. -79. -76. -75. -73.
 -67. -64. -59. -59. -58. -57. -56. -47. -44. -42. -42. -39. -39. -38.
 -37. -34. -28. -26. -23. -20. -20. -19. -14. -13. -13. -13.  -9.  -9.
  -8.  -6.  -4.   0.   1.   1.   3.   5.   9.  11.  12.  13.  16.  17.
  18.  19.  19.  20.  26.  28.  30.  32.  41.  42.  45.  45.  45.  45.
  45.  46.  47.  52.  52.  57.  58.  59.  60.  62.  63.  64.  64.  68.
  68.  69.  70.  75.  76.  77.  85.  88.  89.  90.  93.  94.  94.  95.
  98. 100.][-100.  -98.  -93.  -92.  -91.  -86.  -83.  -83.  -82.  -81.  -80.  -79.
  -79.  -76.  -71.  -71.  -70.  -68.  -68.  -66.  -62.  -62.  -61.  -60.
  -57.  -57.  -55.  -54.  -54.  -49.  -44.  -40.  -39.  -39.  -38.  -36.
  -35.  -33.  -24.  -18.  -14.  -11.  -10.  -10.   -9.   -6.   -6.   -3.
   -3.   -2.    2.   12.   16.   17.   17.   20.   22.   22.   22.   22.
   25.   27.   27.   27.   33.   34.   35.   37.   37.   40.   40.   42.
   43.   43.   44.   47.   49.   51.   52.   54.   55.   56.   58.   61.
   63.   66.   66.   68.   70.   70.   74.   76.   79.   80.   83.   86.
   92.   93.   94.   97.][-100.  -97.  -95.  -94.  -94.  -93.  -93.  -85.  -84.  -84.  -83.  -82.
  -82.  -81.  -76.  -75.  -63.  -59.  -58.  -56.  -54.  -51.  -48.  -44.
  -43.  -41.  -39.  -36.  -35.  -27.  -25.  -24.  -20.  -19.  -19.  -18.
  -18.  -17.  -16.  -16.  -14.  -13.  -12.   -8.   -7.   -7.   -5.   -4.
    4.    4.    5.    9.   10.   12.   13.   22.   22.   23.   28.   29.
   30.   30.   32.   35.   38.   40.   40.   43.   46.   46.   46.   53.
   54.   55.   56.   57.   57.   58.   62.   65.   66.   68.   71.   71.
   72.   72.   72.   73.   79.   79.   79.   79.   83.   86.   87.   94.
   95.   95.   97.   98.][-99. -99. -97. -94. -93. -92. -91. -89. -82. -81. -79. -77. -75. -75.
 -73. -71. -69. -69. -67. -64. -63. -59. -59. -57. -56. -55. -54. -54.
 -47. -45. -44. -42. -40. -35. -33. -30. -28. -24. -24. -24. -23. -17.
  -8.  -7.  -6.  -5.  -3.   1.   2.   2.   3.   5.   7.   7.  14.  14.
  15.  15.  16.  19.  21.  22.  23.  23.  24.  26.  30.  31.  32.  33.
  33.  37.  37.  40.  42.  42.  45.  45.  46.  46.  51.  55.  57.  57.
  58.  59.  62.  66.  69.  71.  77.  81.  83.  87.  87.  87.  91.  92.
  92.  98.][-100. -100.  -99.  -96.  -96.  -92.  -86.  -86.  -79.  -78.  -77.  -75.
  -74.  -74.  -73.  -72.  -70.  -67.  -67.  -66.  -65.  -64.  -61.  -61.
  -60.  -60.  -58.  -58.  -53.  -47.  -46.  -38.  -30.  -29.  -28.  -28.
  -28.  -24.  -24.  -20.  -17.  -13.   -8.   -5.   -4.   -3.   -2.   -1.
    0.    1.    4.    7.    9.   10.   12.   12.   13.   19.   21.   21.
   23.   35.   36.   36.   38.   44.   45.   48.   49.   49.   49.   50.
   51.   52.   56.   59.   59.   61.   63.   63.   63.   66.   66.   70.
   73.   75.   75.   76.   78.   79.   80.   82.   85.   86.   87.   87.
   91.   91.   99.  100.][-99. -95. -95. -95. -94. -90. -87. -86. -86. -83. -83. -80. -80. -78.
 -74. -73. -70. -69. -65. -62. -61. -60. -60. -59. -59. -54. -52. -51.
 -48. -48. -44. -40. -38. -37. -35. -28. -26. -23. -23. -19.  -6.  -5.
  -3.  -2.   0.   6.  11.  12.  14.  21.  22.  23.  23.  23.  25.  25.
  26.  32.  32.  35.  37.  38.  39.  41.  42.  42.  49.  50.  53.  54.
  55.  57.  58.  60.  64.  66.  69.  70.  70.  73.  73.  74.  76.  77.
  77.  79.  80.  80.  82.  85.  87.  88.  88.  91.  92.  92.  93.  98.
  99. 100.][-98. -91. -90. -84. -82. -81. -80. -80. -78. -73. -72. -65. -61. -59.
 -58. -58. -56. -55. -54. -50. -50. -48. -48. -46. -45. -43. -36. -34.
 -30. -28. -27. -27. -25. -25. -24. -24. -24. -22. -19. -19. -14. -10.
  -9.  -7.  -7.  -6.  -5.   4.   6.   9.  12.  14.  15.  15.  16.  17.
  18.  22.  22.  22.  26.  28.  31.  33.  34.  39.  40.  41.  41.  43.
  46.  47.  49.  49.  51.  54.  55.  57.  61.  66.  68.  68.  69.  75.
  76.  76.  77.  83.  86.  86.  87.  88.  88.  88.  89.  91.  96.  97.
  98. 100.][-100.  -98.  -93.  -92.  -92.  -90.  -84.  -82.  -80.  -77.  -76.  -76.
  -74.  -72.  -71.  -70.  -69.  -66.  -65.  -65.  -64.  -61.  -60.  -58.
  -57.  -54.  -47.  -45.  -44.  -40.  -36.  -35.  -35.  -31.  -30.  -29.
  -24.  -23.  -21.  -20.  -20.  -16.  -16.  -15.  -14.  -13.  -11.   -9.
   -5.   -4.    0.    4.    8.   10.   10.   12.   14.   14.   17.   20.
   21.   27.   34.   34.   34.   36.   37.   37.   46.   46.   48.   49.
   51.   52.   53.   53.   54.   55.   56.   61.   63.   67.   67.   74.
   74.   76.   80.   85.   87.   87.   90.   93.   96.   96.   98.   98.
   99.   99.   99.  100.][-98. -98. -98. -96. -95. -95. -87. -87. -83. -80. -79. -75. -75. -73.
 -70. -65. -65. -60. -56. -55. -54. -52. -50. -42. -40. -39. -38. -36.
 -34. -32. -32. -29. -28. -27. -26. -19. -13. -13. -12.  -9.  -9.  -7.
  -5.   1.   2.   2.   6.  11.  12.  13.  16.  17.  20.  20.  20.  24.
  26.  28.  29.  30.  31.  33.  33.  33.  34.  35.  37.  38.  41.  42.
  45.  47.  50.  54.  56.  56.  58.  59.  60.  68.  69.  72.  73.  74.
  74.  75.  78.  80.  81.  84.  85.  87.  87.  87.  88.  95.  96.  96.
  97. 100.][-94. -89. -89. -83. -83. -81. -81. -80. -73. -69. -66. -64. -64. -61.
 -60. -55. -53. -51. -47. -47. -43. -40. -38. -34. -31. -31. -30. -30.
 -29. -29. -25. -16. -15. -13.  -7.  -7.  -6.  -6.  -3.  -1.  -1.   4.
   6.   6.  10.  11.  12.  12.  15.  15.  16.  18.  20.  20.  21.  22.
  23.  23.  24.  24.  25.  29.  30.  33.  34.  36.  36.  37.  39.  41.
  42.  42.  44.  45.  57.  57.  61.  62.  62.  63.  65.  66.  70.  72.
  73.  77.  79.  82.  83.  84.  85.  87.  89.  91.  93.  94.  96.  99.
  99. 100.][-100.  -99.  -95.  -92.  -88.  -88.  -86.  -85.  -84.  -80.  -79.  -79.
  -78.  -77.  -76.  -75.  -75.  -75.  -74.  -70.  -68.  -63.  -63.  -60.
  -60.  -54.  -53.  -47.  -47.  -46.  -44.  -40.  -38.  -35.  -33.  -32.
  -26.  -22.  -18.  -17.  -16.  -15.  -15.  -13.  -13.  -10.   -8.   -7.
   -4.   -2.    1.    2.    2.    2.    4.    4.    5.    7.    7.    9.
   13.   17.   17.   20.   20.   23.   25.   25.   25.   26.   30.   31.
   31.   37.   38.   40.   41.   44.   47.   47.   52.   53.   54.   55.
   59.   61.   61.   71.   71.   74.   75.   75.   83.   86.   87.   90.
   92.   93.   94.   95.][-98. -91. -90. -89. -86. -82. -81. -77. -75. -74. -74. -72. -72. -68.
 -62. -62. -61. -59. -56. -55. -54. -52. -50. -44. -39. -39. -35. -30.
 -29. -29. -26. -24. -22. -18. -13. -13. -12. -10.  -8.  -8.  -4.  -3.
  -1.   0.   0.   0.   3.   6.   8.   9.  11.  12.  15.  16.  18.  19.
  20.  22.  24.  25.  28.  28.  28.  28.  29.  37.  40.  41.  42.  43.
  48.  51.  51.  54.  54.  55.  56.  57.  59.  59.  59.  62.  63.  68.
  69.  70.  70.  71.  74.  74.  76.  80.  83.  85.  87.  88.  90.  92.
  93.  99.][-100.  -97.  -97.  -96.  -79.  -77.  -74.  -74.  -72.  -72.  -71.  -70.
  -70.  -69.  -68.  -68.  -66.  -65.  -56.  -54.  -53.  -52.  -51.  -49.
  -46.  -45.  -44.  -44.  -42.  -38.  -28.  -25.  -23.  -23.  -22.  -22.
  -21.  -21.  -19.  -16.  -16.  -14.  -12.   -6.   -4.   -3.   -1.    3.
    9.   10.   10.   10.   12.   14.   16.   17.   18.   21.   26.   27.
   28.   29.   29.   30.   30.   36.   37.   39.   40.   43.   44.   45.
   46.   60.   60.   60.   61.   63.   63.   65.   65.   67.   68.   69.
   70.   73.   74.   75.   77.   79.   84.   84.   86.   89.   89.   93.
   94.   96.   98.  100.][-100.  -99.  -95.  -94.  -91.  -88.  -87.  -79.  -78.  -78.  -76.  -76.
  -73.  -68.  -68.  -62.  -61.  -57.  -56.  -55.  -54.  -54.  -54.  -54.
  -53.  -51.  -48.  -48.  -48.  -45.  -38.  -35.  -35.  -32.  -31.  -29.
  -26.  -25.  -23.  -22.  -22.  -20.  -19.  -18.  -16.  -15.  -13.  -10.
   -6.   -5.   -3.    3.    3.    3.    4.    6.    9.    9.    9.   10.
   10.   16.   17.   17.   18.   21.   22.   25.   32.   34.   39.   39.
   40.   40.   40.   41.   41.   43.   46.   56.   56.   56.   58.   63.
   72.   72.   78.   82.   83.   84.   87.   88.   92.   92.   93.   94.
   95.   95.   99.  100.][-100.  -99.  -98.  -97.  -90.  -89.  -85.  -84.  -80.  -80.  -80.  -78.
  -75.  -71.  -68.  -68.  -65.  -64.  -63.  -63.  -61.  -58.  -56.  -54.
  -54.  -49.  -49.  -48.  -47.  -46.  -46.  -38.  -33.  -27.  -27.  -23.
  -21.  -16.  -13.  -12.   -9.   -8.   -7.   -5.   -1.    1.    2.    3.
    5.    9.   10.   13.   14.   14.   16.   17.   17.   19.   20.   20.
   21.   22.   24.   27.   32.   33.   38.   40.   41.   42.   44.   45.
   46.   47.   49.   51.   51.   51.   52.   58.   62.   66.   67.   68.
   71.   74.   74.   74.   77.   85.   86.   88.   89.   89.   91.   93.
   94.   95.   99.  100.][-100.  -99.  -98.  -97.  -94.  -91.  -88.  -82.  -82.  -77.  -76.  -75.
  -72.  -69.  -69.  -67.  -66.  -64.  -58.  -55.  -52.  -50.  -50.  -48.
  -46.  -45.  -42.  -42.  -41.  -38.  -38.  -37.  -36.  -35.  -33.  -33.
  -33.  -32.  -31.  -31.  -30.  -29.  -29.  -26.  -26.  -21.  -18.  -17.
  -13.  -10.   -1.    4.    4.    5.    5.    8.    8.    9.   10.   12.
   15.   17.   20.   23.   27.   28.   31.   31.   32.   33.   33.   33.
   35.   35.   35.   36.   37.   43.   45.   45.   48.   48.   54.   54.
   54.   55.   56.   56.   61.   63.   66.   80.   84.   86.   88.   89.
   90.   90.   93.   99.][-99. -99. -96. -94. -91. -89. -88. -87. -86. -86. -78. -77. -77. -76.
 -76. -75. -72. -72. -71. -70. -67. -65. -59. -55. -55. -54. -52. -44.
 -44. -43. -41. -39. -35. -33. -32. -31. -31. -30. -28. -25. -23. -22.
 -20. -18. -16. -14. -14. -14. -13. -12.  -8.  -7.  -5.  -2.   2.   3.
   5.   7.   8.  11.  12.  12.  18.  18.  19.  21.  23.  31.  33.  36.
  46.  48.  48.  49.  53.  55.  57.  59.  59.  68.  73.  75.  78.  79.
  79.  79.  81.  83.  85.  85.  86.  86.  87.  88.  89.  91.  93.  94.
  95.  98.][-100. -100.  -93.  -92.  -89.  -87.  -86.  -86.  -83.  -82.  -80.  -80.
  -79.  -77.  -76.  -72.  -71.  -69.  -67.  -66.  -64.  -62.  -61.  -59.
  -58.  -57.  -57.  -56.  -55.  -50.  -46.  -46.  -37.  -36.  -35.  -34.
  -32.  -31.  -30.  -29.  -29.  -26.  -21.  -21.  -21.  -21.  -19.  -15.
   -8.   -7.   -7.   -4.    2.    4.    5.    8.    9.   10.   12.   14.
   15.   22.   23.   24.   25.   26.   27.   28.   32.   33.   33.   39.
   43.   45.   49.   56.   58.   58.   60.   60.   63.   64.   66.   66.
   69.   71.   71.   72.   75.   77.   82.   82.   83.   90.   92.   92.
   94.   95.   95.   98.][-95. -94. -90. -90. -89. -88. -85. -83. -83. -80. -70. -70. -70. -69.
 -66. -64. -62. -60. -58. -57. -52. -51. -49. -49. -43. -43. -38. -33.
 -29. -29. -28. -22. -20. -19. -18. -18. -17. -17. -13. -11. -10.  -7.
  -7.  -4.  -3.  -2.   0.   2.   2.   6.   8.   9.   9.  10.  11.  13.
  18.  18.  19.  24.  25.  29.  29.  31.  32.  33.  34.  37.  42.  51.
  54.  54.  58.  60.  60.  61.  63.  63.  63.  66.  70.  70.  71.  72.
  73.  73.  76.  76.  79.  81.  82.  84.  84.  85.  85.  86.  86.  88.
  89.  93.][-98. -95. -88. -86. -86. -76. -75. -72. -71. -70. -68. -68. -65. -61.
 -57. -57. -52. -51. -51. -50. -50. -47. -47. -46. -41. -40. -38. -30.
 -28. -28. -24. -20. -20. -17. -15. -14. -13. -10.   2.   2.   3.   5.
   6.   8.   9.   9.  13.  17.  18.  22.  23.  24.  24.  26.  27.  30.
  31.  31.  35.  35.  36.  39.  39.  41.  42.  46.  47.  47.  51.  52.
  52.  54.  56.  58.  58.  59.  59.  61.  62.  65.  70.  71.  72.  77.
  77.  77.  78.  78.  79.  80.  81.  84.  84.  85.  92.  92.  94.  95.
  95.  95.][-93. -89. -86. -85. -84. -81. -80. -79. -78. -75. -74. -73. -72. -72.
 -71. -69. -61. -58. -56. -56. -56. -56. -55. -53. -50. -48. -46. -44.
 -41. -39. -36. -34. -33. -28. -26. -24. -23. -23. -21. -18. -17. -14.
 -14. -14. -13. -12.  -8.  -8.  -6.  -6.  -6.  -1.   0.   0.   3.   6.
   6.   8.  11.  12.  13.  16.  17.  19.  19.  20.  23.  24.  28.  28.
  30.  32.  37.  39.  45.  46.  47.  49.  49.  50.  52.  53.  55.  57.
  57.  59.  67.  72.  76.  77.  78.  80.  82.  87.  87.  91.  92.  94.
  98.  99.][-100. -100.  -97.  -96.  -92.  -92.  -92.  -91.  -89.  -86.  -86.  -81.
  -79.  -76.  -76.  -75.  -75.  -74.  -73.  -73.  -72.  -71.  -66.  -65.
  -64.  -63.  -62.  -60.  -60.  -59.  -58.  -57.  -53.  -49.  -48.  -45.
  -45.  -44.  -42.  -42.  -39.  -38.  -38.  -35.  -31.  -26.  -25.  -25.
  -22.  -14.  -11.   -8.   -7.   -3.   -2.   -2.   -1.    4.    5.    9.
   10.   11.   11.   12.   14.   14.   17.   24.   25.   28.   28.   33.
   33.   37.   41.   41.   42.   44.   44.   45.   50.   51.   53.   56.
   56.   57.   57.   62.   67.   73.   75.   82.   84.   85.   85.   86.
   87.   88.   94.  100.][-98. -98. -94. -92. -85. -85. -83. -82. -80. -78. -78. -78. -76. -74.
 -73. -66. -65. -64. -64. -61. -60. -59. -58. -54. -49. -49. -49. -48.
 -47. -46. -46. -45. -44. -38. -38. -35. -34. -32. -30. -28. -28. -22.
 -21. -20. -20. -19. -18. -16. -12. -11. -11.  -1.   2.   3.   6.  11.
  15.  15.  23.  28.  28.  29.  30.  31.  34.  38.  39.  40.  46.  47.
  48.  53.  59.  64.  64.  65.  66.  70.  72.  75.  76.  78.  79.  79.
  80.  83.  86.  88.  88.  90.  90.  92.  92.  93.  94.  94.  95.  95.
  97. 100.][-100.  -99.  -98.  -97.  -96.  -94.  -93.  -92.  -87.  -86.  -86.  -83.
  -82.  -80.  -79.  -74.  -65.  -65.  -63.  -62.  -62.  -61.  -61.  -59.
  -56.  -55.  -54.  -53.  -46.  -46.  -43.  -35.  -31.  -27.  -26.  -23.
  -23.  -22.  -21.  -19.  -19.  -19.  -17.   -9.   -9.   -7.   -3.   -1.
    2.    3.    5.    5.    6.    6.    6.    6.    7.    7.    8.    9.
   16.   22.   23.   24.   25.   27.   29.   30.   30.   33.   33.   39.
   39.   40.   42.   43.   44.   44.   51.   53.   54.   54.   57.   58.
   58.   63.   70.   74.   75.   77.   79.   80.   82.   82.   82.   88.
   89.   90.   91.   95.][-100.  -99.  -93.  -92.  -91.  -89.  -88.  -85.  -84.  -84.  -81.  -80.
  -80.  -77.  -77.  -76.  -75.  -75.  -71.  -70.  -70.  -68.  -67.  -65.
  -63.  -55.  -50.  -49.  -45.  -44.  -43.  -41.  -39.  -38.  -37.  -37.
  -33.  -29.  -27.  -26.  -26.  -24.  -23.  -22.  -21.  -20.  -18.  -17.
  -14.  -11.  -11.   -7.   -5.   -3.    0.    1.    4.    5.    6.   12.
   18.   19.   22.   25.   26.   32.   33.   34.   36.   38.   38.   42.
   42.   44.   46.   47.   47.   49.   50.   52.   53.   54.   55.   60.
   60.   65.   72.   75.   75.   75.   80.   81.   82.   82.   85.   89.
   92.   94.  100.  100.][-100.  -99.  -99.  -98.  -92.  -90.  -90.  -89.  -84.  -84.  -83.  -82.
  -81.  -77.  -76.  -75.  -75.  -72.  -66.  -66.  -63.  -63.  -63.  -61.
  -59.  -58.  -57.  -57.  -54.  -54.  -50.  -48.  -48.  -47.  -44.  -43.
  -38.  -36.  -31.  -24.  -24.  -23.  -19.  -13.  -12.   -9.   -9.   -7.
   -6.   -6.    0.    1.    2.    3.    9.   12.   12.   12.   14.   18.
   20.   21.   25.   25.   26.   29.   31.   34.   38.   40.   40.   44.
   44.   50.   50.   53.   53.   57.   61.   61.   63.   66.   74.   75.
   75.   76.   79.   80.   81.   83.   89.   89.   89.   90.   90.   94.
   96.   97.   99.  100.][-100. -100.  -98.  -95.  -95.  -93.  -91.  -85.  -84.  -82.  -75.  -72.
  -70.  -70.  -70.  -69.  -69.  -66.  -65.  -65.  -63.  -62.  -52.  -51.
  -49.  -49.  -49.  -48.  -45.  -43.  -43.  -42.  -40.  -39.  -38.  -37.
  -31.  -30.  -25.  -24.  -24.  -23.  -21.  -20.  -18.  -17.  -17.  -17.
  -13.  -12.    3.    4.    5.    9.   13.   14.   17.   19.   19.   20.
   22.   22.   25.   25.   27.   27.   31.   37.   37.   39.   41.   44.
   44.   45.   46.   48.   48.   50.   52.   52.   52.   56.   58.   60.
   63.   70.   70.   74.   77.   79.   80.   81.   82.   82.   84.   89.
   94.   95.   96.   96.][-100.  -92.  -91.  -88.  -88.  -85.  -82.  -79.  -74.  -72.  -69.  -69.
  -67.  -66.  -65.  -58.  -57.  -57.  -55.  -54.  -54.  -54.  -53.  -52.
  -51.  -51.  -43.  -39.  -39.  -38.  -37.  -35.  -29.  -27.  -26.  -24.
  -22.  -19.  -16.  -15.  -14.  -14.  -14.  -13.  -13.  -13.  -12.   -8.
   -7.   -4.   -2.    2.    4.    4.    5.    7.    9.   10.   11.   13.
   15.   18.   23.   25.   26.   29.   29.   30.   31.   33.   33.   35.
   37.   38.   40.   40.   41.   42.   46.   47.   48.   51.   52.   53.
   61.   64.   71.   73.   76.   78.   80.   82.   82.   85.   86.   87.
   88.   90.   91.   97.][-99. -97. -96. -89. -86. -83. -74. -69. -65. -63. -62. -62. -62. -58.
 -54. -53. -52. -50. -49. -48. -46. -46. -43. -40. -36. -35. -35. -32.
 -30. -28. -27. -27. -25. -20. -15. -14.  -9.  -8.  -1.   0.   1.   1.
   2.   6.   8.  11.  12.  13.  14.  15.  15.  15.  19.  20.  20.  21.
  22.  24.  28.  33.  33.  36.  41.  42.  43.  44.  48.  48.  49.  49.
  51.  52.  53.  55.  57.  58.  61.  63.  64.  65.  66.  67.  72.  78.
  80.  81.  81.  82.  84.  85.  86.  90.  90.  91.  91.  91.  94.  94.
  98. 100.][-100.  -99.  -97.  -94.  -94.  -93.  -88.  -87.  -85.  -85.  -82.  -82.
  -82.  -78.  -78.  -76.  -74.  -73.  -67.  -65.  -64.  -59.  -58.  -51.
  -51.  -40.  -40.  -38.  -36.  -36.  -34.  -33.  -32.  -32.  -32.  -31.
  -30.  -29.  -29.  -25.  -25.  -23.  -18.  -13.  -13.  -13.   -9.    1.
    3.   10.   11.   12.   14.   14.   14.   16.   16.   19.   21.   21.
   22.   23.   25.   26.   27.   27.   29.   29.   32.   32.   34.   36.
   36.   39.   41.   42.   44.   45.   46.   49.   53.   53.   56.   62.
   63.   64.   70.   73.   74.   75.   80.   82.   83.   83.   83.   85.
   86.   89.   92.   98.][-98. -95. -93. -91. -87. -87. -83. -81. -79. -78. -76. -75. -74. -73.
 -71. -71. -70. -70. -69. -65. -64. -62. -61. -60. -58. -57. -55. -55.
 -55. -52. -52. -48. -47. -42. -40. -39. -33. -33. -32. -28. -19. -19.
  -9.  -6.  -4.  -2.   0.   3.   7.   8.  13.  14.  15.  16.  20.  23.
  23.  29.  30.  31.  31.  33.  33.  34.  34.  36.  39.  39.  44.  44.
  46.  47.  50.  51.  53.  53.  55.  58.  59.  63.  66.  66.  67.  67.
  68.  68.  71.  74.  75.  76.  82.  82.  84.  85.  91.  93.  95.  98.
 100. 100.][-100.  -97.  -94.  -92.  -89.  -88.  -85.  -83.  -80.  -79.  -75.  -71.
  -68.  -68.  -67.  -62.  -61.  -57.  -55.  -54.  -54.  -54.  -51.  -49.
  -42.  -41.  -40.  -37.  -36.  -34.  -34.  -32.  -29.  -28.  -28.  -27.
  -25.  -24.  -24.  -23.  -23.  -22.  -21.  -20.  -17.  -16.  -16.  -11.
  -11.   -9.   -2.    0.    2.    3.    8.    9.   17.   20.   20.   20.
   22.   26.   26.   26.   28.   31.   31.   32.   33.   37.   38.   40.
   41.   41.   45.   46.   50.   55.   56.   57.   60.   63.   68.   74.
   74.   75.   81.   83.   85.   85.   87.   88.   92.   92.   96.   96.
   96.   98.   98.   99.][-97. -95. -93. -92. -89. -89. -85. -81. -80. -79. -78. -76. -73. -68.
 -65. -65. -64. -63. -62. -62. -61. -60. -55. -55. -54. -54. -52. -51.
 -48. -47. -46. -42. -41. -40. -36. -34. -29. -27. -27. -25. -21. -19.
 -18. -16. -12. -11. -10.  -6.  -6.  -5.  -5.  -5.  -4.  -3.   2.   4.
   4.   6.   8.  10.  15.  22.  22.  23.  23.  23.  24.  25.  26.  27.
  28.  29.  32.  33.  33.  39.  40.  45.  45.  47.  54.  58.  59.  59.
  62.  62.  63.  64.  64.  73.  75.  79.  82.  85.  87.  87.  91.  95.
  95.  96.][-99. -97. -96. -95. -95. -94. -93. -91. -88. -87. -86. -85. -85. -80.
 -80. -79. -78. -74. -71. -68. -61. -61. -54. -53. -52. -51. -49. -49.
 -47. -47. -45. -44. -35. -24. -20. -19. -17. -17. -16. -12.  -9.  -3.
  -1.   0.   1.   1.   5.   6.   8.  11.  11.  13.  16.  16.  17.  19.
  19.  19.  19.  21.  22.  24.  28.  29.  29.  30.  32.  33.  33.  35.
  36.  40.  42.  46.  46.  48.  49.  50.  51.  54.  59.  62.  64.  66.
  67.  67.  68.  69.  73.  75.  78.  81.  84.  86.  88.  90.  96.  96.
  97. 100.][-100.  -97.  -97.  -96.  -93.  -92.  -92.  -87.  -83.  -82.  -82.  -82.
  -81.  -79.  -77.  -76.  -75.  -71.  -70.  -69.  -69.  -62.  -60.  -60.
  -60.  -60.  -57.  -56.  -55.  -50.  -40.  -40.  -39.  -39.  -38.  -37.
  -36.  -28.  -25.  -24.  -24.  -23.  -23.  -16.  -16.  -14.   -7.   -2.
    0.    6.    7.   18.   21.   23.   25.   25.   26.   27.   29.   30.
   31.   34.   34.   35.   35.   36.   36.   39.   40.   42.   47.   50.
   51.   51.   56.   64.   65.   67.   68.   70.   71.   74.   75.   76.
   80.   82.   85.   88.   90.   90.   90.   91.   92.   93.   93.   95.
   96.   97.   97.  100.][-98. -98. -96. -95. -89. -87. -86. -84. -84. -77. -76. -73. -70. -69.
 -67. -66. -62. -61. -61. -60. -59. -57. -52. -50. -49. -48. -48. -47.
 -46. -44. -43. -40. -36. -33. -31. -29. -24. -20. -19. -18. -12. -10.
  -9.  -9.  -8.  -5.  -4.  -3.   2.   3.   6.   7.  14.  14.  15.  17.
  19.  19.  20.  21.  22.  26.  27.  28.  29.  32.  36.  38.  38.  41.
  41.  42.  44.  44.  49.  52.  55.  57.  59.  61.  63.  64.  64.  67.
  69.  69.  74.  78.  78.  79.  80.  80.  80.  84.  89.  90.  95.  97.
  97.  98.][-97. -90. -89. -88. -87. -85. -84. -80. -75. -70. -70. -66. -64. -53.
 -51. -51. -51. -48. -47. -45. -42. -42. -39. -37. -33. -31. -31. -29.
 -28. -24. -24. -20. -19. -19. -19. -17. -14. -13. -13. -10. -10.  -7.
  -2.  -2.  -1.   2.   2.   6.   8.   8.  10.  12.  13.  14.  14.  15.
  18.  18.  18.  19.  20.  20.  22.  25.  28.  30.  33.  33.  34.  34.
  36.  36.  37.  37.  41.  41.  42.  45.  46.  51.  51.  51.  57.  60.
  62.  66.  67.  67.  70.  72.  72.  73.  74.  76.  76.  77.  78.  79.
  81.  90.][-100.  -98.  -93.  -93.  -90.  -88.  -84.  -84.  -82.  -80.  -80.  -79.
  -74.  -74.  -70.  -68.  -63.  -61.  -60.  -56.  -55.  -54.  -53.  -52.
  -49.  -48.  -45.  -41.  -40.  -39.  -39.  -30.  -28.  -25.  -24.  -24.
  -23.  -22.  -21.  -20.  -19.  -19.  -18.  -15.  -15.  -15.  -14.  -14.
  -13.  -10.  -10.   -7.   -6.   -1.    2.    2.    2.    8.    8.   10.
   13.   15.   16.   17.   20.   23.   23.   24.   27.   33.   35.   36.
   41.   42.   43.   46.   49.   52.   55.   55.   59.   61.   61.   62.
   67.   72.   74.   80.   81.   83.   85.   85.   86.   87.   90.   91.
   92.   96.   97.  100.][-96. -95. -94. -93. -92. -90. -88. -86. -83. -82. -74. -72. -72. -71.
 -68. -68. -66. -62. -60. -53. -51. -50. -48. -48. -47. -46. -45. -45.
 -41. -39. -33. -30. -29. -28. -28. -27. -27. -26. -25. -20. -19. -18.
 -14. -13. -12.  -6.   0.   0.   0.   2.   2.   3.   4.  11.  11.  12.
  17.  18.  18.  22.  24.  24.  31.  32.  32.  37.  38.  40.  46.  46.
  48.  52.  55.  57.  60.  64.  67.  69.  69.  69.  71.  71.  73.  73.
  79.  79.  82.  84.  85.  86.  87.  89.  92.  93.  98.  98.  98.  99.
  99. 100.][-99. -98. -95. -93. -92. -91. -87. -86. -84. -82. -80. -78. -77. -75.
 -75. -73. -72. -70. -63. -60. -57. -57. -56. -55. -54. -49. -47. -46.
 -44. -43. -42. -41. -41. -39. -39. -36. -32. -32. -27. -25. -23. -21.
 -20. -18. -17. -16. -15. -12. -10.  -7.  -6.  -1.   0.   4.   6.   8.
  11.  12.  12.  14.  16.  18.  19.  21.  21.  22.  22.  22.  23.  29.
  30.  32.  35.  36.  45.  46.  52.  53.  55.  55.  55.  57.  59.  60.
  65.  66.  67.  68.  69.  70.  73.  82.  84.  86.  88.  90.  91.  98.
  99. 100.][-99. -95. -93. -90. -89. -87. -82. -78. -74. -73. -73. -73. -72. -71.
 -67. -65. -64. -61. -60. -60. -59. -59. -58. -57. -53. -51. -47. -45.
 -45. -41. -34. -32. -30. -28. -28. -27. -24. -24. -22. -20. -19. -17.
 -16. -16. -15. -12. -10.  -9.  -8.  -1.   0.   2.   5.   6.   8.   9.
  10.  10.  11.  12.  16.  18.  19.  20.  22.  23.  33.  34.  34.  38.
  39.  40.  42.  42.  48.  50.  55.  56.  60.  60.  60.  63.  65.  65.
  65.  68.  68.  68.  73.  76.  78.  82.  83.  88.  92.  92.  94.  95.
  95.  98.][-99. -92. -92. -90. -89. -88. -86. -84. -81. -79. -78. -76. -71. -70.
 -69. -65. -64. -62. -62. -61. -60. -60. -60. -53. -47. -46. -46. -45.
 -45. -45. -44. -43. -43. -41. -36. -34. -33. -33. -27. -26. -25. -21.
 -20. -17. -17.  -5.  -3.  -3.  -1.   0.   0.   0.   0.   2.   2.   5.
   8.   9.  11.  13.  15.  22.  22.  26.  34.  35.  35.  36.  38.  42.
  47.  51.  53.  55.  59.  61.  64.  66.  66.  69.  69.  75.  79.  80.
  81.  81.  81.  86.  88.  89.  89.  92.  93.  93.  96.  96.  97.  98.
  98. 100.][-100.  -96.  -96.  -95.  -92.  -91.  -90.  -77.  -76.  -71.  -68.  -66.
  -65.  -65.  -64.  -62.  -61.  -61.  -56.  -56.  -53.  -52.  -51.  -49.
  -48.  -45.  -43.  -38.  -34.  -34.  -29.  -26.  -25.  -24.  -23.  -22.
  -22.  -20.  -18.  -11.  -10.   -9.   -7.   -5.   -5.   -2.   -1.    2.
    5.    5.    6.    9.   11.   14.   15.   16.   16.   18.   18.   18.
   20.   20.   21.   21.   23.   26.   27.   29.   31.   32.   33.   33.
   39.   39.   40.   45.   45.   51.   54.   55.   57.   61.   67.   72.
   76.   77.   78.   79.   80.   81.   82.   82.   83.   84.   84.   87.
   90.   92.   92.   92.][-99. -97. -93. -93. -91. -88. -87. -87. -86. -84. -81. -79. -75. -74.
 -70. -69. -68. -68. -64. -64. -63. -62. -61. -57. -52. -49. -47. -40.
 -37. -35. -35. -33. -32. -28. -28. -28. -27. -24. -24. -21. -18. -18.
 -17. -12. -11. -10.  -9.  -8.  -7.  -6.  -4.  -3.   2.   2.  10.  13.
  15.  15.  19.  20.  29.  29.  29.  32.  34.  34.  35.  35.  37.  39.
  39.  48.  49.  50.  54.  58.  59.  66.  66.  67.  67.  67.  69.  69.
  72.  75.  76.  77.  79.  81.  85.  88.  89.  90.  94.  96.  98.  98.
 100. 100.][-100. -100.  -95.  -93.  -91.  -90.  -82.  -81.  -78.  -77.  -76.  -76.
  -74.  -73.  -72.  -72.  -71.  -70.  -68.  -66.  -65.  -64.  -64.  -61.
  -61.  -58.  -51.  -50.  -50.  -47.  -43.  -42.  -40.  -39.  -38.  -37.
  -35.  -30.  -29.  -28.  -26.  -22.  -21.  -17.  -14.  -13.   -3.    1.
    2.    2.    2.    7.    9.   12.   13.   14.   16.   18.   19.   22.
   22.   23.   26.   26.   27.   31.   32.   34.   35.   41.   42.   44.
   46.   46.   47.   50.   51.   54.   56.   58.   63.   63.   64.   67.
   69.   69.   71.   72.   75.   80.   82.   83.   83.   88.   89.   91.
   93.   94.   97.  100.][-99. -96. -95. -94. -94. -93. -92. -92. -87. -87. -84. -81. -78. -75.
 -74. -72. -70. -69. -69. -68. -61. -57. -55. -54. -54. -54. -50. -48.
 -47. -47. -46. -42. -41. -41. -41. -41. -40. -36. -35. -30. -25. -22.
 -22. -17. -17. -16. -16. -10. -10.  -8.  -8.  -7.  -6.  -5.  -5.  -2.
   0.   0.   2.   7.   7.   9.  13.  17.  23.  24.  25.  27.  28.  31.
  32.  34.  39.  40.  42.  46.  47.  48.  53.  54.  54.  58.  58.  66.
  68.  70.  70.  71.  79.  79.  80.  80.  82.  85.  91.  93.  95.  96.
  97.  97.][-99. -94. -90. -89. -87. -80. -77. -76. -75. -74. -73. -71. -69. -69.
 -67. -66. -65. -59. -56. -51. -51. -42. -41. -40. -36. -33. -33. -33.
 -26. -26. -25. -25. -17. -15. -13. -12. -10.  -8.  -6.  -5.  -1.   1.
   3.   4.   8.   8.  11.  12.  13.  14.  16.  16.  18.  20.  20.  20.
  23.  25.  26.  27.  29.  29.  31.  33.  33.  35.  37.  38.  38.  41.
  48.  48.  50.  53.  54.  56.  58.  64.  65.  66.  67.  71.  72.  78.
  79.  80.  80.  81.  82.  85.  85.  87.  89.  89.  90.  92.  94.  94.
  99.  99.][-96. -93. -89. -89. -89. -88. -88. -83. -76. -75. -73. -69. -65. -64.
 -63. -60. -60. -59. -58. -55. -55. -47. -45. -42. -41. -41. -39. -36.
 -36. -32. -28. -27. -25. -24. -23. -20. -20. -20. -11.  -9.  -8.  -8.
  -8.  -6.  -5.  -3.   1.   1.   4.   7.   7.  15.  15.  27.  28.  29.
  29.  30.  31.  33.  39.  40.  41.  45.  46.  46.  48.  48.  50.  54.
  56.  59.  61.  61.  66.  66.  67.  71.  72.  72.  72.  75.  76.  77.
  78.  79.  83.  83.  85.  89.  89.  90.  92.  93.  93.  94.  95.  98.
 100. 100.][-99. -99. -99. -97. -92. -91. -88. -87. -87. -87. -86. -83. -83. -81.
 -80. -79. -79. -79. -71. -68. -68. -67. -64. -62. -60. -60. -59. -59.
 -56. -56. -55. -55. -55. -49. -46. -45. -44. -43. -43. -41. -36. -35.
 -31. -31. -31. -27. -27. -27. -20. -20. -17. -16. -15. -13. -13. -10.
  -9.   5.   6.   7.   9.  11.  12.  13.  15.  18.  19.  26.  27.  30.
  36.  37.  39.  43.  44.  45.  45.  47.  50.  51.  52.  53.  57.  57.
  58.  59.  59.  61.  68.  70.  78.  81.  85.  86.  92.  93.  95.  96.
  97.  97.][-100.  -92.  -92.  -87.  -86.  -82.  -79.  -78.  -76.  -75.  -75.  -74.
  -74.  -72.  -72.  -69.  -69.  -68.  -64.  -61.  -61.  -56.  -56.  -50.
  -50.  -48.  -48.  -47.  -47.  -46.  -44.  -41.  -40.  -38.  -38.  -35.
  -34.  -32.  -29.  -27.  -21.  -20.  -17.  -16.  -14.  -13.  -10.   -9.
   -4.   -2.   -2.   -1.   -1.    1.    2.    3.    3.    5.    5.    6.
   13.   15.   15.   16.   20.   20.   24.   25.   30.   32.   32.   33.
   41.   43.   43.   49.   54.   56.   56.   59.   59.   60.   61.   62.
   63.   65.   67.   70.   73.   74.   77.   79.   80.   82.   82.   84.
   86.   87.   94.   99.][-99. -99. -99. -97. -95. -92. -90. -81. -81. -81. -81. -80. -74. -72.
 -62. -61. -59. -56. -49. -46. -46. -42. -39. -37. -36. -36. -36. -35.
 -31. -30. -29. -28. -28. -27. -24. -22. -19. -17. -16. -14. -14. -13.
  -8.  -7.  -7.  -6.  -6.  -6.   5.  11.  14.  16.  16.  17.  18.  19.
  21.  21.  22.  24.  25.  26.  28.  36.  37.  40.  41.  46.  47.  49.
  50.  51.  51.  53.  54.  54.  55.  56.  56.  57.  59.  60.  61.  63.
  64.  65.  66.  68.  74.  75.  76.  77.  78.  79.  82.  85.  88.  89.
  90.  95.][-100. -100.  -98.  -95.  -94.  -89.  -87.  -86.  -85.  -80.  -77.  -76.
  -74.  -73.  -71.  -71.  -70.  -70.  -68.  -67.  -64.  -59.  -52.  -51.
  -49.  -48.  -47.  -47.  -45.  -44.  -40.  -39.  -38.  -35.  -35.  -31.
  -30.  -27.  -25.  -25.  -16.  -13.  -13.  -12.  -11.   -8.   -6.   -5.
   -5.   -5.   -3.   -1.    3.    4.    5.   11.   15.   19.   19.   20.
   21.   23.   27.   27.   29.   31.   32.   34.   38.   39.   41.   45.
   50.   52.   52.   52.   53.   54.   58.   62.   68.   69.   73.   73.
   75.   76.   80.   82.   91.   92.   92.   93.   93.   94.   94.   95.
   97.   98.   99.  100.][-96. -95. -94. -90. -84. -82. -79. -79. -78. -77. -76. -74. -72. -69.
 -69. -69. -68. -67. -65. -61. -58. -54. -53. -53. -52. -47. -44. -43.
 -39. -34. -29. -29. -28. -28. -27. -26. -26. -20. -19. -19. -19. -15.
 -14. -13. -10. -10.  -9.  -8.  -7.  -1.  -1.   0.   3.   4.   7.   7.
   9.  11.  11.  12.  13.  14.  16.  18.  21.  21.  23.  24.  25.  27.
  30.  30.  31.  36.  37.  38.  38.  39.  39.  40.  42.  43.  47.  54.
  54.  59.  60.  66.  66.  71.  74.  75.  75.  76.  82.  86.  87.  92.
  94.  98.][-98. -97. -94. -92. -90. -88. -87. -84. -83. -81. -78. -78. -77. -75.
 -72. -72. -72. -69. -68. -68. -67. -67. -60. -60. -57. -50. -50. -46.
 -45. -44. -42. -41. -39. -38. -37. -34. -34. -34. -32. -29. -28. -25.
 -24. -17. -15. -10.  -9.  -5.  -3.   6.   8.   9.  11.  12.  14.  17.
  17.  21.  24.  26.  27.  27.  27.  29.  29.  30.  30.  31.  31.  35.
  38.  40.  44.  44.  53.  54.  58.  58.  59.  59.  59.  63.  64.  64.
  65.  65.  71.  72.  79.  80.  85.  86.  88.  88.  90.  94.  94.  95.
  96.  96.][-96. -96. -95. -89. -86. -85. -84. -79. -77. -67. -65. -65. -62. -60.
 -59. -57. -54. -54. -53. -52. -51. -50. -50. -47. -45. -44. -41. -40.
 -37. -32. -32. -30. -28. -28. -27. -27. -25. -24. -24. -17. -15. -12.
 -11.  -9.  -8.  -6.  -6.  -1.  -1.  -1.   0.   3.   6.  13.  13.  15.
  20.  21.  23.  26.  27.  30.  32.  34.  36.  36.  39.  44.  45.  47.
  50.  51.  57.  62.  65.  65.  70.  71.  71.  72.  73.  75.  75.  76.
  77.  80.  80.  81.  81.  83.  84.  85.  85.  88.  89.  90.  91.  96.
  98.  98.][-94. -94. -92. -91. -88. -88. -87. -83. -81. -81. -76. -75. -69. -67.
 -65. -63. -60. -56. -54. -52. -51. -49. -48. -45. -45. -40. -38. -33.
 -32. -30. -29. -25. -24. -24. -23. -19. -18. -18. -17. -13. -11. -11.
  -9.  -8.  -8.  -8.  -2.  -2.  -2.   0.   0.   4.   8.   9.  10.  10.
  11.  11.  11.  12.  15.  16.  17.  21.  24.  26.  26.  27.  31.  35.
  36.  43.  44.  48.  50.  50.  51.  54.  55.  56.  58.  58.  64.  66.
  68.  75.  76.  80.  80.  82.  84.  84.  88.  90.  91.  92.  93.  94.
  98. 100.][-95. -94. -93. -88. -87. -86. -83. -81. -80. -76. -74. -72. -72. -72.
 -71. -71. -70. -69. -69. -65. -63. -62. -62. -59. -58. -55. -53. -52.
 -50. -49. -49. -48. -43. -42. -39. -35. -34. -29. -29. -24. -24. -18.
 -17. -17. -13.  -9.  -9.  -7.  -6.  -6.  -4.  -3.  -1.  10.  16.  17.
  22.  24.  25.  26.  26.  29.  30.  30.  32.  32.  36.  37.  41.  44.
  44.  46.  46.  55.  55.  56.  56.  63.  64.  65.  65.  66.  67.  72.
  73.  73.  76.  76.  76.  78.  79.  80.  83.  87.  87.  89.  90.  90.
  92.  94.][-100.  -97.  -97.  -96.  -95.  -93.  -93.  -90.  -88.  -88.  -88.  -86.
  -85.  -77.  -77.  -76.  -76.  -75.  -71.  -69.  -69.  -69.  -67.  -63.
  -59.  -59.  -58.  -56.  -54.  -54.  -49.  -48.  -45.  -43.  -42.  -37.
  -34.  -33.  -32.  -30.  -22.  -18.  -13.  -12.  -10.  -10.   -9.   -6.
   -5.   -2.    0.    2.    3.    3.    4.    4.    6.    8.   12.   14.
   17.   20.   20.   20.   27.   34.   35.   44.   45.   45.   52.   56.
   57.   60.   61.   61.   62.   64.   65.   66.   71.   73.   74.   74.
   75.   80.   81.   85.   88.   88.   90.   90.   90.   93.   93.   93.
   96.   98.  100.  100.][-97. -96. -92. -92. -91. -86. -85. -83. -83. -76. -71. -69. -61. -61.
 -56. -55. -52. -46. -46. -45. -44. -44. -42. -42. -41. -35. -31. -31.
 -31. -29. -26. -26. -25. -25. -22. -21. -20. -18. -16. -15. -12. -11.
 -11.  -9.  -9.  -8.  -8.  -7.  -4.  -4.  -2.   4.   6.   8.  10.  10.
  21.  22.  23.  26.  28.  29.  29.  29.  29.  31.  32.  32.  37.  41.
  42.  44.  44.  45.  48.  48.  53.  57.  59.  63.  64.  66.  66.  67.
  70.  70.  72.  73.  75.  76.  77.  79.  81.  84.  86.  91.  93.  95.
  96. 100.][-95. -95. -86. -83. -82. -81. -80. -78. -76. -75. -74. -72. -71. -70.
 -66. -65. -63. -63. -62. -60. -55. -51. -50. -47. -46. -44. -44. -38.
 -38. -37. -33. -28. -24. -24. -23. -23. -18. -17.  -9.  -4.   3.   3.
   5.   8.   9.  12.  13.  16.  18.  21.  21.  23.  25.  26.  28.  29.
  30.  32.  35.  35.  45.  45.  47.  48.  49.  51.  51.  52.  53.  54.
  54.  54.  56.  57.  57.  58.  58.  60.  60.  63.  63.  66.  68.  68.
  72.  73.  73.  74.  78.  78.  80.  81.  85.  85.  86.  87.  92.  93.
  96.  99.][-99. -97. -97. -94. -92. -83. -80. -78. -77. -75. -74. -74. -73. -69.
 -68. -65. -64. -62. -62. -62. -61. -58. -56. -55. -49. -48. -46. -45.
 -40. -39. -36. -35. -34. -31. -30. -29. -27. -25. -22. -22. -21. -20.
 -19. -19. -18. -16. -15. -12. -12. -12. -11.  -8.  -5.  -4.  -4.  -4.
   5.   8.   9.   9.  18.  20.  21.  24.  25.  30.  38.  38.  39.  43.
  45.  49.  51.  54.  54.  55.  56.  61.  61.  65.  68.  69.  73.  78.
  78.  78.  79.  79.  82.  83.  83.  83.  83.  85.  89.  90.  91.  92.
  96.  98.][-100.  -98.  -95.  -91.  -90.  -87.  -85.  -84.  -79.  -78.  -77.  -76.
  -73.  -69.  -69.  -68.  -67.  -65.  -64.  -64.  -62.  -59.  -58.  -58.
  -56.  -56.  -52.  -50.  -49.  -49.  -45.  -44.  -43.  -38.  -36.  -33.
  -32.  -32.  -30.  -27.  -27.  -26.  -22.  -21.  -19.  -18.  -16.  -16.
  -15.  -14.  -12.  -12.   -8.   -8.   -7.   -6.   -2.    6.    7.   10.
   11.   12.   17.   19.   19.   20.   21.   22.   23.   26.   35.   37.
   38.   41.   44.   45.   45.   47.   54.   56.   57.   57.   58.   59.
   60.   60.   64.   65.   68.   70.   76.   81.   81.   81.   85.   86.
   87.   89.   96.   98.][-97. -94. -91. -89. -86. -83. -81. -78. -78. -77. -77. -76. -76. -71.
 -69. -67. -66. -66. -65. -63. -62. -61. -61. -57. -55. -52. -48. -47.
 -43. -42. -40. -39. -39. -34. -30. -29. -29. -26. -26. -25. -19. -15.
 -11.  -9.  -6.  -4.  -4.  -4.  -3.  -1.   0.   1.   5.   6.   8.   9.
  11.  14.  17.  17.  19.  19.  19.  21.  24.  29.  32.  34.  35.  37.
  43.  49.  52.  52.  52.  54.  57.  58.  58.  62.  63.  64.  68.  69.
  71.  71.  78.  78.  82.  85.  85.  86.  89.  89.  90.  96.  97.  97.
 100. 100.][-98. -98. -96. -96. -95. -95. -92. -89. -89. -87. -86. -85. -84. -82.
 -81. -79. -77. -77. -75. -75. -74. -73. -69. -69. -66. -60. -60. -57.
 -56. -56. -52. -50. -49. -47. -44. -35. -35. -34. -33. -31. -30. -30.
 -28. -27. -26. -23. -23. -21. -17. -12. -11. -11.  -9.  -8.  -7.  -3.
   1.   3.   6.   7.  12.  14.  15.  16.  19.  22.  23.  24.  28.  32.
  34.  36.  39.  40.  44.  49.  50.  52.  55.  55.  56.  58.  64.  64.
  69.  70.  74.  75.  80.  82.  85.  86.  88.  89.  90.  91.  92.  92.
  97.  99.][-98. -98. -98. -97. -94. -94. -93. -88. -87. -86. -85. -84. -84. -83.
 -83. -81. -79. -78. -77. -76. -75. -73. -73. -70. -68. -65. -63. -61.
 -60. -51. -50. -47. -46. -44. -44. -40. -40. -38. -34. -31. -25. -23.
 -16. -14. -13. -10. -10.  -9.  -4.  -2.  -2.   5.   6.   7.   7.   8.
   9.  10.  13.  14.  17.  18.  24.  25.  29.  34.  35.  36.  40.  41.
  41.  41.  42.  43.  49.  52.  58.  60.  60.  62.  67.  70.  72.  80.
  82.  86.  87.  88.  89.  90.  90.  92.  94.  95.  95.  96.  96.  96.
 100. 100.][-100. -100. -100.  -95.  -94.  -92.  -92.  -91.  -89.  -83.  -82.  -80.
  -79.  -79.  -78.  -76.  -75.  -73.  -71.  -71.  -69.  -66.  -63.  -59.
  -59.  -56.  -54.  -54.  -54.  -54.  -53.  -52.  -46.  -45.  -45.  -44.
  -43.  -43.  -40.  -35.  -34.  -32.  -31.  -31.  -30.  -25.  -22.  -15.
   -7.   -5.   -4.   -2.   -2.    3.    5.    5.    7.   11.   13.   14.
   15.   17.   22.   27.   30.   30.   31.   31.   32.   32.   32.   33.
   37.   39.   39.   40.   41.   45.   46.   46.   48.   55.   56.   57.
   60.   60.   64.   65.   69.   71.   72.   77.   78.   79.   85.   90.
   91.   93.   93.   98.][-100. -100.  -99.  -98.  -97.  -93.  -91.  -87.  -87.  -85.  -82.  -78.
  -78.  -77.  -77.  -75.  -74.  -73.  -66.  -62.  -56.  -56.  -55.  -53.
  -53.  -53.  -52.  -50.  -48.  -45.  -44.  -43.  -43.  -43.  -41.  -39.
  -34.  -32.  -32.  -31.  -28.  -27.  -25.  -20.  -18.  -16.  -13.  -13.
   -8.   -7.   -7.   -7.   -5.    0.    2.    4.    5.    7.    8.    9.
   12.   15.   17.   19.   20.   21.   25.   27.   27.   30.   33.   35.
   36.   36.   39.   43.   45.   48.   50.   52.   55.   56.   57.   59.
   63.   65.   70.   71.   73.   76.   77.   79.   79.   79.   86.   87.
   88.   88.   93.  100.][-100.  -97.  -95.  -94.  -91.  -90.  -84.  -83.  -82.  -80.  -77.  -75.
  -70.  -70.  -68.  -66.  -66.  -65.  -57.  -54.  -53.  -51.  -50.  -49.
  -46.  -44.  -44.  -44.  -39.  -26.  -25.  -22.  -21.  -19.  -16.  -16.
  -15.  -14.  -14.  -12.  -11.   -9.   -8.   -8.   -5.   -2.    2.    5.
    5.    9.   12.   14.   16.   16.   18.   23.   28.   29.   29.   32.
   32.   32.   32.   32.   33.   34.   35.   39.   41.   42.   44.   47.
   48.   49.   51.   54.   59.   63.   64.   64.   66.   71.   74.   75.
   76.   76.   77.   78.   80.   81.   86.   88.   89.   90.   93.   93.
   97.   98.   98.  100.][-98. -97. -96. -91. -91. -89. -86. -83. -82. -80. -77. -76. -75. -72.
 -70. -67. -67. -66. -65. -58. -56. -53. -53. -51. -50. -48. -48. -45.
 -44. -43. -42. -39. -36. -34. -33. -33. -31. -30. -21. -20. -17. -16.
 -10.  -8.  -6.  -4.  -2.   0.   3.   3.   6.  11.  14.  15.  15.  17.
  19.  22.  22.  23.  24.  25.  26.  26.  26.  30.  31.  36.  37.  38.
  38.  44.  45.  45.  46.  50.  53.  54.  54.  55.  57.  57.  61.  64.
  66.  66.  70.  70.  71.  78.  82.  83.  87.  88.  92.  93.  95.  95.
  96.  96.][-99. -98. -95. -94. -91. -87. -83. -83. -81. -78. -76. -72. -72. -71.
 -70. -69. -68. -65. -65. -65. -57. -51. -51. -47. -46. -41. -40. -33.
 -29. -25. -24. -23. -21. -20. -18. -17. -15. -12. -12. -11.  -9.  -8.
  -7.  -7.  -5.  -5.  -2.  -1.  -1.  -1.   3.   3.   4.   6.   8.   8.
  15.  15.  19.  21.  22.  24.  25.  30.  31.  36.  37.  37.  37.  43.
  47.  48.  48.  49.  53.  55.  56.  61.  61.  61.  63.  65.  71.  73.
  74.  74.  74.  76.  79.  80.  83.  84.  85.  85.  88.  89.  91.  94.
  97.  99.][-98. -92. -91. -88. -82. -82. -76. -75. -75. -72. -72. -71. -70. -69.
 -66. -60. -58. -58. -57. -56. -55. -53. -50. -50. -49. -49. -48. -46.
 -45. -44. -43. -38. -35. -31. -31. -31. -31. -30. -29. -27. -25. -25.
 -23. -19. -17. -15. -15. -13. -13. -12.  -4.   1.   4.   7.   7.   8.
   8.  10.  10.  12.  12.  17.  19.  20.  20.  28.  31.  34.  37.  39.
  42.  42.  43.  47.  48.  49.  56.  61.  64.  64.  64.  65.  67.  69.
  71.  73.  77.  80.  84.  91.  91.  92.  92.  92.  93.  93.  96.  96.
  97.  99.][-98. -96. -95. -92. -91. -89. -89. -84. -82. -80. -79. -78. -77. -76.
 -69. -69. -68. -67. -66. -66. -65. -64. -64. -63. -59. -58. -57. -55.
 -54. -52. -52. -50. -50. -43. -42. -41. -40. -40. -38. -37. -35. -33.
 -32. -32. -31. -26. -22. -22. -18. -17. -17. -14. -12. -10. -10.  -9.
  -9.  -6.  -4.  -1.  -1.   2.   2.   3.   5.   8.   9.  17.  18.  19.
  19.  20.  22.  27.  27.  27.  27.  28.  28.  32.  36.  38.  40.  42.
  44.  44.  44.  52.  56.  58.  61.  63.  66.  66.  74.  74.  75.  81.
  94. 100.][-97. -95. -95. -94. -94. -93. -92. -92. -88. -87. -82. -81. -77. -76.
 -74. -73. -71. -69. -69. -64. -63. -63. -63. -61. -58. -55. -50. -49.
 -47. -41. -41. -39. -37. -36. -36. -34. -34. -33. -33. -32. -31. -29.
 -29. -29. -28. -24. -24. -23. -21. -19. -13. -11. -10. -10.  -8.  -7.
   1.   3.   4.   5.   6.  13.  14.  17.  21.  26.  29.  32.  32.  32.
  33.  34.  37.  37.  38.  38.  38.  43.  44.  46.  52.  52.  53.  54.
  56.  60.  61.  66.  76.  78.  80.  81.  81.  87.  90.  91.  92.  93.
  96.  96.][-99. -97. -97. -97. -95. -91. -91. -89. -84. -83. -82. -82. -79. -78.
 -78. -76. -75. -70. -67. -62. -60. -57. -57. -54. -52. -52. -51. -50.
 -48. -46. -43. -42. -37. -34. -33. -32. -30. -27. -24. -23. -23. -22.
 -20. -16. -15.  -5.  -5.  -2.   8.   8.  12.  12.  14.  16.  17.  19.
  27.  32.  33.  34.  34.  35.  38.  43.  44.  48.  50.  53.  54.  56.
  63.  63.  63.  66.  67.  69.  73.  75.  76.  76.  77.  77.  79.  80.
  83.  84.  84.  84.  86.  87.  88.  89.  89.  90.  90.  94.  98. 100.
 100. 100.][-99. -98. -95. -85. -84. -83. -83. -80. -79. -78. -76. -71. -68. -62.
 -59. -58. -56. -54. -51. -50. -50. -49. -46. -46. -44. -43. -41. -36.
 -34. -34. -31. -30. -25. -24. -23. -18. -17. -14. -10.  -5.  -5.   0.
   4.   6.   6.  10.  12.  13.  14.  18.  18.  19.  31.  34.  35.  38.
  38.  42.  47.  48.  50.  51.  53.  53.  54.  55.  56.  57.  65.  67.
  67.  71.  73.  75.  75.  77.  78.  82.  82.  82.  82.  83.  83.  83.
  86.  88.  89.  89.  89.  92.  93.  94.  95.  97.  98.  98.  99.  99.
 100. 100.][-97. -95. -92. -87. -86. -86. -84. -81. -80. -79. -79. -76. -71. -71.
 -70. -63. -62. -62. -59. -59. -58. -55. -55. -54. -48. -47. -46. -44.
 -40. -39. -34. -33. -32. -28. -28. -25. -25. -24. -24. -23. -23. -22.
 -21. -16. -14. -13.  -9.  -8.  -7.  -6.  -6.  -3.  -3.  -2.  -2.   0.
   4.  11.  16.  17.  18.  21.  22.  26.  27.  28.  33.  36.  42.  47.
  47.  49.  51.  52.  53.  55.  56.  60.  62.  62.  64.  65.  67.  68.
  69.  70.  70.  74.  75.  76.  76.  77.  78.  83.  85.  86.  88.  88.
  91.  99.][-96. -94. -94. -90. -90. -89. -87. -84. -82. -80. -79. -76. -70. -66.
 -62. -57. -57. -56. -55. -54. -54. -53. -53. -52. -51. -44. -43. -37.
 -35. -35. -35. -33. -32. -32. -32. -30. -30. -22. -21. -19.  -9.  -9.
  -5.  -4.  -2.  -1.   0.   4.   4.   4.   6.   8.  12.  13.  14.  15.
  22.  22.  23.  24.  24.  26.  26.  27.  27.  33.  33.  36.  39.  39.
  39.  41.  42.  44.  44.  46.  47.  54.  56.  57.  58.  59.  61.  62.
  63.  65.  65.  66.  71.  76.  80.  80.  85.  86.  87.  90.  93.  96.
  97.  98.][-99. -98. -94. -92. -90. -89. -85. -84. -77. -77. -76. -73. -73. -71.
 -70. -69. -67. -65. -65. -63. -62. -55. -54. -51. -51. -48. -47. -43.
 -41. -37. -37. -34. -29. -29. -26. -15. -14.  -9.  -6.  -6.  -6.  -4.
  -3.  -1.   0.   3.   3.   7.   8.   8.  10.  10.  14.  16.  16.  17.
  18.  20.  20.  22.  22.  23.  24.  29.  29.  30.  31.  31.  32.  35.
  35.  42.  43.  44.  45.  47.  47.  48.  49.  50.  51.  54.  60.  66.
  71.  73.  74.  74.  78.  81.  83.  84.  85.  87.  91.  91.  94.  97.
  97. 100.][-100.  -96.  -93.  -90.  -89.  -89.  -89.  -88.  -86.  -84.  -84.  -83.
  -82.  -79.  -78.  -75.  -74.  -73.  -72.  -70.  -69.  -66.  -61.  -55.
  -55.  -50.  -46.  -46.  -45.  -43.  -38.  -36.  -27.  -27.  -25.  -23.
  -22.  -18.  -17.  -17.  -16.  -12.  -12.  -11.   -7.   -6.    1.    1.
    2.    3.    4.    4.    6.    6.    6.    7.    7.   13.   15.   17.
   18.   19.   23.   25.   28.   33.   44.   45.   45.   47.   47.   47.
   48.   48.   49.   50.   52.   54.   54.   55.   56.   59.   63.   65.
   75.   75.   77.   88.   88.   89.   90.   92.   93.   93.   93.   96.
   96.   98.   98.   99.][-100.  -96.  -95.  -94.  -93.  -91.  -85.  -85.  -84.  -80.  -79.  -78.
  -77.  -77.  -76.  -75.  -67.  -66.  -64.  -63.  -61.  -58.  -56.  -56.
  -56.  -55.  -45.  -43.  -41.  -39.  -39.  -37.  -32.  -29.  -28.  -24.
  -23.  -22.  -20.  -17.  -16.  -16.  -12.   -7.   -6.   -6.   -4.   -3.
    2.    3.    6.    8.    8.    9.   10.   11.   12.   13.   18.   18.
   19.   20.   23.   24.   24.   25.   26.   31.   31.   32.   34.   36.
   37.   38.   39.   42.   43.   46.   46.   46.   47.   49.   49.   51.
   55.   55.   61.   62.   69.   70.   76.   77.   84.   85.   85.   88.
   92.   98.   99.  100.][-99. -97. -94. -93. -93. -92. -92. -90. -89. -89. -86. -85. -83. -82.
 -79. -78. -77. -75. -73. -73. -72. -69. -69. -66. -63. -58. -54. -46.
 -42. -41. -40. -39. -37. -37. -34. -33. -30. -27. -25. -25. -24. -21.
 -20. -20. -19. -15. -14. -12. -10.  -8.  -5.  -4.  -4.  -2.  -1.  -1.
   0.   4.   4.   5.   6.   6.   8.  11.  13.  15.  21.  26.  26.  32.
  33.  35.  35.  36.  40.  43.  43.  43.  46.  46.  48.  48.  50.  54.
  55.  62.  63.  63.  65.  75.  83.  83.  85.  87.  88.  89.  90.  91.
  93.  99.][-99. -93. -92. -91. -89. -88. -88. -85. -81. -80. -79. -79. -77. -77.
 -77. -72. -68. -66. -65. -53. -53. -52. -52. -49. -47. -42. -38. -38.
 -37. -36. -35. -32. -32. -31. -30. -29. -27. -27. -24. -22. -21. -13.
 -12. -12.   0.   1.   3.   8.   9.  10.  12.  12.  13.  17.  19.  20.
  21.  22.  22.  24.  25.  31.  32.  32.  33.  33.  35.  37.  39.  41.
  44.  47.  50.  51.  54.  55.  56.  58.  58.  58.  59.  60.  63.  64.
  65.  66.  67.  76.  77.  79.  80.  81.  81.  83.  89.  90.  90.  96.
  99. 100.][-100.  -99.  -96.  -96.  -94.  -87.  -86.  -86.  -86.  -85.  -83.  -83.
  -80.  -80.  -79.  -78.  -73.  -68.  -68.  -67.  -65.  -63.  -61.  -60.
  -56.  -54.  -49.  -43.  -42.  -42.  -41.  -38.  -31.  -27.  -24.  -22.
  -22.  -21.  -21.  -15.  -14.  -13.   -6.   -5.   -3.   -3.   -2.   -1.
   -1.    0.    4.    5.    9.   11.   18.   18.   27.   27.   28.   30.
   30.   31.   31.   33.   37.   37.   39.   42.   42.   48.   48.   52.
   55.   56.   56.   56.   57.   58.   59.   61.   62.   62.   66.   67.
   67.   70.   77.   81.   82.   83.   83.   86.   88.   90.   90.   90.
   95.   99.   99.  100.][-94. -94. -90. -87. -81. -80. -79. -79. -76. -74. -70. -69. -67. -64.
 -60. -59. -58. -57. -56. -56. -54. -52. -51. -41. -33. -31. -23. -22.
 -19. -11. -10.  -8.  -7.  -6.  -5.  -4.  -2.  -2.  -2.   0.   1.   3.
   5.   5.   6.   7.   8.  11.  12.  15.  17.  22.  26.  26.  27.  27.
  29.  30.  34.  35.  41.  42.  43.  44.  46.  47.  48.  48.  49.  52.
  55.  61.  62.  63.  66.  66.  67.  69.  70.  74.  77.  77.  78.  80.
  80.  81.  82.  84.  85.  86.  90.  92.  93.  96.  96.  97.  97.  97.
  98.  98.][-99. -98. -96. -95. -93. -91. -91. -85. -84. -83. -80. -78. -76. -75.
 -71. -69. -68. -65. -64. -63. -62. -60. -60. -59. -55. -54. -52. -49.
 -45. -45. -43. -40. -37. -33. -32. -32. -29. -28. -26. -26. -23. -21.
 -15. -15. -14. -12. -11.  -5.  -5.  -3.   0.   4.   7.   9.  12.  13.
  13.  18.  18.  18.  22.  26.  27.  33.  34.  35.  36.  37.  37.  39.
  41.  44.  45.  47.  49.  52.  52.  52.  52.  55.  59.  59.  61.  64.
  65.  66.  67.  69.  71.  72.  73.  76.  78.  79.  82.  84.  90.  90.
  90. 100.][-99. -97. -93. -93. -90. -90. -80. -79. -77. -77. -76. -75. -68. -63.
 -63. -55. -55. -53. -52. -47. -46. -44. -38. -35. -33. -32. -32. -31.
 -30. -30. -27. -26. -24. -20. -20. -20. -19. -18. -16. -15. -15. -14.
 -12.  -7.  -5.  -4.  -2.   1.   2.   4.   5.  10.  15.  15.  15.  17.
  17.  21.  22.  24.  24.  25.  27.  28.  30.  31.  33.  35.  35.  36.
  37.  37.  39.  39.  39.  40.  41.  42.  44.  46.  47.  49.  55.  55.
  57.  59.  67.  69.  70.  70.  75.  77.  78.  79.  83.  86.  92.  99.
 100. 100.]