[-96. -96. -95. -95. -95. -94. -94. -94. -92. -85. -74. -70. -70. -68.
 -68. -67. -66. -65. -63. -63. -62. -61. -59. -58. -58. -58. -55. -54.
 -51. -49. -49. -45. -44. -44. -43. -41. -36. -30. -29. -26. -26. -25.
 -21. -21. -20. -18. -15. -14. -11. -11.  -9.  -9.  -7.  -6.   2.   2.
   3.   6.   7.  14.  15.  18.  19.  20.  24.  27.  29.  29.  29.  34.
  36.  37.  41.  43.  45.  46.  50.  50.  56.  57.  60.  62.  63.  69.
  70.  72.  72.  73.  73.  74.  74.  80.  82.  87.  87.  92.  94.  95.
  96.  97.][-98. -95. -93. -87. -87. -82. -82. -81. -74. -70. -68. -67. -64. -60.
 -59. -58. -56. -56. -55. -55. -55. -50. -49. -47. -46. -44. -43. -34.
 -31. -30. -25. -19. -18. -18. -15. -13. -10.  -9.  -8.  -7.  -7.  -5.
  -2.  -1.   0.   4.   5.   9.  10.  10.  11.  12.  12.  14.  15.  19.
  23.  26.  30.  30.  30.  32.  32.  34.  37.  37.  38.  38.  39.  43.
  44.  45.  45.  46.  48.  49.  53.  54.  54.  54.  57.  60.  60.  61.
  62.  63.  65.  68.  72.  73.  74.  75.  76.  77.  84.  84.  85.  90.
  94.  95.][-99. -98. -94. -94. -89. -88. -87. -85. -83. -81. -80. -80. -78. -77.
 -76. -76. -75. -75. -64. -64. -63. -62. -61. -56. -51. -48. -47. -43.
 -42. -41. -40. -39. -36. -32. -30. -28. -25. -23. -20. -20. -17. -15.
 -14. -13. -12.  -9.  -8.  -7.  -6.  -5.  -4.  -4.   1.   3.   4.   7.
   8.   8.   8.  14.  15.  20.  31.  35.  36.  36.  41.  42.  45.  45.
  46.  46.  47.  48.  48.  49.  53.  53.  55.  58.  60.  65.  69.  70.
  71.  71.  74.  74.  79.  79.  79.  80.  84.  85.  87.  91.  92.  94.
  95.  98.][-99. -98. -98. -97. -96. -89. -88. -88. -84. -83. -80. -76. -75. -73.
 -68. -67. -64. -61. -59. -59. -59. -53. -51. -50. -50. -49. -48. -48.
 -48. -44. -43. -41. -41. -39. -38. -36. -35. -35. -32. -30. -27. -25.
 -21. -21. -19. -17. -17. -15. -14. -13. -11. -11. -11. -11. -10.  -5.
  -3.   0.   1.   1.   3.   8.  11.  13.  13.  15.  15.  17.  18.  24.
  26.  28.  36.  36.  37.  38.  41.  41.  44.  44.  47.  47.  48.  48.
  50.  51.  53.  61.  63.  65.  72.  73.  77.  79.  80.  82.  97.  97.
  98.  98.][-100.  -97.  -94.  -89.  -88.  -87.  -87.  -86.  -82.  -80.  -79.  -75.
  -72.  -71.  -68.  -65.  -64.  -63.  -60.  -60.  -60.  -59.  -59.  -56.
  -56.  -56.  -53.  -42.  -41.  -40.  -40.  -37.  -33.  -32.  -32.  -31.
  -24.  -23.  -23.  -22.  -22.  -19.  -18.  -17.  -15.   -6.   -4.   -4.
   -3.   -2.   -2.   -2.    0.    2.    2.    7.    8.   10.   13.   17.
   17.   18.   20.   20.   23.   24.   32.   39.   41.   43.   43.   47.
   50.   52.   53.   54.   56.   59.   60.   60.   60.   61.   63.   64.
   64.   65.   69.   72.   75.   75.   76.   78.   82.   82.   82.   84.
   88.   90.  100.  100.][-100.  -98.  -97.  -97.  -93.  -92.  -91.  -89.  -89.  -88.  -87.  -87.
  -80.  -77.  -75.  -68.  -64.  -62.  -61.  -60.  -55.  -51.  -47.  -42.
  -42.  -37.  -37.  -36.  -32.  -30.  -21.  -19.  -18.  -18.  -15.  -15.
  -15.  -13.  -11.   -8.   -6.   -2.   -1.    1.    4.    5.    7.    8.
   10.   10.   13.   16.   16.   18.   21.   21.   22.   23.   25.   26.
   27.   28.   31.   32.   34.   35.   36.   36.   39.   41.   43.   43.
   45.   46.   51.   52.   52.   53.   53.   54.   56.   58.   61.   61.
   63.   63.   64.   65.   66.   73.   76.   79.   80.   81.   85.   85.
   88.   89.   98.   98.][-98. -96. -95. -95. -87. -84. -84. -81. -76. -72. -71. -68. -67. -66.
 -60. -59. -58. -57. -48. -48. -47. -44. -44. -44. -42. -40. -39. -38.
 -36. -31. -31. -28. -27. -24. -24. -22. -22. -21. -21. -21. -21. -16.
 -16. -16. -15. -15. -13. -12. -12. -10.  -7.  -6.  -4.   0.   3.   8.
   8.  12.  13.  14.  14.  19.  19.  21.  30.  32.  34.  35.  36.  36.
  40.  40.  43.  44.  48.  48.  56.  58.  60.  61.  62.  63.  66.  68.
  75.  76.  78.  78.  78.  79.  80.  80.  81.  84.  89.  90.  93.  95.
  99. 100.][-100.  -96.  -95.  -95.  -90.  -87.  -87.  -86.  -84.  -76.  -75.  -74.
  -74.  -71.  -69.  -65.  -62.  -62.  -57.  -57.  -56.  -53.  -52.  -51.
  -49.  -44.  -44.  -44.  -44.  -36.  -36.  -35.  -34.  -32.  -29.  -28.
  -26.  -23.  -19.  -16.  -15.  -14.  -13.  -12.  -11.   -3.   -3.   -2.
    1.    5.    7.    7.    9.    9.   14.   19.   20.   21.   25.   26.
   27.   28.   32.   34.   35.   41.   42.   43.   48.   54.   56.   59.
   61.   65.   66.   67.   69.   70.   76.   76.   77.   77.   78.   79.
   79.   81.   81.   82.   82.   83.   83.   85.   85.   89.   89.   92.
   92.   94.   95.   99.][-92. -92. -89. -89. -88. -84. -81. -81. -80. -76. -75. -73. -73. -67.
 -64. -64. -62. -58. -56. -55. -54. -53. -52. -47. -46. -40. -37. -37.
 -37. -36. -31. -29. -28. -28. -27. -23. -20. -20. -17. -15. -14. -12.
 -10. -10.  -8.  -5.  -5.  -5.  -4.  -4.  -3.  -3.   1.   3.   6.   7.
  10.  12.  13.  17.  18.  23.  30.  31.  32.  33.  35.  37.  38.  41.
  42.  42.  43.  46.  51.  57.  58.  59.  60.  60.  67.  67.  69.  70.
  70.  71.  73.  76.  76.  81.  82.  82.  87.  88.  92.  93.  94.  94.
  94.  97.][-100.  -98.  -94.  -94.  -93.  -92.  -87.  -86.  -83.  -81.  -79.  -78.
  -77.  -74.  -73.  -71.  -69.  -68.  -68.  -67.  -66.  -66.  -55.  -52.
  -50.  -50.  -48.  -48.  -47.  -47.  -45.  -43.  -41.  -37.  -35.  -32.
  -31.  -29.  -28.  -28.  -23.  -23.  -22.  -18.  -17.  -12.  -12.  -10.
  -10.  -10.   -4.    2.    8.    9.   13.   14.   16.   17.   17.   19.
   23.   24.   24.   25.   27.   29.   30.   32.   34.   34.   35.   38.
   48.   49.   51.   52.   53.   55.   58.   60.   63.   64.   66.   70.
   72.   77.   79.   79.   79.   86.   90.   90.   91.   91.   92.   93.
   94.   94.   98.  100.][-100.  -97.  -94.  -94.  -94.  -93.  -90.  -89.  -88.  -87.  -86.  -86.
  -86.  -85.  -85.  -80.  -80.  -80.  -76.  -75.  -71.  -70.  -69.  -68.
  -67.  -66.  -66.  -66.  -61.  -59.  -58.  -55.  -54.  -51.  -51.  -48.
  -45.  -43.  -43.  -42.  -40.  -40.  -39.  -38.  -36.  -33.  -32.  -30.
  -27.  -24.  -22.  -21.  -20.  -20.  -20.  -18.  -14.   -9.   -6.   -1.
    0.    4.    6.    8.   10.   12.   13.   14.   17.   18.   19.   26.
   33.   33.   34.   35.   35.   36.   38.   42.   42.   43.   51.   51.
   56.   56.   58.   61.   61.   68.   74.   78.   84.   86.   88.   89.
   90.   91.   92.   96.][-100.  -96.  -95.  -94.  -87.  -83.  -82.  -81.  -80.  -77.  -76.  -75.
  -74.  -73.  -72.  -70.  -70.  -69.  -67.  -67.  -64.  -63.  -55.  -54.
  -54.  -53.  -51.  -49.  -47.  -44.  -44.  -39.  -38.  -37.  -35.  -35.
  -33.  -33.  -31.  -30.  -22.  -20.  -19.  -17.  -15.  -15.  -14.  -13.
  -11.  -10.   -9.   -7.   -6.   -5.   -4.   -3.   -3.   -3.   -2.   -1.
    0.    1.    4.    4.    5.    7.    7.   14.   19.   21.   22.   27.
   28.   32.   33.   34.   34.   35.   49.   58.   62.   62.   62.   62.
   63.   65.   66.   68.   69.   76.   77.   81.   81.   82.   88.   89.
   93.   97.   98.   98.][-99. -99. -94. -94. -90. -83. -79. -77. -76. -76. -74. -67. -61. -60.
 -60. -59. -55. -44. -44. -37. -36. -34. -33. -31. -30. -29. -26. -23.
 -22. -18. -16. -16. -16. -13. -11. -10. -10.  -5.  -5.  -3.  -2.  -1.
  -1.  -1.  -1.   2.   4.   6.   9.  10.  13.  15.  17.  18.  23.  24.
  24.  24.  25.  26.  31.  31.  31.  32.  32.  34.  38.  39.  40.  46.
  46.  47.  48.  49.  50.  50.  51.  52.  52.  53.  54.  57.  59.  59.
  60.  66.  68.  71.  76.  80.  86.  87.  88.  88.  92.  94.  95.  95.
  98.  99.][-99. -97. -94. -93. -92. -90. -85. -82. -82. -81. -80. -80. -79. -78.
 -76. -73. -72. -71. -70. -70. -67. -66. -63. -62. -61. -61. -59. -59.
 -57. -56. -54. -48. -46. -46. -41. -38. -31. -24. -21. -19. -16. -10.
 -10.  -7.  -5.  -3.  -3.  -1.  -1.   1.   2.   6.   9.  11.  14.  14.
  16.  17.  17.  20.  23.  23.  24.  27.  28.  29.  30.  40.  44.  46.
  46.  46.  47.  50.  51.  52.  52.  52.  53.  57.  60.  64.  67.  68.
  70.  70.  71.  74.  81.  82.  83.  87.  87.  87.  87.  89.  91.  93.
  97. 100.][-98. -98. -97. -97. -91. -88. -87. -84. -84. -83. -83. -83. -82. -81.
 -80. -79. -70. -70. -67. -66. -64. -60. -58. -58. -55. -55. -52. -50.
 -40. -40. -39. -38. -38. -37. -37. -36. -36. -31. -30. -24. -23. -22.
 -20. -20. -18. -16. -15. -11.  -8.  -6.  -6.  -5.  -5.  -5.  -4.  -4.
  -2.   2.   8.  11.  11.  12.  17.  19.  20.  22.  22.  22.  25.  27.
  33.  33.  39.  42.  42.  43.  45.  46.  47.  48.  55.  56.  59.  60.
  62.  65.  67.  75.  76.  82.  85.  86.  86.  86.  87.  91.  94.  97.
 100. 100.][-100.  -99.  -99.  -99.  -97.  -97.  -95.  -92.  -92.  -91.  -91.  -87.
  -85.  -85.  -84.  -71.  -61.  -60.  -56.  -53.  -52.  -52.  -51.  -50.
  -49.  -46.  -46.  -46.  -45.  -43.  -38.  -37.  -37.  -36.  -35.  -34.
  -28.  -28.  -24.  -22.  -17.  -15.  -12.   -2.   -2.    0.    3.    3.
    5.    6.   11.   16.   16.   17.   18.   20.   21.   22.   23.   25.
   27.   27.   27.   27.   29.   32.   34.   37.   37.   40.   42.   43.
   45.   45.   47.   49.   49.   52.   54.   56.   57.   59.   60.   61.
   66.   67.   68.   70.   70.   72.   75.   75.   81.   88.   88.   92.
   95.   97.   97.   99.][-100. -100. -100.  -99.  -99.  -98.  -91.  -90.  -87.  -84.  -83.  -81.
  -81.  -80.  -78.  -76.  -67.  -66.  -65.  -64.  -64.  -55.  -51.  -49.
  -47.  -44.  -44.  -42.  -38.  -33.  -32.  -31.  -29.  -27.  -25.  -24.
  -22.  -21.  -21.  -21.  -20.  -12.  -11.  -10.  -10.   -5.   -4.   -2.
    0.    6.    7.   12.   12.   14.   15.   20.   25.   26.   27.   28.
   28.   30.   30.   32.   33.   35.   36.   37.   37.   39.   41.   42.
   49.   51.   52.   60.   61.   63.   63.   64.   66.   68.   71.   74.
   75.   76.   78.   79.   80.   81.   82.   82.   85.   86.   94.   95.
   97.   98.   99.  100.][-96. -94. -93. -92. -92. -92. -91. -90. -90. -89. -85. -83. -82. -81.
 -78. -77. -76. -75. -73. -73. -71. -70. -69. -65. -64. -64. -58. -58.
 -57. -57. -56. -54. -51. -48. -46. -46. -45. -41. -40. -39. -38. -38.
 -36. -36. -35. -34. -31. -24. -12. -11. -10.  -5.  -4.  -3.  -3.   0.
  10.  13.  14.  15.  15.  17.  21.  21.  22.  27.  27.  29.  30.  31.
  33.  34.  40.  47.  50.  52.  53.  55.  56.  56.  66.  67.  70.  71.
  73.  73.  73.  74.  74.  79.  84.  84.  85.  86.  87.  94.  95.  97.
  98.  99.][-100. -100.  -96.  -94.  -94.  -93.  -89.  -88.  -87.  -86.  -84.  -79.
  -76.  -73.  -71.  -69.  -67.  -66.  -63.  -58.  -55.  -55.  -55.  -54.
  -51.  -50.  -50.  -43.  -41.  -41.  -41.  -40.  -38.  -36.  -34.  -27.
  -27.  -26.  -26.  -26.  -25.  -24.  -24.  -18.  -16.  -15.  -11.   -8.
   -6.   -1.   -1.    0.    3.    3.    8.   11.   12.   13.   13.   17.
   19.   20.   22.   24.   26.   26.   27.   27.   31.   31.   33.   34.
   34.   36.   42.   45.   49.   49.   52.   52.   53.   59.   64.   65.
   68.   70.   71.   72.   74.   77.   87.   88.   89.   92.   93.   96.
   97.   98.  100.  100.][-100.  -98.  -95.  -95.  -93.  -93.  -92.  -87.  -86.  -85.  -84.  -83.
  -80.  -78.  -71.  -68.  -66.  -63.  -62.  -59.  -58.  -57.  -55.  -54.
  -51.  -51.  -50.  -48.  -48.  -46.  -45.  -45.  -38.  -34.  -32.  -32.
  -32.  -22.  -21.  -21.  -19.  -17.  -15.  -13.   -5.   -3.    1.    8.
    9.    9.   10.   14.   14.   15.   15.   17.   19.   27.   29.   31.
   32.   33.   37.   39.   40.   40.   43.   45.   45.   47.   47.   47.
   51.   52.   52.   54.   54.   55.   56.   56.   58.   67.   67.   68.
   69.   70.   74.   76.   76.   77.   77.   80.   83.   84.   86.   90.
   97.   97.  100.  100.][-99. -93. -92. -83. -77. -75. -73. -69. -65. -61. -58. -58. -57. -55.
 -48. -44. -41. -39. -39. -39. -38. -37. -36. -32. -32. -30. -29. -28.
 -26. -25. -17. -14. -13. -13. -12. -12. -10. -10.  -9.  -9.  -8.  -4.
  -3.  -2.  -1.   0.   5.  11.  14.  15.  15.  16.  17.  20.  20.  26.
  27.  27.  30.  30.  31.  31.  32.  32.  35.  36.  36.  39.  45.  46.
  47.  48.  49.  50.  50.  52.  60.  63.  63.  68.  68.  70.  73.  75.
  77.  78.  83.  83.  84.  85.  85.  86.  88.  92.  92.  93.  93.  94.
  98.  99.][-98. -95. -92. -92. -87. -86. -86. -82. -81. -74. -72. -72. -62. -57.
 -57. -55. -52. -51. -46. -44. -43. -42. -30. -26. -24. -22. -21. -19.
 -19. -18. -15. -14. -11. -10.  -7.  -6.  -5.  -5.  -3.  -1.  -1.   2.
   3.   4.   8.   8.   9.  13.  15.  19.  19.  22.  22.  24.  24.  24.
  24.  31.  32.  35.  39.  39.  41.  42.  42.  44.  44.  44.  45.  46.
  53.  57.  60.  61.  63.  65.  65.  65.  67.  68.  69.  74.  74.  76.
  76.  78.  80.  81.  85.  85.  86.  87.  91.  91.  91.  94.  94.  96.
  99. 100.][-99. -95. -92. -89. -85. -85. -83. -81. -75. -73. -69. -68. -68. -68.
 -68. -66. -63. -62. -61. -60. -56. -54. -54. -53. -53. -51. -49. -48.
 -47. -47. -45. -37. -34. -28. -28. -27. -24. -23. -19. -16. -15. -14.
 -14. -14. -14. -14. -13. -11.  -9.  -7.  -6.  -5.  -5.  -2.   1.   3.
   5.  12.  12.  12.  13.  14.  15.  17.  23.  29.  29.  30.  32.  33.
  33.  34.  41.  45.  52.  52.  56.  61.  63.  69.  70.  72.  74.  75.
  76.  77.  77.  78.  78.  79.  81.  83.  85.  87.  88.  88.  89.  96.
  97.  97.][-96. -95. -88. -88. -86. -85. -84. -78. -75. -74. -73. -73. -71. -67.
 -65. -65. -64. -59. -58. -56. -52. -48. -46. -44. -43. -43. -42. -40.
 -39. -39. -38. -38. -37. -35. -33. -30. -28. -27. -24. -20. -20. -19.
 -19. -19. -16. -11. -10.  -9.  -9.  -8.  -8.  -7.  -4.  -4.  -2.   4.
   4.   6.   6.  11.  12.  15.  16.  23.  23.  24.  27.  28.  29.  29.
  30.  32.  38.  41.  49.  49.  50.  54.  56.  58.  59.  61.  64.  64.
  65.  66.  66.  67.  76.  76.  89.  89.  90.  92.  98.  99.  99.  99.
  99. 100.][-94. -94. -93. -92. -90. -89. -88. -87. -85. -82. -82. -81. -80. -79.
 -79. -78. -76. -74. -73. -73. -70. -65. -63. -63. -63. -61. -61. -58.
 -58. -57. -54. -50. -49. -49. -48. -47. -46. -46. -46. -39. -39. -38.
 -38. -37. -36. -32. -32. -31. -27. -26. -24. -23. -22. -22. -20. -14.
 -14. -13. -10.  -8.  -8.  -7.  -4.   1.   3.   7.   7.   9.  11.  11.
  13.  14.  15.  20.  29.  37.  42.  46.  59.  60.  63.  63.  70.  71.
  73.  73.  74.  75.  76.  77.  82.  84.  85.  87.  87.  91.  93.  98.
  99. 100.][-100.  -99.  -98.  -97.  -97.  -94.  -93.  -92.  -89.  -87.  -83.  -80.
  -80.  -76.  -74.  -73.  -73.  -71.  -64.  -64.  -63.  -61.  -59.  -56.
  -56.  -55.  -54.  -52.  -48.  -47.  -46.  -42.  -41.  -39.  -38.  -36.
  -35.  -33.  -31.  -31.  -29.  -28.  -25.  -23.  -17.  -14.   -8.   -4.
   -4.   -3.   -2.    2.    3.    5.    7.    8.   11.   12.   14.   17.
   18.   22.   27.   29.   32.   33.   34.   35.   35.   37.   38.   46.
   46.   46.   54.   54.   55.   61.   64.   65.   68.   69.   71.   72.
   72.   75.   77.   77.   78.   80.   81.   81.   82.   84.   86.   86.
   88.   91.   98.   98.][-100.  -99.  -97.  -96.  -95.  -94.  -92.  -87.  -78.  -77.  -76.  -75.
  -71.  -68.  -68.  -67.  -67.  -66.  -66.  -66.  -65.  -64.  -62.  -61.
  -52.  -50.  -50.  -37.  -36.  -34.  -34.  -34.  -34.  -27.  -27.  -26.
  -26.  -22.  -22.  -21.  -20.  -20.  -18.  -16.  -15.  -13.  -12.  -10.
  -10.   -5.   -5.   -4.   -3.    1.    2.   11.   12.   12.   13.   16.
   18.   22.   26.   27.   28.   29.   31.   32.   33.   36.   36.   38.
   44.   45.   47.   56.   57.   59.   59.   61.   63.   63.   66.   66.
   70.   71.   73.   77.   85.   85.   86.   86.   87.   89.   93.   97.
   97.   98.   99.  100.][-100. -100.  -98.  -98.  -97.  -94.  -93.  -92.  -92.  -89.  -89.  -86.
  -85.  -83.  -81.  -78.  -77.  -74.  -72.  -71.  -69.  -69.  -68.  -68.
  -67.  -61.  -59.  -58.  -57.  -56.  -56.  -54.  -49.  -45.  -41.  -40.
  -37.  -32.  -19.  -18.  -17.  -11.   -9.   -9.   -5.   -2.    2.    6.
    9.   11.   11.   13.   17.   18.   20.   23.   23.   24.   24.   25.
   26.   27.   27.   28.   32.   33.   33.   37.   40.   44.   46.   46.
   47.   48.   50.   51.   51.   51.   52.   54.   55.   61.   63.   64.
   66.   69.   69.   69.   70.   72.   73.   75.   77.   79.   80.   82.
   89.   96.   97.   99.][-100. -100.  -99.  -94.  -93.  -91.  -89.  -89.  -83.  -78.  -78.  -77.
  -75.  -74.  -74.  -68.  -67.  -64.  -63.  -61.  -61.  -60.  -59.  -57.
  -53.  -51.  -50.  -50.  -49.  -45.  -44.  -40.  -40.  -40.  -37.  -35.
  -35.  -34.  -31.  -30.  -29.  -27.  -18.  -15.  -14.  -10.   -8.   -6.
   -4.   -2.    3.    4.    5.    8.   10.   10.   10.   14.   15.   15.
   23.   25.   27.   28.   31.   32.   32.   33.   36.   36.   38.   46.
   48.   48.   48.   49.   51.   52.   57.   59.   60.   61.   62.   66.
   70.   70.   72.   74.   75.   76.   76.   79.   79.   81.   84.   85.
   89.   90.   96.  100.][-99. -96. -96. -95. -93. -89. -87. -85. -84. -83. -83. -82. -80. -79.
 -74. -73. -73. -71. -68. -65. -62. -62. -60. -59. -57. -56. -56. -55.
 -54. -53. -49. -49. -48. -47. -47. -45. -43. -32. -31. -31. -24. -21.
 -19. -15.  -8.  -7.  -6.  -4.  -4.   1.   1.   2.   3.   3.   5.   8.
   8.   9.  14.  20.  21.  22.  23.  25.  25.  26.  27.  31.  31.  32.
  38.  39.  43.  44.  44.  44.  45.  49.  60.  61.  61.  62.  62.  63.
  64.  66.  67.  67.  73.  74.  78.  79.  83.  84.  85.  91.  92.  93.
  94.  95.][-97. -97. -95. -93. -91. -90. -89. -87. -87. -86. -85. -85. -83. -82.
 -82. -78. -78. -76. -75. -74. -74. -72. -70. -66. -60. -59. -56. -54.
 -50. -50. -49. -48. -45. -42. -42. -36. -34. -33. -28. -27. -26. -20.
 -20. -19. -18. -17. -11.  -9.  -8.  -6.  -3.  -1.   2.   4.   8.   9.
  10.  12.  16.  17.  19.  21.  21.  22.  22.  24.  24.  25.  26.  26.
  28.  28.  28.  36.  39.  45.  50.  56.  57.  61.  69.  69.  76.  77.
  78.  79.  83.  84.  84.  85.  87.  88.  90.  90.  91.  92.  92.  93.
  97. 100.][-100. -100.  -99.  -96.  -93.  -92.  -88.  -86.  -86.  -81.  -81.  -80.
  -77.  -73.  -71.  -70.  -67.  -67.  -67.  -64.  -64.  -63.  -62.  -57.
  -56.  -56.  -52.  -51.  -51.  -50.  -49.  -48.  -44.  -44.  -44.  -43.
  -43.  -41.  -40.  -40.  -39.  -37.  -35.  -33.  -32.  -26.  -25.  -19.
  -17.  -16.  -15.  -14.  -14.  -10.  -10.   -9.   -4.   -3.   -3.    0.
    1.    1.    3.    4.    6.    8.   11.   12.   13.   15.   17.   19.
   19.   21.   23.   24.   26.   27.   28.   36.   39.   41.   41.   44.
   50.   50.   56.   58.   65.   72.   73.   77.   84.   87.   92.   97.
   99.  100.  100.  100.][-100.  -99.  -97.  -90.  -89.  -89.  -86.  -85.  -81.  -81.  -80.  -80.
  -80.  -74.  -70.  -69.  -67.  -66.  -66.  -66.  -64.  -57.  -55.  -54.
  -51.  -47.  -46.  -44.  -43.  -40.  -37.  -35.  -35.  -32.  -30.  -29.
  -18.  -16.  -10.   -5.   -2.   -2.   -1.    1.    6.    8.    9.   10.
   11.   13.   13.   15.   15.   15.   16.   18.   20.   20.   20.   23.
   24.   25.   27.   29.   30.   30.   33.   36.   37.   39.   43.   45.
   46.   46.   47.   48.   48.   49.   49.   53.   55.   57.   57.   59.
   61.   65.   67.   69.   69.   72.   73.   77.   84.   86.   89.   90.
   91.   92.   96.  100.][-100.  -99.  -98.  -98.  -93.  -92.  -89.  -86.  -84.  -83.  -83.  -81.
  -76.  -75.  -74.  -71.  -68.  -66.  -60.  -57.  -56.  -51.  -48.  -46.
  -44.  -43.  -41.  -41.  -40.  -39.  -38.  -36.  -36.  -35.  -32.  -30.
  -29.  -28.  -27.  -24.  -23.  -23.  -22.  -21.  -20.  -19.  -16.  -15.
  -14.  -14.  -14.  -12.  -11.   -9.    2.    3.    5.    5.    8.    8.
   11.   18.   27.   37.   40.   45.   51.   53.   54.   55.   55.   55.
   59.   63.   65.   66.   67.   69.   72.   76.   76.   78.   80.   81.
   82.   83.   85.   85.   86.   86.   88.   88.   89.   91.   92.   92.
   94.   95.   99.   99.][-97. -96. -91. -89. -84. -83. -83. -82. -82. -78. -77. -76. -76. -71.
 -71. -70. -69. -63. -62. -60. -57. -55. -55. -52. -47. -42. -40. -40.
 -39. -37. -37. -36. -34. -33. -32. -29. -28. -27. -21. -18.  -2.   1.
   1.   3.   6.   7.   9.   9.  14.  17.  18.  20.  21.  22.  23.  24.
  26.  26.  27.  28.  29.  32.  33.  34.  34.  35.  36.  36.  37.  41.
  47.  47.  47.  48.  52.  55.  58.  63.  69.  70.  71.  71.  72.  73.
  73.  77.  78.  80.  80.  82.  82.  84.  86.  90.  92.  92.  94.  95.
  96.  96.][-100. -100.  -94.  -91.  -87.  -84.  -80.  -78.  -76.  -73.  -72.  -72.
  -68.  -68.  -66.  -64.  -64.  -62.  -61.  -59.  -56.  -53.  -53.  -52.
  -48.  -44.  -42.  -42.  -39.  -37.  -35.  -30.  -29.  -27.  -23.  -20.
  -20.  -19.  -19.  -18.  -17.  -16.  -13.  -10.   -7.   -7.   -2.    3.
    4.    5.    7.    8.    8.    8.   12.   14.   16.   16.   17.   17.
   21.   23.   25.   26.   26.   35.   40.   44.   45.   45.   45.   46.
   47.   47.   48.   48.   49.   50.   52.   53.   56.   59.   62.   63.
   65.   65.   75.   76.   80.   84.   85.   88.   89.   89.   91.   95.
   96.   97.   97.   99.][-100.  -99.  -93.  -93.  -89.  -88.  -88.  -84.  -82.  -81.  -79.  -75.
  -73.  -70.  -69.  -68.  -68.  -68.  -66.  -66.  -64.  -60.  -57.  -51.
  -50.  -49.  -48.  -47.  -46.  -45.  -41.  -41.  -40.  -40.  -39.  -37.
  -34.  -34.  -32.  -31.  -30.  -26.  -24.  -23.  -18.  -17.  -16.  -15.
  -14.   -8.   -4.   -2.    1.    2.    2.    5.   15.   15.   19.   20.
   21.   22.   23.   23.   25.   29.   30.   32.   33.   34.   37.   39.
   39.   39.   43.   46.   50.   52.   57.   58.   63.   68.   69.   74.
   76.   76.   80.   80.   81.   82.   82.   85.   85.   86.   89.   89.
   94.   96.   98.  100.][-98. -96. -95. -95. -94. -88. -87. -86. -86. -85. -84. -80. -75. -68.
 -67. -65. -61. -59. -59. -58. -56. -55. -55. -55. -54. -54. -50. -50.
 -46. -43. -40. -37. -32. -32. -29. -28. -22. -18. -17. -14.  -7.  -7.
   0.   4.   6.   7.   7.   7.  10.  15.  17.  20.  20.  21.  26.  27.
  29.  34.  37.  38.  39.  40.  41.  42.  43.  44.  47.  48.  48.  51.
  51.  54.  55.  55.  59.  59.  62.  63.  64.  66.  68.  69.  70.  72.
  78.  78.  82.  86.  86.  87.  88.  90.  91.  93.  95.  99.  99.  99.
 100. 100.][-100.  -96.  -96.  -95.  -92.  -92.  -91.  -91.  -89.  -89.  -83.  -83.
  -80.  -79.  -72.  -71.  -71.  -70.  -70.  -69.  -68.  -63.  -63.  -61.
  -56.  -48.  -48.  -45.  -44.  -43.  -43.  -40.  -40.  -40.  -35.  -35.
  -35.  -32.  -31.  -29.  -28.  -28.  -23.  -23.  -23.  -20.  -18.  -17.
  -15.  -14.  -12.  -12.  -11.  -11.  -11.   -4.   -2.   -1.    1.    5.
   15.   16.   16.   17.   21.   21.   23.   26.   27.   28.   28.   30.
   36.   36.   36.   37.   39.   53.   59.   62.   64.   68.   70.   72.
   74.   75.   76.   84.   84.   84.   85.   86.   86.   87.   88.   92.
   93.   96.   96.   98.][-97. -93. -93. -92. -91. -90. -90. -89. -88. -83. -80. -79. -76. -72.
 -64. -59. -58. -56. -56. -54. -52. -51. -51. -50. -47. -44. -43. -39.
 -37. -34. -33. -29. -27. -27. -23. -22. -21. -21. -19. -16. -14. -14.
 -13. -11. -10.  -7.  -3.  -3.  -2.  -1.   4.   7.  10.  13.  15.  19.
  19.  21.  22.  26.  29.  30.  32.  33.  35.  35.  38.  40.  42.  43.
  44.  49.  49.  50.  52.  53.  54.  54.  54.  57.  58.  58.  60.  62.
  63.  68.  69.  73.  74.  75.  76.  78.  81.  81.  85.  89.  91.  91.
  94.  97.][-96. -95. -94. -94. -91. -89. -88. -85. -83. -78. -77. -77. -76. -73.
 -73. -64. -61. -59. -58. -51. -46. -44. -43. -39. -37. -37. -35. -34.
 -34. -33. -33. -32. -31. -31. -30. -29. -28. -28. -23. -21. -21. -19.
 -17.  -8.  -8.  -5.  -4.  -4.  -3.   1.   2.   3.   5.   6.   8.   8.
   8.  11.  11.  13.  15.  17.  18.  20.  28.  32.  34.  34.  35.  37.
  44.  47.  51.  54.  55.  55.  55.  58.  59.  60.  62.  63.  65.  65.
  66.  68.  71.  72.  72.  78.  81.  81.  82.  83.  90.  91.  94.  96.
  98.  99.][-97. -95. -94. -92. -89. -83. -83. -82. -80. -77. -74. -74. -68. -66.
 -64. -61. -59. -59. -57. -57. -54. -54. -52. -51. -50. -49. -47. -45.
 -43. -40. -39. -38. -37. -37. -36. -36. -36. -35. -33. -31. -24. -23.
 -23. -21. -16. -14. -14. -11. -11. -10.  -9.  -6.  -5.   3.   4.   4.
   9.  13.  14.  15.  17.  19.  25.  25.  28.  30.  30.  30.  32.  34.
  34.  39.  41.  41.  41.  44.  45.  46.  46.  49.  50.  54.  55.  65.
  69.  70.  73.  77.  77.  78.  80.  81.  81.  81.  82.  87.  88.  89.
  94.  94.][-100. -100.  -99.  -98.  -98.  -97.  -95.  -91.  -87.  -87.  -84.  -79.
  -79.  -79.  -78.  -74.  -74.  -73.  -70.  -69.  -67.  -60.  -58.  -55.
  -54.  -52.  -50.  -49.  -46.  -46.  -37.  -29.  -28.  -28.  -24.  -21.
  -21.  -16.  -16.   -6.   -5.   -5.    1.    1.    5.    5.   10.   12.
   17.   19.   21.   21.   22.   24.   26.   31.   34.   35.   35.   35.
   36.   42.   42.   47.   48.   54.   55.   56.   56.   57.   59.   59.
   60.   61.   64.   64.   65.   65.   66.   68.   70.   72.   74.   76.
   77.   77.   78.   80.   81.   87.   90.   91.   91.   92.   92.   92.
   93.   94.   96.  100.][-96. -91. -91. -88. -86. -86. -85. -84. -79. -78. -75. -73. -71. -68.
 -67. -65. -65. -61. -58. -57. -57. -54. -53. -50. -49. -48. -41. -37.
 -34. -30. -29. -23. -22. -22. -21. -19. -18. -17. -15. -12. -11. -11.
  -7.  -6.  -5.   0.   1.   2.   3.   4.   5.   7.  10.  11.  12.  12.
  13.  14.  14.  19.  20.  27.  28.  29.  31.  32.  37.  40.  42.  44.
  50.  52.  52.  54.  57.  59.  60.  61.  61.  63.  63.  65.  66.  69.
  70.  71.  74.  77.  81.  83.  86.  88.  89.  91.  93.  96.  96.  97.
  99. 100.][-100.  -97.  -97.  -97.  -95.  -94.  -94.  -93.  -91.  -88.  -86.  -85.
  -84.  -81.  -81.  -78.  -77.  -73.  -73.  -70.  -69.  -68.  -68.  -63.
  -63.  -63.  -62.  -62.  -60.  -58.  -54.  -54.  -45.  -44.  -40.  -38.
  -35.  -29.  -27.  -26.  -22.  -21.  -19.  -19.  -13.  -11.   -9.   -8.
   -4.   -3.   -2.   -1.   -1.    0.    2.    5.    7.   14.   15.   17.
   17.   18.   20.   21.   27.   28.   29.   30.   32.   32.   32.   33.
   35.   36.   43.   48.   50.   53.   60.   60.   61.   61.   62.   67.
   68.   69.   70.   71.   71.   71.   73.   75.   78.   79.   81.   82.
   89.   90.   92.   96.][-97. -96. -95. -95. -95. -93. -92. -91. -90. -90. -90. -88. -86. -86.
 -86. -85. -82. -80. -76. -69. -69. -68. -67. -65. -59. -55. -53. -53.
 -52. -52. -52. -49. -48. -48. -46. -46. -41. -36. -31. -28. -27. -23.
 -22. -16. -13. -11. -11.  -6.  -4.  -1.   0.   0.   2.   2.   4.   9.
  10.  11.  12.  13.  16.  18.  19.  19.  21.  23.  23.  25.  26.  28.
  31.  34.  42.  43.  45.  48.  48.  49.  53.  55.  55.  58.  61.  66.
  67.  67.  68.  70.  76.  78.  79.  79.  84.  85.  87.  90.  92.  95.
 100. 100.][-94. -94. -94. -89. -88. -87. -83. -82. -78. -77. -74. -73. -72. -72.
 -72. -69. -64. -63. -60. -59. -58. -57. -56. -53. -49. -47. -46. -46.
 -43. -39. -34. -33. -32. -28. -27. -26. -21. -17. -16. -14. -10.  -9.
  -4.  -3.  -1.  -1.   0.   1.   2.   4.   6.   8.  12.  13.  14.  15.
  16.  16.  19.  19.  22.  22.  27.  31.  32.  35.  35.  36.  36.  38.
  38.  40.  40.  41.  41.  43.  46.  48.  48.  52.  54.  56.  58.  59.
  59.  61.  62.  63.  64.  65.  65.  67.  76.  81.  89.  89.  90.  93.
  98.  99.][-98. -97. -95. -94. -91. -87. -85. -84. -79. -78. -68. -68. -68. -64.
 -61. -61. -55. -55. -54. -54. -53. -52. -47. -45. -41. -39. -38. -30.
 -28. -23. -22. -22. -11. -11.  -8.  -7.  -5.   1.   1.   1.   2.   4.
   6.   8.   9.  11.  13.  14.  16.  17.  17.  19.  19.  20.  23.  25.
  29.  30.  31.  34.  36.  37.  37.  38.  38.  40.  42.  42.  42.  43.
  47.  48.  48.  48.  48.  49.  54.  56.  57.  58.  60.  60.  64.  65.
  66.  68.  70.  71.  71.  71.  73.  75.  77.  79.  84.  84.  86.  89.
  90.  93.][-100.  -97.  -96.  -96.  -96.  -95.  -93.  -91.  -88.  -87.  -85.  -81.
  -80.  -76.  -76.  -68.  -67.  -66.  -66.  -66.  -63.  -61.  -59.  -55.
  -54.  -49.  -47.  -47.  -43.  -38.  -38.  -37.  -37.  -35.  -32.  -30.
  -28.  -28.  -28.  -26.  -23.  -18.  -15.  -14.   -3.   -3.   -1.   -1.
   -1.    0.    3.    6.    7.    7.    7.   10.   10.   13.   13.   14.
   20.   21.   23.   28.   32.   32.   34.   36.   38.   40.   40.   44.
   45.   47.   47.   47.   50.   53.   54.   54.   56.   57.   59.   60.
   62.   65.   67.   72.   72.   76.   81.   84.   85.   86.   90.   93.
   94.   96.   97.  100.][-99. -99. -93. -90. -90. -88. -83. -82. -82. -81. -80. -80. -76. -69.
 -68. -60. -55. -52. -51. -50. -47. -46. -46. -45. -44. -40. -38. -37.
 -35. -30. -30. -29. -29. -29. -24. -23. -18. -17. -14. -10.  -9.  -6.
  -3.  -2.  -1.   0.   0.   0.   0.   1.   2.   3.   5.   5.   7.   8.
  11.  13.  15.  17.  17.  18.  20.  21.  23.  31.  34.  34.  35.  39.
  40.  42.  45.  48.  49.  51.  52.  52.  54.  57.  58.  58.  60.  60.
  66.  69.  71.  72.  76.  78.  79.  80.  82.  82.  85.  86.  88.  88.
  88.  92.][-97. -93. -93. -91. -91. -90. -84. -84. -82. -80. -77. -72. -70. -67.
 -63. -60. -60. -58. -56. -56. -56. -54. -49. -43. -43. -42. -41. -41.
 -40. -38. -38. -38. -37. -36. -36. -32. -31. -30. -24. -22. -18. -15.
 -14. -13.  -2.  -1.  -1.  -1.   0.   0.   2.   3.   3.   6.   7.   7.
   9.   9.  11.  13.  13.  13.  13.  16.  20.  22.  23.  23.  27.  32.
  33.  39.  42.  45.  45.  46.  47.  48.  48.  49.  50.  51.  56.  56.
  56.  56.  58.  59.  60.  63.  65.  69.  69.  79.  80.  84.  90.  91.
  91.  96.][-100.  -96.  -95.  -95.  -91.  -90.  -89.  -87.  -85.  -85.  -84.  -82.
  -80.  -78.  -77.  -77.  -76.  -72.  -70.  -70.  -66.  -60.  -60.  -60.
  -58.  -58.  -57.  -52.  -48.  -48.  -46.  -44.  -44.  -43.  -38.  -37.
  -34.  -33.  -32.  -31.  -30.  -26.  -24.  -23.  -21.  -16.  -15.  -11.
  -11.  -11.  -11.  -10.   -9.   -8.   -6.   -6.   -4.   -1.    3.   10.
   14.   14.   15.   18.   18.   24.   26.   27.   28.   28.   29.   33.
   34.   37.   46.   49.   50.   50.   51.   54.   55.   56.   58.   62.
   66.   72.   75.   75.   78.   80.   81.   82.   83.   83.   84.   85.
   86.   86.   90.   92.][-96. -93. -91. -90. -85. -78. -76. -74. -70. -68. -64. -60. -60. -57.
 -57. -56. -55. -55. -51. -49. -45. -42. -41. -40. -40. -39. -35. -34.
 -33. -30. -27. -26. -24. -20. -19. -16. -15. -14. -12. -12. -11. -11.
  -8.  -8.  -5.  -4.  -3.   2.   2.   7.  13.  14.  19.  19.  22.  24.
  26.  27.  30.  31.  33.  33.  39.  40.  40.  41.  44.  47.  49.  51.
  53.  56.  57.  58.  59.  60.  62.  63.  64.  65.  66.  66.  66.  67.
  67.  67.  70.  71.  76.  80.  80.  85.  85.  85.  87.  91.  93.  95.
  99. 100.][-99. -98. -94. -92. -86. -85. -83. -83. -83. -81. -80. -80. -79. -79.
 -79. -77. -76. -76. -67. -67. -66. -65. -61. -57. -56. -55. -55. -53.
 -53. -50. -49. -48. -48. -46. -45. -44. -42. -37. -36. -36. -33. -32.
 -31. -28. -24. -19. -18. -13. -13. -13. -10.  -7.  -4.  -2.  -1.   0.
   4.   7.   7.  13.  15.  17.  20.  20.  20.  23.  24.  27.  30.  33.
  35.  36.  37.  37.  52.  55.  58.  59.  61.  62.  64.  66.  66.  68.
  68.  69.  69.  70.  70.  71.  75.  79.  82.  83.  85.  86.  86.  91.
  96.  98.][-98. -96. -94. -94. -90. -83. -83. -80. -80. -79. -74. -73. -72. -72.
 -72. -71. -68. -62. -62. -60. -52. -50. -48. -48. -46. -45. -44. -43.
 -39. -39. -31. -30. -27. -26. -26. -17. -15. -15. -14. -13. -12. -11.
  -8.  -5.  -5.  -3.  -1.   7.   8.  13.  14.  16.  18.  22.  24.  30.
  32.  34.  37.  38.  39.  41.  45.  45.  46.  48.  52.  52.  53.  53.
  54.  56.  57.  58.  60.  62.  63.  70.  73.  73.  78.  80.  81.  81.
  83.  83.  86.  87.  88.  89.  89.  89.  90.  91.  92.  92.  93.  95.
  98. 100.][-98. -90. -88. -85. -76. -76. -76. -75. -75. -74. -74. -73. -71. -70.
 -70. -67. -65. -63. -57. -54. -54. -51. -50. -49. -49. -49. -49. -46.
 -41. -41. -40. -39. -35. -34. -32. -32. -30. -28. -27. -26. -25. -23.
 -20. -17. -16. -15. -15. -13. -12.  -7.  -7.  -3.  -2.  -2.   1.   4.
   5.   5.   6.   6.   8.  12.  12.  14.  15.  17.  18.  24.  26.  27.
  29.  30.  31.  32.  35.  36.  38.  40.  48.  51.  51.  56.  57.  67.
  71.  74.  77.  80.  84.  84.  85.  87.  87.  87.  88.  89.  95.  98.
  98.  99.][-100.  -97.  -97.  -92.  -91.  -86.  -85.  -85.  -83.  -83.  -77.  -75.
  -72.  -69.  -69.  -66.  -65.  -65.  -65.  -64.  -64.  -63.  -61.  -60.
  -59.  -56.  -55.  -51.  -51.  -46.  -39.  -38.  -37.  -36.  -36.  -36.
  -34.  -33.  -32.  -29.  -28.  -21.  -15.  -15.  -14.   -9.   -8.   -3.
   -3.    1.    5.    5.    6.    7.    8.   10.   11.   13.   15.   21.
   21.   22.   22.   25.   26.   30.   33.   46.   46.   47.   48.   48.
   49.   50.   51.   52.   52.   54.   56.   58.   62.   64.   64.   66.
   67.   68.   71.   74.   74.   74.   77.   77.   85.   87.   88.   90.
   95.   95.   99.  100.][-99. -98. -94. -94. -91. -89. -89. -88. -88. -85. -84. -79. -75. -74.
 -74. -66. -65. -64. -54. -54. -52. -49. -48. -47. -47. -43. -41. -39.
 -38. -36. -31. -30. -29. -29. -29. -29. -27. -26. -24. -21. -20. -10.
  -9.  -9.  -1.   0.   2.   6.   6.   9.  11.  13.  13.  16.  18.  19.
  19.  22.  22.  23.  23.  24.  26.  26.  29.  31.  33.  35.  36.  38.
  39.  40.  40.  42.  42.  43.  47.  47.  47.  52.  52.  55.  57.  60.
  66.  67.  67.  67.  69.  70.  73.  75.  81.  82.  85.  87.  88.  95.
  96.  98.][-99. -97. -97. -95. -90. -88. -88. -88. -84. -84. -84. -82. -81. -79.
 -77. -76. -76. -73. -72. -69. -61. -60. -60. -57. -55. -55. -53. -52.
 -51. -50. -49. -46. -44. -43. -41. -34. -34. -33. -26. -26. -23. -19.
 -18. -17. -16. -11. -10.  -8.  -7.  -7.  -4.  -3.   3.   6.   6.   8.
  10.  11.  15.  15.  16.  17.  18.  22.  22.  30.  34.  36.  37.  40.
  44.  49.  49.  49.  53.  57.  58.  58.  61.  62.  63.  64.  64.  66.
  67.  68.  68.  73.  75.  76.  78.  81.  83.  83.  85.  85.  87.  89.
  91.  98.][-99. -94. -92. -89. -86. -86. -82. -81. -80. -79. -78. -76. -70. -68.
 -64. -60. -59. -59. -57. -57. -56. -53. -51. -48. -47. -46. -43. -41.
 -41. -41. -39. -37. -37. -36. -34. -33. -33. -32. -31. -30. -26. -25.
 -23. -21. -20. -17. -17. -16. -14. -14. -12. -10.  -9.  -5.  -5.  -5.
  -4.  -3.  -3.  -2.   0.   4.   9.  13.  14.  16.  16.  17.  19.  20.
  25.  28.  28.  35.  36.  40.  42.  49.  52.  55.  60.  61.  66.  71.
  73.  74.  75.  78.  79.  81.  82.  84.  85.  86.  87.  91.  91.  92.
  97.  98.][-100.  -99.  -97.  -95.  -95.  -92.  -92.  -91.  -89.  -86.  -83.  -83.
  -80.  -77.  -77.  -75.  -74.  -68.  -67.  -66.  -63.  -60.  -56.  -56.
  -54.  -54.  -52.  -51.  -48.  -48.  -47.  -45.  -44.  -42.  -41.  -37.
  -36.  -34.  -34.  -31.  -28.  -25.  -22.  -18.  -17.  -14.  -14.  -11.
  -10.   -9.   -8.   -7.   -5.   -2.   -2.    1.    2.    3.    5.   10.
   12.   15.   15.   16.   16.   19.   22.   24.   26.   27.   27.   30.
   36.   39.   40.   42.   42.   46.   48.   48.   50.   53.   61.   66.
   67.   67.   71.   72.   80.   82.   82.   83.   85.   90.   92.   93.
   93.   94.   94.  100.][-100.  -96.  -93.  -93.  -90.  -86.  -86.  -85.  -73.  -73.  -72.  -66.
  -66.  -65.  -63.  -59.  -59.  -59.  -52.  -50.  -49.  -47.  -42.  -41.
  -41.  -35.  -35.  -31.  -31.  -29.  -26.  -25.  -19.  -13.  -11.   -9.
   -8.   -8.   -7.   -2.   -1.    1.    2.    2.    3.    4.    6.    7.
    9.   11.   13.   18.   20.   22.   25.   26.   27.   27.   28.   31.
   31.   34.   34.   34.   34.   35.   37.   38.   43.   43.   46.   49.
   54.   57.   60.   66.   66.   67.   68.   68.   72.   74.   75.   75.
   75.   76.   77.   78.   82.   83.   85.   86.   86.   88.   88.   90.
   91.   92.   94.   99.][-100.  -97.  -96.  -91.  -91.  -90.  -88.  -84.  -82.  -82.  -80.  -78.
  -77.  -73.  -73.  -69.  -67.  -61.  -57.  -56.  -56.  -56.  -55.  -54.
  -53.  -52.  -51.  -49.  -46.  -45.  -45.  -43.  -37.  -37.  -34.  -29.
  -28.  -27.  -22.  -20.  -13.  -12.  -12.  -11.  -11.   -8.    2.    4.
    6.    7.   12.   12.   16.   17.   17.   18.   18.   19.   20.   22.
   24.   32.   33.   37.   38.   38.   40.   41.   44.   44.   46.   48.
   49.   52.   52.   53.   54.   57.   58.   60.   63.   65.   66.   67.
   77.   82.   85.   85.   85.   86.   87.   89.   91.   91.   96.   96.
   97.   98.   99.  100.][-100.  -99.  -98.  -97.  -97.  -88.  -87.  -87.  -86.  -85.  -82.  -82.
  -82.  -79.  -76.  -73.  -72.  -71.  -68.  -67.  -67.  -58.  -58.  -57.
  -55.  -53.  -52.  -51.  -48.  -46.  -45.  -43.  -43.  -40.  -40.  -37.
  -34.  -33.  -32.  -30.  -26.  -20.  -19.  -18.  -18.  -16.  -14.  -12.
  -10.   -7.   -5.   -4.   -2.    3.    3.    4.    5.   13.   14.   19.
   20.   22.   23.   25.   27.   27.   28.   29.   31.   34.   36.   37.
   41.   43.   43.   45.   46.   48.   48.   48.   49.   51.   54.   55.
   55.   57.   58.   61.   64.   67.   67.   67.   81.   84.   85.   88.
   94.   94.   99.  100.][-97. -88. -88. -88. -84. -83. -82. -79. -78. -67. -67. -65. -65. -63.
 -63. -60. -52. -48. -46. -45. -40. -40. -40. -39. -38. -37. -37. -37.
 -37. -31. -31. -27. -23. -19. -16. -14. -14. -14. -13. -12.  -3.  -2.
   0.   3.   5.   9.  11.  12.  13.  13.  13.  13.  16.  21.  25.  27.
  28.  29.  30.  31.  34.  39.  39.  40.  40.  41.  42.  45.  46.  47.
  47.  49.  51.  51.  52.  53.  55.  63.  63.  68.  68.  69.  70.  76.
  81.  82.  83.  83.  83.  84.  85.  85.  86.  88.  89.  91.  98.  98.
 100. 100.][-100.  -96.  -95.  -91.  -90.  -89.  -87.  -84.  -81.  -81.  -78.  -76.
  -75.  -67.  -62.  -61.  -59.  -59.  -55.  -51.  -49.  -47.  -46.  -46.
  -46.  -45.  -45.  -45.  -44.  -42.  -40.  -40.  -39.  -35.  -33.  -32.
  -31.  -30.  -29.  -23.  -20.  -18.  -17.  -17.  -13.  -10.   -9.   -8.
   -7.   -3.   -3.   -2.    0.    4.   12.   13.   13.   14.   18.   23.
   26.   26.   29.   29.   30.   30.   31.   37.   38.   39.   39.   39.
   40.   41.   42.   44.   44.   45.   47.   50.   50.   53.   54.   55.
   58.   59.   61.   64.   69.   69.   70.   71.   71.   73.   74.   75.
   82.   86.   92.   99.][-99. -97. -93. -92. -90. -89. -81. -78. -73. -71. -70. -68. -68. -66.
 -65. -65. -63. -61. -57. -56. -55. -52. -50. -49. -48. -44. -44. -38.
 -36. -35. -35. -32. -31. -26. -26. -22. -19. -17. -16. -15. -15. -11.
  -9.  -8.  -8.  -8.  -7.  -7.  -5.  -4.  -3.  -1.  -1.   1.   3.   3.
   5.   6.   7.   7.   7.   9.  10.  15.  15.  18.  22.  22.  22.  27.
  27.  29.  29.  32.  33.  36.  36.  37.  38.  40.  40.  43.  44.  45.
  54.  58.  58.  59.  59.  60.  61.  64.  66.  69.  72.  77.  79.  81.
  92.  95.][-100. -100. -100. -100.  -98.  -96.  -95.  -95.  -91.  -91.  -90.  -90.
  -89.  -88.  -86.  -82.  -82.  -80.  -80.  -79.  -73.  -73.  -71.  -70.
  -69.  -61.  -60.  -56.  -55.  -51.  -47.  -44.  -43.  -41.  -41.  -35.
  -34.  -31.  -28.  -26.  -25.  -21.  -21.  -21.  -13.  -12.  -11.  -11.
  -10.   -4.   -4.    1.    1.    5.    5.    5.    6.    7.   11.   11.
   12.   12.   14.   16.   26.   26.   27.   27.   28.   31.   33.   35.
   36.   36.   43.   45.   48.   48.   51.   53.   54.   55.   57.   64.
   72.   73.   74.   74.   76.   79.   81.   83.   84.   84.   85.   85.
   88.   92.   93.   99.][-100.  -99.  -99.  -99.  -89.  -89.  -87.  -87.  -81.  -78.  -77.  -77.
  -77.  -77.  -77.  -75.  -74.  -72.  -65.  -60.  -57.  -54.  -53.  -52.
  -52.  -47.  -46.  -46.  -41.  -40.  -38.  -37.  -37.  -31.  -30.  -29.
  -24.  -23.  -21.  -20.  -20.  -17.  -14.  -14.  -11.   -6.   -5.   -3.
   -2.   -2.   -2.    4.    6.    7.   10.   14.   15.   17.   17.   21.
   21.   24.   31.   31.   32.   32.   32.   36.   37.   38.   40.   41.
   44.   46.   50.   51.   51.   52.   53.   56.   57.   58.   59.   60.
   61.   66.   67.   68.   70.   72.   72.   73.   74.   74.   80.   86.
   89.   89.   93.  100.][-92. -91. -90. -86. -86. -85. -82. -79. -78. -78. -77. -77. -71. -70.
 -70. -68. -66. -63. -63. -62. -62. -62. -58. -58. -57. -57. -55. -55.
 -53. -52. -50. -50. -49. -49. -48. -43. -38. -31. -30. -28. -27. -26.
 -25. -24. -19. -19. -18. -18. -17. -17. -16. -15.  -9.  -9.  -8.  -5.
  -1.   7.  11.  12.  12.  18.  20.  21.  24.  26.  26.  28.  32.  32.
  34.  36.  39.  40.  43.  52.  53.  56.  57.  57.  60.  61.  67.  67.
  69.  71.  71.  72.  72.  74.  77.  78.  80.  85.  86.  92.  96.  97.
  97.  99.][-99. -97. -97. -95. -92. -90. -87. -86. -82. -81. -80. -78. -77. -75.
 -73. -73. -71. -67. -67. -66. -65. -64. -62. -61. -61. -58. -58. -57.
 -51. -48. -47. -47. -42. -37. -37. -34. -33. -31. -28. -27. -27. -21.
 -21. -19. -18. -18. -12.  -6.  -5.  -4.  -2.   4.   6.   7.   9.  13.
  16.  16.  20.  22.  22.  23.  23.  24.  26.  26.  28.  29.  32.  33.
  33.  34.  39.  41.  41.  42.  44.  44.  45.  50.  51.  53.  54.  57.
  61.  66.  68.  70.  72.  72.  74.  76.  79.  80.  82.  86.  92.  92.
  98. 100.][-98. -98. -95. -95. -95. -89. -84. -83. -83. -81. -78. -71. -69. -68.
 -68. -67. -66. -62. -59. -51. -50. -49. -48. -48. -48. -47. -47. -41.
 -41. -31. -31. -31. -30. -29. -25. -21. -21. -20. -20. -19. -13. -13.
 -13.  -9.  -7.  -3.  -3.  -3.  -2.  -2.  -2.   0.   3.   7.  11.  12.
  13.  13.  14.  14.  15.  17.  21.  23.  23.  24.  24.  27.  30.  31.
  36.  39.  41.  43.  43.  44.  46.  46.  46.  50.  54.  55.  56.  58.
  61.  61.  62.  64.  66.  66.  69.  70.  77.  82.  82.  84.  93.  95.
  95.  99.][-100.  -96.  -94.  -92.  -91.  -89.  -85.  -85.  -83.  -76.  -74.  -70.
  -70.  -67.  -67.  -63.  -61.  -61.  -59.  -58.  -57.  -57.  -55.  -54.
  -47.  -41.  -39.  -38.  -38.  -38.  -38.  -38.  -37.  -36.  -34.  -33.
  -32.  -30.  -28.  -25.  -25.  -24.  -22.  -20.  -19.  -18.  -12.  -11.
  -10.   -8.   -7.   -5.   -4.   -2.   -2.    1.    1.    2.    4.    5.
    7.   11.   11.   11.   15.   15.   18.   18.   20.   22.   23.   26.
   26.   26.   30.   33.   35.   38.   39.   43.   44.   60.   61.   62.
   66.   66.   66.   68.   69.   72.   73.   73.   74.   74.   76.   79.
   85.   97.   99.  100.][-98. -96. -94. -91. -89. -87. -82. -79. -78. -77. -74. -71. -71. -66.
 -65. -62. -62. -61. -57. -54. -51. -51. -51. -50. -46. -45. -45. -43.
 -41. -40. -37. -37. -34. -33. -32. -24. -24. -21. -20. -17. -14. -13.
 -11. -10.  -6.  -5.  -1.   0.   1.   2.   4.   5.   6.  10.  12.  13.
  14.  15.  15.  16.  18.  18.  19.  20.  21.  26.  29.  36.  37.  37.
  39.  40.  46.  49.  50.  51.  56.  56.  57.  61.  63.  65.  65.  66.
  70.  72.  76.  83.  84.  85.  86.  88.  88.  89.  89.  92.  95.  97.
  99. 100.][-100. -100.  -98.  -94.  -93.  -92.  -91.  -85.  -80.  -78.  -78.  -76.
  -73.  -72.  -70.  -68.  -66.  -65.  -63.  -61.  -59.  -57.  -53.  -48.
  -48.  -47.  -47.  -45.  -42.  -41.  -40.  -39.  -37.  -35.  -33.  -29.
  -25.  -23.  -21.  -19.  -14.  -13.   -8.   -7.   -2.   -2.   -2.    0.
    0.    3.    5.   11.   16.   17.   18.   21.   21.   22.   27.   29.
   31.   31.   33.   33.   33.   37.   41.   41.   42.   43.   45.   46.
   46.   51.   53.   54.   55.   56.   59.   60.   60.   60.   61.   62.
   63.   65.   66.   71.   73.   74.   81.   85.   87.   91.   92.   93.
   95.   97.   98.   98.][-99. -96. -95. -94. -94. -94. -93. -85. -81. -81. -78. -74. -74. -73.
 -69. -67. -67. -67. -63. -61. -60. -55. -55. -51. -51. -49. -45. -44.
 -44. -38. -36. -36. -33. -32. -30. -27. -17. -17. -15. -14. -12. -12.
 -11.  -6.  -5.  -4.  -3.  -2.   0.   3.   7.   7.   7.   9.  11.  11.
  12.  17.  19.  24.  24.  24.  25.  28.  31.  33.  33.  39.  39.  41.
  43.  45.  46.  46.  50.  52.  53.  54.  54.  55.  57.  58.  59.  66.
  68.  69.  71.  71.  73.  77.  77.  80.  83.  84.  84.  84.  89.  92.
  93. 100.][-99. -99. -98. -97. -94. -94. -92. -92. -87. -86. -76. -75. -70. -69.
 -68. -68. -68. -61. -59. -58. -58. -52. -50. -49. -49. -48. -48. -48.
 -47. -47. -41. -39. -38. -37. -35. -34. -33. -32. -26. -26. -26. -25.
 -24. -23. -16. -15.  -8.  -7.  -3.  -2.  -1.   0.   1.   3.   3.   7.
  12.  14.  15.  20.  21.  25.  26.  26.  27.  29.  32.  36.  38.  39.
  44.  45.  45.  45.  46.  47.  51.  57.  58.  61.  61.  67.  69.  69.
  69.  70.  70.  78.  82.  83.  85.  85.  86.  90.  90.  90.  92.  92.
  97.  98.][-98. -98. -97. -95. -94. -93. -92. -91. -91. -90. -89. -89. -87. -87.
 -81. -76. -75. -73. -73. -70. -67. -62. -59. -58. -55. -53. -52. -51.
 -50. -47. -46. -45. -41. -38. -33. -33. -31. -31. -26. -25. -25. -17.
 -16. -16. -13. -11. -10.  -8.  -5.  -5.  -1.   0.   3.   5.   5.   9.
  17.  18.  19.  20.  21.  22.  25.  27.  30.  34.  34.  39.  39.  41.
  41.  43.  46.  47.  49.  53.  59.  63.  63.  67.  69.  74.  75.  77.
  78.  81.  83.  85.  85.  87.  87.  89.  91.  91.  92.  93.  95.  99.
 100. 100.][-100. -100.  -97.  -95.  -94.  -91.  -87.  -85.  -85.  -84.  -83.  -83.
  -76.  -73.  -72.  -71.  -71.  -70.  -69.  -64.  -57.  -54.  -53.  -52.
  -47.  -42.  -41.  -41.  -40.  -40.  -39.  -38.  -38.  -37.  -36.  -35.
  -31.  -28.  -27.  -24.  -20.  -19.  -17.  -12.  -12.  -10.   -9.   -7.
   -7.   -7.   -3.    2.    3.    4.    5.    5.   10.   13.   14.   16.
   17.   17.   22.   22.   25.   26.   28.   29.   43.   43.   43.   48.
   54.   57.   57.   58.   62.   65.   67.   71.   72.   73.   73.   73.
   74.   74.   76.   78.   80.   80.   80.   84.   85.   87.   90.   90.
   91.   93.   96.   97.][-100.  -91.  -90.  -89.  -88.  -85.  -84.  -82.  -82.  -81.  -81.  -80.
  -78.  -77.  -75.  -67.  -60.  -60.  -58.  -53.  -53.  -50.  -48.  -47.
  -46.  -46.  -45.  -44.  -42.  -41.  -41.  -41.  -35.  -30.  -29.  -29.
  -26.  -23.  -19.  -17.  -16.  -16.  -11.   -8.   -7.   -6.   -6.    0.
    1.    6.    6.    7.    9.   10.   11.   15.   15.   17.   17.   19.
   21.   25.   25.   27.   28.   29.   32.   36.   39.   40.   42.   43.
   48.   50.   52.   52.   54.   55.   56.   57.   58.   60.   62.   65.
   68.   69.   70.   74.   75.   75.   78.   78.   80.   81.   82.   86.
   91.   97.   97.  100.][-98. -94. -91. -90. -88. -86. -86. -82. -76. -73. -73. -72. -71. -69.
 -64. -61. -60. -60. -58. -56. -55. -54. -54. -52. -49. -42. -39. -38.
 -38. -38. -37. -18. -18. -15. -15. -14. -11.  -9.  -5.  -3.  -1.  -1.
   0.   2.   4.   6.   9.  10.  12.  13.  13.  13.  13.  17.  17.  17.
  20.  23.  23.  26.  27.  36.  36.  38.  39.  40.  41.  42.  43.  44.
  46.  48.  51.  55.  56.  58.  58.  58.  59.  62.  64.  64.  65.  68.
  71.  73.  76.  77.  78.  78.  80.  81.  81.  83.  90.  91.  91.  95.
  95.  98.][-99. -99. -99. -96. -95. -93. -91. -85. -84. -83. -78. -78. -75. -75.
 -75. -74. -69. -69. -69. -69. -68. -68. -65. -64. -63. -62. -61. -61.
 -56. -54. -52. -52. -45. -45. -44. -42. -38. -36. -35. -35. -29. -28.
 -27. -24. -23. -20. -18. -17. -16. -13. -10.  -7.  -3.   4.   5.   8.
   8.  10.  10.  13.  20.  20.  23.  24.  29.  31.  32.  33.  33.  35.
  36.  36.  37.  40.  41.  41.  43.  46.  50.  54.  56.  60.  63.  67.
  69.  74.  77.  81.  84.  85.  89.  89.  94.  94.  94.  96.  96.  98.
  98. 100.][-99. -98. -95. -93. -92. -90. -85. -84. -83. -82. -78. -77. -77. -77.
 -76. -76. -73. -69. -68. -66. -63. -58. -57. -56. -56. -55. -54. -53.
 -51. -50. -48. -47. -46. -43. -42. -41. -40. -37. -36. -32. -32. -31.
 -26. -24. -23. -20. -18. -17. -16. -12. -11.  -9.  -6.  -6.  -3.  -2.
  -1.   1.   3.   4.   7.  11.  20.  20.  23.  24.  25.  28.  32.  32.
  33.  34.  34.  36.  37.  38.  41.  43.  44.  45.  46.  47.  50.  55.
  58.  60.  61.  64.  64.  67.  68.  69.  69.  76.  84.  87.  88.  90.
  93. 100.][-100. -100.  -99.  -99.  -98.  -97.  -95.  -92.  -91.  -89.  -88.  -86.
  -84.  -82.  -80.  -78.  -78.  -75.  -70.  -66.  -65.  -64.  -64.  -61.
  -52.  -52.  -47.  -44.  -39.  -36.  -36.  -30.  -30.  -30.  -30.  -30.
  -29.  -27.  -24.  -24.  -23.  -22.  -19.  -16.  -14.  -14.  -13.  -12.
   -9.   -4.    1.    2.    2.    3.    4.    6.    7.    8.    9.   10.
   12.   13.   18.   18.   34.   36.   37.   40.   41.   44.   44.   45.
   45.   46.   48.   55.   59.   60.   60.   61.   66.   66.   68.   71.
   71.   74.   74.   75.   79.   79.   80.   83.   84.   86.   86.   87.
   88.   88.   89.   97.][-100. -100.  -93.  -93.  -91.  -88.  -88.  -84.  -82.  -79.  -74.  -72.
  -64.  -62.  -59.  -52.  -52.  -49.  -49.  -46.  -44.  -44.  -43.  -42.
  -42.  -42.  -41.  -39.  -37.  -33.  -28.  -26.  -25.  -23.  -23.  -19.
  -17.  -14.  -12.  -11.  -10.   -8.   -7.   -5.   -5.   -2.   -2.    0.
    4.    4.    5.    8.    9.   13.   13.   14.   17.   19.   20.   20.
   22.   22.   24.   28.   29.   31.   31.   32.   33.   36.   39.   40.
   47.   48.   49.   52.   55.   57.   58.   61.   61.   63.   63.   64.
   64.   71.   74.   75.   81.   83.   84.   85.   88.   89.   91.   93.
   93.   97.   97.   99.][-98. -97. -96. -95. -94. -92. -89. -88. -87. -85. -84. -82. -81. -80.
 -78. -78. -76. -76. -75. -74. -74. -71. -69. -66. -64. -63. -62. -62.
 -62. -60. -58. -55. -54. -49. -43. -39. -36. -35. -35. -31. -30. -30.
 -30. -26. -21. -20. -19. -17. -16. -16. -11. -11.  -7.  -5.  -4.  -2.
   1.   1.   2.   5.   8.  13.  15.  18.  21.  23.  24.  28.  30.  35.
  38.  42.  46.  48.  52.  56.  61.  61.  64.  64.  65.  66.  67.  69.
  69.  71.  73.  77.  77.  80.  81.  82.  82.  83.  84.  91.  93.  94.
  97.  98.][-99. -93. -89. -88. -88. -87. -84. -81. -81. -78. -78. -74. -72. -69.
 -69. -63. -62. -62. -60. -58. -58. -58. -51. -48. -47. -47. -39. -39.
 -38. -33. -31. -30. -26. -24. -23. -14. -13. -11. -10.  -7.   0.   3.
   5.   5.   5.   8.  10.  11.  11.  12.  14.  17.  23.  25.  27.  29.
  33.  35.  36.  37.  39.  40.  42.  43.  44.  45.  48.  50.  50.  50.
  53.  54.  61.  61.  62.  62.  65.  66.  67.  68.  70.  71.  71.  72.
  75.  75.  76.  76.  78.  84.  86.  86.  87.  87.  87.  88.  89.  90.
  90.  95.][-98. -95. -95. -90. -90. -84. -84. -84. -82. -80. -79. -76. -71. -70.
 -67. -62. -61. -61. -53. -52. -50. -50. -48. -46. -44. -35. -33. -32.
 -31. -31. -31. -30. -27. -26. -25. -25. -23. -19. -18. -17. -15. -13.
 -12. -12.  -8.  -4.  -4.  -3.  -2.   4.   5.  11.  11.  11.  12.  14.
  15.  16.  18.  19.  21.  24.  26.  26.  28.  30.  32.  33.  33.  34.
  40.  40.  48.  49.  51.  52.  57.  59.  62.  64.  65.  65.  69.  70.
  70.  71.  73.  74.  77.  81.  81.  83.  83.  83.  88.  91.  93.  93.
  94.  96.][-98. -97. -94. -87. -80. -77. -75. -69. -69. -69. -68. -67. -66. -66.
 -64. -59. -59. -58. -57. -51. -49. -47. -45. -45. -42. -42. -40. -33.
 -25. -22. -22. -22. -18. -16. -13. -12. -11.  -9.  -8.  -8.  -6.  -4.
  -3.  -2.  -2.   0.   0.   2.   5.   6.   8.   8.   9.  13.  15.  17.
  17.  19.  21.  21.  23.  23.  25.  26.  35.  35.  37.  40.  45.  50.
  51.  52.  52.  57.  58.  59.  59.  65.  67.  68.  70.  70.  71.  71.
  72.  74.  76.  76.  81.  82.  82.  83.  84.  86.  88.  90.  93.  94.
  98. 100.][-92. -90. -89. -89. -81. -78. -76. -73. -72. -66. -61. -58. -58. -58.
 -56. -56. -56. -55. -54. -53. -52. -49. -48. -45. -43. -38. -37. -34.
 -30. -29. -29. -28. -28. -27. -26. -25. -25. -24. -18. -16. -12. -12.
 -11.  -5.  -3.  -2.  -1.   9.  10.  18.  20.  26.  27.  27.  30.  32.
  32.  32.  33.  34.  34.  36.  38.  40.  44.  45.  47.  48.  49.  49.
  50.  51.  54.  54.  58.  59.  59.  60.  60.  62.  62.  64.  64.  74.
  75.  76.  78.  84.  84.  85.  85.  85.  86.  87.  87.  88.  89.  92.
  98.  98.][-99. -98. -94. -94. -92. -91. -90. -88. -82. -82. -80. -76. -76. -69.
 -68. -66. -66. -65. -61. -57. -56. -55. -54. -53. -53. -51. -51. -49.
 -48. -48. -46. -43. -31. -30. -28. -28. -27. -27. -25. -24. -23. -21.
 -21. -20. -17. -14. -11.  -7.  -6.  -3.   0.   3.   3.   4.  11.  11.
  14.  18.  18.  18.  25.  27.  36.  39.  45.  45.  47.  48.  51.  52.
  52.  54.  59.  62.  63.  66.  68.  70.  74.  75.  75.  77.  78.  82.
  83.  84.  84.  84.  85.  85.  87.  88.  89.  90.  91.  93.  94.  95.
  98. 100.][-97. -96. -96. -93. -92. -89. -88. -87. -86. -77. -75. -72. -70. -70.
 -69. -67. -67. -66. -66. -65. -65. -64. -62. -61. -60. -60. -46. -44.
 -42. -39. -38. -38. -37. -33. -32. -32. -29. -26. -22. -20. -19. -19.
 -18. -17. -17. -13. -12.  -9.  -7.  -6.  -5.  -5.  -1.   1.   2.   3.
   6.  17.  18.  20.  21.  25.  27.  27.  29.  30.  31.  33.  34.  36.
  39.  41.  42.  43.  44.  45.  45.  47.  47.  48.  52.  55.  62.  63.
  64.  69.  70.  70.  75.  78.  80.  82.  82.  84.  85.  93.  95.  95.
  96.  99.][-99. -98. -95. -95. -91. -86. -84. -83. -83. -82. -77. -75. -74. -71.
 -70. -70. -67. -63. -62. -61. -55. -54. -52. -52. -50. -50. -44. -43.
 -40. -37. -36. -34. -32. -30. -28. -27. -26. -25. -25. -22. -21. -20.
 -19. -11.  -7.   0.   0.   1.   4.   4.   5.   9.   9.   9.  14.  19.
  22.  23.  24.  29.  30.  36.  39.  41.  42.  42.  46.  47.  52.  55.
  59.  61.  61.  62.  62.  63.  63.  64.  67.  69.  74.  77.  77.  78.
  79.  79.  80.  82.  83.  85.  87.  87.  87.  87.  88.  91.  91.  95.
  95.  97.][-99. -99. -96. -91. -88. -86. -84. -82. -81. -80. -77. -77. -77. -73.
 -71. -70. -68. -68. -66. -66. -64. -61. -60. -59. -58. -54. -53. -52.
 -51. -50. -44. -44. -40. -39. -38. -33. -28. -27. -26. -26. -25. -19.
 -18. -17. -12. -11. -10.  -6.  -6.  -4.  -1.   1.   2.   2.   5.   5.
   5.   5.   7.  13.  13.  17.  18.  22.  25.  30.  31.  32.  33.  34.
  38.  41.  41.  43.  44.  47.  48.  48.  50.  50.  51.  52.  60.  63.
  69.  72.  72.  72.  73.  74.  75.  80.  81.  81.  86.  92.  93.  96.
  99. 100.][-100.  -90.  -86.  -84.  -83.  -76.  -74.  -72.  -70.  -67.  -62.  -61.
  -60.  -60.  -59.  -59.  -58.  -58.  -56.  -54.  -53.  -50.  -49.  -48.
  -45.  -45.  -44.  -44.  -43.  -40.  -38.  -37.  -37.  -34.  -33.  -29.
  -27.  -24.  -24.  -21.  -15.  -15.  -15.  -14.  -14.  -13.  -11.  -10.
   -7.   -6.   -4.    0.    0.    0.    3.    5.    9.   11.   16.   21.
   25.   25.   25.   26.   28.   30.   34.   36.   37.   38.   39.   43.
   43.   45.   45.   46.   48.   48.   50.   53.   55.   56.   58.   64.
   67.   68.   71.   75.   84.   84.   86.   86.   86.   90.   91.   91.
   92.   93.   93.  100.][-100.  -99.  -98.  -97.  -95.  -93.  -81.  -80.  -80.  -80.  -80.  -78.
  -77.  -76.  -73.  -73.  -72.  -71.  -70.  -67.  -67.  -66.  -63.  -60.
  -59.  -53.  -52.  -50.  -45.  -45.  -44.  -44.  -40.  -39.  -39.  -36.
  -35.  -34.  -31.  -26.  -26.  -24.  -24.  -19.  -15.  -14.  -14.   -7.
   -6.    1.    2.    3.    5.    6.    7.   11.   13.   19.   20.   21.
   21.   23.   24.   25.   26.   27.   29.   30.   34.   36.   36.   39.
   43.   46.   47.   47.   47.   47.   54.   62.   64.   67.   76.   77.
   80.   81.   83.   84.   84.   85.   87.   89.   92.   92.   92.   93.
   94.   95.   96.   97.][-98. -95. -91. -91. -89. -85. -85. -83. -78. -76. -73. -71. -61. -60.
 -56. -56. -55. -54. -54. -53. -51. -49. -43. -41. -37. -33. -33. -32.
 -29. -27. -26. -24. -22. -21. -20. -20. -18. -18. -15. -14. -13. -11.
 -11. -11.  -8.  -7.  -7.  -7.  -4.  -3.   0.   2.   3.   7.   8.  14.
  16.  18.  18.  20.  23.  25.  27.  30.  33.  37.  38.  39.  41.  43.
  44.  47.  47.  47.  53.  53.  54.  54.  54.  60.  63.  66.  66.  67.
  68.  72.  75.  78.  78.  79.  82.  84.  85.  91.  92.  94.  97.  98.
  99. 100.][-98. -97. -88. -86. -84. -81. -77. -76. -75. -73. -72. -69. -69. -68.
 -66. -62. -62. -61. -61. -61. -57. -57. -56. -54. -53. -49. -48. -48.
 -48. -45. -41. -38. -38. -34. -29. -29. -24. -22. -20. -20. -15. -15.
 -14. -13. -11. -10.  -5.  -1.   0.   0.   1.   6.   9.  11.  12.  13.
  18.  20.  20.  23.  24.  26.  29.  30.  33.  36.  37.  40.  40.  43.
  43.  51.  52.  53.  53.  54.  56.  60.  62.  63.  63.  66.  68.  68.
  70.  74.  75.  76.  78.  80.  81.  82.  83.  83.  84.  89.  91.  93.
  95. 100.][-100. -100.  -99.  -96.  -95.  -94.  -92.  -92.  -87.  -86.  -84.  -81.
  -79.  -78.  -76.  -76.  -75.  -75.  -71.  -67.  -65.  -63.  -63.  -61.
  -55.  -53.  -52.  -47.  -47.  -38.  -36.  -33.  -33.  -32.  -30.  -28.
  -27.  -26.  -24.  -23.  -22.  -21.  -19.  -17.  -17.  -16.  -16.  -13.
  -13.  -12.  -11.   -8.   -5.   -5.   -4.   -4.   -3.    1.    5.    9.
   12.   14.   16.   19.   27.   31.   33.   36.   37.   40.   41.   41.
   48.   49.   50.   53.   54.   54.   59.   59.   59.   59.   65.   66.
   67.   69.   71.   73.   77.   78.   78.   78.   80.   80.   81.   82.
   83.   86.   91.   95.][-95. -93. -92. -90. -86. -86. -86. -84. -83. -82. -80. -78. -75. -75.
 -73. -72. -72. -60. -60. -58. -57. -56. -52. -48. -45. -44. -44. -43.
 -42. -37. -36. -34. -34. -34. -33. -33. -32. -31. -31. -29. -26. -24.
 -20. -19. -18. -18. -13.  -9.  -8.  -8.  -6.  -2.   0.   1.   2.   2.
   4.   6.  10.  12.  14.  24.  25.  25.  25.  31.  31.  34.  38.  45.
  46.  48.  49.  49.  50.  54.  57.  59.  61.  61.  62.  64.  67.  68.
  71.  72.  77.  77.  78.  79.  81.  83.  85.  90.  90.  93.  94. 100.
 100. 100.]