[-97. -97. -96. -93. -89. -86. -84. -84. -83. -78. -77. -75. -74. -73.
 -68. -63. -63. -61. -59. -57. -54. -54. -54. -54. -53. -47. -47. -46.
 -36. -35. -34. -33. -31. -28. -26. -22. -21. -20. -20. -20. -19. -17.
 -14.  -6.  -5.  -4.   0.   0.   1.   1.   1.   4.   4.   4.   7.  11.
  14.  15.  15.  19.  19.  21.  21.  23.  24.  29.  30.  30.  33.  33.
  35.  38.  39.  40.  42.  48.  49.  50.  54.  60.  61.  62.  68.  70.
  70.  71.  73.  76.  79.  79.  81.  83.  84.  85.  86.  94.  95.  97.
 100. 100.][-99. -98. -87. -86. -81. -79. -78. -77. -75. -75. -70. -68. -65. -62.
 -60. -60. -59. -58. -58. -56. -53. -53. -50. -50. -46. -46. -44. -43.
 -38. -37. -36. -34. -33. -25. -25. -22. -17. -17. -16. -11. -11.  -9.
  -8.  -3.  -2.   1.   3.   4.   4.   7.   9.  10.  11.  12.  13.  13.
  15.  17.  21.  25.  28.  29.  30.  37.  38.  41.  44.  44.  46.  46.
  51.  52.  55.  56.  58.  58.  60.  61.  61.  63.  66.  68.  69.  69.
  70.  71.  71.  78.  80.  81.  81.  83.  83.  84.  86.  87.  89.  89.
  97. 100.][-100.  -99.  -99.  -99.  -96.  -94.  -92.  -92.  -90.  -89.  -88.  -88.
  -86.  -86.  -86.  -86.  -83.  -83.  -81.  -80.  -75.  -74.  -73.  -69.
  -67.  -66.  -63.  -61.  -57.  -55.  -55.  -54.  -52.  -47.  -47.  -44.
  -42.  -42.  -34.  -28.  -26.  -24.  -19.  -13.  -12.  -11.   -7.   -6.
   -6.   -2.   -2.    2.    3.    5.    5.    8.   10.   14.   18.   21.
   21.   23.   26.   27.   27.   31.   38.   40.   41.   45.   47.   47.
   50.   51.   52.   55.   56.   61.   64.   64.   65.   67.   70.   71.
   71.   71.   75.   76.   79.   81.   82.   83.   83.   84.   87.   91.
   92.   92.   95.   96.][-100.  -97.  -95.  -94.  -92.  -91.  -83.  -81.  -81.  -81.  -81.  -81.
  -76.  -75.  -73.  -72.  -71.  -68.  -57.  -55.  -54.  -53.  -52.  -52.
  -44.  -44.  -44.  -41.  -36.  -36.  -29.  -27.  -27.  -24.  -20.  -19.
  -19.  -17.  -15.  -15.  -15.  -13.  -12.   -7.   -7.   -5.   -2.   -2.
   -1.   -1.    0.    1.    2.    4.   10.   10.   12.   13.   14.   18.
   19.   19.   20.   22.   29.   29.   29.   33.   35.   35.   36.   37.
   37.   42.   43.   44.   48.   49.   52.   52.   52.   54.   62.   62.
   65.   67.   67.   72.   74.   75.   83.   89.   90.   92.   94.   94.
   97.   97.   97.   99.][-98. -97. -93. -91. -90. -88. -87. -85. -85. -84. -83. -79. -75. -73.
 -73. -72. -71. -70. -66. -66. -62. -60. -59. -57. -57. -54. -53. -53.
 -51. -49. -47. -45. -41. -33. -32. -26. -24. -23. -23. -21. -21. -19.
 -18. -17. -16. -16. -15. -12. -10. -10.  -9.  -7.  -4.  -4.   5.   8.
   9.  10.  13.  14.  17.  18.  23.  26.  27.  27.  28.  29.  30.  30.
  32.  34.  34.  35.  36.  38.  41.  43.  45.  48.  52.  52.  52.  53.
  54.  54.  57.  57.  58.  63.  67.  69.  71.  74.  83.  88.  89.  91.
  94.  96.][-100.  -99.  -97.  -90.  -89.  -89.  -87.  -81.  -81.  -80.  -76.  -76.
  -67.  -65.  -63.  -62.  -62.  -58.  -58.  -57.  -56.  -56.  -56.  -56.
  -54.  -52.  -50.  -49.  -47.  -44.  -44.  -41.  -39.  -39.  -38.  -34.
  -30.  -30.  -27.  -25.  -25.  -22.  -22.  -16.  -12.  -12.  -11.  -11.
   -9.   -9.   -6.   -5.   -4.   -2.    0.    3.    3.    3.    3.    4.
    5.    6.    9.   11.   12.   15.   16.   16.   31.   36.   37.   37.
   38.   41.   42.   43.   46.   50.   51.   54.   55.   60.   61.   72.
   75.   80.   81.   82.   84.   88.   91.   91.   91.   92.   93.   94.
   94.   95.   96.   98.][-99. -98. -97. -96. -96. -95. -92. -89. -88. -86. -85. -84. -83. -81.
 -80. -80. -77. -76. -70. -68. -67. -61. -57. -52. -52. -50. -50. -49.
 -49. -38. -36. -35. -34. -33. -32. -28. -25. -23. -18. -18. -17. -16.
 -15.  -7.  -5.  -4.  -4.  -3.  -1.   2.   3.   5.   9.  11.  11.  14.
  15.  17.  17.  18.  20.  22.  23.  23.  27.  27.  28.  29.  34.  34.
  37.  38.  41.  42.  43.  43.  45.  46.  48.  49.  53.  56.  57.  57.
  57.  58.  59.  61.  63.  67.  72.  72.  74.  79.  80.  80.  81.  85.
  92.  96.][-95. -95. -94. -91. -89. -89. -87. -86. -86. -83. -77. -75. -74. -72.
 -71. -71. -65. -61. -60. -60. -59. -59. -59. -56. -54. -53. -51. -51.
 -46. -45. -43. -40. -39. -38. -33. -32. -28. -26. -26. -23. -23. -22.
 -22. -19. -12. -11. -11. -10.  -8.  -5.  -5.  -5.  -4.  -4.  -2.   0.
   3.   6.   6.  10.  10.  12.  12.  13.  13.  18.  20.  22.  23.  25.
  28.  29.  30.  33.  34.  38.  40.  41.  44.  45.  54.  60.  62.  63.
  69.  72.  75.  75.  76.  77.  77.  78.  83.  84.  93.  94.  95.  97.
  99. 100.][-96. -95. -93. -91. -91. -91. -90. -90. -87. -84. -73. -68. -64. -62.
 -62. -60. -57. -53. -52. -51. -50. -49. -49. -46. -46. -44. -38. -37.
 -33. -33. -33. -33. -29. -27. -20. -18. -16. -14. -14. -14. -13. -10.
  -8.  -7.  -6.  -5.  -4.  -4.  -4.  -3.  -3.  -2.  -1.  -1.  -1.   0.
   1.   2.   3.  10.  12.  13.  15.  20.  30.  38.  38.  39.  39.  40.
  42.  46.  48.  48.  51.  53.  60.  61.  61.  62.  64.  71.  72.  72.
  72.  72.  74.  78.  78.  78.  80.  80.  82.  85.  91.  92.  95.  95.
  96.  97.][-100.  -99.  -94.  -94.  -92.  -91.  -89.  -88.  -86.  -85.  -84.  -83.
  -82.  -81.  -75.  -70.  -70.  -70.  -69.  -68.  -68.  -67.  -65.  -64.
  -62.  -61.  -57.  -56.  -52.  -46.  -40.  -39.  -38.  -37.  -32.  -28.
  -19.  -19.  -14.  -11.  -11.   -2.   -1.    1.    1.    2.    4.    7.
    9.   11.   14.   14.   15.   16.   17.   17.   18.   21.   24.   26.
   26.   27.   28.   31.   31.   36.   38.   39.   39.   40.   43.   46.
   47.   49.   49.   52.   53.   54.   57.   59.   61.   64.   66.   67.
   71.   72.   72.   72.   74.   77.   78.   78.   79.   80.   81.   84.
   89.   94.   98.  100.][-100.  -96.  -95.  -95.  -92.  -91.  -90.  -88.  -85.  -82.  -76.  -69.
  -69.  -68.  -64.  -62.  -57.  -56.  -56.  -55.  -53.  -50.  -47.  -43.
  -38.  -36.  -32.  -31.  -31.  -28.  -26.  -23.  -22.  -21.  -16.  -15.
  -14.  -13.  -12.  -12.  -12.   -8.   -7.   -4.   -3.   -3.   -2.    3.
    5.    8.    9.   11.   12.   13.   14.   16.   20.   21.   23.   23.
   25.   25.   27.   28.   28.   31.   31.   32.   33.   36.   38.   38.
   39.   39.   40.   41.   42.   43.   45.   46.   49.   51.   54.   58.
   61.   61.   62.   63.   69.   72.   76.   79.   84.   86.   91.   93.
   95.   95.   98.   99.][-100.  -94.  -94.  -89.  -85.  -85.  -81.  -78.  -71.  -71.  -66.  -65.
  -65.  -64.  -62.  -61.  -60.  -59.  -59.  -58.  -57.  -57.  -56.  -55.
  -46.  -44.  -41.  -39.  -39.  -39.  -38.  -37.  -37.  -36.  -34.  -30.
  -29.  -29.  -21.  -20.  -14.  -12.  -11.   -9.   -8.   -7.   -7.   -4.
    0.    2.    2.    2.    3.    4.    5.   11.   12.   14.   14.   14.
   15.   25.   28.   36.   44.   45.   46.   47.   48.   49.   49.   50.
   51.   54.   54.   55.   55.   56.   57.   63.   64.   64.   69.   72.
   73.   73.   75.   83.   83.   86.   89.   89.   91.   91.   91.   91.
   92.   92.   94.   98.][-99. -98. -98. -91. -86. -85. -83. -81. -81. -80. -78. -77. -76. -75.
 -74. -74. -73. -73. -71. -70. -68. -66. -65. -64. -61. -59. -58. -54.
 -53. -50. -49. -47. -46. -46. -42. -42. -39. -29. -26. -22. -21. -19.
 -18. -14. -12. -11.  -8.  -8.  -7.  -7.  -7.  -6.  -4.   0.   0.   1.
   4.   4.   7.   8.  10.  10.  11.  12.  14.  15.  15.  17.  18.  18.
  21.  25.  25.  26.  33.  42.  42.  45.  46.  49.  51.  51.  52.  55.
  60.  63.  65.  66.  66.  70.  72.  75.  75.  77.  77.  78.  83.  86.
  87.  88.][-93. -92. -88. -87. -79. -74. -74. -73. -69. -68. -68. -66. -66. -62.
 -62. -61. -60. -60. -60. -55. -53. -50. -45. -43. -39. -37. -37. -37.
 -36. -34. -32. -29. -27. -27. -26. -25. -23. -22. -22. -21. -19. -18.
 -17. -16. -12.  -8.  -6.  -6.  -5.  -2.   5.   8.   9.  11.  11.  13.
  14.  19.  21.  23.  26.  26.  26.  27.  28.  29.  30.  32.  33.  34.
  35.  46.  46.  47.  48.  48.  51.  55.  56.  57.  59.  62.  68.  68.
  73.  76.  76.  77.  78.  81.  82.  84.  88.  89.  89.  92.  94.  95.
  96.  98.][-94. -94. -93. -92. -92. -86. -85. -80. -78. -77. -75. -75. -73. -71.
 -71. -70. -68. -65. -62. -61. -60. -59. -58. -58. -56. -49. -49. -48.
 -45. -41. -40. -38. -38. -36. -28. -27. -21. -17. -17. -17. -17. -17.
 -16. -14. -13. -11. -10.  -9.  -9.  -8.  -4.  -4.  -2.   6.   6.   8.
  12.  14.  15.  16.  17.  17.  18.  18.  18.  19.  24.  26.  28.  31.
  32.  33.  46.  46.  48.  48.  49.  50.  50.  51.  53.  54.  54.  60.
  61.  67.  68.  69.  74.  81.  82.  83.  85.  88.  93.  93.  95.  98.
  98. 100.][-98. -96. -94. -86. -77. -76. -72. -69. -67. -66. -66. -63. -59. -58.
 -58. -58. -58. -55. -54. -53. -48. -48. -47. -46. -42. -41. -38. -38.
 -36. -36. -35. -33. -31. -31. -31. -30. -27. -26. -26. -24. -24. -23.
 -23. -20. -17. -16. -16. -13. -13. -12.  -7.  -5.  -4.  -4.  -4.  -3.
   0.   6.   7.   7.   7.   8.   9.  12.  12.  13.  26.  27.  29.  31.
  32.  32.  34.  35.  39.  39.  46.  46.  49.  49.  50.  53.  53.  55.
  61.  65.  66.  67.  69.  71.  73.  74.  78.  78.  79.  85.  88.  89.
  94. 100.][-100.  -95.  -92.  -92.  -92.  -91.  -90.  -89.  -89.  -87.  -87.  -87.
  -85.  -80.  -80.  -76.  -74.  -72.  -71.  -70.  -69.  -63.  -62.  -59.
  -58.  -51.  -44.  -44.  -43.  -41.  -41.  -41.  -36.  -33.  -31.  -23.
  -23.  -19.  -17.  -16.  -13.  -12.  -10.   -5.   -5.    0.    8.    8.
    9.   15.   16.   18.   18.   19.   22.   26.   33.   39.   39.   40.
   42.   43.   46.   52.   52.   53.   53.   54.   54.   55.   56.   59.
   62.   63.   63.   64.   65.   66.   67.   68.   69.   74.   76.   77.
   79.   80.   81.   82.   83.   85.   85.   87.   88.   88.   88.   89.
   92.   96.   96.   97.][-98. -98. -96. -94. -94. -94. -91. -91. -85. -83. -80. -78. -75. -74.
 -72. -70. -69. -65. -60. -59. -55. -52. -51. -48. -44. -38. -35. -34.
 -33. -33. -28. -25. -21. -18. -17. -16. -14. -13. -11. -11. -11.  -9.
  -8.  -8.  -7.  -7.  -5.  -3.  -3.   3.   3.   8.  15.  15.  16.  17.
  19.  25.  27.  29.  33.  41.  42.  42.  42.  42.  46.  46.  48.  49.
  49.  50.  50.  51.  53.  54.  56.  56.  57.  59.  61.  61.  68.  69.
  72.  74.  74.  75.  76.  76.  78.  78.  86.  86.  89.  89.  93.  93.
  95.  96.][-100. -100.  -99.  -98.  -97.  -95.  -93.  -89.  -89.  -87.  -87.  -84.
  -84.  -78.  -74.  -69.  -67.  -65.  -61.  -59.  -59.  -58.  -57.  -56.
  -55.  -55.  -52.  -51.  -46.  -42.  -41.  -41.  -40.  -37.  -36.  -33.
  -33.  -25.  -21.  -20.  -15.  -13.   -8.   -7.   -6.   -6.   -5.    0.
    1.    5.    5.    7.    9.   13.   15.   18.   21.   23.   26.   33.
   34.   34.   43.   46.   46.   47.   51.   52.   54.   54.   55.   55.
   57.   57.   58.   58.   59.   59.   60.   60.   61.   67.   68.   69.
   71.   71.   74.   75.   77.   80.   80.   83.   83.   84.   85.   91.
   93.   97.   98.   99.][-99. -98. -97. -92. -85. -84. -83. -80. -73. -72. -72. -71. -71. -70.
 -62. -62. -53. -51. -48. -47. -44. -44. -40. -39. -38. -37. -34. -34.
 -34. -33. -32. -32. -28. -28. -27. -26. -26. -24. -21. -16. -16. -15.
 -12. -11. -11.  -9.  -6.  -5.  -5.  -3.   3.   7.  10.  11.  12.  13.
  15.  17.  19.  20.  29.  30.  30.  32.  32.  36.  37.  40.  40.  41.
  44.  45.  46.  47.  47.  49.  50.  56.  57.  58.  59.  60.  60.  62.
  62.  67.  67.  69.  81.  86.  88.  89.  89.  90.  92.  97.  98.  98.
 100. 100.][-100.  -98.  -95.  -93.  -91.  -89.  -87.  -85.  -84.  -83.  -81.  -80.
  -79.  -79.  -78.  -69.  -67.  -59.  -59.  -58.  -56.  -56.  -52.  -50.
  -49.  -46.  -43.  -39.  -34.  -29.  -28.  -27.  -27.  -23.  -23.  -22.
  -21.  -20.  -19.  -17.  -16.  -16.  -14.  -13.  -13.  -12.  -11.  -10.
   -9.   -7.   -6.   -5.   -4.   -2.   -2.   -1.    1.    1.    2.    5.
    8.    9.   10.   13.   15.   16.   16.   17.   17.   20.   25.   32.
   34.   36.   38.   44.   46.   46.   51.   51.   53.   55.   58.   67.
   70.   70.   77.   77.   80.   81.   83.   83.   84.   86.   86.   87.
   91.   95.   99.  100.][-93. -92. -92. -92. -91. -91. -91. -89. -89. -88. -86. -82. -77. -76.
 -76. -73. -72. -71. -70. -69. -65. -65. -62. -60. -55. -54. -50. -46.
 -46. -45. -45. -45. -44. -37. -37. -34. -31. -31. -30. -26. -23. -22.
 -21. -20. -20. -17. -16. -15. -14. -13. -12.  -9.  -7.  -6.  -4.  -4.
   1.   1.   2.   5.   6.  13.  14.  21.  22.  23.  23.  25.  25.  28.
  29.  32.  33.  37.  42.  42.  46.  47.  50.  51.  51.  55.  56.  59.
  61.  61.  63.  63.  66.  69.  70.  79.  82.  87.  89.  91.  93.  93.
  98.  99.][-100. -100.  -99.  -95.  -93.  -89.  -89.  -85.  -84.  -80.  -78.  -72.
  -70.  -70.  -66.  -65.  -61.  -60.  -58.  -56.  -53.  -52.  -52.  -48.
  -47.  -47.  -45.  -44.  -42.  -41.  -40.  -32.  -29.  -25.  -21.  -20.
  -20.  -17.  -16.  -13.   -9.   -9.   -8.   -5.   -5.   -3.   -1.    2.
    3.    5.    5.    6.    6.    8.   11.   11.   11.   12.   16.   17.
   19.   21.   25.   27.   28.   30.   30.   36.   36.   37.   38.   40.
   41.   44.   44.   45.   45.   53.   54.   55.   59.   60.   61.   62.
   63.   64.   69.   70.   70.   73.   76.   79.   89.   90.   90.   90.
   91.   94.   95.   96.][-100.  -99.  -99.  -98.  -95.  -95.  -94.  -93.  -92.  -87.  -87.  -84.
  -78.  -77.  -74.  -73.  -70.  -69.  -68.  -67.  -64.  -64.  -64.  -62.
  -61.  -56.  -54.  -51.  -50.  -49.  -46.  -45.  -44.  -42.  -41.  -40.
  -38.  -36.  -35.  -32.  -28.  -24.  -22.  -21.  -19.  -17.  -12.  -11.
   -9.   -6.   -5.   -3.   -3.    2.    4.    7.    8.   13.   15.   19.
   19.   20.   22.   23.   23.   25.   28.   31.   33.   35.   35.   36.
   36.   40.   40.   45.   45.   47.   50.   50.   59.   59.   61.   62.
   65.   70.   74.   76.   78.   79.   81.   82.   86.   87.   88.   88.
   88.   90.   93.  100.][-100.  -99.  -98.  -97.  -96.  -96.  -91.  -89.  -89.  -87.  -86.  -83.
  -75.  -75.  -73.  -71.  -67.  -67.  -66.  -59.  -57.  -56.  -55.  -54.
  -53.  -53.  -51.  -48.  -46.  -46.  -45.  -45.  -43.  -40.  -40.  -39.
  -38.  -36.  -34.  -33.  -31.  -30.  -20.  -18.  -18.  -16.  -14.   -7.
   -2.    0.    1.    3.    3.    4.    4.    6.    9.   10.   10.   11.
   13.   15.   22.   22.   24.   24.   29.   29.   30.   32.   33.   36.
   38.   39.   41.   41.   43.   44.   45.   49.   49.   53.   54.   54.
   55.   55.   57.   61.   63.   71.   77.   78.   80.   85.   86.   92.
   92.   94.   96.   96.][-99. -98. -89. -87. -84. -82. -81. -80. -79. -77. -76. -74. -73. -72.
 -71. -67. -67. -66. -65. -64. -62. -59. -59. -58. -58. -57. -57. -56.
 -55. -51. -48. -47. -43. -39. -37. -36. -31. -30. -25. -24. -24. -23.
 -23. -17. -17. -14. -13. -12. -11.  -8.  -7.  -6.  -6.  -6.  -1.   7.
   9.  12.  17.  21.  25.  27.  27.  28.  29.  31.  34.  36.  37.  48.
  52.  53.  54.  54.  54.  55.  58.  60.  61.  62.  64.  65.  67.  69.
  72.  72.  74.  79.  80.  80.  83.  85.  85.  88.  91.  91.  93.  95.
  97. 100.][-97. -96. -95. -94. -94. -92. -89. -84. -81. -80. -62. -54. -54. -53.
 -53. -53. -52. -52. -51. -49. -49. -49. -48. -47. -41. -41. -39. -37.
 -31. -31. -29. -28. -28. -25. -23. -23. -21. -18. -16. -15. -12. -11.
 -10. -10.  -7.  -6.  -5.  -3.  -2.   0.   0.   1.   2.   3.   7.  12.
  13.  16.  20.  23.  24.  25.  25.  28.  28.  29.  29.  32.  36.  38.
  40.  40.  41.  46.  49.  49.  51.  51.  51.  52.  53.  60.  62.  64.
  65.  66.  67.  71.  74.  74.  76.  77.  77.  81.  83.  83.  85.  88.
  89.  90.][-99. -98. -97. -96. -96. -95. -94. -92. -91. -90. -88. -87. -86. -84.
 -82. -76. -76. -75. -73. -68. -65. -64. -58. -54. -52. -50. -46. -45.
 -44. -43. -42. -42. -40. -39. -36. -36. -35. -34. -32. -28. -27. -27.
 -25. -22. -22. -20. -20. -19. -18. -17. -12. -12. -10.  -9.  -8.  -2.
  -1.  -1.   1.   8.  11.  14.  18.  23.  26.  28.  33.  34.  36.  37.
  40.  42.  45.  49.  50.  51.  52.  53.  54.  54.  55.  55.  57.  60.
  61.  66.  70.  71.  77.  79.  82.  83.  83.  84.  84.  89.  93.  93.
  93.  95.][-90. -86. -85. -83. -81. -80. -79. -78. -77. -75. -74. -73. -72. -72.
 -71. -71. -67. -67. -66. -58. -57. -56. -47. -45. -44. -44. -43. -39.
 -37. -35. -35. -33. -29. -29. -25. -21. -20. -17. -12.  -9.  -8.  -6.
  -5.  -5.  -4.   2.   2.   5.  12.  13.  14.  18.  22.  23.  28.  29.
  29.  34.  34.  35.  36.  40.  45.  51.  52.  52.  55.  56.  58.  59.
  61.  62.  65.  67.  67.  67.  70.  70.  74.  75.  77.  78.  78.  79.
  81.  82.  84.  84.  85.  86.  88.  89.  90.  90.  93.  94.  94.  94.
  99.  99.][-100.  -99.  -99.  -96.  -92.  -90.  -87.  -86.  -84.  -82.  -74.  -73.
  -69.  -68.  -66.  -64.  -62.  -59.  -59.  -55.  -54.  -54.  -53.  -53.
  -50.  -49.  -47.  -47.  -43.  -42.  -40.  -38.  -37.  -34.  -34.  -31.
  -30.  -29.  -29.  -27.  -26.  -23.  -22.  -19.  -19.  -13.  -13.  -11.
  -11.  -11.   -8.   -7.   -4.   -3.   -1.    0.    2.    3.    6.   10.
   12.   19.   19.   21.   22.   31.   37.   41.   41.   42.   43.   43.
   44.   46.   48.   48.   49.   51.   53.   57.   62.   63.   64.   65.
   65.   70.   72.   80.   80.   81.   82.   87.   88.   89.   90.   92.
   95.   96.   98.   98.][-92. -90. -90. -89. -89. -87. -85. -84. -83. -79. -78. -71. -70. -61.
 -60. -53. -49. -48. -47. -44. -44. -42. -41. -41. -35. -30. -24. -20.
 -20. -17. -13. -12. -11. -11.  -6.  -4.   0.   0.   0.   1.   2.   3.
   4.   5.   6.   9.   9.   9.  12.  13.  14.  15.  16.  18.  21.  21.
  24.  26.  28.  29.  36.  37.  38.  39.  39.  40.  40.  42.  44.  45.
  46.  50.  51.  52.  53.  54.  55.  56.  60.  61.  65.  65.  70.  70.
  70.  71.  72.  73.  74.  75.  76.  77.  77.  79.  85.  89.  90.  92.
  99. 100.][-98. -94. -90. -90. -84. -82. -81. -79. -78. -73. -67. -66. -63. -63.
 -62. -61. -56. -55. -55. -50. -49. -49. -48. -47. -47. -45. -44. -43.
 -37. -37. -36. -36. -31. -25. -24. -19. -18. -18. -17. -15. -15. -15.
 -14. -12.  -7.   4.   4.   5.   5.   6.   8.  11.  12.  12.  15.  15.
  20.  21.  22.  30.  30.  32.  32.  33.  37.  38.  39.  40.  40.  40.
  41.  42.  43.  48.  51.  51.  55.  57.  57.  58.  63.  65.  67.  70.
  71.  71.  72.  74.  75.  78.  78.  79.  84.  87.  94.  94.  97.  97.
  99. 100.][-100.  -98.  -97.  -95.  -94.  -92.  -92.  -88.  -84.  -81.  -80.  -68.
  -62.  -60.  -59.  -58.  -57.  -52.  -47.  -44.  -44.  -42.  -39.  -35.
  -35.  -35.  -33.  -33.  -29.  -27.  -22.  -18.  -18.  -17.  -15.  -15.
  -14.  -14.  -12.   -7.   -3.   -2.    3.    4.    6.    6.    8.   10.
   11.   14.   17.   18.   19.   20.   20.   23.   24.   29.   31.   32.
   33.   36.   43.   43.   44.   47.   48.   53.   54.   56.   58.   59.
   62.   63.   65.   65.   66.   67.   68.   71.   71.   74.   74.   75.
   75.   76.   78.   78.   81.   88.   90.   92.   94.   96.   98.   98.
   99.   99.  100.  100.][-98. -97. -94. -94. -93. -92. -90. -87. -86. -85. -85. -82. -82. -79.
 -79. -78. -71. -64. -62. -62. -61. -61. -60. -60. -55. -54. -54. -51.
 -51. -48. -47. -46. -43. -40. -27. -25. -25. -24. -24. -23. -23. -20.
 -20. -19. -19. -17. -16. -16. -11.  -9.  -5.  -4.  -3.  -2.  -1.  -1.
   1.   2.   7.  13.  15.  15.  20.  20.  21.  23.  25.  26.  28.  31.
  33.  36.  39.  40.  41.  42.  43.  55.  55.  58.  60.  60.  60.  65.
  65.  70.  73.  77.  80.  80.  82.  83.  85.  86.  88.  92.  92.  92.
  95.  96.][-99. -98. -92. -89. -89. -86. -78. -78. -77. -76. -70. -66. -66. -65.
 -65. -63. -61. -57. -54. -54. -51. -48. -44. -44. -44. -41. -41. -40.
 -40. -35. -28. -28. -25. -24. -24. -23. -22. -16. -13. -12. -11.  -9.
  -8.  -7.  -7.  -3.  -3.  -2.   0.   3.   4.   7.  11.  11.  12.  13.
  16.  16.  17.  17.  19.  21.  30.  36.  37.  37.  38.  40.  40.  43.
  45.  48.  50.  56.  58.  60.  62.  63.  66.  68.  68.  69.  69.  70.
  73.  74.  76.  78.  80.  87.  87.  88.  89.  90.  92.  92.  94.  95.
  98. 100.][-98. -95. -94. -93. -93. -92. -91. -90. -89. -87. -87. -86. -85. -84.
 -82. -81. -77. -76. -74. -73. -73. -72. -70. -68. -61. -58. -55. -53.
 -52. -50. -50. -46. -43. -43. -43. -42. -42. -41. -40. -40. -35. -34.
 -34. -28. -26. -25. -19. -18. -16. -11. -11. -10.  -4.  -4.   1.   2.
   6.   9.  16.  24.  30.  35.  38.  40.  41.  41.  43.  46.  47.  48.
  55.  55.  56.  57.  57.  57.  57.  60.  63.  64.  65.  66.  67.  70.
  71.  72.  72.  76.  81.  82.  82.  84.  86.  88.  91.  94.  98.  98.
  99. 100.][-100.  -99.  -98.  -93.  -93.  -93.  -92.  -91.  -87.  -87.  -85.  -85.
  -85.  -85.  -81.  -80.  -78.  -73.  -73.  -71.  -70.  -67.  -66.  -61.
  -60.  -60.  -59.  -56.  -55.  -53.  -52.  -52.  -50.  -49.  -47.  -42.
  -42.  -37.  -34.  -32.  -26.  -24.  -21.  -21.  -17.  -10.  -10.  -10.
   -9.   -4.   -2.   -1.    1.    2.    6.    6.   10.   10.   12.   12.
   13.   18.   19.   19.   20.   20.   20.   21.   22.   25.   26.   28.
   36.   37.   39.   40.   41.   41.   42.   48.   48.   50.   54.   56.
   57.   63.   65.   68.   74.   75.   75.   75.   76.   76.   78.   78.
   79.   79.   85.   93.][-100.  -98.  -96.  -96.  -95.  -93.  -92.  -89.  -86.  -83.  -82.  -80.
  -77.  -75.  -70.  -67.  -66.  -51.  -49.  -45.  -45.  -43.  -43.  -43.
  -42.  -38.  -38.  -37.  -37.  -37.  -35.  -33.  -32.  -27.  -26.  -24.
  -23.  -19.  -14.  -14.  -12.  -12.  -11.   -7.    5.    5.    8.   10.
   10.   15.   17.   22.   24.   28.   28.   29.   31.   32.   34.   35.
   36.   38.   40.   41.   43.   47.   49.   49.   50.   51.   51.   52.
   53.   53.   54.   55.   55.   57.   57.   58.   61.   65.   65.   67.
   69.   69.   69.   69.   72.   76.   81.   82.   83.   85.   88.   90.
   93.   94.   96.   97.][-97. -96. -91. -90. -88. -85. -79. -72. -71. -70. -69. -69. -68. -64.
 -60. -60. -59. -59. -58. -54. -53. -51. -48. -45. -42. -38. -38. -38.
 -35. -35. -34. -33. -32. -30. -26. -25. -22. -21. -16. -15. -13.  -9.
  -9.  -8.  -5.  -4.  -1.  -1.   2.   5.   6.  10.  10.  15.  17.  18.
  20.  20.  21.  21.  22.  23.  26.  34.  34.  36.  37.  39.  42.  42.
  43.  45.  46.  46.  46.  51.  53.  55.  57.  59.  60.  60.  63.  65.
  67.  68.  70.  71.  73.  74.  77.  84.  85.  91.  92.  95.  95.  97.
  97.  98.][-99. -98. -98. -97. -93. -92. -92. -85. -84. -83. -79. -79. -77. -77.
 -77. -74. -72. -62. -58. -57. -51. -48. -48. -48. -45. -44. -43. -41.
 -39. -38. -37. -35. -30. -28. -27. -27. -27. -23. -23. -20. -19. -12.
 -12. -11. -10.  -6.  -4.  -2.  -1.   2.   2.   7.   9.  10.  18.  19.
  20.  22.  23.  25.  26.  27.  30.  30.  30.  31.  32.  33.  33.  33.
  37.  39.  43.  43.  47.  50.  50.  50.  51.  57.  59.  61.  64.  68.
  70.  71.  73.  73.  74.  74.  75.  77.  78.  86.  89.  90.  92.  94.
  94.  96.][-100.  -96.  -95.  -93.  -89.  -88.  -86.  -82.  -79.  -79.  -78.  -77.
  -76.  -76.  -74.  -73.  -71.  -71.  -70.  -68.  -65.  -65.  -63.  -60.
  -60.  -56.  -56.  -51.  -48.  -48.  -43.  -41.  -38.  -37.  -35.  -35.
  -34.  -31.  -30.  -28.  -28.  -26.  -25.  -25.  -24.  -23.  -16.  -13.
  -12.  -12.  -11.   -8.    1.    8.   10.   11.   14.   17.   19.   31.
   34.   36.   36.   36.   39.   40.   44.   46.   46.   49.   50.   52.
   53.   53.   54.   55.   55.   56.   58.   60.   61.   63.   65.   66.
   68.   70.   75.   81.   83.   83.   85.   85.   86.   86.   91.   93.
   93.   95.   95.   96.][-98. -95. -93. -93. -90. -88. -86. -80. -78. -75. -73. -69. -68. -66.
 -66. -63. -62. -59. -59. -55. -50. -48. -47. -46. -44. -41. -37. -36.
 -31. -29. -29. -28. -27. -26. -25. -24. -23. -23. -21. -17. -17. -17.
 -14.  -7.  -6.  -5.  -5.  -4.  -2.   1.   4.   7.   8.   8.  11.  11.
  15.  17.  27.  30.  31.  31.  32.  39.  42.  42.  42.  44.  46.  47.
  50.  52.  54.  55.  56.  58.  61.  63.  65.  65.  66.  69.  69.  71.
  72.  74.  76.  77.  79.  80.  82.  83.  84.  84.  85.  87.  90.  94.
  98. 100.][-99. -99. -99. -96. -94. -92. -91. -85. -82. -82. -80. -79. -76. -76.
 -75. -72. -71. -71. -65. -64. -63. -61. -52. -52. -52. -51. -48. -48.
 -47. -47. -47. -44. -44. -43. -40. -39. -37. -33. -33. -33. -31. -31.
 -31. -27. -26. -17. -17. -14. -13. -11.  -9.  -8.  -7.  -3.   0.   5.
   7.   7.   8.   8.  13.  15.  17.  19.  23.  24.  25.  25.  28.  36.
  36.  42.  44.  44.  50.  55.  55.  58.  59.  64.  65.  65.  66.  68.
  71.  72.  73.  75.  76.  76.  78.  80.  82.  83.  84.  84.  87.  94.
  96.  99.][-99. -98. -97. -93. -92. -89. -87. -84. -83. -82. -79. -79. -75. -71.
 -69. -68. -67. -66. -65. -63. -62. -62. -61. -59. -57. -55. -53. -53.
 -51. -51. -51. -51. -50. -48. -43. -42. -41. -41. -40. -39. -38. -37.
 -33. -32. -31. -29. -26. -26. -26. -21. -14.  -9.  -8.  -8.  -3.   1.
   2.   3.   4.   8.  17.  20.  21.  21.  22.  25.  25.  26.  29.  35.
  37.  37.  38.  41.  42.  42.  43.  49.  57.  62.  62.  63.  64.  67.
  70.  70.  71.  72.  74.  78.  80.  82.  83.  85.  86.  90.  93.  94.
  96. 100.][-97. -95. -94. -93. -92. -89. -86. -85. -81. -79. -77. -75. -73. -71.
 -69. -66. -63. -62. -62. -61. -59. -58. -53. -53. -53. -52. -45. -43.
 -39. -38. -37. -34. -33. -33. -31. -31. -30. -29. -28. -27. -24. -22.
 -21. -20. -18. -17. -17. -15. -11.  -9.  -9.  -4.  -4.  -4.  -2.  -2.
   1.   2.   2.   7.   8.   9.  11.  13.  15.  16.  16.  19.  20.  20.
  23.  26.  31.  32.  37.  42.  43.  44.  47.  48.  48.  50.  56.  56.
  59.  60.  63.  64.  65.  72.  79.  82.  83.  83.  87.  89.  92.  96.
  99.  99.][-100.  -99.  -99.  -97.  -96.  -89.  -88.  -87.  -86.  -86.  -86.  -85.
  -85.  -85.  -84.  -84.  -77.  -76.  -75.  -74.  -72.  -71.  -70.  -70.
  -70.  -68.  -64.  -61.  -60.  -59.  -57.  -56.  -50.  -41.  -38.  -38.
  -37.  -34.  -32.  -29.  -28.  -27.  -26.  -22.  -20.  -19.  -17.  -15.
  -13.  -13.  -12.  -10.   -8.   -4.   -2.    3.    4.    8.   13.   17.
   21.   22.   23.   23.   25.   25.   27.   29.   30.   34.   36.   37.
   39.   41.   43.   49.   51.   57.   60.   64.   64.   66.   70.   71.
   71.   72.   73.   73.   77.   82.   83.   84.   85.   85.   86.   87.
   89.   91.   91.   98.][-100.  -99.  -96.  -96.  -95.  -87.  -86.  -85.  -82.  -81.  -78.  -77.
  -74.  -69.  -69.  -65.  -65.  -64.  -63.  -62.  -60.  -59.  -56.  -47.
  -44.  -44.  -43.  -41.  -39.  -38.  -37.  -35.  -22.  -21.  -18.  -11.
  -10.   -7.   -6.   -5.   -4.    3.    4.    5.    6.    7.    7.    8.
    9.   12.   16.   19.   20.   21.   22.   24.   24.   28.   29.   29.
   30.   33.   35.   35.   37.   38.   40.   43.   44.   45.   46.   48.
   48.   51.   52.   55.   63.   64.   65.   65.   72.   73.   76.   76.
   76.   77.   78.   79.   80.   81.   82.   83.   87.   89.   94.   95.
   96.   97.   97.   97.][-98. -98. -94. -94. -88. -88. -87. -87. -85. -84. -84. -81. -79. -79.
 -78. -77. -76. -65. -61. -60. -59. -57. -56. -54. -48. -48. -48. -40.
 -39. -39. -38. -35. -28. -20. -19. -19. -12. -11. -11.  -8.  -7.  -7.
  -6.  -4.  -3.  -2.  -1.   1.   4.   5.   6.   7.   9.   9.  10.  11.
  11.  16.  23.  24.  26.  27.  28.  33.  37.  38.  39.  41.  42.  43.
  44.  45.  45.  48.  51.  52.  54.  54.  55.  57.  61.  61.  63.  64.
  64.  67.  69.  69.  76.  77.  80.  81.  84.  84.  86.  90.  91.  98.
 100. 100.][-99. -98. -98. -96. -96. -94. -91. -89. -88. -86. -85. -84. -83. -82.
 -77. -71. -69. -64. -63. -62. -58. -53. -53. -51. -51. -51. -50. -50.
 -49. -48. -45. -41. -34. -32. -29. -28. -27. -24. -24. -23. -22. -21.
 -17. -15. -11. -11. -11.  -6.  -2.  -2.   3.   4.  10.  10.  10.  10.
  10.  12.  13.  15.  22.  23.  25.  27.  27.  36.  36.  39.  41.  44.
  45.  46.  46.  53.  53.  53.  55.  56.  57.  58.  58.  62.  62.  72.
  76.  77.  77.  79.  80.  81.  83.  84.  85.  85.  85.  88.  88.  93.
  96. 100.][-98. -97. -96. -94. -94. -94. -89. -86. -85. -80. -80. -79. -74. -74.
 -74. -73. -73. -71. -68. -62. -60. -59. -57. -56. -54. -54. -50. -49.
 -47. -44. -44. -39. -38. -35. -34. -33. -29. -29. -28. -23. -19. -14.
  -7.  -6.  -6.  -5.  -4.  -3.  -1.   0.   3.   4.   8.  10.  10.  10.
  11.  13.  13.  19.  21.  24.  25.  25.  26.  26.  28.  28.  30.  32.
  34.  35.  36.  37.  45.  47.  50.  53.  58.  60.  60.  63.  64.  64.
  66.  77.  79.  79.  80.  81.  82.  82.  84.  89.  91.  95.  95.  97.
  99. 100.][-94. -92. -85. -84. -79. -78. -78. -74. -74. -74. -73. -70. -64. -62.
 -62. -59. -57. -55. -50. -50. -47. -45. -43. -43. -40. -39. -39. -35.
 -34. -34. -32. -31. -24. -18. -17. -16. -14. -14. -13.  -6.  -4.  -3.
  -2.   2.   3.   4.   5.   6.   7.   7.   8.  11.  12.  14.  15.  17.
  21.  23.  25.  27.  28.  32.  35.  39.  40.  43.  44.  45.  45.  45.
  46.  48.  49.  49.  49.  53.  59.  59.  63.  63.  63.  66.  67.  68.
  70.  71.  72.  75.  75.  79.  80.  80.  83.  83.  86.  87.  89.  90.
  92.  96.][-100.  -94.  -93.  -92.  -90.  -88.  -85.  -84.  -77.  -74.  -72.  -69.
  -66.  -64.  -62.  -61.  -60.  -57.  -56.  -54.  -53.  -52.  -47.  -45.
  -44.  -40.  -40.  -39.  -38.  -35.  -31.  -30.  -16.  -15.  -13.  -10.
   -9.   -9.   -8.   -8.   -8.   -6.   -4.   -4.   -4.   -3.   -3.   -2.
   -2.   -1.   -1.   -1.   10.   11.   13.   19.   22.   26.   30.   31.
   32.   34.   41.   42.   43.   44.   44.   45.   45.   47.   47.   47.
   50.   51.   52.   52.   52.   54.   57.   58.   62.   63.   66.   67.
   72.   73.   73.   73.   75.   78.   81.   84.   84.   85.   85.   89.
   91.   94.   97.   98.][-98. -97. -96. -95. -89. -88. -87. -85. -84. -81. -80. -79. -77. -73.
 -71. -70. -69. -68. -60. -57. -54. -52. -51. -51. -47. -45. -43. -42.
 -41. -40. -39. -38. -38. -37. -36. -35. -34. -32. -27. -22. -19. -17.
 -10.  -5.  -4.  -2.  -2.  -2.  -1.   4.   4.   5.   5.   7.  11.  12.
  12.  15.  21.  22.  23.  29.  29.  30.  33.  33.  35.  38.  40.  41.
  42.  44.  45.  51.  51.  53.  53.  56.  59.  61.  67.  67.  69.  69.
  76.  76.  79.  79.  80.  83.  83.  84.  87.  90.  91.  93.  96.  98.
  98.  99.][-100. -100.  -99.  -95.  -91.  -90.  -90.  -90.  -89.  -82.  -81.  -81.
  -81.  -80.  -76.  -69.  -69.  -65.  -63.  -60.  -60.  -57.  -55.  -55.
  -50.  -50.  -45.  -44.  -44.  -43.  -41.  -38.  -36.  -36.  -34.  -31.
  -31.  -28.  -25.  -22.  -22.  -19.  -18.  -18.  -18.  -16.  -13.  -12.
   -6.   -6.   -1.    0.    3.    4.   10.   12.   14.   14.   16.   17.
   17.   22.   27.   27.   29.   30.   31.   31.   33.   38.   41.   42.
   48.   49.   56.   57.   62.   65.   66.   67.   68.   69.   71.   73.
   73.   76.   77.   81.   82.   85.   85.   89.   91.   91.   93.   94.
   94.   97.   97.   99.][-100.  -96.  -92.  -90.  -89.  -78.  -76.  -74.  -72.  -70.  -70.  -67.
  -64.  -62.  -60.  -56.  -55.  -55.  -54.  -54.  -53.  -50.  -50.  -50.
  -48.  -46.  -46.  -43.  -41.  -38.  -36.  -34.  -29.  -24.  -21.  -20.
  -19.  -16.  -14.  -12.   -9.   -8.   -6.   -5.   -2.    4.    5.    6.
    7.    8.    8.    9.   11.   14.   18.   18.   21.   23.   25.   26.
   27.   28.   31.   32.   36.   42.   44.   47.   48.   50.   51.   55.
   56.   56.   57.   58.   59.   60.   62.   62.   65.   65.   65.   66.
   70.   71.   72.   74.   75.   76.   79.   80.   81.   84.   87.   88.
   89.   95.   96.   98.][-100.  -96.  -94.  -91.  -89.  -88.  -88.  -87.  -86.  -82.  -81.  -77.
  -76.  -76.  -75.  -71.  -67.  -67.  -65.  -64.  -63.  -62.  -58.  -57.
  -56.  -56.  -51.  -49.  -48.  -48.  -45.  -44.  -39.  -37.  -36.  -33.
  -29.  -28.  -27.  -26.  -20.  -20.  -19.  -14.   -4.    1.    2.    3.
    6.    9.   12.   13.   15.   17.   17.   18.   18.   20.   21.   27.
   30.   30.   30.   31.   32.   32.   34.   34.   34.   35.   36.   40.
   40.   44.   46.   51.   51.   54.   54.   57.   59.   60.   61.   64.
   67.   68.   69.   69.   74.   75.   75.   77.   81.   81.   85.   92.
   97.   98.   99.  100.][-99. -94. -88. -85. -83. -81. -80. -77. -76. -75. -75. -72. -71. -67.
 -61. -61. -61. -60. -60. -59. -57. -57. -55. -54. -53. -52. -48. -47.
 -46. -45. -45. -41. -39. -30. -30. -29. -28. -28. -23. -21. -20. -20.
 -19. -16. -13. -12. -10.  -8.  -5.  -4.  -4.  -2.  -1.   0.   2.   2.
   2.   3.   8.   8.  13.  13.  13.  14.  15.  16.  20.  22.  27.  30.
  30.  30.  34.  36.  42.  46.  47.  49.  54.  55.  61.  62.  64.  65.
  66.  67.  69.  70.  71.  73.  80.  82.  83.  86.  88.  89.  96.  97.
  98.  99.][-99. -96. -96. -95. -94. -94. -92. -89. -88. -87. -86. -84. -83. -80.
 -78. -77. -75. -65. -64. -64. -62. -60. -59. -58. -58. -58. -57. -55.
 -52. -51. -50. -50. -42. -42. -42. -41. -39. -38. -37. -36. -35. -34.
 -22. -21. -16. -15. -13. -11. -11. -11.  -7.  -7.  -5.  -3.  -1.   7.
  11.  11.  13.  13.  14.  16.  19.  23.  27.  28.  30.  31.  36.  39.
  40.  40.  44.  44.  49.  51.  53.  56.  58.  59.  65.  68.  70.  71.
  71.  72.  75.  75.  77.  77.  82.  83.  84.  86.  88.  88.  89.  99.
  99. 100.][-99. -97. -97. -97. -96. -92. -91. -88. -88. -82. -81. -79. -78. -78.
 -78. -75. -69. -69. -68. -68. -66. -66. -66. -64. -61. -58. -52. -51.
 -49. -47. -42. -41. -40. -38. -37. -33. -33. -31. -28. -28. -24. -23.
 -22. -12. -11. -10.  -7.  -5.  -4.  -1.   1.   4.   4.   8.  10.  13.
  15.  16.  16.  18.  23.  27.  28.  31.  31.  34.  36.  36.  40.  44.
  44.  49.  50.  55.  56.  57.  58.  62.  66.  68.  69.  71.  71.  72.
  72.  73.  73.  78.  80.  81.  82.  82.  83.  86.  92.  94.  97.  98.
  99. 100.][-99. -98. -98. -93. -93. -93. -87. -87. -86. -84. -84. -81. -81. -79.
 -76. -75. -75. -73. -72. -70. -68. -68. -67. -65. -59. -57. -56. -56.
 -52. -44. -42. -39. -37. -37. -36. -32. -32. -31. -27. -26. -25. -23.
 -21. -18. -17. -15. -13. -10.  -9.  -4.  -3.  -3.   0.   1.   4.   6.
   9.  11.  12.  13.  14.  15.  17.  23.  26.  27.  30.  31.  36.  45.
  48.  50.  51.  52.  53.  53.  55.  56.  57.  60.  62.  67.  68.  68.
  72.  76.  77.  79.  82.  83.  84.  88.  90.  94.  95.  95.  96.  98.
  98. 100.][-97. -95. -93. -91. -91. -88. -83. -82. -80. -78. -77. -74. -72. -69.
 -68. -66. -64. -61. -60. -60. -59. -58. -57. -55. -45. -44. -44. -42.
 -42. -42. -39. -37. -36. -35. -32. -31. -29. -26. -21. -18. -13. -10.
 -10. -10.  -9.  -8.  -8.  -6.  -5.  -1.  -1.   0.   2.   4.   5.   6.
   8.  13.  14.  29.  29.  32.  33.  33.  34.  37.  38.  43.  43.  51.
  53.  55.  56.  57.  57.  59.  60.  64.  65.  66.  66.  68.  69.  70.
  70.  71.  72.  78.  78.  79.  83.  89.  90.  91.  92.  93.  97.  98.
  98.  99.][-100.  -97.  -97.  -91.  -91.  -89.  -87.  -86.  -84.  -81.  -78.  -76.
  -76.  -75.  -74.  -71.  -71.  -71.  -65.  -63.  -62.  -62.  -62.  -52.
  -51.  -47.  -47.  -47.  -47.  -44.  -42.  -42.  -40.  -39.  -36.  -34.
  -34.  -34.  -28.  -28.  -25.  -25.  -16.  -15.  -14.  -10.   -8.   -8.
   -5.    2.    5.    7.    8.    9.   13.   13.   16.   18.   18.   18.
   24.   24.   24.   27.   27.   29.   30.   31.   34.   41.   43.   49.
   49.   56.   56.   57.   57.   61.   62.   63.   67.   67.   69.   70.
   71.   80.   81.   83.   84.   84.   86.   87.   89.   91.   91.   92.
   92.   97.   99.   99.][-99. -92. -92. -91. -90. -86. -85. -82. -81. -78. -73. -71. -71. -71.
 -70. -68. -67. -67. -66. -64. -57. -54. -52. -48. -47. -45. -41. -35.
 -33. -28. -28. -24. -22. -21. -20. -17. -17. -17. -17. -14. -13. -12.
 -11.  -7.  -6.  -3.   2.   3.   3.   7.  12.  13.  15.  16.  18.  18.
  24.  24.  27.  29.  32.  33.  34.  35.  36.  37.  38.  39.  40.  40.
  45.  46.  46.  51.  57.  58.  58.  59.  60.  61.  62.  67.  67.  69.
  72.  75.  81.  81.  82.  82.  84.  86.  89.  90.  90.  93.  95.  98.
  99.  99.][-100.  -97.  -94.  -94.  -94.  -93.  -91.  -90.  -85.  -84.  -83.  -83.
  -82.  -78.  -77.  -75.  -73.  -70.  -68.  -67.  -64.  -61.  -58.  -57.
  -57.  -56.  -54.  -52.  -47.  -46.  -44.  -37.  -33.  -33.  -29.  -27.
  -25.  -23.  -23.  -21.  -20.  -20.  -19.  -18.  -18.  -16.  -16.  -16.
  -16.   -7.   -6.   -4.   -3.   -1.    1.    6.    8.   15.   15.   17.
   17.   19.   23.   24.   26.   31.   34.   38.   39.   40.   43.   46.
   47.   47.   48.   48.   49.   55.   56.   57.   58.   59.   61.   64.
   66.   68.   70.   71.   80.   81.   83.   84.   88.   94.   94.   97.
   98.   98.   99.   99.][-99. -97. -95. -95. -94. -92. -91. -90. -89. -88. -88. -86. -86. -84.
 -84. -81. -79. -77. -77. -75. -74. -72. -71. -60. -59. -56. -56. -54.
 -53. -52. -47. -46. -45. -45. -43. -43. -38. -38. -37. -34. -31. -29.
 -24. -23. -19. -18. -16. -13. -10.  -5.  -5.   0.   6.   7.  12.  15.
  16.  19.  19.  20.  22.  23.  23.  26.  27.  27.  28.  29.  35.  38.
  40.  42.  43.  44.  45.  47.  50.  51.  58.  59.  69.  70.  71.  72.
  73.  73.  74.  75.  82.  83.  89.  89.  89.  90.  94.  95.  97.  97.
  97.  97.][-97. -96. -94. -92. -91. -90. -86. -84. -80. -78. -77. -75. -74. -73.
 -72. -64. -63. -62. -61. -58. -57. -57. -54. -54. -54. -53. -53. -52.
 -52. -51. -49. -35. -34. -29. -26. -25. -22. -22. -20. -18. -17. -12.
 -11. -11. -10.  -8.  -6.  -3.  -3.  -1.   3.   4.   6.   8.  10.  10.
  11.  11.  18.  21.  25.  28.  31.  32.  32.  32.  33.  34.  36.  36.
  38.  43.  43.  46.  49.  50.  51.  53.  53.  53.  66.  72.  72.  74.
  74.  78.  79.  82.  83.  84.  89.  89.  90.  91.  93.  94.  94.  94.
  98. 100.][-99. -96. -96. -95. -92. -90. -87. -86. -86. -82. -81. -79. -79. -74.
 -74. -73. -72. -72. -70. -70. -69. -67. -66. -63. -61. -59. -58. -57.
 -55. -54. -53. -49. -48. -46. -44. -43. -43. -37. -36. -35. -35. -32.
 -31. -31. -25. -24. -24. -15. -11.  -8.  -7.  -6.   0.   2.   3.   5.
  12.  15.  15.  19.  20.  24.  24.  28.  29.  30.  35.  35.  36.  39.
  42.  45.  46.  47.  48.  48.  58.  60.  61.  61.  62.  62.  67.  67.
  69.  72.  74.  75.  76.  78.  78.  79.  79.  79.  81.  84.  84.  89.
  90.  96.][-100. -100.  -98.  -94.  -89.  -84.  -79.  -78.  -77.  -77.  -73.  -70.
  -70.  -68.  -65.  -60.  -59.  -57.  -53.  -50.  -47.  -46.  -43.  -38.
  -34.  -30.  -27.  -27.  -26.  -22.  -21.  -19.  -15.  -14.  -13.  -13.
  -13.  -11.   -7.   -1.    3.    4.    4.    4.    5.    8.   10.   13.
   15.   18.   20.   25.   25.   26.   26.   27.   29.   33.   33.   33.
   35.   36.   40.   41.   42.   44.   47.   50.   51.   53.   53.   55.
   55.   63.   63.   63.   64.   64.   66.   68.   68.   73.   76.   77.
   77.   77.   77.   83.   88.   89.   91.   93.   94.   94.   95.   97.
   99.   99.  100.  100.][-100.  -99.  -97.  -95.  -90.  -88.  -86.  -85.  -77.  -73.  -72.  -70.
  -70.  -68.  -68.  -67.  -58.  -56.  -54.  -54.  -53.  -47.  -45.  -41.
  -39.  -39.  -37.  -37.  -35.  -35.  -34.  -33.  -33.  -30.  -29.  -28.
  -27.  -25.  -24.  -23.  -19.  -17.  -17.  -16.  -16.  -15.  -14.  -13.
  -13.  -12.  -12.  -11.   -9.   -8.   -6.   -5.    0.    3.    4.    8.
   12.   13.   17.   21.   21.   22.   22.   29.   30.   31.   31.   36.
   40.   41.   42.   42.   42.   44.   44.   48.   51.   52.   56.   56.
   57.   57.   58.   63.   77.   77.   79.   84.   85.   86.   87.   88.
   90.   92.   93.   98.][-98. -97. -97. -96. -93. -92. -91. -90. -87. -86. -84. -83. -78. -77.
 -74. -74. -73. -72. -71. -68. -59. -58. -53. -52. -51. -49. -44. -44.
 -43. -43. -39. -38. -36. -30. -29. -28. -27. -27. -26. -24. -17. -14.
 -11. -10.  -8.  -8.  -1.   1.   7.   7.   8.  10.  12.  15.  16.  17.
  17.  17.  20.  22.  22.  24.  25.  26.  28.  29.  31.  33.  38.  40.
  41.  43.  44.  44.  46.  49.  49.  49.  50.  50.  52.  53.  55.  58.
  60.  61.  74.  74.  79.  83.  85.  86.  86.  86.  87.  91.  92.  93.
  96. 100.][-99. -97. -96. -90. -86. -86. -84. -83. -80. -80. -79. -72. -69. -69.
 -67. -66. -65. -61. -59. -59. -57. -54. -53. -50. -49. -46. -45. -45.
 -43. -40. -39. -37. -36. -35. -35. -32. -23. -23. -21. -17. -16. -15.
 -15. -12. -10. -10.  -8.  -4.  -4.  -2.  -1.   1.   4.   5.   9.  12.
  12.  13.  14.  15.  18.  19.  22.  24.  26.  29.  32.  33.  35.  39.
  39.  42.  43.  45.  45.  46.  47.  50.  53.  54.  55.  60.  60.  62.
  65.  65.  67.  67.  69.  69.  72.  80.  86.  87.  87.  90.  91.  91.
  94.  96.][-98. -96. -91. -88. -88. -84. -82. -81. -78. -76. -73. -73. -71. -68.
 -66. -66. -65. -65. -61. -59. -56. -56. -55. -53. -52. -51. -50. -48.
 -44. -40. -36. -36. -31. -28. -26. -25. -19. -18. -15. -14. -10.  -9.
  -9.  -8.  -7.  -4.  -4.  -3.  -2.  -1.   0.   2.   2.   2.   2.   3.
   3.   3.   3.   5.   8.   9.  10.  13.  13.  19.  22.  23.  24.  25.
  27.  29.  30.  31.  33.  37.  39.  40.  41.  44.  48.  55.  60.  63.
  63.  63.  63.  64.  65.  73.  73.  77.  79.  82.  87.  89.  89.  95.
  97.  97.][-100.  -97.  -95.  -94.  -89.  -88.  -88.  -87.  -84.  -81.  -79.  -77.
  -73.  -70.  -69.  -68.  -67.  -66.  -63.  -62.  -61.  -57.  -56.  -55.
  -54.  -52.  -51.  -50.  -50.  -50.  -50.  -49.  -48.  -45.  -44.  -42.
  -40.  -35.  -34.  -33.  -31.  -31.  -30.  -22.  -22.  -21.  -20.  -18.
  -18.  -17.  -15.  -14.  -13.  -13.  -13.   -9.   -9.   -8.   -2.   -2.
    0.    2.    5.    9.   14.   21.   23.   27.   29.   29.   30.   31.
   34.   34.   34.   43.   48.   50.   54.   57.   68.   68.   68.   71.
   73.   76.   79.   80.   82.   85.   86.   87.   88.   90.   90.   91.
   92.   97.   99.   99.][-100.  -99.  -98.  -97.  -97.  -95.  -95.  -94.  -90.  -90.  -89.  -88.
  -87.  -86.  -85.  -82.  -81.  -78.  -78.  -74.  -71.  -70.  -68.  -67.
  -65.  -62.  -56.  -52.  -50.  -49.  -47.  -46.  -44.  -43.  -43.  -37.
  -36.  -36.  -34.  -32.  -31.  -26.  -25.  -24.  -22.  -19.  -15.  -12.
   -8.   -8.   -6.   -5.   -2.    3.    4.    5.    6.    9.   12.   16.
   17.   19.   24.   24.   28.   30.   33.   36.   36.   51.   52.   53.
   55.   56.   59.   65.   65.   69.   71.   72.   75.   77.   78.   81.
   83.   87.   87.   87.   88.   89.   91.   91.   93.   93.   94.   94.
   94.   94.   99.   99.][-96. -90. -89. -88. -88. -88. -87. -84. -77. -74. -72. -67. -66. -61.
 -60. -55. -51. -48. -41. -39. -39. -38. -37. -35. -32. -31. -27. -27.
 -27. -25. -24. -24. -24. -23. -21. -20. -18. -17. -14.  -6.  -5.  -4.
  -1.   0.   0.   0.   1.   6.  11.  11.  13.  14.  17.  17.  17.  20.
  22.  22.  22.  23.  27.  33.  35.  39.  40.  42.  42.  44.  45.  48.
  48.  48.  51.  55.  57.  58.  61.  64.  64.  69.  71.  72.  74.  74.
  75.  75.  76.  79.  82.  84.  86.  88.  88.  89.  89.  90.  92.  94.
  95.  96.][-97. -93. -93. -92. -91. -91. -89. -89. -86. -85. -79. -78. -74. -68.
 -66. -64. -60. -58. -56. -52. -52. -52. -51. -46. -45. -45. -42. -40.
 -39. -36. -34. -33. -31. -28. -27. -21. -20. -14. -14. -12.  -9.  -6.
  -5.   0.   0.   6.   6.   6.  11.  12.  15.  16.  18.  19.  19.  19.
  19.  24.  24.  25.  25.  26.  27.  28.  28.  29.  29.  30.  32.  32.
  33.  37.  42.  43.  47.  48.  49.  52.  55.  58.  60.  61.  61.  62.
  65.  65.  73.  78.  80.  81.  81.  82.  83.  83.  86.  90.  92.  94.
  97.  97.][-100. -100. -100.  -99.  -97.  -96.  -96.  -96.  -94.  -92.  -90.  -90.
  -88.  -88.  -82.  -80.  -73.  -72.  -72.  -71.  -68.  -65.  -64.  -63.
  -62.  -62.  -62.  -61.  -59.  -57.  -53.  -51.  -51.  -51.  -50.  -47.
  -44.  -42.  -39.  -35.  -33.  -33.  -29.  -24.  -20.  -20.  -20.  -19.
  -19.  -17.  -16.  -15.  -15.  -11.   -8.   -3.   -1.   -1.    2.    2.
    2.    3.    3.    5.   12.   16.   17.   17.   18.   20.   27.   31.
   32.   41.   42.   43.   46.   48.   55.   57.   58.   59.   60.   64.
   66.   70.   71.   72.   73.   73.   73.   74.   77.   82.   83.   87.
   90.   91.   92.  100.][-100.  -99.  -98.  -98.  -94.  -89.  -89.  -86.  -84.  -84.  -84.  -83.
  -80.  -75.  -72.  -72.  -72.  -69.  -69.  -67.  -60.  -59.  -56.  -55.
  -54.  -51.  -50.  -50.  -49.  -47.  -45.  -41.  -40.  -39.  -38.  -37.
  -32.  -32.  -32.  -31.  -25.  -24.  -20.  -19.  -17.  -15.  -13.  -12.
   -6.   -2.    2.    2.    4.    4.    7.   11.   12.   13.   14.   17.
   18.   18.   20.   20.   20.   21.   22.   24.   26.   27.   28.   34.
   39.   43.   45.   46.   46.   46.   48.   49.   54.   59.   60.   64.
   71.   74.   76.   78.   80.   80.   80.   80.   80.   82.   82.   86.
   90.   92.   94.   99.][-100.  -98.  -97.  -96.  -94.  -92.  -90.  -90.  -88.  -87.  -86.  -85.
  -84.  -84.  -82.  -74.  -71.  -71.  -70.  -69.  -68.  -68.  -68.  -68.
  -67.  -64.  -63.  -63.  -58.  -53.  -52.  -46.  -46.  -43.  -41.  -39.
  -35.  -33.  -33.  -33.  -28.  -24.  -21.  -20.  -18.  -12.  -10.   -8.
   -5.   -5.   -4.   -4.    0.    2.    5.    6.    6.    7.    7.   10.
   11.   12.   14.   16.   18.   21.   24.   25.   34.   34.   36.   38.
   39.   40.   42.   50.   57.   58.   61.   62.   63.   63.   64.   67.
   67.   69.   69.   74.   78.   79.   80.   84.   87.   88.   92.   92.
   93.   97.   97.  100.][-100.  -95.  -93.  -90.  -90.  -86.  -83.  -79.  -77.  -72.  -71.  -70.
  -69.  -68.  -68.  -66.  -62.  -61.  -61.  -61.  -61.  -58.  -57.  -54.
  -51.  -48.  -44.  -43.  -36.  -34.  -32.  -22.  -22.  -20.  -20.  -19.
  -17.  -15.  -15.  -14.  -11.  -11.  -10.   -9.   -8.   -8.   -8.   -5.
   -5.   -5.   -4.   -4.   -1.    0.    0.    3.    4.   10.   13.   13.
   13.   14.   17.   21.   23.   24.   24.   31.   32.   36.   38.   39.
   47.   52.   55.   57.   58.   59.   59.   62.   63.   63.   66.   66.
   68.   69.   69.   72.   77.   80.   82.   82.   87.   89.   89.   92.
   94.   95.   98.   99.][-100.  -99.  -99.  -97.  -95.  -94.  -94.  -91.  -89.  -87.  -83.  -82.
  -81.  -79.  -78.  -68.  -65.  -60.  -57.  -49.  -47.  -45.  -45.  -45.
  -43.  -43.  -41.  -40.  -39.  -38.  -34.  -32.  -31.  -29.  -27.  -26.
  -24.  -22.  -22.  -17.  -14.  -13.  -13.  -12.   -8.   -5.   -3.   -2.
   -1.    0.    3.    4.    5.    6.    7.   10.   12.   15.   21.   22.
   23.   27.   30.   30.   31.   32.   33.   35.   37.   41.   44.   47.
   48.   48.   48.   49.   50.   50.   54.   54.   56.   57.   57.   59.
   60.   61.   62.   67.   68.   68.   69.   76.   77.   81.   81.   83.
   88.   92.   98.  100.][-94. -91. -88. -87. -85. -84. -84. -80. -80. -78. -74. -74. -73. -73.
 -69. -66. -65. -65. -64. -59. -58. -54. -50. -48. -46. -44. -44. -42.
 -41. -41. -39. -39. -33. -32. -32. -28. -28. -23. -23. -23. -21. -21.
 -20. -15. -15. -15. -14. -12. -11.  -9.  -8.  -6.  -4.   3.   6.   9.
  11.  11.  11.  13.  14.  14.  15.  17.  18.  18.  21.  23.  23.  29.
  36.  38.  42.  43.  43.  44.  44.  44.  45.  45.  45.  45.  46.  49.
  50.  50.  51.  52.  54.  58.  63.  64.  66.  71.  71.  83.  87.  92.
  97. 100.][-98. -98. -94. -94. -88. -82. -81. -80. -78. -77. -75. -75. -72. -72.
 -71. -71. -69. -67. -65. -65. -61. -59. -58. -57. -57. -56. -56. -53.
 -51. -48. -47. -46. -43. -40. -35. -33. -33. -32. -32. -28. -24. -24.
 -23. -18. -18. -17. -16. -16. -12. -11. -11.  -8.  -8.  -7.  -7.  -1.
  -1.   1.   2.   4.   5.   7.   8.  10.  15.  19.  19.  19.  20.  22.
  22.  23.  27.  27.  32.  33.  36.  39.  40.  51.  51.  61.  64.  65.
  69.  72.  76.  76.  77.  84.  86.  86.  89.  89.  92.  93.  94.  98.
  98. 100.][-96. -96. -95. -93. -91. -89. -87. -87. -84. -83. -83. -81. -80. -77.
 -77. -76. -76. -71. -71. -70. -70. -66. -60. -59. -57. -56. -55. -54.
 -51. -49. -43. -40. -39. -38. -38. -37. -37. -31. -29. -27. -27. -26.
 -26. -25. -24. -21. -20. -19. -18. -16. -14. -11.  -8.  -7.  -2.  -1.
  -1.   4.   6.   8.  10.  12.  16.  17.  18.  18.  23.  24.  27.  28.
  32.  32.  39.  41.  42.  49.  50.  58.  59.  62.  63.  66.  69.  71.
  81.  81.  81.  84.  84.  84.  84.  86.  89.  89.  92.  92.  93.  98.
  99. 100.][-97. -86. -86. -84. -83. -82. -81. -80. -79. -79. -79. -79. -77. -69.
 -67. -61. -61. -57. -55. -53. -48. -41. -39. -38. -38. -37. -35. -35.
 -35. -32. -31. -28. -27. -26. -25. -24. -22. -20. -18. -17. -14. -12.
  -8.  -7.  -7.  -5.  -4.  -3.  -2.  -1.   1.   1.   2.   4.   6.   7.
   7.   8.   9.  11.  14.  15.  16.  19.  20.  29.  33.  40.  42.  44.
  45.  47.  49.  50.  52.  53.  58.  59.  62.  62.  64.  67.  69.  70.
  77.  78.  80.  82.  85.  91.  92.  95.  95.  96.  97.  97.  97.  98.
  99. 100.][-100. -100.  -99.  -98.  -98.  -94.  -91.  -87.  -86.  -86.  -85.  -85.
  -84.  -84.  -80.  -80.  -79.  -79.  -75.  -71.  -70.  -68.  -65.  -63.
  -55.  -47.  -46.  -45.  -45.  -44.  -41.  -40.  -40.  -35.  -34.  -31.
  -30.  -30.  -30.  -26.  -26.  -22.  -21.  -16.  -15.   -8.   -8.    3.
    4.    4.   13.   15.   16.   16.   18.   20.   20.   25.   26.   26.
   26.   34.   34.   38.   38.   39.   40.   47.   47.   48.   48.   51.
   51.   53.   54.   60.   60.   62.   63.   64.   66.   67.   67.   69.
   73.   74.   74.   75.   75.   76.   77.   84.   85.   86.   87.   88.
   92.   93.   96.   99.][-100.  -99.  -99.  -95.  -95.  -93.  -92.  -90.  -86.  -84.  -83.  -83.
  -79.  -78.  -77.  -73.  -71.  -67.  -65.  -65.  -62.  -60.  -60.  -52.
  -50.  -49.  -49.  -47.  -42.  -38.  -36.  -34.  -30.  -24.  -21.  -19.
  -15.  -15.  -13.  -12.  -11.  -11.  -10.   -5.   -5.   -4.   -1.    2.
    4.    5.    5.    6.    6.    7.   12.   14.   15.   17.   20.   26.
   30.   31.   31.   34.   35.   37.   40.   41.   42.   47.   49.   49.
   50.   52.   54.   56.   60.   61.   61.   64.   64.   65.   68.   70.
   74.   76.   77.   79.   81.   82.   83.   87.   88.   88.   90.   90.
   92.   94.   96.   97.][-93. -92. -92. -89. -86. -86. -82. -80. -78. -71. -70. -68. -68. -65.
 -63. -62. -59. -58. -57. -55. -53. -53. -49. -49. -48. -46. -46. -45.
 -40. -35. -31. -31. -29. -29. -27. -25. -23. -19. -19. -17. -17. -16.
  -7.  -5.  -4.  -3.  -1.   1.   5.   6.   9.   9.  12.  15.  19.  23.
  23.  24.  24.  24.  26.  28.  29.  31.  33.  34.  35.  37.  37.  38.
  45.  48.  48.  51.  56.  60.  65.  68.  69.  69.  72.  74.  75.  78.
  78.  82.  83.  86.  86.  90.  90.  92.  93.  94.  94.  95.  97.  98.
 100. 100.][-100.  -98.  -95.  -94.  -93.  -91.  -89.  -87.  -83.  -82.  -81.  -79.
  -77.  -76.  -76.  -74.  -72.  -70.  -69.  -69.  -69.  -68.  -65.  -64.
  -61.  -60.  -60.  -59.  -57.  -56.  -50.  -48.  -46.  -45.  -44.  -43.
  -43.  -38.  -37.  -37.  -34.  -31.  -30.  -29.  -29.  -27.  -24.  -22.
  -22.    3.    4.    7.   13.   14.   17.   19.   22.   22.   25.   25.
   26.   28.   30.   33.   34.   35.   36.   37.   37.   40.   44.   45.
   47.   55.   56.   58.   58.   60.   60.   63.   69.   69.   71.   73.
   79.   82.   87.   90.   91.   92.   92.   93.   94.   96.   96.   97.
   97.   98.   98.   99.][-99. -94. -94. -92. -90. -88. -87. -85. -85. -81. -80. -79. -77. -76.
 -75. -72. -72. -72. -66. -64. -58. -56. -56. -53. -52. -48. -42. -41.
 -40. -40. -39. -38. -38. -37. -35. -33. -33. -31. -29. -25. -25. -23.
 -22. -18. -18. -13.  -6.  -6.  -3.   0.   4.   9.  13.  14.  16.  16.
  17.  20.  22.  24.  24.  28.  33.  34.  39.  39.  43.  44.  48.  50.
  52.  57.  61.  63.  64.  65.  66.  67.  69.  69.  69.  71.  71.  73.
  75.  76.  77.  83.  83.  84.  84.  85.  85.  91.  92.  92.  94.  96.
  96.  99.][-99. -99. -97. -96. -96. -94. -90. -87. -84. -82. -82. -79. -79. -70.
 -70. -70. -70. -69. -68. -68. -65. -64. -64. -62. -59. -59. -58. -56.
 -52. -47. -47. -46. -43. -41. -40. -35. -35. -34. -31. -30. -29. -28.
 -28. -27. -20. -16. -15.  -8.  -5.  -4.  -4.  -3.   1.   2.   5.   6.
  10.  15.  16.  16.  18.  20.  22.  28.  31.  32.  34.  36.  44.  46.
  47.  48.  49.  51.  53.  53.  53.  55.  57.  58.  59.  60.  61.  62.
  65.  71.  72.  74.  77.  78.  79.  79.  92.  93.  97.  98.  98.  99.
  99. 100.][-100. -100.  -99.  -95.  -94.  -92.  -91.  -89.  -88.  -83.  -83.  -79.
  -78.  -76.  -69.  -68.  -66.  -64.  -63.  -62.  -59.  -51.  -50.  -49.
  -49.  -47.  -47.  -47.  -46.  -44.  -44.  -43.  -42.  -41.  -37.  -36.
  -33.  -32.  -26.  -25.  -24.  -24.  -24.  -23.  -20.  -19.  -18.  -16.
  -13.  -12.  -10.   -6.   -5.   -1.    1.    1.    3.    3.    3.    5.
    5.    5.    8.   16.   17.   19.   20.   27.   28.   30.   38.   39.
   42.   43.   44.   46.   49.   52.   52.   54.   57.   58.   58.   59.
   63.   66.   66.   69.   71.   72.   77.   81.   81.   81.   82.   86.
   87.   93.   95.   97.][-96. -93. -93. -90. -88. -85. -81. -77. -76. -76. -75. -67. -64. -59.
 -56. -54. -51. -50. -45. -45. -44. -36. -34. -33. -33. -32. -31. -31.
 -31. -25. -24. -19. -19. -18. -15. -15. -14. -13. -12.  -7.  -6.  -5.
  -5.  -3.  -2.   1.   1.   3.   4.   5.   7.   7.   9.   9.  11.  12.
  13.  14.  14.  15.  15.  18.  20.  22.  25.  25.  28.  30.  34.  36.
  41.  43.  44.  45.  47.  52.  53.  58.  60.  61.  62.  63.  64.  66.
  67.  70.  70.  71.  74.  74.  76.  79.  80.  81.  88.  88.  91.  92.
  92.  98.][-97. -97. -95. -84. -84. -82. -82. -79. -74. -71. -71. -67. -66. -64.
 -62. -61. -53. -53. -51. -50. -48. -45. -44. -42. -39. -37. -35. -35.
 -34. -31. -28. -25. -23. -23. -23. -23. -22. -19. -16.  -9.  -8.  -6.
  -6.   0.   0.   1.   1.   2.   2.   4.  10.  12.  13.  13.  14.  14.
  16.  17.  20.  22.  23.  27.  27.  28.  29.  35.  37.  39.  40.  40.
  41.  42.  43.  44.  44.  46.  51.  53.  56.  59.  59.  65.  68.  69.
  72.  73.  75.  78.  78.  86.  86.  90.  91.  92.  93.  96.  96. 100.
 100. 100.][-100. -100.  -99.  -97.  -97.  -96.  -96.  -95.  -92.  -89.  -86.  -83.
  -82.  -81.  -77.  -74.  -74.  -72.  -69.  -66.  -65.  -62.  -61.  -59.
  -58.  -52.  -51.  -48.  -42.  -41.  -38.  -38.  -37.  -37.  -31.  -27.
  -23.  -16.  -13.  -11.   -7.   -7.   -7.   -6.   -2.    1.    1.    2.
    3.    4.    7.    8.    8.    9.   11.   18.   18.   19.   22.   23.
   24.   27.   28.   31.   33.   34.   34.   34.   35.   36.   40.   40.
   40.   41.   44.   45.   45.   52.   52.   54.   57.   57.   59.   60.
   60.   61.   64.   66.   66.   67.   69.   74.   75.   79.   86.   87.
   87.   89.   90.   93.][-99. -93. -93. -90. -89. -88. -88. -86. -85. -85. -85. -79. -79. -76.
 -76. -74. -73. -68. -68. -64. -61. -61. -60. -54. -54. -53. -53. -51.
 -50. -49. -45. -45. -44. -37. -33. -31. -24. -22. -19. -17. -17. -14.
 -14. -11.  -7.  -6.  -5.  -3.  -1.   1.   4.   5.   6.   6.   8.  10.
  11.  12.  17.  21.  26.  28.  29.  29.  30.  30.  30.  35.  36.  36.
  40.  42.  42.  50.  52.  56.  56.  60.  60.  66.  68.  69.  74.  74.
  75.  77.  80.  81.  87.  88.  88.  89.  90.  92.  94.  96.  96.  97.
  99.  99.][-100.  -95.  -95.  -94.  -94.  -91.  -88.  -86.  -86.  -85.  -83.  -79.
  -79.  -78.  -69.  -68.  -66.  -66.  -66.  -65.  -61.  -60.  -58.  -52.
  -51.  -48.  -47.  -45.  -44.  -44.  -40.  -39.  -38.  -38.  -37.  -35.
  -34.  -32.  -31.  -30.  -29.  -25.  -24.  -23.  -23.  -23.  -23.  -19.
  -14.  -12.  -12.  -10.   -9.   -7.   -5.   -2.    1.    6.    7.    7.
    8.   14.   14.   15.   15.   19.   19.   19.   22.   24.   25.   26.
   27.   27.   29.   33.   35.   43.   45.   48.   51.   51.   51.   51.
   54.   55.   56.   57.   57.   58.   64.   67.   68.   73.   80.   80.
   84.   86.   87.   89.][-97. -97. -95. -95. -94. -93. -92. -91. -90. -84. -84. -82. -80. -79.
 -79. -76. -71. -70. -70. -70. -70. -66. -66. -64. -62. -61. -60. -60.
 -54. -53. -51. -49. -41. -38. -32. -26. -21. -17.  -9.  -9.  -7.  -6.
  -3.  -1.  -1.  -1.   0.   1.   2.   4.   7.  17.  19.  19.  24.  25.
  26.  34.  36.  37.  38.  39.  39.  40.  45.  45.  46.  48.  48.  52.
  54.  54.  54.  55.  55.  57.  57.  59.  60.  64.  65.  66.  66.  68.
  70.  73.  76.  76.  77.  78.  78.  81.  85.  86.  86.  89.  89.  90.
  94.  95.][-98. -96. -95. -92. -88. -83. -82. -80. -78. -76. -73. -72. -72. -70.
 -69. -69. -68. -66. -65. -64. -61. -61. -59. -58. -56. -56. -55. -53.
 -52. -52. -50. -48. -45. -42. -40. -34. -31. -29. -27. -23. -22. -20.
 -19. -18. -17. -14. -13. -13. -13. -10. -10. -10.  -5.  -3.  -2.   2.
   3.   6.   8.  11.  12.  14.  15.  17.  21.  22.  23.  25.  29.  30.
  32.  32.  43.  45.  46.  46.  47.  58.  58.  59.  62.  66.  66.  70.
  71.  79.  84.  88.  89.  90.  91.  91.  92.  92.  92.  93.  94.  95.
  95.  95.][-98. -98. -97. -96. -96. -95. -95. -95. -92. -92. -91. -84. -84. -80.
 -80. -77. -77. -75. -74. -73. -71. -71. -70. -68. -63. -60. -58. -57.
 -51. -50. -47. -46. -42. -40. -37. -31. -29. -29. -29. -28. -27. -27.
 -22. -22. -19. -19. -17. -17. -12. -11.  -8.  -6.  -3.  -1.   1.   2.
   5.   9.  12.  13.  13.  17.  19.  25.  28.  30.  32.  36.  36.  37.
  37.  40.  41.  46.  48.  50.  53.  55.  57.  59.  59.  63.  64.  64.
  67.  71.  73.  74.  74.  77.  80.  81.  84.  85.  85.  89.  89.  91.
  95. 100.]