[-96. -95. -94. -92. -92. -90. -89. -89. -82. -82. -79. -79. -73. -72.
 -71. -68. -64. -62. -61. -60. -59. -56. -56. -55. -53. -49. -49. -43.
 -40. -39. -36. -34. -34. -32. -31. -29. -28. -24. -23. -22. -17. -10.
  -8.  -8.  -6.  -6.  -5.  -5.  -4.   0.   5.   9.  10.  16.  20.  21.
  22.  24.  26.  27.  29.  30.  32.  34.  35.  35.  36.  37.  41.  47.
  52.  53.  54.  55.  61.  63.  63.  65.  66.  67.  70.  72.  72.  74.
  76.  79.  80.  82.  82.  83.  84.  85.  86.  87.  89.  89.  91.  94.
  94.  97.][-98. -97. -96. -92. -87. -85. -82. -82. -82. -81. -81. -80. -80. -79.
 -76. -74. -74. -69. -64. -62. -59. -59. -58. -58. -57. -51. -51. -50.
 -49. -43. -41. -40. -39. -39. -34. -34. -33. -32. -26. -26. -23. -22.
 -22. -17. -16. -14. -12. -12.  -9.  -9.  -9.  -7.  -5.  -3.   0.   1.
   1.   3.   5.   6.   7.   8.  10.  11.  12.  17.  26.  28.  31.  35.
  41.  41.  48.  51.  52.  60.  61.  64.  67.  71.  72.  72.  73.  74.
  74.  74.  76.  79.  80.  81.  85.  89.  89.  92.  92.  94.  95.  96.
  96.  96.][-99. -99. -98. -97. -95. -93. -93. -92. -91. -86. -85. -85. -80. -75.
 -75. -74. -71. -69. -69. -69. -64. -62. -62. -61. -54. -53. -47. -42.
 -39. -39. -38. -36. -31. -29. -28. -25. -25. -23. -23. -21. -20. -18.
 -18. -16. -16.  -7.  -6.  -5.  -5.  -4.  -3.   2.   3.   5.  10.  14.
  14.  15.  17.  17.  18.  21.  27.  30.  31.  31.  32.  32.  34.  37.
  37.  41.  42.  44.  46.  46.  53.  54.  54.  57.  59.  62.  69.  70.
  71.  77.  79.  79.  81.  84.  89.  89.  90.  92.  92.  92.  95.  97.
  97.  99.][-99. -96. -93. -92. -91. -91. -90. -90. -89. -88. -87. -87. -85. -84.
 -77. -77. -75. -71. -70. -67. -66. -63. -62. -60. -59. -56. -51. -48.
 -46. -43. -42. -42. -41. -41. -39. -38. -36. -34. -32. -32. -29. -25.
 -24. -23. -20. -15. -13. -10.  -9.  -9.  -8.  -6.   2.   2.   4.   5.
   6.   6.   7.  10.  11.  15.  15.  18.  19.  21.  22.  26.  30.  38.
  42.  44.  44.  45.  48.  49.  50.  51.  53.  57.  57.  60.  62.  65.
  66.  66.  72.  73.  74.  75.  77.  82.  86.  87.  88.  88.  97.  97.
  98.  99.][-99. -99. -97. -89. -89. -88. -84. -77. -76. -76. -76. -76. -74. -74.
 -71. -71. -71. -70. -70. -70. -68. -67. -67. -62. -60. -57. -57. -52.
 -51. -50. -46. -45. -45. -42. -38. -37. -37. -34. -34. -32. -25. -24.
 -21. -18. -17. -13. -12. -10.  -8.  -8.  -7.  -6.  -5.  -2.   0.   7.
   9.  10.  11.  11.  16.  18.  20.  23.  26.  30.  30.  30.  37.  37.
  41.  45.  48.  53.  53.  62.  64.  69.  71.  71.  75.  75.  76.  77.
  77.  78.  78.  81.  82.  83.  84.  86.  87.  89.  92.  94.  95.  98.
  99. 100.][-100.  -99.  -97.  -96.  -95.  -92.  -91.  -86.  -85.  -82.  -81.  -81.
  -76.  -72.  -71.  -69.  -67.  -65.  -61.  -59.  -55.  -55.  -54.  -53.
  -53.  -51.  -49.  -47.  -45.  -40.  -35.  -34.  -34.  -30.  -27.  -23.
  -22.  -18.  -18.  -18.  -16.  -16.  -15.  -12.  -11.   -9.   -5.   -3.
    4.    4.    5.    5.    7.    7.    8.    9.   10.   13.   19.   20.
   22.   24.   24.   25.   27.   28.   34.   38.   38.   39.   39.   40.
   43.   44.   46.   49.   51.   52.   53.   54.   57.   61.   62.   62.
   65.   65.   69.   71.   75.   76.   76.   77.   77.   79.   81.   85.
   87.   87.   87.   96.][-100.  -98.  -95.  -91.  -89.  -88.  -83.  -83.  -82.  -81.  -80.  -80.
  -79.  -77.  -69.  -69.  -68.  -65.  -65.  -63.  -60.  -60.  -60.  -59.
  -56.  -52.  -52.  -52.  -51.  -50.  -49.  -47.  -46.  -41.  -36.  -33.
  -28.  -28.  -27.  -25.  -23.  -22.  -18.  -17.  -17.  -11.  -10.   -7.
   -7.   -5.   -4.   -1.    1.    1.    2.    3.    5.    5.    6.    6.
   14.   16.   23.   24.   29.   37.   38.   40.   41.   42.   43.   45.
   45.   46.   47.   48.   49.   50.   51.   51.   53.   55.   55.   55.
   56.   58.   58.   58.   62.   62.   67.   74.   75.   77.   80.   84.
   86.   88.   88.   96.][-98. -94. -94. -92. -90. -87. -87. -87. -87. -82. -79. -75. -72. -69.
 -65. -64. -62. -62. -62. -59. -58. -57. -56. -52. -52. -49. -48. -47.
 -45. -45. -42. -42. -42. -41. -39. -37. -37. -34. -29. -29. -29. -26.
 -25. -23. -22. -20. -19. -11. -10.  -9.  -8.  -6.  -5.  -2.  -1.   0.
   3.   6.   8.   8.   9.  10.  10.  11.  21.  22.  23.  23.  24.  24.
  30.  33.  36.  39.  42.  42.  42.  46.  47.  49.  51.  56.  57.  58.
  60.  61.  61.  64.  64.  69.  69.  79.  84.  87.  88.  92.  92.  94.
  95.  99.][-99. -98. -96. -95. -95. -93. -93. -92. -91. -90. -88. -87. -87. -73.
 -70. -69. -57. -54. -53. -50. -44. -43. -41. -40. -39. -38. -33. -29.
 -29. -28. -28. -24. -21. -18. -18. -14. -12.  -8.  -6.  -6.  -6.  -3.
  -1.   3.   3.   3.  13.  13.  15.  16.  18.  20.  20.  23.  23.  24.
  24.  27.  28.  30.  31.  36.  37.  39.  40.  40.  41.  41.  42.  44.
  45.  51.  52.  53.  56.  56.  57.  60.  62.  63.  64.  68.  75.  76.
  76.  76.  77.  77.  79.  82.  82.  84.  85.  87.  90.  91.  94.  97.
  97.  98.][-100. -100.  -99.  -99.  -97.  -97.  -97.  -92.  -91.  -91.  -90.  -89.
  -87.  -83.  -82.  -82.  -77.  -76.  -70.  -67.  -66.  -64.  -59.  -56.
  -55.  -54.  -53.  -48.  -47.  -45.  -44.  -40.  -40.  -40.  -38.  -38.
  -36.  -33.  -31.  -29.  -22.  -20.  -20.  -17.  -15.  -14.   -9.   -8.
   -7.   -6.   -4.    4.    7.    9.   10.   11.   14.   14.   19.   20.
   20.   20.   22.   23.   23.   26.   28.   28.   29.   33.   33.   33.
   44.   44.   49.   49.   52.   55.   55.   57.   57.   60.   60.   66.
   67.   70.   71.   71.   75.   76.   77.   79.   79.   80.   83.   87.
   87.   91.   92.   93.][-98. -98. -95. -85. -84. -84. -76. -74. -74. -72. -72. -68. -67. -63.
 -60. -58. -58. -57. -56. -52. -51. -45. -44. -40. -39. -39. -32. -31.
 -31. -27. -25. -23. -20. -18. -17. -12. -11. -11. -10. -10.  -9.  -7.
  -6.  -5.  -2.   0.   3.   3.   8.  10.  14.  15.  15.  18.  22.  22.
  22.  23.  24.  27.  28.  28.  30.  32.  33.  34.  36.  37.  39.  39.
  40.  43.  43.  45.  47.  50.  50.  53.  53.  54.  55.  59.  60.  62.
  63.  64.  70.  72.  74.  77.  78.  78.  79.  81.  82.  83.  89.  91.
  95.  97.][-100.  -97.  -96.  -94.  -92.  -91.  -89.  -85.  -78.  -76.  -68.  -66.
  -66.  -63.  -62.  -62.  -62.  -62.  -60.  -57.  -57.  -57.  -57.  -56.
  -55.  -55.  -52.  -49.  -48.  -48.  -46.  -44.  -44.  -43.  -41.  -36.
  -34.  -33.  -32.  -31.  -28.  -27.  -25.  -25.  -25.  -24.  -23.  -22.
  -19.  -19.  -19.  -19.  -18.  -17.  -15.   -7.   -5.   -5.    1.    2.
    2.    3.    5.    8.   11.   18.   20.   22.   23.   25.   26.   28.
   34.   39.   43.   45.   46.   47.   49.   50.   52.   53.   53.   55.
   55.   59.   60.   64.   67.   73.   73.   74.   81.   85.   87.   90.
   92.   94.   99.  100.][-100.  -99.  -98.  -96.  -95.  -94.  -94.  -91.  -90.  -89.  -89.  -87.
  -84.  -84.  -83.  -80.  -79.  -78.  -78.  -78.  -75.  -74.  -72.  -71.
  -71.  -70.  -65.  -64.  -64.  -63.  -60.  -47.  -46.  -41.  -40.  -39.
  -39.  -38.  -37.  -36.  -31.  -30.  -25.  -24.  -19.  -18.  -16.  -15.
  -15.  -13.  -11.   -9.   -8.   -7.   -3.    0.    0.    2.    2.    3.
    6.    7.   11.   18.   22.   22.   23.   24.   26.   27.   30.   31.
   32.   33.   33.   33.   34.   34.   37.   38.   40.   43.   48.   49.
   52.   54.   56.   57.   58.   58.   61.   65.   66.   66.   72.   76.
   79.   85.   88.   88.][-99. -98. -98. -92. -89. -86. -85. -85. -83. -82. -76. -75. -73. -72.
 -72. -70. -70. -68. -66. -65. -64. -63. -61. -61. -57. -53. -49. -48.
 -46. -44. -43. -41. -41. -39. -38. -37. -36. -36. -31. -27. -27. -26.
 -25. -22. -21. -14.  -8.  -7.  -6.  -2.   0.   1.   1.   4.   6.  11.
  12.  15.  16.  19.  21.  21.  27.  29.  38.  39.  39.  40.  42.  45.
  46.  50.  52.  52.  56.  56.  59.  60.  61.  66.  69.  71.  72.  73.
  81.  82.  83.  83.  84.  88.  89.  89.  92.  93.  95.  96.  97.  99.
  99.  99.][-100.  -99.  -98.  -97.  -96.  -95.  -91.  -90.  -89.  -89.  -88.  -87.
  -87.  -86.  -86.  -86.  -85.  -83.  -82.  -77.  -77.  -76.  -68.  -67.
  -66.  -65.  -64.  -63.  -63.  -63.  -62.  -62.  -60.  -59.  -59.  -54.
  -54.  -51.  -50.  -47.  -46.  -46.  -44.  -44.  -43.  -41.  -40.  -40.
  -39.  -38.  -38.  -37.  -36.  -34.  -28.  -27.  -22.  -21.  -19.  -18.
  -14.   -4.   -4.   -1.   10.   11.   14.   19.   22.   27.   28.   29.
   34.   34.   38.   38.   45.   48.   52.   62.   63.   64.   64.   67.
   69.   70.   72.   73.   74.   77.   81.   82.   84.   86.   86.   87.
   87.   90.   91.   98.][-100.  -98.  -87.  -86.  -82.  -81.  -80.  -80.  -79.  -78.  -76.  -75.
  -74.  -74.  -74.  -69.  -68.  -67.  -67.  -66.  -65.  -60.  -57.  -56.
  -53.  -50.  -46.  -44.  -42.  -42.  -35.  -33.  -32.  -25.  -25.  -23.
  -20.  -18.  -18.  -16.  -15.  -13.  -12.   -7.   -7.   -4.   -1.    3.
    3.    3.    4.    6.   10.   12.   15.   23.   24.   25.   27.   27.
   28.   31.   31.   36.   39.   43.   44.   46.   47.   48.   50.   53.
   53.   54.   55.   60.   60.   60.   62.   64.   68.   72.   72.   73.
   73.   74.   76.   76.   76.   77.   80.   81.   84.   89.   91.   92.
   95.   96.   96.   99.][-100.  -97.  -95.  -95.  -95.  -90.  -82.  -81.  -80.  -75.  -75.  -74.
  -69.  -68.  -67.  -65.  -61.  -60.  -59.  -58.  -54.  -54.  -52.  -51.
  -51.  -42.  -41.  -40.  -40.  -35.  -34.  -33.  -32.  -31.  -30.  -28.
  -27.  -26.  -26.  -24.  -24.  -23.  -21.  -20.  -18.  -17.  -16.  -15.
   -9.   -9.   -7.   -3.   -1.   -1.    0.    8.    9.   14.   16.   21.
   26.   28.   29.   31.   35.   37.   45.   46.   46.   48.   49.   50.
   51.   51.   53.   54.   55.   55.   58.   60.   62.   62.   63.   64.
   66.   68.   69.   71.   74.   76.   76.   77.   81.   84.   84.   84.
   85.   85.   86.  100.][-100.  -95.  -93.  -92.  -90.  -88.  -87.  -86.  -85.  -85.  -84.  -83.
  -79.  -78.  -78.  -77.  -76.  -74.  -69.  -66.  -63.  -62.  -62.  -55.
  -52.  -52.  -49.  -49.  -48.  -43.  -37.  -36.  -36.  -35.  -32.  -29.
  -29.  -27.  -26.  -24.  -23.  -22.  -21.  -20.  -19.  -17.  -16.  -12.
  -12.  -10.   -3.   -2.   -1.   -1.    0.    2.    4.    6.   11.   11.
   12.   13.   13.   15.   15.   16.   18.   20.   20.   22.   23.   30.
   30.   31.   40.   40.   49.   50.   52.   52.   56.   56.   57.   58.
   59.   64.   65.   68.   70.   71.   74.   77.   85.   85.   90.   90.
   95.   96.   98.   98.][-99. -97. -96. -95. -94. -93. -92. -90. -87. -85. -84. -73. -69. -69.
 -68. -68. -67. -65. -65. -60. -59. -58. -54. -53. -51. -51. -47. -46.
 -46. -45. -45. -43. -40. -38. -38. -31. -29. -25. -24. -22. -19. -17.
 -12. -12. -12.  -9.  -9.  -8.  -4.  -4.  -2.   5.   6.  11.  13.  15.
  16.  19.  19.  21.  22.  25.  28.  37.  37.  41.  42.  43.  46.  47.
  48.  52.  54.  55.  61.  62.  64.  65.  68.  69.  69.  69.  70.  70.
  70.  71.  79.  82.  82.  83.  85.  85.  86.  86.  87.  91.  94.  97.
  99. 100.][-100.  -95.  -91.  -82.  -81.  -76.  -76.  -76.  -75.  -71.  -71.  -70.
  -63.  -60.  -58.  -58.  -58.  -58.  -54.  -54.  -52.  -51.  -51.  -51.
  -44.  -40.  -39.  -36.  -36.  -36.  -34.  -33.  -32.  -31.  -30.  -27.
  -25.  -25.  -24.  -23.  -18.  -17.  -16.  -11.   -7.   -5.   -3.    0.
    4.    5.    5.    6.    7.    8.    8.   10.   14.   14.   17.   17.
   18.   20.   21.   22.   24.   26.   27.   32.   34.   34.   39.   40.
   45.   48.   49.   49.   51.   56.   56.   56.   60.   61.   65.   66.
   67.   69.   74.   76.   77.   77.   78.   79.   80.   81.   84.   86.
   87.   87.   97.   99.][-92. -90. -85. -85. -83. -81. -75. -73. -73. -71. -67. -67. -67. -66.
 -65. -62. -62. -57. -57. -52. -50. -48. -48. -47. -45. -44. -43. -40.
 -40. -37. -37. -32. -31. -30. -29. -28. -20. -20. -17. -14.  -6.  -6.
  -6.  -2.  -1.   0.   1.   3.   3.   3.   3.   3.   4.   9.  13.  14.
  16.  18.  20.  20.  24.  26.  30.  30.  30.  31.  31.  34.  38.  40.
  41.  47.  48.  48.  51.  51.  51.  53.  54.  54.  55.  56.  58.  61.
  62.  62.  66.  69.  70.  70.  72.  78.  81.  82.  86.  90.  94.  95.
  96.  97.][-99. -96. -95. -95. -94. -91. -90. -89. -87. -85. -85. -84. -78. -71.
 -67. -67. -66. -62. -56. -53. -51. -47. -46. -46. -44. -44. -39. -39.
 -36. -35. -33. -32. -31. -31. -30. -29. -26. -25. -24. -23. -19. -18.
 -16. -16. -15. -11. -10. -10.  -8.  -5.   1.   4.   6.   6.   8.   9.
  11.  12.  13.  13.  15.  16.  17.  19.  21.  23.  24.  28.  28.  29.
  30.  31.  37.  37.  39.  41.  41.  43.  44.  47.  53.  54.  54.  57.
  57.  59.  64.  65.  67.  68.  68.  70.  77.  81.  81.  86.  87.  89.
  89.  89.][-99. -97. -96. -96. -93. -89. -88. -88. -88. -87. -87. -86. -86. -81.
 -80. -79. -78. -78. -78. -75. -72. -68. -68. -63. -61. -60. -55. -55.
 -51. -48. -46. -46. -45. -44. -39. -38. -38. -38. -36. -35. -32. -25.
 -21. -19. -19. -18. -16. -15. -15. -14. -13. -12.  -4.  -4.  -3.  -3.
  -1.   0.   4.   6.   8.  16.  18.  18.  20.  24.  25.  28.  29.  30.
  31.  32.  32.  33.  35.  35.  40.  44.  48.  50.  56.  64.  64.  68.
  70.  73.  74.  74.  75.  75.  78.  80.  81.  89.  90.  91.  92.  94.
  99. 100.][-100.  -96.  -93.  -92.  -89.  -85.  -85.  -84.  -80.  -77.  -76.  -75.
  -71.  -68.  -65.  -64.  -63.  -59.  -59.  -58.  -58.  -58.  -52.  -50.
  -49.  -47.  -47.  -47.  -44.  -44.  -39.  -38.  -36.  -35.  -35.  -34.
  -33.  -31.  -29.  -29.  -29.  -19.  -16.  -16.  -16.  -15.  -13.  -13.
   -9.   -9.   -5.   -4.    0.    2.    5.   11.   12.   14.   14.   15.
   16.   20.   21.   21.   24.   24.   28.   32.   37.   38.   39.   43.
   45.   46.   47.   49.   50.   52.   52.   58.   58.   62.   64.   65.
   66.   68.   68.   74.   79.   80.   81.   88.   90.   91.   94.   94.
   94.   96.   96.   98.][-100.  -98.  -98.  -98.  -95.  -89.  -89.  -89.  -89.  -89.  -87.  -86.
  -84.  -81.  -80.  -80.  -80.  -79.  -78.  -78.  -75.  -75.  -72.  -70.
  -70.  -69.  -67.  -66.  -61.  -58.  -57.  -55.  -51.  -51.  -51.  -50.
  -49.  -48.  -48.  -46.  -44.  -43.  -42.  -42.  -35.  -35.  -34.  -29.
  -25.  -24.  -24.  -21.  -18.  -18.  -15.  -10.   -6.    3.    4.    5.
   16.   17.   19.   22.   26.   29.   30.   31.   33.   33.   35.   37.
   40.   42.   43.   43.   44.   46.   58.   62.   65.   65.   68.   70.
   70.   72.   72.   77.   78.   80.   83.   84.   85.   85.   87.   88.
   89.   91.   94.   97.][-100. -100.  -97.  -96.  -95.  -93.  -89.  -87.  -86.  -86.  -86.  -86.
  -85.  -85.  -80.  -73.  -72.  -71.  -70.  -68.  -65.  -62.  -60.  -58.
  -57.  -51.  -50.  -47.  -35.  -33.  -32.  -26.  -20.  -20.  -17.  -16.
  -14.  -14.  -11.   -9.   -4.    0.    0.    2.    2.    2.    6.    9.
   14.   18.   19.   19.   22.   22.   24.   25.   26.   26.   27.   28.
   29.   31.   34.   35.   38.   38.   39.   42.   46.   46.   48.   50.
   50.   51.   54.   54.   55.   58.   59.   59.   60.   61.   61.   66.
   66.   67.   67.   71.   77.   77.   80.   81.   82.   86.   87.   87.
   88.   90.   91.   95.][-99. -98. -95. -94. -90. -89. -88. -85. -84. -82. -81. -80. -79. -78.
 -75. -70. -70. -66. -65. -65. -63. -63. -61. -59. -53. -53. -52. -52.
 -43. -42. -42. -41. -37. -36. -36. -35. -33. -32. -31. -31. -29. -29.
 -29. -27. -27. -20. -17. -14. -12. -12.  -6.  -5.  -3.   0.   1.   1.
   3.   4.   9.  10.  11.  13.  14.  16.  18.  19.  20.  22.  27.  30.
  30.  37.  39.  41.  44.  45.  47.  52.  52.  52.  64.  68.  75.  76.
  77.  77.  78.  78.  82.  82.  83.  84.  93.  94.  95.  96.  96.  97.
  98.  99.][-99. -99. -98. -97. -93. -92. -86. -86. -84. -84. -83. -83. -81. -78.
 -77. -75. -74. -73. -73. -73. -71. -67. -66. -64. -64. -60. -58. -52.
 -46. -45. -45. -44. -42. -39. -36. -34. -31. -31. -30. -29. -27. -21.
 -20. -19. -19. -19. -16. -15.  -7.  -7.  -5.  -4.  -4.  -1.   0.   2.
   9.   9.  11.  12.  14.  14.  15.  16.  18.  25.  25.  30.  30.  33.
  36.  39.  43.  44.  52.  54.  56.  58.  58.  60.  60.  61.  62.  66.
  68.  70.  70.  72.  75.  79.  80.  85.  86.  89.  89.  90.  91.  92.
  93.  95.][-100.  -99.  -98.  -96.  -96.  -94.  -94.  -92.  -89.  -86.  -86.  -85.
  -80.  -75.  -72.  -71.  -71.  -68.  -59.  -58.  -58.  -57.  -55.  -51.
  -49.  -48.  -48.  -48.  -47.  -45.  -45.  -44.  -43.  -41.  -40.  -29.
  -27.  -25.  -23.  -22.  -21.  -16.  -15.  -12.  -11.   -7.   -7.   -1.
    0.    1.    2.   10.   12.   15.   16.   18.   20.   21.   26.   27.
   30.   30.   31.   34.   34.   34.   34.   36.   37.   37.   47.   48.
   49.   54.   55.   56.   58.   58.   59.   59.   61.   64.   68.   69.
   70.   72.   72.   73.   73.   73.   74.   84.   84.   85.   89.   89.
   91.   93.   93.   98.][-98. -94. -92. -92. -91. -89. -87. -87. -85. -85. -78. -75. -74. -73.
 -68. -68. -68. -68. -67. -65. -64. -61. -60. -53. -53. -53. -52. -47.
 -45. -40. -40. -38. -36. -35. -32. -31. -29. -26. -26. -25. -21. -20.
 -17. -17. -16.  -5.   0.   1.   1.   1.   4.   5.   6.   8.   8.   9.
  10.  14.  16.  20.  21.  23.  24.  25.  26.  27.  29.  35.  39.  44.
  44.  46.  47.  48.  50.  50.  51.  56.  56.  57.  57.  63.  63.  68.
  71.  72.  73.  73.  76.  77.  79.  84.  89.  89.  90.  90.  93.  93.
  96.  97.][-100.  -98.  -97.  -94.  -92.  -89.  -89.  -88.  -87.  -85.  -84.  -79.
  -76.  -71.  -70.  -69.  -69.  -67.  -64.  -64.  -59.  -54.  -50.  -50.
  -49.  -49.  -48.  -47.  -46.  -45.  -36.  -36.  -35.  -33.  -33.  -30.
  -27.  -27.  -25.  -16.  -13.   -9.   -7.   -7.   -6.   -5.   -3.   -3.
    0.    0.    0.    4.    6.   11.   14.   17.   17.   23.   26.   28.
   36.   37.   39.   40.   41.   41.   42.   46.   50.   51.   55.   55.
   57.   60.   60.   60.   61.   62.   65.   69.   70.   73.   74.   75.
   76.   76.   79.   80.   81.   87.   89.   89.   90.   93.   93.   94.
   94.   96.   98.  100.][-100.  -99.  -98.  -97.  -96.  -92.  -90.  -89.  -89.  -87.  -84.  -82.
  -82.  -79.  -75.  -73.  -72.  -71.  -66.  -65.  -64.  -63.  -59.  -59.
  -56.  -55.  -54.  -51.  -51.  -44.  -43.  -42.  -42.  -41.  -38.  -38.
  -35.  -34.  -30.  -23.  -13.  -11.  -10.   -6.   -5.   -4.   -4.   -2.
   -1.    2.    3.    4.    4.    4.    5.   12.   13.   17.   17.   17.
   19.   22.   27.   28.   29.   32.   35.   35.   38.   38.   42.   48.
   49.   50.   51.   52.   54.   54.   54.   54.   55.   56.   56.   58.
   61.   65.   67.   67.   68.   71.   73.   75.   76.   81.   87.   93.
   94.   95.   95.   98.][-93. -90. -84. -84. -84. -82. -82. -81. -79. -79. -76. -73. -71. -70.
 -62. -62. -62. -60. -59. -57. -57. -55. -54. -54. -54. -52. -52. -49.
 -47. -38. -36. -34. -33. -31. -30. -30. -28. -27. -24. -24. -23. -21.
 -21. -14. -12.  -8.  -8.  -6.  -5.  -4.  -1.   1.   2.   3.   6.   8.
   9.   9.  13.  14.  15.  18.  19.  19.  20.  22.  22.  32.  34.  35.
  39.  40.  44.  45.  46.  47.  53.  54.  54.  58.  58.  58.  61.  65.
  66.  69.  71.  77.  80.  82.  84.  86.  89.  92.  93.  93.  94.  97.
  98.  99.][-96. -93. -92. -91. -81. -81. -79. -78. -78. -74. -73. -72. -68. -66.
 -65. -65. -63. -62. -62. -58. -57. -55. -55. -53. -49. -49. -48. -47.
 -46. -45. -42. -41. -39. -35. -35. -34. -33. -32. -31. -29. -22. -21.
 -18. -18. -17. -16. -15. -13. -11.  -9.  -8.  -7.  -6.  -5.  -3.   0.
   0.   0.   6.   7.  12.  14.  15.  17.  19.  20.  21.  21.  24.  25.
  26.  27.  28.  32.  33.  37.  40.  41.  42.  43.  44.  49.  51.  51.
  52.  55.  56.  65.  67.  67.  67.  74.  75.  84.  84.  91.  92.  94.
  98. 100.][-100.  -97.  -93.  -91.  -88.  -86.  -82.  -79.  -76.  -75.  -74.  -71.
  -68.  -64.  -64.  -63.  -58.  -57.  -56.  -55.  -54.  -53.  -47.  -46.
  -45.  -40.  -39.  -37.  -33.  -26.  -25.  -22.  -20.  -20.  -16.  -15.
  -14.  -14.   -9.   -8.   -3.   -3.    0.    0.    2.    2.    2.    4.
    7.    7.   13.   13.   14.   14.   18.   24.   25.   26.   26.   27.
   30.   31.   37.   37.   40.   42.   43.   44.   45.   46.   47.   47.
   51.   51.   52.   52.   54.   60.   60.   61.   61.   63.   63.   66.
   67.   68.   69.   70.   72.   74.   78.   78.   78.   78.   79.   82.
   82.   89.   92.   95.][-100.  -98.  -92.  -92.  -87.  -85.  -84.  -83.  -81.  -80.  -78.  -77.
  -76.  -72.  -72.  -71.  -71.  -71.  -69.  -67.  -66.  -62.  -53.  -50.
  -48.  -44.  -44.  -44.  -42.  -41.  -39.  -39.  -37.  -37.  -37.  -35.
  -34.  -32.  -31.  -29.  -27.  -26.  -23.  -22.  -17.  -15.  -14.  -14.
  -10.  -10.  -10.   -7.   -6.    1.    2.    6.    7.   10.   15.   17.
   19.   22.   23.   23.   23.   23.   25.   32.   32.   34.   35.   36.
   37.   40.   40.   42.   43.   45.   52.   54.   54.   56.   57.   58.
   58.   65.   65.   66.   77.   78.   79.   82.   84.   88.   89.   90.
   90.   92.   96.   97.][-94. -90. -88. -85. -82. -80. -79. -76. -75. -73. -71. -71. -68. -67.
 -63. -56. -56. -55. -55. -55. -54. -52. -49. -49. -48. -48. -46. -45.
 -45. -45. -44. -43. -42. -36. -34. -32. -29. -28. -26. -24. -17. -16.
 -16. -14. -13. -13. -11.  -9.  -5.  -4.  -4.   0.   0.   1.   1.   3.
   5.   5.   7.   8.  14.  16.  17.  17.  19.  20.  24.  26.  26.  35.
  37.  38.  38.  40.  48.  50.  51.  57.  58.  59.  64.  69.  69.  70.
  71.  73.  73.  73.  79.  83.  84.  84.  84.  85.  88.  88.  91.  96.
  97.  98.][-98. -95. -92. -85. -82. -79. -75. -75. -74. -71. -70. -69. -68. -68.
 -65. -65. -63. -63. -62. -61. -60. -59. -58. -58. -57. -53. -48. -45.
 -44. -42. -42. -40. -39. -35. -35. -32. -32. -29. -26. -25. -25. -24.
 -23. -22. -15. -14. -12. -11. -10.  -9.  -7.  -4.  -3.   1.   1.  10.
  11.  13.  14.  15.  18.  19.  20.  20.  20.  20.  23.  28.  28.  31.
  32.  34.  35.  37.  37.  41.  43.  43.  45.  46.  47.  47.  48.  49.
  56.  60.  63.  65.  66.  68.  69.  71.  72.  75.  75.  88.  91.  93.
  97.  97.][-100.  -98.  -97.  -97.  -95.  -94.  -94.  -92.  -92.  -87.  -87.  -85.
  -84.  -83.  -83.  -73.  -73.  -72.  -71.  -68.  -68.  -67.  -64.  -63.
  -63.  -63.  -49.  -49.  -44.  -44.  -41.  -38.  -36.  -34.  -32.  -29.
  -28.  -24.  -21.  -21.  -21.  -21.  -21.  -19.  -18.  -13.  -12.  -11.
   -8.   -7.   -7.   -4.    0.    1.    1.    6.    8.    9.   17.   19.
   21.   30.   37.   38.   39.   48.   48.   49.   51.   51.   55.   55.
   56.   57.   58.   58.   59.   61.   63.   68.   69.   75.   75.   75.
   80.   80.   86.   90.   91.   92.   92.   94.   96.   96.   97.   99.
   99.   99.  100.  100.][-99. -96. -94. -93. -91. -90. -86. -86. -85. -81. -81. -81. -81. -80.
 -80. -78. -77. -76. -61. -59. -57. -48. -46. -45. -44. -44. -42. -40.
 -38. -27. -26. -23. -22. -21. -19. -16. -14. -14. -13. -12.  -5.  -5.
   1.   1.   3.   4.  14.  15.  17.  17.  18.  19.  21.  22.  26.  28.
  29.  29.  29.  33.  39.  39.  39.  44.  46.  47.  47.  50.  52.  52.
  53.  56.  57.  59.  59.  60.  60.  61.  62.  63.  64.  68.  69.  74.
  75.  76.  76.  78.  79.  83.  86.  87.  87.  88.  88.  91.  91.  91.
  92.  92.][-100.  -95.  -95.  -94.  -87.  -82.  -80.  -79.  -77.  -73.  -73.  -69.
  -67.  -63.  -61.  -60.  -57.  -56.  -52.  -52.  -51.  -49.  -48.  -48.
  -42.  -40.  -40.  -38.  -31.  -30.  -29.  -29.  -28.  -28.  -28.  -24.
  -20.  -18.  -18.  -16.  -16.  -15.  -11.   -5.   -4.   -3.    1.    8.
   17.   19.   20.   21.   22.   23.   24.   25.   26.   27.   28.   28.
   32.   40.   40.   41.   41.   44.   44.   46.   48.   48.   50.   58.
   65.   67.   67.   67.   71.   73.   73.   75.   75.   76.   77.   80.
   81.   82.   82.   86.   87.   88.   88.   90.   91.   92.   93.   95.
   97.   98.   99.   99.][-99. -98. -97. -96. -93. -89. -86. -85. -82. -81. -79. -78. -76. -70.
 -69. -66. -65. -64. -62. -61. -58. -53. -50. -49. -48. -45. -45. -40.
 -37. -36. -28. -24. -22. -13. -12. -11.  -8.  -5.   1.   2.   2.   6.
   8.   9.   9.  13.  21.  21.  21.  22.  22.  23.  24.  26.  36.  38.
  39.  39.  41.  41.  43.  43.  43.  45.  45.  46.  48.  49.  50.  51.
  56.  59.  59.  60.  60.  63.  65.  65.  67.  68.  68.  68.  69.  70.
  71.  71.  72.  74.  75.  77.  79.  80.  84.  85.  87.  88.  89.  92.
  93.  95.][-99. -97. -95. -95. -93. -90. -86. -82. -82. -81. -79. -78. -77. -75.
 -75. -73. -72. -71. -69. -68. -66. -63. -61. -59. -58. -58. -58. -56.
 -44. -43. -41. -37. -35. -34. -33. -23. -23. -18. -17. -16. -12. -11.
 -11. -10.  -4.  -4.  -1.   0.   4.   7.   7.   9.  10.  14.  15.  19.
  25.  25.  26.  28.  28.  29.  31.  31.  33.  34.  35.  37.  39.  40.
  42.  43.  45.  53.  54.  55.  55.  56.  60.  61.  63.  64.  67.  73.
  74.  74.  77.  77.  80.  81.  83.  84.  85.  85.  88.  88.  91.  94.
  95. 100.][-98. -97. -94. -92. -89. -87. -83. -78. -75. -74. -73. -73. -72. -69.
 -69. -68. -62. -59. -59. -58. -58. -56. -56. -54. -54. -52. -48. -46.
 -44. -43. -41. -41. -39. -37. -36. -35. -31. -28. -22. -19. -17. -14.
 -14. -13. -11.  -8.  -5.  -4.  -1.   0.   1.   2.   3.   3.   3.   8.
   8.  10.  11.  12.  12.  13.  15.  16.  18.  20.  22.  22.  24.  32.
  32.  33.  36.  40.  41.  42.  42.  48.  53.  53.  56.  59.  60.  61.
  62.  63.  64.  67.  67.  68.  76.  78.  79.  85.  86.  86.  86.  87.
  92.  96.][-99. -99. -98. -96. -93. -93. -91. -90. -87. -87. -87. -86. -84. -82.
 -81. -79. -78. -77. -77. -76. -74. -71. -67. -67. -65. -63. -61. -60.
 -57. -55. -55. -48. -47. -47. -47. -37. -32. -30. -20. -18. -17. -16.
 -13. -12. -12. -10.  -4.  -1.   2.   9.  10.  13.  13.  14.  17.  17.
  17.  18.  19.  20.  21.  22.  22.  25.  30.  31.  39.  41.  41.  43.
  45.  45.  45.  46.  46.  50.  53.  54.  54.  54.  59.  59.  62.  67.
  69.  69.  70.  72.  75.  77.  78.  79.  80.  81.  88.  94.  95.  97.
 100. 100.][-97. -97. -97. -96. -93. -90. -85. -82. -79. -77. -73. -73. -69. -68.
 -66. -62. -62. -61. -60. -59. -58. -57. -53. -47. -46. -43. -41. -41.
 -40. -37. -36. -35. -34. -28. -28. -24. -23. -20. -20. -17. -15. -13.
 -13. -12.  -7.  -6.  -5.  -4.  -2.  -2.  -1.   0.   2.   3.   4.   5.
   6.   9.   9.  10.  10.  10.  16.  16.  17.  18.  24.  25.  25.  29.
  29.  30.  30.  33.  34.  35.  39.  41.  45.  46.  47.  52.  52.  61.
  63.  71.  71.  72.  73.  75.  77.  80.  82.  87.  87.  92.  94.  98.
 100. 100.][-99. -97. -96. -96. -95. -94. -94. -90. -89. -86. -85. -76. -75. -70.
 -70. -68. -67. -60. -56. -52. -52. -50. -49. -47. -46. -42. -39. -39.
 -38. -31. -31. -28. -27. -26. -17. -15. -13. -13.  -9.  -9.  -4.  -3.
  -1.   0.   1.   2.   2.   4.   4.   6.  17.  18.  18.  20.  22.  24.
  26.  27.  28.  30.  33.  34.  34.  34.  35.  37.  38.  39.  43.  43.
  44.  48.  48.  52.  55.  57.  59.  67.  67.  71.  71.  74.  75.  75.
  76.  78.  79.  81.  82.  83.  84.  85.  85.  86.  87.  92.  96.  97.
  98. 100.][-99. -99. -98. -96. -95. -94. -93. -91. -90. -87. -86. -84. -79. -78.
 -78. -75. -70. -69. -67. -65. -65. -63. -63. -63. -63. -62. -58. -58.
 -57. -54. -52. -43. -41. -39. -39. -37. -35. -34. -33. -32. -28. -27.
 -27. -25. -25. -25. -20. -17. -14. -14. -13. -12. -11.  -9.  -8.  -7.
  -5.  -3.   0.   0.   0.   3.   3.   3.   6.   7.  13.  14.  19.  21.
  24.  24.  26.  33.  34.  41.  42.  50.  54.  55.  55.  57.  72.  75.
  76.  76.  80.  81.  82.  83.  87.  87.  87.  89.  93.  94.  99.  99.
  99. 100.][-99. -96. -96. -96. -95. -92. -86. -82. -81. -76. -76. -71. -71. -70.
 -69. -68. -68. -57. -46. -45. -45. -43. -41. -38. -38. -38. -35. -35.
 -30. -29. -26. -25. -21. -20. -20. -20. -19.  -9.  -5.  -5.  -1.   2.
  10.  11.  15.  17.  19.  19.  22.  24.  24.  25.  25.  25.  35.  38.
  40.  43.  45.  47.  47.  47.  47.  48.  50.  51.  52.  54.  54.  54.
  56.  56.  57.  58.  61.  62.  63.  64.  66.  67.  69.  72.  74.  74.
  74.  77.  77.  80.  81.  87.  88.  89.  90.  92.  92.  93.  94.  96.
  96. 100.][-100.  -95.  -92.  -91.  -91.  -90.  -89.  -89.  -89.  -87.  -87.  -87.
  -83.  -82.  -79.  -78.  -77.  -74.  -73.  -71.  -69.  -64.  -63.  -59.
  -57.  -57.  -56.  -56.  -54.  -53.  -51.  -50.  -44.  -44.  -42.  -41.
  -40.  -39.  -23.  -23.  -22.  -19.  -18.  -18.  -11.  -10.   -9.   -9.
   -8.   -7.    6.    8.    8.   11.   13.   18.   22.   25.   26.   26.
   27.   29.   30.   32.   35.   39.   40.   43.   43.   43.   45.   46.
   47.   52.   52.   52.   53.   55.   62.   68.   69.   69.   71.   71.
   72.   79.   79.   79.   80.   82.   83.   84.   84.   86.   87.   90.
   90.   91.   92.   95.][-100.  -99.  -95.  -91.  -91.  -89.  -89.  -88.  -87.  -86.  -79.  -77.
  -76.  -73.  -69.  -68.  -68.  -68.  -67.  -66.  -66.  -64.  -64.  -57.
  -56.  -55.  -54.  -54.  -52.  -49.  -48.  -48.  -45.  -40.  -36.  -35.
  -33.  -33.  -32.  -26.  -24.  -24.  -17.  -13.  -12.   -9.    3.    6.
    8.    8.   10.   11.   12.   16.   19.   20.   21.   24.   28.   30.
   31.   33.   38.   39.   39.   40.   40.   43.   44.   48.   53.   55.
   57.   58.   58.   63.   63.   63.   64.   65.   65.   68.   69.   70.
   74.   75.   76.   77.   78.   80.   81.   82.   82.   84.   84.   86.
   86.   88.   96.   98.][-100.  -99.  -98.  -92.  -89.  -85.  -85.  -82.  -81.  -77.  -69.  -68.
  -68.  -67.  -67.  -60.  -54.  -54.  -53.  -52.  -51.  -50.  -48.  -47.
  -46.  -45.  -43.  -42.  -38.  -36.  -34.  -27.  -25.  -24.  -18.  -15.
  -15.  -13.  -12.   -2.   -1.    0.    2.    3.    6.    6.    7.    8.
   12.   14.   15.   18.   18.   18.   20.   23.   26.   27.   30.   31.
   33.   33.   39.   40.   40.   43.   44.   46.   46.   47.   50.   54.
   55.   55.   57.   57.   58.   61.   62.   62.   72.   73.   73.   75.
   77.   77.   77.   77.   77.   86.   86.   87.   88.   89.   90.   95.
   96.   97.   97.   98.][-99. -96. -95. -93. -93. -93. -93. -91. -89. -88. -83. -77. -70. -70.
 -70. -68. -68. -63. -61. -58. -57. -56. -54. -53. -53. -48. -46. -46.
 -44. -41. -40. -39. -36. -34. -33. -32. -31. -29. -28. -26. -25. -21.
 -20. -17. -17.  -4.  -3.  -1.   1.   2.   5.   6.   6.   8.   8.  21.
  26.  26.  27.  28.  28.  32.  33.  33.  35.  36.  38.  38.  40.  42.
  45.  45.  46.  50.  53.  55.  55.  56.  60.  61.  63.  64.  66.  66.
  66.  67.  71.  80.  82.  85.  85.  89.  89.  91.  93.  93.  94.  94.
  99. 100.][-98. -96. -95. -95. -93. -92. -92. -91. -89. -88. -88. -83. -81. -79.
 -77. -77. -67. -65. -60. -60. -53. -50. -43. -43. -40. -39. -38. -37.
 -37. -37. -37. -26. -23. -21. -20. -19. -17. -16. -16. -16. -16. -13.
 -11.  -5.  -4.  -3.  -2.  -2.  -1.   1.   3.   3.  15.  18.  19.  22.
  24.  25.  25.  27.  28.  29.  33.  35.  38.  39.  40.  41.  42.  44.
  47.  50.  53.  55.  55.  60.  62.  63.  63.  64.  66.  68.  70.  71.
  71.  71.  71.  73.  76.  81.  82.  85.  86.  90.  92.  94.  96.  96.
  96. 100.][-99. -96. -96. -91. -89. -89. -83. -81. -75. -74. -72. -72. -71. -70.
 -70. -69. -63. -60. -56. -54. -51. -50. -48. -47. -44. -44. -42. -38.
 -37. -35. -30. -26. -23. -21. -14. -13. -12. -12. -11.  -8.  -2.  -1.
   4.   6.   7.   9.  10.  12.  12.  13.  14.  14.  14.  16.  17.  18.
  18.  20.  24.  28.  30.  33.  35.  37.  39.  43.  44.  45.  46.  46.
  48.  49.  49.  52.  57.  57.  57.  59.  60.  61.  62.  67.  70.  72.
  73.  74.  74.  75.  76.  76.  78.  79.  80.  81.  85.  85.  90.  92.
  93. 100.][-99. -87. -83. -83. -82. -80. -79. -78. -68. -66. -65. -65. -65. -62.
 -61. -60. -57. -55. -54. -53. -53. -52. -50. -47. -42. -41. -40. -36.
 -34. -32. -31. -28. -25. -18. -16. -15. -14. -13. -11. -11. -10.  -9.
  -8.  -8.  -7.  -5.  -5.  -2.  -2.  -2.  -1.   4.   9.   9.  17.  21.
  27.  27.  28.  30.  34.  35.  36.  38.  38.  40.  45.  46.  46.  50.
  53.  53.  57.  57.  58.  59.  60.  61.  62.  62.  63.  66.  68.  69.
  70.  71.  72.  75.  75.  77.  77.  84.  84.  86.  88.  90.  90.  94.
  95.  96.][-100.  -96.  -94.  -92.  -92.  -87.  -87.  -81.  -80.  -79.  -78.  -77.
  -74.  -73.  -71.  -69.  -68.  -68.  -66.  -66.  -66.  -65.  -65.  -64.
  -64.  -62.  -60.  -59.  -57.  -57.  -57.  -55.  -53.  -49.  -46.  -41.
  -41.  -39.  -37.  -35.  -25.  -19.  -19.  -18.  -18.  -17.  -15.  -13.
  -11.  -10.   -8.   -6.   -3.    1.    7.    8.   11.   14.   14.   14.
   20.   21.   26.   30.   32.   36.   37.   38.   38.   39.   39.   41.
   42.   42.   44.   48.   49.   54.   57.   57.   57.   58.   60.   60.
   63.   64.   64.   66.   67.   68.   70.   71.   74.   78.   79.   87.
   89.   94.   95.   98.][-99. -94. -92. -89. -85. -85. -80. -73. -72. -69. -69. -67. -67. -64.
 -64. -56. -55. -53. -51. -51. -46. -46. -44. -38. -38. -37. -37. -36.
 -36. -36. -36. -35. -31. -31. -28. -26. -23. -22. -22. -20. -18. -15.
  -9.  -6.  -5.   2.   5.   7.   9.  11.  12.  14.  15.  17.  17.  20.
  24.  25.  30.  31.  33.  34.  37.  39.  40.  40.  41.  44.  45.  46.
  50.  51.  51.  54.  57.  59.  61.  61.  65.  65.  65.  67.  68.  69.
  74.  75.  75.  77.  78.  82.  82.  83.  86.  87.  91.  91.  94.  96.
  98. 100.][-97. -97. -93. -93. -92. -90. -89. -89. -87. -80. -74. -73. -65. -64.
 -64. -63. -60. -58. -58. -57. -57. -50. -49. -48. -46. -43. -40. -40.
 -38. -38. -38. -35. -35. -34. -30. -30. -30. -27. -26. -23. -21. -21.
 -20. -20. -20. -16. -15. -11.  -6.  -3.  -2.   0.   0.   3.   3.   4.
   4.   5.  10.  13.  15.  18.  19.  21.  21.  23.  28.  38.  38.  43.
  45.  47.  48.  51.  52.  52.  56.  67.  70.  72.  74.  74.  77.  77.
  78.  82.  85.  85.  85.  86.  87.  88.  88.  90.  90.  95.  97.  98.
 100. 100.][-100.  -98.  -94.  -89.  -86.  -84.  -81.  -79.  -77.  -77.  -75.  -71.
  -66.  -65.  -61.  -59.  -58.  -57.  -57.  -56.  -54.  -51.  -47.  -47.
  -44.  -43.  -39.  -38.  -38.  -36.  -35.  -31.  -30.  -25.  -21.  -21.
  -19.  -17.  -14.   -5.   -3.   -2.   -1.    0.    7.    7.   11.   11.
   13.   24.   29.   32.   33.   35.   40.   41.   43.   48.   49.   50.
   50.   52.   56.   56.   57.   58.   60.   60.   61.   65.   67.   67.
   72.   73.   73.   73.   74.   76.   77.   78.   79.   81.   82.   85.
   85.   85.   86.   88.   88.   90.   92.   93.   94.   95.   95.   98.
   98.  100.  100.  100.][-100.  -99.  -96.  -93.  -92.  -91.  -86.  -84.  -81.  -80.  -75.  -75.
  -73.  -72.  -69.  -67.  -65.  -64.  -62.  -60.  -59.  -57.  -55.  -49.
  -49.  -48.  -44.  -39.  -38.  -34.  -32.  -32.  -29.  -27.  -25.  -25.
  -25.  -24.  -22.  -20.  -14.  -12.  -10.   -9.   -7.   -6.   -5.   -3.
   -2.    0.    4.    4.    5.    8.    8.   10.   11.   15.   19.   23.
   25.   26.   27.   27.   30.   33.   33.   33.   34.   35.   35.   38.
   38.   42.   44.   44.   45.   45.   50.   54.   54.   55.   60.   60.
   64.   66.   66.   71.   75.   78.   79.   80.   87.   88.   91.   91.
   92.   93.   97.   98.][-100.  -90.  -88.  -79.  -78.  -77.  -76.  -75.  -73.  -71.  -69.  -66.
  -64.  -63.  -63.  -61.  -60.  -60.  -59.  -56.  -55.  -52.  -52.  -51.
  -46.  -44.  -35.  -35.  -34.  -33.  -33.  -32.  -27.  -27.  -26.  -24.
  -23.  -23.  -22.  -19.  -16.  -13.  -10.    0.    2.    3.    6.    6.
    6.    7.    8.    8.    8.   13.   14.   14.   19.   20.   22.   23.
   24.   27.   28.   30.   35.   35.   37.   37.   38.   38.   39.   40.
   40.   41.   43.   48.   53.   54.   57.   59.   59.   60.   60.   60.
   61.   63.   69.   76.   77.   77.   78.   79.   82.   84.   85.   86.
   87.   90.   99.  100.][-100.  -98.  -98.  -97.  -95.  -94.  -91.  -90.  -88.  -84.  -80.  -79.
  -77.  -73.  -73.  -71.  -69.  -66.  -66.  -65.  -64.  -63.  -62.  -62.
  -58.  -58.  -57.  -49.  -48.  -48.  -48.  -45.  -42.  -35.  -34.  -33.
  -31.  -25.  -23.  -20.  -14.  -12.  -10.  -10.   -9.   -8.   -8.   -6.
   -6.   -4.   -4.   -2.    0.    1.    1.    4.    6.    9.   12.   13.
   14.   15.   15.   15.   17.   18.   19.   22.   23.   24.   26.   26.
   26.   28.   31.   36.   38.   38.   38.   41.   56.   59.   60.   61.
   65.   66.   67.   74.   80.   82.   83.   87.   89.   92.   92.   95.
   95.   95.   96.  100.][-97. -96. -95. -93. -91. -89. -89. -86. -86. -82. -82. -82. -81. -78.
 -76. -70. -63. -63. -61. -58. -58. -57. -51. -46. -40. -40. -37. -32.
 -30. -30. -29. -27. -26. -23. -23. -22. -19. -19. -18. -17. -17. -17.
 -14. -11. -10.  -8.  -6.  -3.  -3.   1.   1.   3.   7.  10.  11.  12.
  16.  16.  16.  21.  22.  24.  25.  25.  26.  27.  30.  30.  32.  34.
  37.  39.  39.  40.  44.  45.  46.  49.  52.  54.  58.  60.  63.  66.
  68.  71.  73.  76.  78.  78.  83.  84.  85.  89.  90.  96.  97.  99.
  99. 100.][-99. -97. -95. -94. -94. -94. -88. -87. -83. -82. -77. -76. -75. -67.
 -67. -66. -61. -56. -55. -55. -54. -52. -50. -49. -47. -46. -43. -40.
 -40. -38. -33. -32. -31. -28. -23. -22. -20. -17. -17. -17. -16. -15.
 -15. -13. -12. -10. -10.  -8.  -7.  -5.  -5.  -4.  -4.  -4.   1.   9.
  10.  10.  11.  11.  11.  16.  17.  23.  25.  31.  34.  35.  40.  41.
  41.  43.  46.  49.  49.  49.  50.  50.  52.  56.  56.  59.  59.  65.
  67.  69.  71.  72.  73.  75.  78.  78.  82.  83.  84.  84.  85.  86.
  92. 100.][-100.  -97.  -97.  -94.  -94.  -91.  -88.  -85.  -85.  -80.  -79.  -78.
  -76.  -75.  -75.  -70.  -68.  -65.  -64.  -63.  -63.  -59.  -56.  -55.
  -55.  -54.  -52.  -52.  -51.  -51.  -45.  -43.  -43.  -41.  -41.  -37.
  -37.  -37.  -35.  -31.  -31.  -27.  -25.  -22.  -21.  -16.  -16.  -16.
  -12.  -12.   -9.   -6.    1.    2.    3.    8.    9.   10.   11.   12.
   12.   13.   21.   23.   25.   25.   31.   31.   34.   37.   40.   40.
   42.   42.   45.   51.   53.   56.   58.   59.   61.   63.   63.   66.
   67.   68.   68.   70.   72.   72.   74.   76.   77.   84.   89.   91.
   92.   95.   97.   98.][-98. -97. -89. -89. -88. -86. -86. -85. -85. -81. -80. -76. -73. -71.
 -65. -65. -58. -55. -54. -52. -51. -51. -50. -44. -44. -44. -43. -43.
 -42. -41. -40. -39. -39. -39. -36. -36. -35. -35. -33. -33. -24. -20.
 -20. -19. -17. -17. -16. -15. -13. -13. -12.  -8.  -8.  -4.  -1.   1.
   1.   2.   2.   3.   5.   5.   6.  11.  12.  21.  22.  23.  25.  27.
  27.  34.  37.  37.  39.  43.  45.  50.  50.  51.  51.  53.  55.  56.
  56.  58.  60.  64.  65.  66.  69.  73.  81.  85.  86.  86.  93.  94.
  98. 100.][-98. -97. -88. -86. -85. -84. -84. -79. -78. -71. -69. -69. -65. -64.
 -63. -60. -58. -54. -53. -52. -43. -43. -42. -42. -39. -33. -29. -25.
 -24. -24. -20. -19. -19. -18. -14. -11. -10.  -7.  -7.  -6.  -2.   2.
   5.   7.   7.   7.   9.  10.  13.  14.  18.  18.  21.  21.  21.  22.
  31.  36.  36.  37.  37.  37.  37.  38.  41.  41.  41.  45.  49.  51.
  51.  52.  57.  59.  60.  64.  65.  65.  65.  65.  66.  66.  69.  69.
  71.  72.  73.  75.  82.  83.  85.  85.  86.  87.  89.  90.  90.  91.
  94.  95.][-99. -97. -96. -95. -95. -94. -92. -92. -88. -85. -79. -79. -78. -76.
 -76. -76. -72. -70. -69. -68. -68. -65. -64. -60. -59. -59. -58. -57.
 -55. -52. -51. -50. -49. -46. -45. -35. -35. -34. -25. -25. -21. -20.
 -19. -18. -17. -12. -10.  -8.  -7.  -6.  -5.  -1.  -1.   0.   1.   5.
   5.   6.   7.   7.   9.  11.  15.  17.  19.  19.  22.  23.  25.  25.
  30.  31.  35.  37.  39.  41.  44.  45.  47.  49.  50.  51.  61.  62.
  66.  69.  69.  70.  72.  79.  82.  83.  88.  91.  95.  97.  98.  98.
  99. 100.][-100.  -99.  -99.  -98.  -98.  -95.  -94.  -94.  -93.  -91.  -88.  -87.
  -87.  -86.  -83.  -79.  -77.  -73.  -72.  -70.  -68.  -63.  -57.  -57.
  -57.  -55.  -52.  -49.  -44.  -43.  -39.  -38.  -37.  -37.  -37.  -37.
  -31.  -29.  -29.  -28.  -26.  -26.  -25.  -20.  -19.  -19.  -18.  -17.
  -16.   -7.   -4.    4.    6.    6.    6.   12.   15.   19.   19.   22.
   22.   24.   24.   28.   28.   30.   30.   30.   32.   35.   39.   40.
   41.   41.   41.   44.   51.   56.   57.   58.   60.   60.   62.   63.
   64.   64.   65.   67.   67.   69.   69.   70.   79.   79.   83.   88.
   94.   95.   97.  100.][-100.  -98.  -97.  -95.  -93.  -92.  -91.  -90.  -90.  -84.  -80.  -78.
  -77.  -73.  -70.  -69.  -68.  -67.  -66.  -63.  -63.  -62.  -60.  -54.
  -53.  -52.  -51.  -49.  -47.  -44.  -43.  -43.  -42.  -39.  -39.  -38.
  -37.  -36.  -34.  -31.  -30.  -29.  -28.  -19.  -19.  -19.  -18.  -18.
  -18.   -8.   -7.   -7.   -5.   -4.   -4.   -2.    6.    6.   10.   11.
   12.   12.   14.   16.   17.   19.   22.   26.   29.   30.   30.   33.
   33.   36.   37.   39.   39.   40.   41.   42.   44.   45.   46.   48.
   51.   51.   52.   55.   56.   67.   72.   78.   81.   81.   82.   87.
   90.   94.   95.   96.][-100. -100.  -99.  -97.  -96.  -92.  -90.  -88.  -84.  -84.  -83.  -82.
  -82.  -81.  -80.  -76.  -75.  -73.  -73.  -72.  -67.  -67.  -66.  -65.
  -63.  -63.  -53.  -53.  -46.  -39.  -34.  -33.  -32.  -30.  -29.  -28.
  -26.  -25.  -25.  -24.  -19.  -18.  -18.  -18.  -16.  -16.  -14.  -12.
  -10.  -10.   -7.   -5.   -3.   -2.   -1.   -1.    3.    4.    6.    6.
   13.   14.   16.   18.   23.   23.   23.   25.   26.   27.   30.   31.
   32.   33.   33.   34.   35.   38.   44.   46.   47.   49.   53.   53.
   55.   56.   63.   64.   67.   68.   73.   76.   79.   81.   85.   86.
   94.   98.   98.   99.][-99. -97. -96. -92. -92. -91. -90. -90. -89. -88. -88. -86. -84. -84.
 -78. -77. -77. -75. -71. -67. -66. -65. -63. -62. -62. -57. -57. -56.
 -56. -55. -51. -49. -48. -44. -44. -43. -41. -38. -36. -35. -35. -28.
 -26. -26. -25. -24. -22. -21. -20. -18. -17. -16. -10. -10.  -1.   4.
   4.   7.  19.  20.  26.  26.  28.  29.  30.  31.  31.  33.  33.  36.
  37.  38.  40.  42.  43.  45.  49.  53.  55.  57.  59.  63.  65.  69.
  69.  71.  73.  75.  76.  82.  84.  88.  90.  92.  92.  94.  95.  99.
 100. 100.][-100.  -97.  -95.  -92.  -90.  -88.  -88.  -87.  -86.  -86.  -76.  -73.
  -71.  -71.  -70.  -68.  -65.  -62.  -61.  -59.  -58.  -58.  -56.  -54.
  -54.  -54.  -53.  -53.  -45.  -44.  -44.  -44.  -44.  -42.  -42.  -40.
  -40.  -38.  -33.  -33.  -30.  -29.  -26.  -26.  -26.  -25.  -23.  -22.
  -21.  -20.  -19.  -15.  -12.  -12.   -8.   -7.   -6.   -1.    4.   15.
   16.   18.   18.   19.   23.   23.   24.   25.   27.   27.   32.   32.
   41.   42.   45.   46.   53.   55.   56.   57.   58.   59.   62.   66.
   66.   76.   76.   77.   80.   86.   87.   87.   88.   89.   91.   91.
   91.   92.   96.   97.][-100.  -92.  -92.  -89.  -87.  -87.  -86.  -83.  -83.  -80.  -79.  -77.
  -76.  -76.  -75.  -74.  -74.  -74.  -72.  -72.  -72.  -69.  -68.  -67.
  -64.  -62.  -62.  -59.  -59.  -58.  -53.  -52.  -49.  -45.  -43.  -42.
  -38.  -38.  -36.  -29.  -28.  -24.  -18.  -15.  -10.   -7.   -7.   -6.
   -6.   -3.   -3.    0.    1.    3.    8.    9.   10.   10.   12.   13.
   14.   15.   16.   22.   23.   23.   24.   26.   29.   29.   31.   32.
   34.   36.   36.   38.   41.   45.   46.   49.   49.   54.   56.   59.
   60.   62.   63.   65.   65.   68.   72.   78.   82.   85.   85.   85.
   87.   90.   94.   96.][-99. -98. -96. -95. -94. -90. -86. -86. -85. -73. -68. -68. -67. -64.
 -62. -60. -60. -59. -55. -53. -52. -50. -45. -43. -43. -42. -36. -36.
 -33. -29. -29. -27. -26. -24. -23. -23. -22. -12. -12. -10. -10. -10.
  -6.  -6.  -6.  -2.   0.   2.   2.   7.   7.   8.   8.   9.  14.  17.
  21.  22.  24.  25.  26.  27.  28.  29.  29.  30.  31.  31.  33.  36.
  42.  43.  43.  44.  45.  50.  52.  53.  53.  54.  54.  55.  58.  59.
  62.  65.  66.  68.  69.  69.  72.  72.  72.  74.  77.  81.  83.  90.
  96.  96.][-100.  -97.  -96.  -94.  -93.  -91.  -89.  -89.  -88.  -85.  -85.  -84.
  -83.  -81.  -72.  -70.  -69.  -63.  -57.  -57.  -56.  -56.  -55.  -54.
  -53.  -51.  -48.  -46.  -44.  -41.  -40.  -37.  -37.  -33.  -33.  -26.
  -19.  -13.  -11.  -11.  -11.  -11.   -5.   -1.    1.    8.   15.   16.
   16.   17.   18.   20.   20.   21.   23.   26.   36.   39.   39.   42.
   42.   45.   45.   46.   49.   49.   52.   52.   57.   57.   59.   62.
   63.   64.   65.   66.   72.   72.   73.   73.   78.   78.   78.   80.
   82.   86.   87.   88.   89.   89.   90.   94.   95.   97.   98.   98.
   98.   98.   99.  100.][-91. -88. -88. -87. -84. -82. -80. -79. -77. -76. -75. -72. -71. -70.
 -69. -68. -67. -66. -65. -63. -63. -61. -61. -60. -59. -59. -53. -45.
 -43. -43. -42. -41. -40. -39. -38. -37. -37. -37. -36. -32. -31. -27.
 -26. -25. -22. -19. -18. -15. -14. -13. -12. -11. -10.  -9.  -8.  -4.
   3.   5.   5.   5.   6.   7.  12.  12.  14.  16.  22.  27.  30.  30.
  34.  35.  35.  38.  38.  41.  43.  43.  45.  45.  50.  53.  54.  54.
  54.  58.  66.  67.  70.  72.  72.  74.  74.  79.  83.  87.  90.  92.
  96.  97.][-98. -97. -97. -94. -94. -89. -84. -82. -81. -79. -76. -75. -73. -73.
 -71. -68. -68. -67. -66. -55. -52. -52. -50. -49. -46. -44. -40. -33.
 -33. -31. -29. -28. -28. -27. -25. -22. -18. -17. -16. -14. -14. -13.
 -12. -10. -10.  -9.  -7.  -6.  -6.  -1.   0.   1.   1.   1.   2.   3.
   7.   8.  10.  10.  15.  16.  18.  22.  22.  30.  30.  32.  33.  35.
  37.  39.  42.  44.  45.  48.  50.  54.  56.  63.  64.  65.  67.  70.
  70.  71.  73.  73.  73.  74.  77.  78.  79.  82.  83.  92.  92.  93.
  93.  95.][-97. -97. -94. -92. -90. -86. -85. -84. -83. -82. -81. -74. -73. -72.
 -67. -61. -55. -53. -52. -52. -44. -40. -38. -38. -34. -33. -31. -31.
 -31. -30. -30. -27. -22. -21. -19. -14. -13. -11.  -8.  -5.  -4.  -3.
   1.   3.   6.  11.  16.  16.  16.  17.  17.  19.  20.  25.  25.  25.
  27.  29.  30.  32.  34.  35.  37.  40.  47.  48.  51.  52.  60.  61.
  63.  64.  66.  67.  69.  70.  71.  72.  72.  73.  73.  78.  81.  81.
  83.  85.  86.  88.  89.  90.  90.  91.  91.  93.  93.  94.  95.  97.
  98. 100.][-100.  -98.  -97.  -96.  -95.  -93.  -91.  -87.  -87.  -85.  -83.  -81.
  -81.  -81.  -80.  -71.  -69.  -69.  -68.  -66.  -66.  -65.  -63.  -62.
  -59.  -59.  -56.  -51.  -47.  -46.  -44.  -42.  -36.  -30.  -29.  -25.
  -23.  -22.  -19.  -19.  -16.  -16.  -16.   -6.   -2.    4.    5.    9.
   10.   10.   13.   14.   15.   15.   16.   18.   21.   22.   25.   25.
   25.   29.   30.   35.   36.   38.   40.   42.   43.   44.   45.   45.
   46.   47.   49.   50.   53.   55.   56.   58.   60.   61.   66.   67.
   68.   69.   70.   72.   72.   72.   73.   75.   77.   78.   80.   86.
   87.   89.   91.   94.][-99. -96. -95. -92. -90. -87. -84. -82. -79. -75. -72. -69. -65. -62.
 -62. -59. -58. -57. -56. -56. -53. -53. -52. -51. -51. -48. -48. -47.
 -45. -40. -37. -31. -31. -30. -26. -22. -21. -20. -18. -16. -16. -11.
 -10.  -5.  -4.  -3.  -3.   1.   1.   1.   4.   8.   9.  10.  10.  11.
  16.  21.  25.  26.  27.  29.  32.  35.  36.  38.  44.  45.  50.  51.
  51.  54.  56.  56.  57.  60.  62.  63.  64.  68.  69.  72.  73.  74.
  76.  76.  77.  78.  80.  83.  83.  84.  85.  85.  88.  90.  93.  94.
 100. 100.][-99. -96. -93. -93. -88. -85. -85. -82. -79. -79. -74. -72. -72. -65.
 -64. -62. -61. -56. -51. -50. -45. -44. -44. -42. -36. -34. -34. -30.
 -29. -28. -25. -25. -22. -22. -21. -21. -20. -17. -15. -14.  -9.  -6.
  -5.  -4.  -3.  -2.  -2.   1.   3.   3.   3.   4.   5.   6.   8.   9.
   9.  11.  12.  15.  15.  15.  21.  22.  34.  36.  37.  38.  38.  39.
  39.  41.  42.  42.  42.  42.  43.  46.  46.  48.  48.  49.  50.  51.
  54.  56.  64.  65.  68.  68.  69.  70.  76.  78.  84.  86.  93.  99.
 100. 100.][-99. -96. -95. -95. -94. -90. -88. -87. -84. -79. -78. -76. -75. -75.
 -75. -71. -70. -69. -68. -66. -64. -63. -59. -59. -55. -51. -51. -42.
 -39. -39. -37. -34. -34. -31. -31. -30. -29. -29. -26. -26. -23. -23.
 -21. -21. -19. -14. -11. -11. -11. -10.  -7.  -5.  -4.   0.   0.   1.
   2.   3.   4.   5.   6.   7.   7.   8.  14.  15.  15.  15.  18.  18.
  19.  24.  24.  27.  28.  33.  33.  35.  39.  43.  47.  53.  55.  58.
  62.  62.  67.  67.  67.  68.  70.  70.  79.  79.  88.  88.  89.  98.
  99. 100.][-99. -97. -96. -96. -94. -88. -88. -85. -83. -80. -79. -76. -70. -69.
 -68. -64. -64. -62. -61. -59. -59. -58. -57. -55. -50. -49. -48. -47.
 -45. -44. -40. -39. -36. -33. -32. -32. -26. -26. -24. -22. -21. -16.
 -10.  -8.  -5.  -4.  -3.  -2.  -2.   2.   2.   5.   9.  11.  13.  15.
  16.  17.  20.  28.  29.  30.  31.  31.  32.  32.  33.  36.  52.  55.
  55.  56.  56.  59.  60.  61.  64.  65.  68.  68.  69.  69.  72.  73.
  73.  73.  74.  74.  76.  77.  80.  88.  89.  92.  94.  94.  94.  95.
  96.  99.][-94. -91. -90. -87. -87. -86. -84. -84. -82. -82. -82. -77. -76. -74.
 -71. -64. -61. -59. -57. -55. -55. -54. -53. -51. -51. -49. -47. -45.
 -40. -38. -37. -36. -33. -32. -29. -29. -22. -22. -21. -19. -19. -17.
 -15. -13. -12.  -9.  -8.  -5.  -4.  -3.  -1.   0.   1.   2.   4.   7.
  11.  12.  13.  13.  15.  16.  16.  16.  23.  23.  28.  30.  39.  40.
  41.  41.  42.  43.  44.  46.  48.  52.  54.  54.  54.  59.  61.  62.
  62.  64.  66.  70.  76.  78.  79.  82.  86.  86.  90.  91.  91.  94.
  96.  98.][-99. -98. -96. -96. -96. -92. -91. -89. -85. -79. -78. -77. -75. -75.
 -73. -72. -68. -67. -64. -62. -61. -60. -56. -51. -50. -49. -48. -44.
 -43. -43. -41. -40. -38. -35. -33. -33. -30. -27. -26. -26. -25. -23.
 -23. -21. -19. -17. -17. -15. -15. -13. -13. -13.  -9.  -9.  -6.  -4.
   3.   4.   8.  12.  13.  13.  15.  16.  19.  19.  20.  21.  29.  30.
  40.  43.  45.  53.  55.  55.  56.  57.  59.  59.  62.  63.  64.  64.
  65.  65.  68.  68.  69.  71.  79.  81.  88.  88.  89.  94.  95.  95.
  96.  97.][-99. -99. -93. -91. -90. -90. -90. -89. -88. -88. -82. -80. -78. -77.
 -77. -74. -73. -72. -68. -61. -57. -56. -54. -53. -49. -48. -44. -40.
 -39. -39. -34. -32. -31. -28. -25. -20. -19. -17. -14. -14. -10.  -9.
  -9.  -8.  -1.   0.   5.   8.  10.  10.  10.  11.  12.  18.  18.  18.
  22.  23.  31.  32.  36.  41.  41.  43.  44.  47.  47.  51.  51.  52.
  54.  55.  57.  58.  60.  62.  65.  68.  68.  71.  73.  73.  75.  78.
  79.  79.  82.  82.  82.  84.  85.  86.  87.  89.  90.  96.  97.  99.
 100. 100.][-98. -98. -97. -95. -93. -93. -91. -89. -86. -85. -85. -84. -82. -81.
 -75. -73. -68. -66. -66. -65. -63. -62. -62. -57. -52. -51. -51. -50.
 -49. -47. -44. -33. -33. -33. -32. -29. -27. -27. -26. -25. -24. -21.
 -21. -17. -14. -11. -10.  -7.  -6.  -3.  -3.   0.   0.   2.   2.   3.
   4.   8.   8.   9.  10.  15.  17.  18.  20.  20.  25.  26.  28.  30.
  31.  41.  42.  43.  46.  46.  47.  58.  60.  61.  63.  66.  70.  70.
  70.  73.  73.  74.  77.  78.  80.  84.  86.  89.  90.  96.  97.  97.
  97. 100.][-95. -95. -95. -94. -93. -91. -91. -89. -85. -85. -84. -84. -83. -83.
 -82. -82. -78. -78. -73. -73. -72. -71. -69. -68. -66. -60. -60. -55.
 -50. -47. -46. -45. -44. -43. -37. -36. -34. -31. -31. -27. -26. -25.
 -22. -17. -17. -17. -12.  -9.  -7.  -5.  -4.  -2.  -1.   0.   0.   0.
   1.   5.   7.  11.  13.  15.  16.  17.  20.  25.  26.  26.  27.  29.
  30.  32.  33.  34.  35.  38.  39.  41.  42.  43.  44.  46.  47.  47.
  48.  50.  60.  69.  70.  71.  72.  73.  75.  76.  79.  79.  86.  88.
  91.  94.][-94. -94. -88. -83. -82. -81. -64. -62. -60. -57. -55. -51. -49. -46.
 -43. -42. -40. -38. -38. -36. -24. -19. -17. -15. -15. -14. -11.  -7.
  -5.  -5.  -5.  -2.  -2.   5.   8.  10.  11.  12.  13.  16.  16.  18.
  18.  19.  19.  21.  23.  30.  30.  32.  35.  35.  35.  36.  36.  37.
  38.  40.  41.  44.  45.  45.  48.  56.  59.  63.  63.  64.  65.  66.
  68.  69.  69.  69.  70.  70.  72.  72.  73.  75.  76.  77.  77.  83.
  83.  84.  84.  85.  85.  86.  87.  91.  91.  93.  94.  94.  95.  98.
  98.  98.][-100.  -98.  -95.  -91.  -91.  -88.  -85.  -83.  -82.  -81.  -79.  -76.
  -76.  -72.  -72.  -71.  -67.  -67.  -66.  -65.  -64.  -63.  -62.  -60.
  -57.  -56.  -56.  -56.  -55.  -50.  -49.  -48.  -48.  -45.  -43.  -41.
  -38.  -36.  -36.  -36.  -29.  -27.  -19.  -17.  -12.  -11.   -8.   -6.
   -4.   -4.   -3.   -1.    1.    2.    5.    7.    9.    9.   11.   14.
   15.   16.   23.   23.   25.   25.   26.   26.   30.   30.   36.   39.
   40.   42.   46.   47.   48.   52.   53.   53.   53.   54.   56.   63.
   64.   69.   71.   71.   72.   74.   75.   81.   82.   82.   84.   87.
   90.   95.   95.   99.][-100. -100. -100.  -97.  -97.  -96.  -96.  -96.  -95.  -94.  -88.  -85.
  -85.  -84.  -81.  -78.  -73.  -72.  -70.  -66.  -64.  -63.  -61.  -59.
  -58.  -58.  -56.  -54.  -54.  -53.  -52.  -51.  -47.  -46.  -45.  -44.
  -43.  -42.  -41.  -40.  -37.  -36.  -35.  -34.  -32.  -29.  -24.  -24.
  -23.  -23.  -23.  -19.  -15.  -13.   -7.   -5.   -2.    2.    2.    4.
   10.   10.   11.   11.   12.   20.   21.   21.   26.   28.   30.   31.
   39.   39.   40.   42.   42.   44.   45.   48.   54.   61.   65.   66.
   67.   74.   75.   76.   80.   83.   84.   87.   87.   87.   92.   93.
   95.   97.   98.  100.][-99. -99. -98. -91. -88. -88. -86. -84. -83. -82. -81. -81. -81. -78.
 -76. -75. -75. -71. -70. -67. -66. -66. -66. -64. -63. -63. -59. -58.
 -57. -56. -53. -52. -51. -44. -41. -41. -41. -40. -33. -27. -25. -24.
 -22. -21. -20. -19. -18. -17. -13. -12.  -9.  -6.  -4.  -2.   0.   1.
   1.   2.   6.   7.  10.  13.  14.  15.  15.  19.  20.  24.  25.  25.
  26.  30.  32.  32.  32.  33.  39.  49.  50.  52.  52.  52.  53.  54.
  54.  58.  67.  70.  73.  74.  79.  80.  81.  81.  83.  83.  86.  87.
  90.  94.][-100.  -97.  -92.  -90.  -90.  -90.  -89.  -86.  -83.  -72.  -71.  -69.
  -68.  -66.  -65.  -64.  -62.  -61.  -59.  -59.  -57.  -54.  -53.  -53.
  -50.  -49.  -47.  -46.  -46.  -44.  -39.  -39.  -36.  -29.  -28.  -28.
  -26.  -24.  -18.  -18.  -17.  -16.  -10.   -5.   -4.   -3.   -3.   -1.
    0.    0.    3.    4.    5.    5.    8.    8.   11.   14.   14.   16.
   28.   29.   30.   33.   34.   38.   39.   39.   42.   45.   46.   46.
   47.   47.   58.   59.   62.   67.   68.   72.   76.   76.   77.   79.
   79.   83.   85.   86.   86.   87.   88.   89.   90.   92.   92.   95.
   97.  100.  100.  100.][-95. -92. -91. -89. -87. -86. -84. -84. -82. -80. -78. -76. -75. -74.
 -73. -72. -72. -68. -67. -66. -65. -58. -58. -56. -54. -54. -46. -43.
 -42. -39. -38. -37. -37. -35. -34. -32. -30. -30. -25. -17. -16. -15.
 -10.  -6.  -4.  -1.  -1.   2.   3.   3.   7.   7.   7.   8.   9.  10.
  11.  14.  16.  27.  31.  34.  37.  41.  44.  46.  49.  51.  51.  52.
  55.  57.  62.  63.  63.  64.  64.  68.  71.  75.  77.  77.  78.  79.
  80.  81.  81.  82.  83.  86.  87.  89.  91.  92.  92.  92.  94.  96.
  96.  99.][-100.  -98.  -96.  -96.  -95.  -91.  -91.  -90.  -88.  -88.  -85.  -84.
  -83.  -79.  -79.  -78.  -77.  -76.  -71.  -70.  -70.  -69.  -63.  -57.
  -56.  -56.  -53.  -45.  -44.  -40.  -40.  -40.  -39.  -39.  -36.  -35.
  -30.  -27.  -23.  -22.  -20.  -19.  -18.  -14.  -13.  -13.  -12.   -8.
   -7.   -7.   -3.   -3.   -1.   -1.    3.    5.    6.   13.   13.   17.
   17.   23.   25.   30.   34.   35.   35.   35.   37.   38.   39.   46.
   47.   47.   49.   52.   56.   56.   56.   59.   60.   65.   67.   72.
   73.   77.   77.   79.   80.   82.   82.   84.   85.   86.   87.   88.
   90.   91.   96.   99.][-98. -97. -94. -90. -85. -85. -85. -82. -80. -80. -80. -80. -79. -73.
 -72. -72. -70. -65. -63. -60. -58. -56. -54. -53. -51. -50. -49. -48.
 -47. -43. -42. -41. -40. -38. -27. -25. -21. -20. -20. -19. -19. -16.
 -16. -15. -10. -10.  -8.  -1.   1.   2.   2.   6.   7.   7.   7.   8.
   9.  10.  13.  13.  14.  14.  15.  18.  19.  19.  21.  22.  29.  32.
  33.  39.  40.  40.  46.  46.  51.  55.  56.  56.  56.  57.  60.  60.
  62.  64.  70.  72.  76.  76.  77.  79.  83.  83.  86.  89.  93.  93.
  96.  97.][-99. -93. -90. -86. -85. -85. -85. -84. -82. -81. -81. -81. -77. -71.
 -69. -68. -67. -66. -66. -61. -58. -53. -50. -43. -42. -41. -41. -41.
 -40. -37. -33. -31. -29. -25. -24. -18. -16. -13. -12. -10.  -9.  -6.
  -5.  -4.  -4.  -2.  -1.  -1.   5.  10.  11.  12.  13.  14.  17.  17.
  18.  20.  21.  21.  25.  26.  30.  35.  35.  37.  38.  42.  43.  45.
  50.  50.  54.  59.  60.  68.  69.  70.  70.  75.  78.  78.  79.  79.
  79.  79.  79.  82.  83.  83.  87.  89.  90.  90.  91.  93.  94.  98.
  99. 100.][-100.  -99.  -98.  -93.  -88.  -87.  -83.  -82.  -80.  -79.  -78.  -77.
  -76.  -75.  -68.  -64.  -62.  -61.  -59.  -58.  -56.  -56.  -55.  -47.
  -46.  -46.  -43.  -37.  -37.  -36.  -34.  -33.  -29.  -29.  -22.  -12.
  -10.  -10.   -9.   -8.   -7.   -7.   -5.   -4.   -4.   -3.   -1.   -1.
    0.    4.    6.    9.   15.   17.   17.   18.   21.   23.   24.   27.
   29.   31.   32.   35.   36.   38.   40.   40.   40.   40.   43.   44.
   45.   47.   48.   50.   50.   52.   56.   57.   57.   58.   61.   64.
   64.   67.   71.   73.   74.   78.   78.   84.   86.   87.   90.   92.
   96.   98.  100.  100.]