[-99. -99. -99. -97. -97. -94. -86. -86. -86. -85. -84. -83. -80. -78.
 -76. -74. -74. -71. -67. -66. -62. -50. -48. -43. -41. -40. -39. -39.
 -37. -34. -33. -30. -30. -29. -28. -27. -25. -24. -24. -20. -20. -18.
 -17. -17. -15. -14. -13.  -6.  -5.  -3.  -1.   1.   3.  16.  19.  21.
  23.  23.  24.  29.  30.  30.  32.  32.  33.  34.  38.  38.  39.  43.
  45.  46.  51.  52.  54.  59.  61.  63.  63.  64.  65.  68.  68.  70.
  71.  71.  75.  78.  80.  84.  86.  86.  87.  90.  93.  93.  95.  97.
  97.  99.][-97. -97. -95. -95. -87. -86. -84. -84. -83. -76. -76. -75. -73. -71.
 -70. -69. -68. -67. -64. -62. -53. -40. -40. -39. -39. -39. -34. -28.
 -26. -24. -24. -20. -20. -20. -19. -17. -12. -10.  -9.  -7.  -6.  -2.
   1.   1.   3.   4.   6.  10.  10.  13.  16.  18.  18.  21.  22.  23.
  24.  25.  25.  29.  30.  31.  33.  35.  35.  36.  36.  39.  43.  43.
  44.  45.  47.  54.  59.  60.  61.  65.  66.  67.  67.  68.  69.  70.
  75.  76.  77.  78.  80.  80.  81.  82.  83.  86.  88.  91.  96.  97.
  97. 100.][-100.  -99.  -98.  -97.  -95.  -94.  -94.  -92.  -90.  -88.  -87.  -87.
  -84.  -82.  -81.  -81.  -80.  -79.  -77.  -75.  -69.  -67.  -66.  -63.
  -54.  -54.  -54.  -53.  -49.  -47.  -46.  -44.  -43.  -39.  -38.  -38.
  -33.  -31.  -31.  -31.  -30.  -30.  -26.  -25.  -24.  -21.  -17.  -15.
  -12.  -11.   -9.   -3.   -3.   -2.   -2.   -1.    1.    2.    4.    4.
    5.    6.   11.   13.   13.   14.   15.   20.   24.   28.   35.   37.
   38.   39.   39.   44.   45.   49.   49.   50.   58.   58.   60.   61.
   65.   67.   67.   68.   70.   72.   76.   78.   80.   82.   85.   90.
   92.   93.   97.  100.][-99. -99. -95. -93. -90. -89. -87. -85. -85. -84. -79. -78. -76. -75.
 -73. -69. -65. -64. -63. -62. -62. -61. -61. -60. -55. -52. -52. -49.
 -47. -47. -42. -41. -39. -37. -37. -34. -30. -27. -27. -22. -18. -18.
 -18. -15. -14. -13. -11. -11.  -8.  -4.  -4.  -2.   0.   4.   5.   5.
   6.  16.  18.  21.  25.  28.  31.  32.  34.  36.  38.  40.  42.  45.
  47.  48.  54.  55.  57.  62.  66.  68.  74.  76.  78.  78.  79.  80.
  81.  82.  82.  86.  86.  87.  90.  91.  91.  94.  96.  97.  98.  99.
  99.  99.][-98. -95. -95. -90. -89. -88. -87. -87. -87. -86. -85. -85. -85. -83.
 -79. -77. -74. -73. -68. -68. -65. -63. -62. -60. -57. -50. -50. -49.
 -44. -39. -35. -35. -28. -27. -27. -22. -22. -21. -17. -15. -13. -12.
 -11. -10.  -6.  -6.  -5.  -5.   2.   8.   8.  11.  11.  12.  14.  15.
  15.  23.  24.  24.  26.  27.  29.  34.  34.  36.  38.  38.  40.  41.
  41.  44.  45.  45.  46.  47.  48.  49.  49.  55.  56.  60.  61.  62.
  76.  76.  77.  78.  80.  81.  82.  86.  88.  88.  92.  94.  96.  96.
  99.  99.][-97. -94. -91. -85. -85. -82. -82. -77. -76. -75. -75. -75. -74. -73.
 -70. -69. -68. -66. -64. -64. -63. -61. -60. -59. -57. -55. -53. -52.
 -51. -46. -43. -41. -39. -36. -35. -35. -34. -34. -31. -28. -26. -24.
 -24. -23. -14. -13. -11.  -9.  -5.  -3.  -2.   5.   5.   5.   9.  10.
  10.  14.  18.  19.  20.  22.  22.  23.  24.  29.  32.  35.  37.  37.
  38.  41.  42.  45.  45.  47.  52.  52.  53.  54.  54.  54.  56.  57.
  62.  66.  66.  71.  84.  86.  87.  87.  88.  89.  92.  94.  97.  97.
  99.  99.][-99. -99. -97. -96. -96. -96. -93. -92. -92. -88. -88. -86. -81. -81.
 -77. -73. -73. -71. -67. -61. -60. -60. -56. -54. -49. -47. -45. -45.
 -44. -40. -39. -37. -37. -34. -33. -33. -31. -29. -22. -21. -21. -20.
 -16. -16. -14. -12. -11.  -9.  -7.  -3.  -3.   5.   9.  10.  10.  14.
  15.  16.  19.  19.  21.  23.  23.  24.  27.  30.  32.  33.  36.  41.
  42.  43.  45.  48.  49.  50.  53.  55.  55.  56.  57.  58.  60.  62.
  68.  69.  73.  73.  75.  81.  85.  87.  88.  88.  88.  90.  90.  93.
  94. 100.][-100.  -98.  -96.  -95.  -89.  -88.  -88.  -87.  -84.  -80.  -80.  -79.
  -77.  -77.  -77.  -75.  -74.  -74.  -68.  -67.  -66.  -66.  -62.  -60.
  -58.  -57.  -51.  -47.  -42.  -41.  -41.  -40.  -37.  -37.  -32.  -31.
  -30.  -29.  -29.  -25.  -24.  -22.  -21.  -20.  -18.  -18.  -18.  -16.
  -15.  -15.  -10.  -10.   -9.   -4.   -1.    0.    3.    6.    8.   10.
   10.   16.   16.   19.   20.   21.   21.   22.   22.   24.   32.   33.
   34.   44.   49.   51.   58.   59.   59.   61.   62.   64.   64.   66.
   68.   69.   71.   72.   72.   77.   80.   82.   86.   87.   88.   89.
   90.   94.   98.   99.][-93. -91. -89. -85. -83. -81. -78. -78. -75. -71. -68. -68. -62. -61.
 -51. -45. -43. -41. -40. -38. -33. -31. -31. -31. -28. -27. -27. -25.
 -24. -23. -22. -20. -19. -17. -17. -17. -15. -14. -12. -12. -11.  -9.
  -8.  -6.   0.   1.   2.   2.   2.   3.   3.   3.   5.   6.   7.   7.
   8.   9.  12.  14.  15.  18.  20.  23.  23.  26.  27.  29.  37.  37.
  41.  43.  45.  50.  53.  53.  56.  61.  61.  63.  63.  65.  68.  70.
  71.  71.  72.  73.  77.  77.  77.  82.  83.  86.  87.  87.  88.  90.
  94.  94.][-99. -94. -92. -89. -88. -85. -82. -79. -78. -76. -74. -74. -70. -68.
 -68. -63. -59. -56. -54. -52. -47. -45. -42. -38. -38. -36. -34. -30.
 -29. -29. -27. -26. -26. -26. -26. -24. -24. -24. -24. -24. -23. -23.
 -18. -17. -17. -16. -10.  -2.  -1.   0.   0.   1.   7.   7.   7.   8.
  10.  13.  13.  17.  19.  20.  22.  23.  24.  24.  31.  37.  38.  39.
  39.  40.  42.  43.  46.  51.  52.  56.  59.  60.  61.  61.  65.  66.
  69.  69.  72.  73.  74.  76.  76.  78.  78.  80.  82.  85.  89.  91.
  93. 100.][-98. -98. -97. -97. -87. -85. -85. -83. -82. -80. -80. -79. -79. -77.
 -76. -76. -69. -69. -68. -67. -66. -64. -63. -60. -60. -57. -55. -52.
 -49. -45. -44. -43. -42. -40. -39. -39. -36. -36. -36. -34. -31. -28.
 -27. -24. -22. -17. -14. -12. -10. -10.  -9.  -7.  -3.  -2.  -1.   0.
   1.   1.   4.   4.   5.   6.   6.  10.  10.  10.  13.  14.  14.  15.
  18.  19.  20.  21.  21.  26.  30.  35.  36.  37.  40.  44.  46.  48.
  49.  54.  55.  55.  57.  62.  68.  68.  70.  77.  83.  83.  88.  92.
  93.  96.][-95. -94. -93. -91. -90. -88. -88. -86. -84. -82. -79. -78. -78. -76.
 -74. -73. -71. -69. -65. -62. -61. -60. -58. -56. -55. -55. -53. -49.
 -48. -48. -47. -47. -45. -45. -43. -43. -43. -41. -40. -37. -36. -34.
 -33. -31. -30. -28. -27. -25. -24. -23. -21. -20. -19. -16. -16. -15.
 -14. -11.  -9.  -8.  -6.  -4.  -3.  -1.   5.   8.  12.  13.  17.  23.
  23.  30.  34.  36.  36.  40.  42.  43.  46.  48.  52.  57.  57.  61.
  61.  66.  69.  69.  71.  74.  75.  76.  80.  82.  87.  88.  92.  93.
  96.  98.][-100.  -99.  -99.  -98.  -94.  -93.  -90.  -89.  -87.  -87.  -86.  -86.
  -79.  -78.  -72.  -71.  -69.  -67.  -65.  -63.  -62.  -58.  -57.  -55.
  -52.  -51.  -51.  -45.  -42.  -41.  -36.  -36.  -35.  -33.  -33.  -32.
  -31.  -31.  -29.  -24.  -23.  -21.  -16.  -14.  -10.  -10.   -7.   -4.
   -3.    0.    1.    2.    2.    2.    3.    5.    5.    6.    6.    7.
    9.   10.   11.   12.   13.   14.   16.   16.   17.   20.   20.   22.
   26.   27.   30.   32.   41.   48.   49.   55.   57.   59.   60.   65.
   66.   66.   69.   70.   73.   73.   73.   73.   80.   80.   81.   82.
   83.   86.   88.   89.][-95. -95. -93. -91. -86. -84. -83. -82. -80. -80. -78. -77. -75. -74.
 -72. -68. -68. -67. -65. -65. -64. -58. -57. -55. -51. -51. -49. -49.
 -47. -47. -40. -39. -39. -37. -36. -35. -35. -32. -29. -28. -24. -22.
 -19. -16. -16. -12. -11.  -3.  -3.  -2.   1.   1.   4.   6.   9.  11.
  11.  11.  22.  22.  23.  25.  29.  30.  32.  33.  33.  34.  34.  34.
  38.  39.  41.  43.  45.  50.  51.  55.  58.  59.  61.  61.  62.  62.
  65.  65.  70.  73.  78.  78.  80.  83.  84.  88.  88.  90.  93.  96.
  97.  99.][-98. -95. -93. -90. -86. -78. -76. -76. -74. -72. -67. -66. -66. -63.
 -63. -62. -62. -58. -58. -51. -48. -43. -41. -40. -39. -38. -36. -35.
 -33. -31. -31. -29. -27. -24. -21. -18. -16. -15. -15. -15. -12. -11.
 -10.  -9.  -9.  -7.  -7.  -4.   1.   2.   4.   6.   7.  11.  12.  17.
  17.  18.  19.  19.  20.  21.  24.  26.  27.  28.  29.  29.  31.  35.
  37.  38.  41.  41.  41.  42.  45.  48.  52.  58.  59.  59.  61.  62.
  67.  68.  71.  73.  75.  76.  79.  87.  88.  89.  93.  94.  96.  96.
  99. 100.][-97. -97. -95. -92. -87. -86. -84. -83. -81. -78. -75. -72. -72. -71.
 -71. -65. -63. -60. -60. -53. -53. -52. -52. -51. -49. -47. -46. -45.
 -45. -44. -42. -41. -41. -40. -39. -39. -36. -33. -33. -33. -29. -29.
 -27. -27. -26. -23. -21. -20. -18. -15. -15.   2.   2.   4.   8.  10.
  10.  13.  14.  16.  17.  21.  24.  26.  27.  27.  27.  29.  31.  32.
  35.  38.  41.  43.  43.  47.  49.  51.  53.  55.  58.  62.  65.  65.
  67.  75.  75.  77.  78.  79.  81.  82.  86.  90.  90.  91.  93.  94.
 100. 100.][-95. -85. -83. -83. -82. -81. -77. -76. -76. -75. -75. -75. -75. -75.
 -74. -71. -69. -68. -67. -67. -64. -61. -54. -53. -50. -50. -49. -46.
 -43. -43. -42. -41. -39. -36. -36. -33. -31. -27. -25. -25. -23. -23.
 -21. -21. -18. -17. -13. -13. -13.  -7.  -5.  -1.   1.   3.   3.   5.
   6.   7.  14.  16.  17.  18.  21.  22.  26.  27.  32.  34.  35.  35.
  36.  37.  39.  41.  43.  45.  45.  47.  50.  52.  58.  62.  63.  64.
  65.  66.  74.  77.  79.  80.  83.  85.  85.  87.  92.  92.  94.  96.
  98.  99.][-98. -92. -90. -88. -85. -77. -73. -67. -63. -61. -59. -58. -58. -57.
 -57. -56. -53. -52. -50. -48. -47. -47. -43. -43. -40. -39. -34. -32.
 -31. -31. -30. -28. -28. -27. -24. -21. -19. -19. -18. -16. -14. -12.
 -12. -10.  -9.  -3.   0.   1.   3.   3.   5.   5.   7.   8.   8.   9.
  10.  15.  15.  17.  23.  25.  26.  32.  36.  37.  41.  41.  45.  47.
  48.  50.  52.  53.  55.  55.  60.  61.  63.  66.  70.  73.  75.  77.
  78.  79.  80.  80.  84.  85.  85.  89.  92.  93.  94.  95.  95.  98.
  99. 100.][-100. -100.  -98.  -96.  -92.  -90.  -90.  -88.  -85.  -85.  -84.  -82.
  -79.  -78.  -77.  -72.  -70.  -67.  -63.  -55.  -55.  -52.  -51.  -46.
  -46.  -44.  -35.  -34.  -31.  -30.  -30.  -30.  -26.  -23.  -22.  -21.
  -21.  -20.  -19.  -18.  -17.   -4.   -4.   -3.   -3.   -2.    3.    3.
    6.    6.    7.    8.    8.    9.   15.   16.   16.   21.   22.   22.
   22.   23.   23.   24.   25.   26.   27.   34.   34.   38.   38.   39.
   40.   44.   45.   45.   47.   48.   50.   62.   66.   66.   67.   70.
   71.   72.   74.   78.   80.   82.   85.   89.   89.   91.   91.   94.
   97.   97.   97.   98.][-100. -100.  -98.  -97.  -95.  -94.  -93.  -87.  -83.  -82.  -77.  -74.
  -73.  -69.  -69.  -68.  -68.  -65.  -64.  -63.  -62.  -62.  -61.  -60.
  -60.  -60.  -57.  -55.  -48.  -45.  -44.  -41.  -39.  -37.  -37.  -34.
  -26.  -25.  -21.  -20.  -18.  -17.  -16.  -15.  -12.   -6.   -4.   -4.
   -2.   -2.   -1.    0.    6.    6.    6.    6.    7.    8.    8.   10.
   17.   17.   19.   22.   23.   25.   26.   27.   28.   30.   32.   34.
   35.   36.   44.   50.   50.   55.   55.   60.   65.   65.   68.   68.
   76.   76.   78.   79.   80.   81.   82.   84.   84.   85.   88.   92.
   94.   95.   96.   98.][-100.  -98.  -98.  -95.  -94.  -91.  -90.  -90.  -89.  -88.  -86.  -83.
  -82.  -80.  -80.  -80.  -76.  -75.  -73.  -72.  -70.  -68.  -66.  -64.
  -64.  -63.  -61.  -61.  -58.  -56.  -54.  -52.  -48.  -42.  -38.  -38.
  -35.  -30.  -28.  -25.  -24.  -21.  -11.   -8.   -8.   -7.   -5.   -3.
   -2.   -1.    1.    6.    9.   11.   13.   17.   17.   20.   20.   21.
   22.   22.   24.   26.   27.   32.   33.   36.   38.   40.   45.   45.
   48.   49.   50.   52.   54.   63.   64.   65.   65.   71.   72.   72.
   72.   74.   80.   80.   81.   85.   85.   86.   87.   87.   88.   89.
   90.   93.   97.   97.][-99. -99. -99. -98. -97. -97. -96. -94. -92. -90. -87. -80. -73. -71.
 -66. -64. -63. -61. -61. -58. -52. -52. -51. -51. -48. -48. -48. -48.
 -46. -44. -42. -33. -32. -31. -29. -28. -28. -26. -23. -21. -21. -19.
 -18. -17. -16. -14. -10.  -9.  -7.  -7.  -6.  -5.  -2.   0.   4.   7.
   8.   9.  19.  21.  21.  23.  24.  30.  33.  36.  38.  43.  43.  48.
  48.  51.  56.  56.  57.  57.  58.  58.  63.  65.  66.  66.  66.  67.
  69.  72.  75.  77.  79.  81.  82.  85.  87.  88.  94.  95.  98.  98.
  99.  99.][-100. -100.  -98.  -96.  -95.  -88.  -87.  -85.  -84.  -81.  -81.  -80.
  -80.  -80.  -79.  -78.  -77.  -75.  -72.  -71.  -70.  -65.  -63.  -63.
  -62.  -53.  -53.  -51.  -49.  -47.  -41.  -39.  -39.  -35.  -31.  -28.
  -28.  -26.  -23.  -21.  -20.  -19.  -17.  -11.  -10.    0.    6.    6.
    8.    8.    9.   11.   12.   12.   12.   13.   19.   20.   27.   30.
   33.   34.   35.   39.   42.   42.   44.   44.   46.   47.   48.   48.
   50.   50.   51.   53.   53.   53.   54.   54.   54.   55.   57.   62.
   63.   66.   70.   73.   74.   75.   75.   76.   77.   82.   86.   89.
   89.   93.   95.  100.][-100.  -97.  -96.  -94.  -92.  -90.  -86.  -85.  -85.  -84.  -83.  -75.
  -75.  -68.  -65.  -65.  -64.  -64.  -53.  -48.  -47.  -46.  -44.  -41.
  -41.  -41.  -40.  -37.  -36.  -36.  -32.  -30.  -29.  -27.  -26.  -22.
  -21.  -20.  -18.  -14.  -13.   -9.   -8.   -7.   -5.   -3.   -2.   -1.
    2.    5.    8.    8.    8.    9.   12.   16.   18.   20.   21.   21.
   25.   26.   26.   27.   28.   29.   31.   35.   36.   38.   40.   40.
   41.   44.   58.   59.   60.   60.   63.   67.   70.   72.   72.   76.
   76.   76.   78.   80.   81.   82.   84.   87.   88.   89.   92.   92.
   93.   94.   96.   98.][-98. -97. -96. -96. -95. -93. -91. -89. -86. -84. -83. -82. -81. -81.
 -79. -76. -69. -68. -68. -58. -57. -56. -53. -49. -46. -46. -44. -43.
 -37. -35. -34. -33. -32. -29. -28. -28. -27. -26. -25. -24. -21. -17.
 -16. -13. -13. -11. -10.  -8.  -8.  -7.   0.   3.   6.   9.  14.  16.
  16.  18.  19.  20.  22.  23.  26.  27.  29.  30.  30.  31.  37.  40.
  40.  46.  47.  47.  48.  50.  54.  55.  58.  58.  61.  61.  63.  67.
  68.  73.  73.  74.  77.  81.  84.  84.  86.  87.  88.  88.  94.  96.
 100. 100.][-100.  -96.  -95.  -94.  -94.  -92.  -83.  -83.  -83.  -78.  -77.  -77.
  -77.  -77.  -76.  -75.  -75.  -73.  -71.  -65.  -62.  -58.  -55.  -54.
  -53.  -53.  -51.  -51.  -46.  -44.  -40.  -36.  -35.  -25.  -22.  -19.
  -17.  -16.  -15.  -14.   -6.   -2.   -1.    6.    7.    8.   11.   11.
   13.   14.   14.   14.   16.   18.   19.   19.   19.   19.   23.   28.
   28.   34.   34.   36.   38.   38.   40.   41.   42.   42.   42.   44.
   46.   46.   49.   51.   52.   53.   55.   58.   59.   60.   60.   65.
   67.   68.   72.   73.   73.   77.   77.   79.   80.   82.   86.   86.
   90.   95.   99.  100.][-93. -92. -91. -91. -89. -89. -89. -88. -84. -82. -77. -76. -72. -67.
 -66. -65. -62. -59. -59. -58. -56. -56. -45. -44. -42. -38. -35. -32.
 -32. -29. -27. -23. -21. -17. -13. -13. -13. -10.  -2.  -1.   0.   1.
   1.   3.   5.   6.   6.   8.   8.   9.  14.  15.  16.  19.  21.  23.
  24.  26.  35.  36.  37.  38.  39.  40.  40.  41.  45.  45.  47.  47.
  50.  50.  51.  56.  56.  56.  57.  58.  61.  63.  63.  65.  66.  66.
  68.  73.  74.  80.  81.  84.  86.  88.  91.  92.  93.  94.  95.  96.
  97.  97.][-97. -96. -93. -91. -91. -91. -90. -90. -84. -77. -76. -76. -72. -70.
 -68. -65. -65. -57. -53. -48. -46. -40. -39. -39. -38. -35. -33. -32.
 -31. -31. -30. -29. -23. -20. -20. -18. -17. -16. -15. -14. -12. -12.
  -9.  -9.  -8.  -7.  -4.  -2.  -2.   0.   0.   0.   0.   1.   2.   4.
   5.   7.   8.   9.  15.  16.  17.  21.  21.  21.  22.  23.  27.  29.
  33.  36.  42.  43.  49.  51.  51.  51.  51.  54.  55.  57.  58.  59.
  60.  64.  64.  64.  65.  69.  70.  71.  72.  76.  84.  90.  90.  91.
  97. 100.][-100.  -98.  -96.  -95.  -94.  -87.  -85.  -83.  -80.  -79.  -78.  -77.
  -76.  -74.  -74.  -71.  -71.  -71.  -68.  -65.  -60.  -59.  -57.  -56.
  -55.  -51.  -51.  -48.  -44.  -37.  -36.  -32.  -32.  -30.  -29.  -29.
  -25.  -25.  -23.  -22.  -20.  -20.  -19.  -15.  -15.  -14.  -13.  -11.
   -9.   -7.    0.    7.    9.   11.   14.   18.   20.   21.   24.   27.
   27.   29.   29.   30.   31.   34.   36.   39.   40.   40.   42.   42.
   42.   43.   45.   45.   46.   47.   52.   52.   55.   57.   62.   67.
   68.   69.   71.   71.   73.   78.   79.   82.   84.   86.   90.   92.
   94.   95.   96.  100.][-97. -97. -97. -94. -90. -87. -82. -80. -78. -78. -74. -73. -72. -68.
 -65. -65. -63. -59. -58. -57. -57. -55. -55. -51. -49. -49. -38. -35.
 -31. -27. -26. -26. -25. -25. -22. -19. -14. -12.  -7.  -5.  -4.  -3.
  -3.  -2.   1.   2.   2.   3.   3.   4.   7.   7.  11.  11.  11.  12.
  13.  16.  16.  18.  20.  24.  25.  27.  29.  29.  30.  31.  31.  33.
  37.  45.  51.  52.  52.  52.  54.  56.  59.  62.  63.  68.  70.  70.
  71.  73.  76.  77.  79.  79.  79.  82.  83.  87.  89.  94.  95.  97.
  99. 100.][-97. -96. -93. -93. -92. -89. -85. -84. -80. -77. -75. -73. -71. -66.
 -62. -59. -59. -58. -58. -57. -57. -54. -52. -49. -45. -45. -45. -40.
 -40. -39. -38. -37. -34. -33. -30. -28. -24. -23. -22. -20. -17. -12.
 -10. -10.  -8.  -6.  -6.  -1.   0.   4.   7.  10.  11.  13.  18.  23.
  23.  25.  27.  28.  30.  31.  33.  35.  41.  45.  46.  46.  47.  49.
  52.  52.  54.  56.  56.  57.  57.  58.  59.  61.  61.  66.  67.  70.
  72.  72.  74.  74.  74.  75.  77.  80.  84.  86.  87.  88.  90.  90.
  95.  96.][-98. -98. -97. -97. -94. -91. -88. -86. -86. -82. -80. -80. -76. -74.
 -74. -72. -70. -68. -67. -65. -63. -59. -51. -50. -45. -43. -43. -42.
 -37. -34. -32. -32. -24. -22. -22. -22. -21. -21. -20. -15.  -9.  -7.
  -6.  -6.  -1.   5.   6.   7.   9.  11.  14.  14.  20.  21.  21.  21.
  22.  22.  22.  24.  26.  30.  31.  35.  35.  35.  41.  44.  45.  48.
  50.  50.  51.  52.  60.  60.  61.  61.  65.  67.  67.  68.  73.  73.
  77.  77.  79.  84.  84.  85.  90.  91.  91.  93.  98.  98.  99.  99.
 100. 100.][-97. -97. -92. -90. -89. -89. -88. -88. -84. -84. -81. -81. -80. -79.
 -79. -76. -75. -74. -71. -70. -70. -69. -69. -69. -66. -64. -64. -63.
 -61. -58. -54. -53. -49. -46. -46. -44. -44. -41. -39. -36. -33. -32.
 -30. -28. -26. -24. -24. -21. -18. -17. -15. -14. -14. -12. -11.  -9.
  -8.  -7.  -7.  -6.  -1.   2.   8.   9.  11.  14.  17.  17.  18.  21.
  25.  30.  31.  33.  34.  34.  37.  39.  39.  41.  43.  48.  49.  53.
  55.  56.  58.  58.  58.  65.  66.  67.  75.  82.  87.  90.  91.  94.
  98.  99.][-99. -99. -96. -94. -94. -93. -92. -89. -89. -84. -84. -82. -81. -80.
 -78. -77. -76. -73. -68. -68. -66. -64. -64. -63. -57. -55. -54. -44.
 -42. -41. -38. -35. -34. -32. -31. -28. -26. -26. -26. -25. -23. -22.
 -21. -21. -21. -19. -16. -16. -14. -14. -12. -12. -10. -10.  -6.  -4.
   3.   4.   4.   6.  10.  11.  11.  13.  14.  18.  18.  18.  21.  25.
  27.  30.  31.  34.  34.  35.  42.  45.  46.  46.  46.  50.  53.  53.
  56.  56.  59.  60.  65.  67.  69.  71.  73.  75.  75.  81.  82.  91.
  95. 100.][-95. -94. -91. -90. -90. -86. -83. -80. -80. -78. -78. -77. -73. -73.
 -72. -71. -71. -70. -70. -67. -66. -65. -63. -62. -60. -60. -60. -60.
 -57. -45. -45. -44. -42. -40. -39. -38. -37. -33. -31. -28. -28. -27.
 -27. -23. -23. -22. -20. -19. -16. -15. -14. -12.  -9.  -6.  -5.  -4.
   2.   2.   5.   6.   6.   6.   8.  16.  17.  18.  18.  20.  21.  22.
  23.  24.  24.  27.  33.  43.  43.  49.  49.  49.  50.  55.  61.  62.
  67.  69.  73.  78.  79.  80.  80.  85.  86.  87.  87.  93.  95.  97.
  98.  99.][-100. -100.  -99.  -99.  -96.  -96.  -96.  -95.  -92.  -90.  -90.  -88.
  -86.  -84.  -82.  -82.  -81.  -79.  -78.  -74.  -74.  -72.  -70.  -68.
  -65.  -50.  -50.  -49.  -48.  -48.  -45.  -41.  -35.  -34.  -23.  -19.
  -19.  -18.  -18.   -5.   -4.   -2.    1.    2.    3.    4.    4.    6.
    7.    8.   12.   13.   15.   18.   19.   21.   23.   24.   31.   34.
   34.   39.   39.   41.   44.   45.   45.   49.   52.   53.   54.   59.
   61.   61.   63.   63.   64.   69.   70.   70.   72.   72.   72.   76.
   76.   76.   78.   79.   79.   79.   86.   87.   90.   91.   92.   96.
   97.   97.   99.   99.][-99. -98. -97. -96. -94. -93. -91. -91. -86. -84. -83. -83. -82. -81.
 -79. -75. -75. -73. -73. -72. -72. -71. -71. -66. -66. -66. -60. -59.
 -57. -52. -51. -50. -50. -49. -42. -36. -33. -31. -29. -27. -24. -22.
 -16. -15. -13.  -9.  -7.  -3.  -1.   0.   3.   3.   4.   7.   9.  10.
  12.  15.  16.  17.  18.  20.  20.  21.  28.  31.  38.  40.  41.  42.
  42.  43.  46.  50.  50.  53.  53.  55.  59.  61.  61.  63.  65.  65.
  67.  68.  69.  69.  72.  72.  74.  77.  77.  79.  80.  83.  88.  92.
  99. 100.][-100.  -99.  -99.  -99.  -98.  -98.  -97.  -97.  -94.  -94.  -85.  -85.
  -83.  -81.  -75.  -68.  -67.  -67.  -63.  -59.  -59.  -58.  -55.  -54.
  -52.  -52.  -42.  -39.  -39.  -39.  -37.  -37.  -33.  -33.  -32.  -31.
  -30.  -29.  -16.  -13.  -12.  -10.   -5.   -3.    1.    1.    2.    5.
    6.    8.    9.   12.   15.   15.   16.   17.   17.   19.   20.   21.
   22.   24.   25.   26.   27.   29.   33.   34.   35.   35.   36.   36.
   38.   40.   45.   56.   57.   57.   63.   64.   65.   66.   68.   68.
   68.   68.   71.   72.   73.   79.   83.   83.   83.   84.   85.   86.
   86.   92.   93.   95.][-100. -100.  -97.  -96.  -91.  -88.  -86.  -85.  -83.  -81.  -81.  -78.
  -76.  -75.  -69.  -67.  -66.  -65.  -63.  -62.  -62.  -58.  -57.  -56.
  -55.  -55.  -54.  -51.  -49.  -48.  -47.  -43.  -39.  -38.  -31.  -29.
  -23.  -22.  -22.  -21.  -17.  -14.  -14.  -14.  -13.   -8.   -8.   -4.
   -4.   -3.    0.    0.    0.    1.    2.    3.    3.    4.    5.    6.
   11.   13.   16.   16.   18.   20.   22.   23.   25.   26.   28.   29.
   29.   32.   37.   41.   42.   49.   49.   57.   57.   59.   60.   60.
   60.   63.   68.   69.   72.   72.   82.   83.   86.   89.   89.   92.
   92.   95.   97.   98.][-97. -94. -91. -88. -87. -86. -84. -81. -81. -79. -77. -75. -75. -74.
 -73. -68. -62. -62. -61. -58. -58. -58. -57. -57. -57. -54. -49. -48.
 -47. -46. -45. -44. -44. -40. -37. -37. -33. -32. -29. -28. -28. -25.
 -24. -24. -17. -17. -16. -15. -15. -14. -14. -14. -11.  -9.  -9.  -6.
  -4.  -3.   0.   2.   7.   8.  10.  13.  13.  14.  15.  18.  18.  20.
  29.  30.  37.  38.  39.  41.  45.  46.  49.  50.  60.  60.  60.  64.
  67.  70.  75.  75.  77.  79.  80.  80.  86.  88.  90.  92.  94.  96.
  99.  99.][-91. -91. -87. -85. -85. -83. -79. -79. -79. -78. -78. -78. -77. -77.
 -73. -73. -72. -72. -68. -67. -66. -58. -57. -57. -52. -50. -46. -44.
 -43. -40. -36. -36. -34. -29. -25. -24. -24. -24. -22. -22. -21. -21.
 -20. -19. -18. -17. -17. -16. -15. -14. -13. -11.  -8.  -7.  -3.  -3.
  -1.  -1.   3.   4.   6.   7.   7.   8.  18.  20.  21.  23.  26.  30.
  31.  37.  39.  41.  43.  45.  45.  51.  53.  54.  54.  56.  57.  58.
  65.  67.  68.  76.  82.  82.  87.  88.  95.  96.  96.  96.  98.  98.
  99. 100.][-99. -96. -95. -94. -92. -91. -91. -90. -85. -80. -80. -75. -73. -72.
 -66. -64. -63. -63. -61. -59. -59. -58. -55. -54. -53. -52. -48. -47.
 -46. -44. -43. -37. -37. -36. -35. -33. -32. -29. -29. -27. -25. -20.
 -19. -16. -15. -12. -11. -10.  -9.  -2.  -2.  -1.   4.   5.   6.   7.
   9.  10.  10.  17.  18.  19.  19.  19.  21.  23.  27.  28.  29.  30.
  32.  34.  38.  40.  41.  41.  45.  47.  50.  51.  53.  53.  55.  57.
  59.  61.  65.  75.  75.  76.  76.  77.  80.  81.  82.  86.  95.  98.
  98. 100.][-100.  -96.  -95.  -94.  -94.  -89.  -88.  -86.  -85.  -78.  -73.  -70.
  -69.  -67.  -67.  -64.  -62.  -61.  -60.  -60.  -57.  -55.  -53.  -48.
  -41.  -41.  -38.  -38.  -37.  -35.  -34.  -33.  -32.  -32.  -28.  -27.
  -25.  -23.  -23.  -21.  -21.   -9.   -7.   -5.   -5.   -3.   -2.    0.
    1.    5.    9.   12.   14.   14.   18.   18.   19.   20.   23.   29.
   29.   30.   31.   32.   33.   33.   34.   35.   38.   38.   38.   38.
   42.   42.   42.   44.   47.   50.   50.   53.   54.   54.   55.   56.
   59.   61.   64.   65.   65.   68.   72.   74.   77.   83.   90.   91.
   94.   99.   99.   99.][-99. -98. -98. -97. -95. -91. -91. -90. -88. -87. -87. -82. -76. -75.
 -74. -71. -70. -64. -61. -60. -60. -58. -57. -56. -55. -54. -50. -49.
 -44. -43. -36. -36. -36. -31. -29. -25. -20. -18. -17. -17. -16. -13.
 -10.  -9.  -9.  -8.  -7.  -6.  -5.  -3.  -3.   1.   4.   8.   9.  16.
  18.  19.  21.  22.  23.  27.  28.  30.  33.  42.  44.  46.  46.  46.
  47.  50.  50.  52.  52.  55.  57.  62.  66.  66.  67.  68.  70.  75.
  78.  80.  84.  86.  87.  87.  87.  88.  89.  90.  91.  95.  95.  96.
  98.  99.][-100.  -99.  -94.  -94.  -93.  -93.  -89.  -89.  -89.  -85.  -82.  -82.
  -74.  -73.  -71.  -70.  -70.  -69.  -68.  -67.  -65.  -60.  -56.  -55.
  -54.  -53.  -51.  -47.  -46.  -44.  -38.  -38.  -34.  -34.  -32.  -32.
  -29.  -27.  -25.  -23.  -20.  -18.  -12.  -10.   -6.   -6.   -6.   -5.
   -4.   -4.   -1.   11.   11.   15.   15.   15.   16.   19.   23.   29.
   29.   31.   32.   33.   35.   35.   37.   38.   44.   45.   47.   47.
   48.   54.   55.   57.   57.   57.   58.   60.   61.   63.   67.   69.
   70.   70.   71.   73.   74.   74.   79.   82.   86.   88.   89.   89.
   95.   97.   99.  100.][-97. -95. -88. -87. -84. -81. -79. -76. -74. -74. -70. -70. -69. -66.
 -65. -64. -61. -59. -59. -53. -51. -48. -46. -43. -40. -39. -37. -36.
 -36. -35. -35. -34. -33. -29. -26. -25. -20. -20. -19. -17. -13. -12.
 -11. -10.  -9.  -7.  -5.  -5.  -4.  -4.   4.   8.  11.  15.  15.  17.
  24.  25.  30.  30.  32.  37.  37.  38.  39.  40.  41.  42.  44.  46.
  49.  50.  57.  58.  58.  59.  61.  63.  63.  66.  68.  68.  69.  70.
  70.  72.  76.  76.  76.  81.  82.  88.  90.  91.  91.  92.  94.  96.
  97.  99.][-100. -100. -100.  -98.  -95.  -93.  -91.  -90.  -88.  -87.  -85.  -84.
  -80.  -68.  -68.  -67.  -65.  -65.  -65.  -63.  -62.  -60.  -59.  -58.
  -56.  -54.  -51.  -49.  -45.  -42.  -42.  -40.  -40.  -39.  -37.  -35.
  -34.  -34.  -31.  -29.  -28.  -27.  -25.  -23.  -22.  -21.  -20.  -19.
  -18.  -17.   -9.   -5.   -3.   -2.    0.    1.    3.    4.    6.   12.
   13.   14.   14.   14.   16.   17.   18.   19.   21.   21.   22.   23.
   27.   27.   32.   37.   38.   44.   44.   46.   47.   48.   51.   55.
   58.   60.   61.   63.   70.   71.   72.   72.   72.   75.   86.   87.
   89.   89.   90.  100.][-98. -89. -89. -86. -86. -83. -83. -82. -81. -81. -79. -77. -77. -76.
 -73. -73. -72. -66. -64. -63. -63. -61. -53. -52. -51. -46. -41. -38.
 -30. -30. -29. -28. -27. -27. -24. -22. -21. -18. -15. -14. -13. -12.
  -9.  -8.  -1.  -1.   4.   5.   7.   8.   9.  13.  13.  18.  19.  22.
  22.  26.  27.  28.  28.  29.  30.  32.  32.  33.  33.  34.  40.  42.
  45.  48.  48.  50.  52.  54.  55.  57.  59.  60.  62.  65.  69.  70.
  70.  72.  74.  75.  78.  81.  85.  85.  88.  91.  91.  95.  97.  97.
  99.  99.][-99. -97. -97. -97. -95. -93. -93. -88. -87. -87. -85. -82. -79. -78.
 -74. -73. -72. -71. -70. -69. -69. -65. -64. -63. -62. -61. -61. -61.
 -61. -60. -56. -54. -50. -46. -43. -40. -38. -37. -32. -31. -29. -29.
 -26. -24. -19. -19. -18. -16. -12. -12.  -9.  -8.  -5.  -5.  -2.  -2.
   0.   3.   4.   5.   9.  10.  11.  12.  15.  17.  21.  21.  22.  24.
  25.  26.  26.  35.  36.  38.  41.  43.  48.  48.  55.  57.  70.  70.
  74.  75.  78.  78.  80.  83.  84.  85.  86.  90.  91.  93.  94.  96.
  96.  96.][-97. -94. -90. -88. -85. -85. -85. -84. -80. -78. -77. -75. -75. -75.
 -73. -73. -71. -71. -69. -68. -66. -65. -63. -63. -62. -55. -53. -50.
 -47. -43. -43. -42. -39. -35. -34. -23. -23. -21. -20. -17. -17. -11.
  -5.  -5.  -3.  -3.  -1.   0.   0.   0.   5.   5.   7.   8.   8.   8.
   9.  10.  11.  12.  14.  18.  19.  20.  23.  24.  24.  26.  29.  33.
  34.  35.  37.  37.  37.  40.  41.  43.  43.  44.  49.  50.  50.  51.
  51.  57.  59.  68.  74.  83.  83.  83.  83.  84.  89.  89.  91.  92.
  98. 100.][-100. -100.  -99.  -99.  -96.  -95.  -91.  -91.  -87.  -85.  -84.  -84.
  -84.  -83.  -83.  -81.  -80.  -79.  -78.  -76.  -75.  -74.  -72.  -71.
  -71.  -71.  -69.  -67.  -67.  -65.  -64.  -63.  -63.  -62.  -54.  -53.
  -53.  -53.  -52.  -51.  -47.  -46.  -45.  -42.  -40.  -40.  -36.  -31.
  -29.  -23.  -22.  -17.  -14.  -14.   -8.   -7.   -4.   -2.    1.    5.
    5.   10.   13.   14.   20.   20.   24.   25.   26.   27.   29.   31.
   31.   33.   37.   38.   41.   45.   47.   49.   49.   51.   54.   57.
   58.   59.   62.   62.   63.   66.   69.   71.   72.   84.   94.   96.
   96.   96.   99.  100.][-100.  -98.  -98.  -97.  -95.  -94.  -90.  -87.  -83.  -83.  -82.  -81.
  -79.  -79.  -77.  -74.  -73.  -73.  -72.  -71.  -71.  -68.  -64.  -63.
  -61.  -60.  -56.  -51.  -48.  -42.  -42.  -40.  -40.  -39.  -38.  -36.
  -34.  -33.  -30.  -28.  -23.  -21.  -14.  -14.   -9.   -9.   -7.   -6.
   -5.   -4.   -2.   -1.    0.    0.    1.    5.    6.    7.    8.   13.
   17.   18.   26.   31.   36.   46.   50.   51.   53.   55.   57.   58.
   59.   59.   60.   61.   62.   62.   63.   64.   65.   66.   67.   70.
   71.   75.   77.   82.   83.   83.   83.   87.   88.   88.   94.   94.
   97.   98.   98.   99.][-94. -94. -90. -90. -89. -85. -85. -78. -78. -76. -76. -74. -72. -68.
 -67. -67. -65. -62. -60. -58. -56. -56. -55. -50. -49. -47. -45. -43.
 -42. -40. -38. -38. -35. -33. -30. -29. -27. -23. -21. -19. -19. -12.
  -9.  -8.  -8.  -7.  -7.  -3.  -1.   0.   2.   4.   8.  13.  15.  19.
  19.  19.  22.  23.  24.  28.  30.  30.  30.  32.  33.  35.  37.  39.
  41.  45.  45.  58.  60.  61.  62.  62.  64.  64.  65.  67.  68.  69.
  70.  72.  73.  78.  80.  82.  82.  83.  83.  84.  85.  92.  93.  94.
  94.  97.][-100.  -99.  -98.  -96.  -95.  -93.  -92.  -89.  -88.  -88.  -87.  -86.
  -84.  -81.  -79.  -78.  -73.  -73.  -71.  -64.  -63.  -62.  -60.  -57.
  -55.  -55.  -53.  -50.  -48.  -47.  -46.  -45.  -42.  -42.  -40.  -39.
  -38.  -35.  -34.  -34.  -26.  -23.  -23.  -21.  -19.  -15.  -12.  -11.
   -7.   -3.   -1.    1.    2.    6.    7.    7.    8.   11.   14.   20.
   20.   20.   22.   24.   27.   31.   38.   39.   41.   44.   45.   49.
   59.   60.   60.   64.   68.   70.   71.   72.   76.   77.   78.   79.
   80.   81.   82.   85.   85.   85.   86.   87.   89.   91.   91.   92.
   92.   93.   94.   96.][-97. -95. -94. -93. -93. -89. -88. -88. -83. -82. -78. -77. -76. -74.
 -73. -70. -70. -68. -67. -63. -62. -62. -62. -60. -59. -53. -52. -50.
 -45. -45. -44. -41. -37. -35. -32. -28. -28. -26. -22. -22. -20. -16.
 -15. -14. -13. -13. -13. -13. -11. -10.  -8.  -8.  -7.  -1.   0.   3.
   3.   3.   8.  16.  16.  17.  18.  19.  22.  25.  30.  31.  31.  31.
  35.  36.  43.  45.  48.  49.  53.  55.  55.  55.  56.  57.  57.  57.
  61.  64.  73.  73.  77.  77.  78.  88.  88.  89.  89.  95.  95.  96.
  97. 100.][-100.  -99.  -99.  -98.  -98.  -98.  -97.  -95.  -94.  -94.  -93.  -87.
  -82.  -82.  -78.  -74.  -74.  -73.  -71.  -70.  -70.  -69.  -67.  -60.
  -53.  -47.  -47.  -45.  -42.  -42.  -40.  -40.  -39.  -36.  -35.  -35.
  -34.  -31.  -27.  -22.  -22.  -18.  -17.  -15.  -14.   -7.   -7.   -7.
   -4.   -1.    3.    5.    6.    7.   10.   11.   11.   18.   18.   19.
   20.   20.   20.   22.   30.   32.   33.   37.   37.   38.   43.   44.
   45.   49.   50.   50.   51.   58.   62.   65.   69.   70.   71.   74.
   76.   77.   79.   79.   80.   82.   82.   84.   84.   86.   87.   88.
   93.   93.   96.   98.][-100.  -98.  -97.  -95.  -93.  -92.  -91.  -91.  -89.  -88.  -79.  -79.
  -78.  -75.  -73.  -73.  -72.  -71.  -68.  -67.  -66.  -63.  -62.  -62.
  -62.  -59.  -57.  -49.  -47.  -46.  -42.  -42.  -41.  -40.  -39.  -37.
  -36.  -32.  -29.  -29.  -25.  -24.  -18.  -13.  -12.  -10.   -9.   -2.
    4.    4.    6.    7.    7.    8.   11.   14.   16.   17.   17.   18.
   24.   24.   28.   29.   30.   31.   33.   35.   36.   37.   37.   44.
   48.   48.   48.   52.   52.   54.   55.   55.   58.   61.   62.   73.
   73.   75.   76.   76.   76.   77.   77.   78.   80.   85.   86.   86.
   91.   92.   95.   99.][-96. -95. -93. -90. -87. -87. -84. -83. -80. -78. -77. -74. -73. -71.
 -68. -68. -65. -63. -59. -55. -55. -55. -54. -53. -52. -50. -49. -45.
 -44. -42. -42. -38. -37. -33. -27. -24. -24. -23. -20. -15. -14. -13.
 -12.  -8.  -7.  -5.  -4.  -4.   3.   5.   6.   8.  12.  16.  16.  17.
  17.  17.  20.  21.  25.  27.  31.  33.  35.  35.  39.  40.  40.  42.
  42.  47.  51.  51.  54.  54.  64.  65.  66.  68.  71.  77.  77.  77.
  79.  79.  80.  81.  82.  84.  84.  88.  89.  89.  92.  95.  97.  98.
 100. 100.][-100. -100.  -99.  -95.  -94.  -94.  -93.  -91.  -87.  -86.  -83.  -82.
  -81.  -80.  -79.  -79.  -78.  -73.  -73.  -72.  -68.  -63.  -60.  -53.
  -48.  -42.  -39.  -37.  -36.  -36.  -35.  -35.  -35.  -33.  -32.  -29.
  -28.  -25.  -24.  -24.  -21.  -21.  -20.  -20.  -19.  -18.  -15.   -9.
   -8.   -8.   -4.   -3.   -2.   -1.   -1.   -1.    3.    4.    6.    8.
   11.   13.   15.   15.   17.   20.   20.   30.   30.   36.   36.   37.
   44.   48.   52.   56.   60.   60.   61.   61.   64.   64.   65.   68.
   69.   70.   71.   72.   76.   79.   80.   83.   84.   84.   85.   87.
   89.   92.   93.   94.][-100.  -99.  -97.  -95.  -89.  -87.  -85.  -80.  -80.  -76.  -76.  -74.
  -74.  -74.  -72.  -69.  -68.  -67.  -67.  -64.  -63.  -63.  -54.  -53.
  -52.  -51.  -49.  -49.  -49.  -46.  -46.  -46.  -42.  -40.  -39.  -37.
  -36.  -35.  -33.  -32.  -29.  -29.  -28.  -27.  -25.  -23.  -20.  -19.
  -15.   -9.   -9.   -7.   -4.   -3.    0.    5.    6.   11.   14.   14.
   16.   17.   17.   19.   21.   24.   30.   32.   33.   34.   43.   45.
   46.   47.   47.   52.   52.   53.   54.   54.   56.   57.   60.   64.
   64.   69.   70.   72.   74.   79.   79.   84.   85.   86.   87.   92.
   94.   94.   94.   96.][-98. -98. -95. -86. -85. -85. -85. -82. -80. -79. -79. -76. -75. -74.
 -68. -66. -62. -61. -58. -58. -56. -53. -51. -51. -47. -45. -41. -39.
 -39. -38. -36. -34. -34. -32. -30. -25. -24. -11. -11. -10. -10.  -9.
  -8.  -6.  -5.  -5.  -5.  -4.   4.   5.   6.   8.   9.  11.  16.  21.
  22.  28.  28.  31.  32.  33.  33.  34.  35.  37.  37.  40.  40.  51.
  53.  55.  58.  59.  59.  61.  63.  65.  67.  69.  71.  71.  76.  76.
  77.  79.  82.  82.  86.  86.  87.  87.  88.  89.  89.  90.  94.  95.
  97.  98.][-99. -98. -94. -93. -93. -92. -90. -89. -89. -86. -86. -84. -80. -78.
 -77. -74. -70. -69. -69. -69. -69. -68. -68. -67. -66. -65. -63. -63.
 -62. -61. -54. -53. -52. -52. -43. -39. -38. -30. -25. -21. -18. -18.
 -18. -17.  -9.  -7.  -6.   1.   5.   6.   6.   6.   9.  14.  22.  23.
  24.  26.  29.  31.  31.  31.  32.  39.  43.  47.  48.  49.  51.  54.
  56.  57.  60.  61.  66.  67.  67.  68.  70.  71.  75.  76.  77.  79.
  79.  80.  81.  82.  84.  87.  88.  88.  89.  90.  92.  93.  94.  95.
  96.  99.][-100.  -99.  -97.  -94.  -94.  -93.  -92.  -91.  -90.  -89.  -81.  -79.
  -76.  -76.  -76.  -74.  -73.  -72.  -72.  -71.  -66.  -66.  -63.  -58.
  -57.  -57.  -53.  -53.  -49.  -48.  -47.  -43.  -39.  -36.  -35.  -31.
  -28.  -27.  -23.  -18.  -17.  -17.  -15.  -14.  -11.   -8.   -7.   -4.
   -2.   -1.   -1.    1.    3.    5.    7.    7.   10.   11.   12.   18.
   26.   30.   30.   36.   38.   40.   41.   41.   43.   48.   49.   52.
   53.   54.   59.   62.   63.   70.   70.   70.   71.   75.   79.   79.
   82.   85.   85.   88.   90.   91.   91.   92.   93.   94.   94.   96.
   96.   97.   97.  100.][-98. -98. -96. -94. -90. -89. -87. -82. -79. -75. -75. -72. -72. -70.
 -69. -69. -69. -69. -68. -66. -65. -65. -63. -61. -61. -61. -58. -55.
 -54. -53. -52. -49. -49. -48. -48. -47. -46. -42. -41. -40. -37. -36.
 -35. -32. -29. -26. -21. -20. -20. -19. -16. -16. -15. -13. -10.  -7.
  -7.  -4.  -3.   1.   3.   8.   8.  11.  13.  19.  20.  22.  23.  25.
  29.  33.  40.  40.  41.  43.  43.  50.  50.  52.  55.  58.  59.  62.
  62.  67.  69.  74.  75.  80.  81.  81.  81.  92.  93.  93.  94.  94.
  98.  99.][-100. -100.  -99.  -98.  -98.  -95.  -94.  -92.  -91.  -90.  -86.  -82.
  -78.  -73.  -67.  -63.  -61.  -58.  -55.  -52.  -50.  -48.  -47.  -47.
  -45.  -43.  -42.  -39.  -36.  -29.  -29.  -27.  -26.  -24.  -23.  -20.
  -16.  -16.  -15.  -15.  -13.  -13.  -13.  -10.   -9.   -6.   -4.   -3.
   -3.    0.    2.    4.    4.    5.    5.    8.   12.   13.   19.   21.
   25.   25.   28.   28.   29.   30.   30.   36.   39.   45.   46.   48.
   49.   51.   53.   56.   56.   58.   63.   64.   66.   69.   71.   72.
   75.   75.   76.   77.   79.   86.   88.   88.   89.   92.   93.   94.
   95.   96.   98.   98.][-95. -95. -94. -92. -92. -90. -88. -86. -84. -84. -83. -83. -82. -82.
 -80. -78. -74. -73. -71. -68. -65. -61. -58. -58. -57. -57. -55. -52.
 -50. -50. -49. -48. -47. -43. -41. -33. -27. -27. -21. -17. -14. -12.
  -6.  -2.  -1.   0.   0.   2.   4.   5.   5.   7.   9.   9.  11.  13.
  15.  16.  16.  18.  18.  20.  25.  26.  27.  30.  31.  33.  36.  38.
  38.  39.  40.  40.  41.  41.  42.  43.  53.  60.  63.  64.  65.  67.
  69.  70.  70.  70.  71.  75.  76.  80.  85.  85.  87.  91.  93.  94.
  96.  98.][-100.  -99.  -95.  -93.  -92.  -89.  -89.  -89.  -84.  -83.  -81.  -75.
  -73.  -71.  -67.  -65.  -65.  -64.  -63.  -62.  -58.  -57.  -55.  -52.
  -50.  -46.  -45.  -43.  -42.  -39.  -38.  -36.  -36.  -36.  -34.  -34.
  -33.  -33.  -31.  -28.  -26.  -25.  -23.  -23.  -22.  -20.  -20.  -18.
  -11.   -8.   -7.   -6.   -5.   -5.   -2.   -2.   -1.   -1.    2.    3.
    3.    5.    7.   16.   22.   30.   34.   35.   38.   40.   43.   43.
   44.   45.   48.   50.   56.   59.   61.   61.   63.   63.   67.   68.
   68.   71.   72.   79.   79.   84.   84.   85.   90.   91.   91.   92.
   92.   93.   94.   99.][-100.  -98.  -97.  -95.  -95.  -87.  -83.  -83.  -77.  -76.  -74.  -72.
  -71.  -70.  -68.  -68.  -68.  -64.  -63.  -58.  -51.  -51.  -50.  -47.
  -47.  -45.  -39.  -39.  -39.  -33.  -26.  -26.  -25.  -24.  -22.  -21.
  -19.  -19.  -16.  -10.  -10.  -10.   -8.   -7.   -1.    0.    1.    2.
    3.    3.    3.    4.    7.    9.   10.   17.   17.   19.   21.   22.
   27.   30.   30.   33.   34.   44.   45.   48.   49.   51.   55.   56.
   57.   61.   63.   66.   66.   68.   69.   72.   73.   73.   73.   74.
   78.   79.   81.   82.   85.   86.   88.   91.   92.   92.   93.   93.
   95.   96.   98.  100.][-100. -100.  -96.  -96.  -95.  -92.  -87.  -87.  -87.  -86.  -84.  -82.
  -82.  -81.  -79.  -77.  -76.  -73.  -67.  -66.  -66.  -64.  -61.  -59.
  -56.  -56.  -50.  -45.  -44.  -43.  -43.  -41.  -40.  -38.  -33.  -33.
  -31.  -30.  -26.  -23.  -18.  -18.  -18.  -17.  -11.   -9.   -9.   -6.
   -6.   -5.   -5.   -4.   -3.   -3.    1.    4.    6.    9.    9.    9.
   10.   12.   12.   14.   17.   17.   23.   27.   28.   29.   31.   32.
   36.   37.   38.   38.   40.   42.   42.   47.   47.   53.   56.   56.
   59.   62.   64.   65.   70.   71.   76.   84.   85.   87.   89.   91.
   91.   93.   95.   97.][-92. -92. -88. -88. -87. -81. -79. -79. -78. -77. -73. -71. -70. -70.
 -69. -60. -59. -58. -57. -55. -54. -54. -54. -44. -44. -43. -42. -41.
 -41. -39. -38. -38. -32. -30. -20. -19. -18. -16. -12.  -7.  -5.  -4.
   0.   1.   4.   6.   6.  10.  10.  11.  12.  13.  15.  15.  18.  18.
  18.  23.  29.  30.  33.  36.  42.  45.  46.  47.  48.  51.  52.  54.
  55.  56.  58.  58.  59.  60.  60.  64.  64.  69.  71.  72.  72.  77.
  78.  79.  79.  79.  83.  85.  85.  86.  87.  88.  90.  95.  95.  97.
  98.  99.][-97. -91. -90. -89. -88. -86. -81. -78. -74. -74. -73. -72. -71. -68.
 -67. -65. -64. -61. -59. -58. -56. -54. -50. -44. -38. -37. -37. -37.
 -31. -25. -24. -22. -21. -15. -15. -14. -14. -12.  -8.  -7.  -5.  -5.
  -2.  -1.   0.   2.   3.   3.   3.   4.   9.  17.  20.  25.  26.  27.
  30.  32.  34.  34.  36.  37.  38.  39.  41.  42.  42.  43.  46.  47.
  49.  50.  52.  54.  54.  55.  56.  57.  58.  60.  61.  62.  62.  62.
  63.  65.  66.  68.  70.  75.  76.  79.  80.  80.  80.  85.  87.  88.
  95.  99.][-98. -96. -94. -93. -91. -90. -89. -84. -83. -81. -79. -74. -74. -72.
 -71. -70. -68. -64. -62. -56. -54. -51. -48. -48. -47. -45. -45. -44.
 -44. -44. -40. -39. -37. -36. -32. -32. -32. -31. -28. -26. -23. -22.
 -22. -20. -15. -15. -13. -10.  -9.  -7.  -5.  -5.  -2.  -1.   1.   1.
   3.   4.   6.  11.  14.  17.  17.  17.  26.  30.  31.  33.  34.  36.
  37.  40.  43.  44.  48.  50.  50.  52.  53.  58.  59.  66.  66.  67.
  71.  72.  72.  75.  80.  87.  89.  94.  95.  95.  98.  98.  99.  99.
 100. 100.][-99. -96. -96. -95. -93. -89. -89. -85. -82. -82. -81. -74. -71. -69.
 -68. -67. -66. -66. -65. -63. -60. -59. -57. -57. -54. -54. -53. -51.
 -49. -48. -48. -48. -46. -43. -42. -42. -36. -34. -30. -27. -26. -26.
 -19. -18. -17. -15.  -7.  -6.  -4.   0.   5.  11.  12.  14.  14.  15.
  15.  15.  17.  18.  19.  20.  20.  22.  26.  31.  37.  42.  46.  47.
  47.  49.  49.  51.  56.  56.  56.  59.  63.  65.  67.  67.  71.  72.
  72.  72.  76.  82.  85.  85.  85.  88.  89.  89.  92.  97.  97.  98.
  99. 100.][-99. -93. -92. -91. -90. -87. -83. -77. -75. -74. -74. -72. -68. -68.
 -63. -63. -61. -60. -54. -53. -51. -51. -49. -48. -46. -44. -43. -43.
 -43. -40. -39. -37. -37. -35. -28. -27. -21. -20. -15. -15. -14. -14.
 -13. -11.  -9.  -9.  -9.  -8.  -8.  -5.  -4.  -1.   0.   0.   1.   4.
   7.   7.  10.  11.  12.  13.  20.  21.  21.  24.  24.  25.  26.  26.
  30.  30.  32.  32.  33.  34.  34.  35.  40.  44.  45.  47.  50.  52.
  53.  53.  56.  60.  64.  65.  69.  70.  71.  71.  72.  75.  75.  94.
  95.  97.][-95. -91. -87. -87. -87. -86. -84. -80. -80. -78. -77. -75. -72. -72.
 -68. -66. -65. -61. -60. -54. -52. -49. -48. -48. -47. -45. -44. -44.
 -40. -39. -39. -39. -35. -34. -33. -31. -30. -26. -26. -21. -21. -21.
 -19. -15. -15. -14. -13. -12.  -8.  -8.  -8.  -5.  -4.  -3.   0.   2.
   2.   6.   6.   7.  11.  12.  14.  14.  14.  14.  15.  17.  17.  19.
  20.  21.  23.  23.  27.  31.  33.  35.  35.  43.  45.  46.  46.  50.
  53.  55.  55.  56.  58.  58.  62.  67.  71.  72.  80.  90.  92.  98.
  99.  99.][-100.  -99.  -97.  -93.  -92.  -92.  -90.  -89.  -87.  -85.  -80.  -76.
  -74.  -74.  -73.  -71.  -71.  -71.  -68.  -67.  -59.  -56.  -55.  -53.
  -52.  -51.  -49.  -49.  -42.  -41.  -37.  -36.  -36.  -32.  -28.  -26.
  -23.  -22.  -22.  -19.  -19.  -16.  -16.  -13.  -12.   -8.   -7.   -4.
    1.    1.    1.    2.    6.   10.   11.   13.   13.   13.   14.   17.
   17.   23.   25.   25.   26.   30.   35.   36.   43.   46.   47.   49.
   50.   55.   60.   64.   65.   66.   66.   66.   69.   69.   73.   76.
   76.   78.   80.   80.   80.   81.   88.   88.   91.   96.   96.   96.
   96.   98.   99.  100.][-100. -100.  -99.  -98.  -97.  -93.  -92.  -89.  -88.  -85.  -84.  -83.
  -82.  -79.  -78.  -78.  -76.  -75.  -74.  -70.  -69.  -65.  -61.  -57.
  -50.  -50.  -49.  -49.  -49.  -48.  -46.  -42.  -41.  -41.  -29.  -28.
  -28.  -26.  -26.  -17.  -16.  -16.  -15.  -15.  -12.  -12.  -10.   -9.
   -9.   -6.   -5.   -5.    5.    7.    9.   10.   13.   15.   17.   17.
   20.   26.   28.   29.   29.   30.   31.   38.   38.   39.   41.   42.
   46.   47.   51.   55.   62.   63.   63.   64.   64.   65.   69.   69.
   70.   71.   73.   73.   80.   81.   82.   83.   87.   87.   88.   88.
   89.   94.   94.   94.][-98. -98. -95. -94. -94. -88. -87. -87. -85. -84. -79. -77. -77. -77.
 -74. -71. -70. -63. -59. -53. -51. -50. -48. -48. -48. -41. -39. -35.
 -32. -32. -30. -30. -28. -27. -26. -24. -14. -12.  -9.  -6.  -5.  -5.
  -4.   2.   3.   7.   9.   9.  10.  17.  18.  20.  25.  29.  31.  32.
  36.  36.  37.  37.  40.  42.  43.  43.  45.  46.  47.  47.  49.  50.
  52.  53.  53.  53.  53.  55.  57.  58.  58.  58.  61.  66.  68.  71.
  72.  76.  77.  79.  81.  87.  87.  90.  91.  91.  93.  94.  95.  95.
  96.  99.][-100.  -98.  -95.  -94.  -93.  -91.  -88.  -88.  -85.  -82.  -80.  -79.
  -71.  -71.  -70.  -69.  -67.  -65.  -65.  -64.  -63.  -62.  -58.  -52.
  -48.  -48.  -44.  -38.  -36.  -36.  -35.  -34.  -31.  -30.  -29.  -25.
  -22.  -20.  -18.  -15.  -12.   -9.   -9.   -6.   -4.   -2.   -1.    0.
    5.    7.    9.   11.   11.   12.   14.   15.   15.   17.   18.   18.
   18.   27.   28.   28.   29.   29.   29.   31.   33.   33.   33.   34.
   35.   38.   39.   40.   44.   46.   47.   48.   49.   50.   50.   55.
   55.   57.   60.   64.   67.   71.   81.   91.   92.   94.   95.   95.
   96.   97.   97.   98.][-97. -97. -97. -96. -95. -93. -93. -92. -88. -88. -88. -87. -86. -84.
 -78. -78. -78. -77. -77. -70. -68. -56. -54. -50. -43. -40. -36. -35.
 -35. -34. -33. -33. -32. -28. -25. -22. -22. -21. -20. -19. -19. -18.
 -18. -17. -17. -13. -13.  -5.  -2.   1.   4.   5.   5.   8.  10.  11.
  12.  14.  16.  18.  20.  21.  22.  28.  30.  30.  33.  35.  35.  42.
  42.  46.  46.  46.  47.  47.  51.  55.  56.  56.  58.  59.  59.  62.
  66.  66.  67.  71.  78.  81.  83.  85.  85.  86.  91.  95.  97.  97.
  97.  99.][-100. -100.  -95.  -94.  -89.  -89.  -87.  -86.  -85.  -85.  -76.  -76.
  -75.  -73.  -66.  -63.  -62.  -62.  -59.  -57.  -53.  -52.  -52.  -52.
  -45.  -41.  -41.  -39.  -38.  -36.  -35.  -35.  -34.  -34.  -32.  -32.
  -31.  -31.  -25.  -23.  -21.  -17.  -16.  -16.  -15.  -12.  -11.   -5.
   -5.   -3.   -1.    0.    2.   12.   12.   13.   14.   14.   15.   16.
   19.   20.   25.   26.   29.   34.   37.   39.   45.   47.   48.   51.
   52.   54.   54.   57.   57.   57.   58.   59.   60.   60.   61.   67.
   67.   71.   72.   75.   77.   80.   82.   84.   85.   85.   86.   88.
   90.   91.   92.   98.][-97. -95. -92. -87. -86. -85. -84. -84. -83. -82. -80. -78. -77. -74.
 -73. -72. -72. -66. -65. -65. -64. -63. -62. -61. -60. -57. -57. -56.
 -52. -52. -51. -50. -49. -49. -47. -46. -43. -43. -41. -34. -31. -30.
 -29. -27. -24. -22. -22. -22. -22. -17. -16. -16. -15. -13. -13.  -7.
  -6.  -6.  -5.  -2.  -1.  -1.   5.  13.  14.  15.  19.  23.  25.  25.
  30.  30.  36.  37.  37.  38.  46.  47.  49.  49.  51.  53.  55.  57.
  61.  63.  68.  72.  76.  79.  79.  80.  84.  85.  86.  87.  89.  93.
  97. 100.][-100.  -98.  -98.  -97.  -96.  -96.  -94.  -92.  -92.  -91.  -90.  -90.
  -90.  -87.  -86.  -85.  -85.  -81.  -76.  -75.  -72.  -69.  -67.  -65.
  -64.  -62.  -60.  -58.  -58.  -57.  -57.  -50.  -42.  -41.  -37.  -36.
  -33.  -33.  -31.  -27.  -26.  -24.  -24.  -22.  -14.  -14.  -14.  -13.
  -11.  -10.   -9.   -8.   -8.   -5.   -3.   -1.    5.    6.    9.    9.
   10.   10.   11.   13.   20.   21.   22.   23.   25.   31.   35.   36.
   39.   43.   45.   46.   48.   49.   50.   51.   52.   57.   59.   59.
   63.   65.   67.   70.   70.   72.   75.   77.   77.   78.   85.   85.
   85.   87.   90.   94.][-99. -95. -94. -93. -92. -87. -87. -83. -81. -73. -73. -73. -71. -71.
 -68. -65. -64. -63. -61. -59. -57. -54. -48. -42. -41. -41. -40. -34.
 -34. -34. -34. -33. -31. -29. -24. -24. -23. -23. -22. -22. -21. -19.
 -18. -10. -10.  -7.  -5.   3.   4.   4.  11.  12.  12.  16.  17.  18.
  19.  20.  22.  23.  24.  24.  25.  27.  33.  35.  37.  37.  39.  39.
  40.  43.  44.  45.  50.  50.  52.  55.  56.  56.  59.  68.  69.  70.
  72.  72.  73.  74.  79.  83.  84.  85.  85.  86.  86.  87.  89.  91.
  97.  98.][-97. -96. -96. -94. -94. -93. -92. -89. -86. -86. -86. -85. -85. -83.
 -79. -75. -70. -70. -69. -67. -67. -65. -63. -58. -54. -53. -50. -46.
 -41. -41. -37. -37. -33. -29. -26. -26. -21. -20. -19. -18. -17. -13.
 -10. -10.  -6.  -6.  -4.   0.   1.   7.   7.  15.  19.  19.  21.  21.
  21.  21.  23.  23.  25.  27.  28.  30.  30.  31.  32.  33.  35.  36.
  36.  37.  37.  39.  39.  40.  41.  43.  43.  45.  51.  54.  58.  59.
  61.  64.  70.  75.  75.  75.  78.  79.  84.  84.  86.  86.  90.  93.
  97. 100.][-99. -98. -96. -96. -92. -87. -85. -81. -80. -80. -80. -80. -75. -74.
 -72. -71. -69. -69. -68. -67. -67. -66. -65. -65. -65. -61. -59. -57.
 -54. -52. -51. -48. -47. -46. -45. -44. -44. -41. -39. -39. -33. -32.
 -30. -30. -28. -28. -27. -23. -20. -20. -19. -17. -15.  -9.  -6.  -3.
  -1.   3.   5.   9.  13.  17.  20.  22.  31.  33.  35.  40.  42.  45.
  45.  46.  48.  50.  53.  54.  59.  61.  63.  70.  70.  73.  77.  78.
  82.  82.  83.  83.  83.  83.  85.  85.  85.  89.  90.  91.  95.  96.
  96.  97.][-99. -98. -98. -98. -95. -94. -94. -94. -91. -90. -87. -84. -81. -77.
 -76. -76. -75. -73. -72. -71. -71. -70. -65. -65. -65. -64. -60. -59.
 -56. -55. -52. -51. -48. -47. -46. -44. -43. -39. -39. -32. -29. -28.
 -28. -26. -24. -24. -20. -13. -13.  -6.  -6.  -6.  -2.   1.   2.   3.
   5.  12.  23.  25.  27.  32.  33.  33.  33.  36.  38.  39.  44.  45.
  45.  48.  52.  54.  54.  56.  59.  59.  59.  59.  60.  61.  67.  69.
  73.  73.  80.  82.  82.  85.  88.  89.  90.  93.  94.  94.  96.  98.
  98.  99.][-100.  -99.  -97.  -95.  -92.  -88.  -88.  -87.  -87.  -87.  -85.  -81.
  -81.  -79.  -76.  -73.  -72.  -71.  -71.  -70.  -70.  -69.  -68.  -65.
  -64.  -60.  -58.  -57.  -54.  -54.  -53.  -53.  -53.  -47.  -39.  -36.
  -34.  -34.  -31.  -31.  -30.  -27.  -23.  -23.  -17.  -17.  -14.  -10.
  -10.   -9.   -9.   -6.   -3.   -3.    5.    6.   10.   12.   15.   20.
   20.   21.   24.   26.   26.   27.   28.   33.   36.   36.   39.   39.
   40.   46.   46.   48.   50.   53.   59.   60.   60.   62.   62.   64.
   67.   68.   76.   78.   79.   82.   84.   85.   87.   87.   89.   92.
   95.   97.   99.   99.][-100.  -94.  -93.  -87.  -82.  -81.  -80.  -76.  -75.  -68.  -66.  -58.
  -56.  -55.  -53.  -52.  -52.  -52.  -51.  -50.  -45.  -44.  -42.  -39.
  -38.  -35.  -32.  -32.  -29.  -26.  -24.  -21.  -16.  -16.  -13.  -11.
  -10.   -4.   -2.    0.    1.    1.    3.   13.   13.   14.   15.   15.
   16.   17.   17.   18.   19.   22.   25.   25.   27.   28.   29.   30.
   35.   39.   39.   40.   43.   45.   47.   47.   48.   50.   51.   52.
   53.   54.   56.   58.   60.   60.   60.   62.   69.   70.   72.   73.
   73.   75.   75.   77.   78.   80.   83.   84.   84.   85.   86.   87.
   91.   97.   99.  100.][-98. -98. -97. -91. -89. -85. -84. -79. -79. -74. -68. -67. -66. -63.
 -62. -58. -48. -45. -44. -43. -39. -39. -38. -38. -37. -36. -32. -29.
 -26. -23. -20. -20. -20. -19. -16. -15. -13. -10.  -9.  -8.  -2.  -2.
  -2.  -1.   4.   8.  12.  15.  18.  22.  25.  28.  29.  31.  32.  32.
  33.  35.  35.  36.  38.  38.  39.  39.  39.  41.  46.  46.  46.  47.
  48.  53.  58.  59.  60.  62.  63.  64.  67.  68.  70.  74.  75.  75.
  76.  78.  79.  81.  81.  83.  84.  89.  90.  96.  96.  97.  98.  98.
  98. 100.][-100.  -99.  -99.  -98.  -93.  -92.  -89.  -88.  -87.  -85.  -84.  -83.
  -81.  -81.  -74.  -72.  -71.  -67.  -65.  -60.  -57.  -54.  -52.  -50.
  -47.  -44.  -42.  -42.  -41.  -39.  -36.  -33.  -27.  -27.  -25.  -24.
  -22.  -20.  -18.  -18.  -17.  -14.  -14.  -12.  -12.  -10.  -10.  -10.
   -8.   -5.   -2.   -1.    0.    2.    4.    5.    8.   12.   13.   15.
   16.   19.   24.   26.   28.   34.   34.   41.   42.   46.   50.   51.
   54.   55.   55.   56.   58.   64.   65.   65.   66.   66.   69.   72.
   72.   75.   78.   78.   83.   83.   84.   84.   85.   86.   91.   91.
   95.   97.   98.  100.][-92. -90. -90. -89. -88. -85. -84. -84. -84. -81. -80. -79. -73. -71.
 -70. -68. -67. -67. -66. -66. -64. -61. -56. -54. -52. -50. -49. -49.
 -48. -47. -46. -45. -43. -40. -39. -36. -35. -34. -33. -32. -29. -29.
 -28. -27. -26. -23. -23. -23. -20. -19. -17. -17. -14.  -9.  -8.  -5.
  -5.  -5.  -4.   3.   7.   8.   9.  13.  19.  20.  22.  28.  29.  32.
  36.  37.  38.  38.  39.  41.  41.  42.  45.  50.  53.  56.  64.  64.
  65.  66.  68.  69.  70.  78.  82.  84.  84.  86.  88.  88.  89.  94.
  95.  95.][-94. -93. -93. -93. -91. -90. -90. -86. -85. -77. -75. -73. -71. -70.
 -70. -67. -65. -63. -62. -61. -58. -55. -55. -53. -52. -48. -48. -44.
 -43. -41. -32. -31. -28. -25. -23. -22. -19. -18. -14. -12. -12. -10.
  -4.  -2.  -2.  -1.   5.   6.  12.  13.  13.  17.  18.  18.  20.  24.
  25.  26.  29.  36.  37.  42.  44.  46.  49.  49.  50.  57.  60.  63.
  64.  65.  66.  67.  68.  68.  70.  71.  73.  75.  78.  79.  79.  80.
  80.  81.  84.  84.  84.  89.  91.  93.  93.  93.  96.  96.  97.  98.
  98. 100.][-100.  -99.  -97.  -96.  -92.  -90.  -89.  -88.  -83.  -81.  -76.  -74.
  -74.  -74.  -72.  -71.  -69.  -69.  -68.  -66.  -65.  -64.  -63.  -60.
  -52.  -52.  -50.  -46.  -42.  -39.  -38.  -37.  -37.  -34.  -30.  -25.
  -21.  -21.  -18.  -16.  -15.  -15.  -13.  -12.  -11.   -4.   -2.   -1.
   -1.    0.    2.    2.    2.    8.    9.   13.   17.   19.   19.   27.
   27.   27.   29.   29.   30.   32.   33.   36.   37.   38.   50.   51.
   52.   54.   54.   55.   58.   59.   62.   66.   66.   66.   70.   71.
   72.   72.   73.   73.   74.   75.   77.   78.   83.   86.   88.   90.
   91.   93.   95.   98.][-90. -86. -85. -85. -84. -84. -82. -82. -82. -81. -80. -76. -64. -61.
 -57. -57. -53. -46. -45. -44. -41. -36. -36. -35. -31. -30. -29. -26.
 -23. -23. -22. -21. -20. -19. -14. -10.  -9.  -7.  -6.  -3.   8.  11.
  12.  13.  18.  19.  20.  21.  22.  23.  25.  27.  28.  29.  30.  33.
  34.  34.  36.  37.  39.  39.  45.  46.  47.  47.  48.  48.  50.  53.
  56.  61.  62.  63.  64.  64.  64.  68.  69.  70.  70.  71.  71.  73.
  73.  74.  78.  80.  80.  85.  86.  87.  89.  89.  94.  94.  94.  95.
  97.  97.][-98. -98. -95. -94. -93. -92. -91. -90. -90. -90. -82. -76. -76. -75.
 -71. -70. -69. -66. -65. -63. -63. -61. -54. -53. -52. -51. -50. -46.
 -46. -43. -41. -39. -39. -36. -36. -34. -34. -33. -32. -30. -30. -25.
 -24. -23. -17. -17. -16. -12. -11. -10.  -7.  -3.  -1.   1.   1.   2.
   3.   6.   8.   8.   9.  10.  12.  12.  13.  16.  18.  21.  23.  24.
  26.  27.  31.  31.  32.  33.  34.  37.  45.  46.  46.  50.  57.  60.
  61.  63.  70.  71.  73.  75.  76.  77.  82.  82.  83.  86.  87.  89.
  98. 100.][-100.  -98.  -94.  -94.  -94.  -90.  -88.  -84.  -84.  -83.  -82.  -81.
  -77.  -76.  -73.  -72.  -71.  -70.  -66.  -61.  -59.  -57.  -54.  -48.
  -48.  -48.  -48.  -44.  -44.  -43.  -41.  -40.  -39.  -38.  -34.  -29.
  -25.  -24.  -22.  -20.  -19.  -19.  -17.  -14.  -13.  -13.  -11.  -10.
  -10.   -9.   -7.    0.    1.    2.   12.   13.   14.   16.   16.   19.
   19.   20.   23.   26.   27.   28.   31.   34.   35.   37.   42.   43.
   45.   45.   51.   55.   55.   56.   59.   60.   61.   63.   68.   75.
   75.   78.   81.   89.   90.   92.   93.   94.   96.   96.   97.   97.
   97.   98.   99.   99.][-100.  -95.  -92.  -92.  -90.  -87.  -86.  -84.  -81.  -80.  -74.  -72.
  -71.  -65.  -63.  -62.  -60.  -60.  -59.  -56.  -56.  -55.  -55.  -53.
  -52.  -48.  -48.  -45.  -44.  -41.  -41.  -39.  -37.  -32.  -32.  -30.
  -28.  -21.  -18.  -16.  -13.  -11.   -4.    0.    1.    1.    1.    2.
    2.    3.    3.    4.    6.    7.    7.    8.   13.   15.   23.   28.
   29.   29.   32.   33.   36.   37.   41.   43.   47.   48.   50.   53.
   54.   63.   63.   65.   67.   68.   69.   73.   74.   76.   76.   82.
   82.   82.   82.   83.   85.   86.   87.   89.   90.   90.   94.   94.
   94.   97.   99.  100.][-98. -98. -95. -94. -91. -91. -86. -83. -83. -80. -76. -73. -69. -69.
 -61. -60. -59. -59. -57. -53. -50. -48. -48. -46. -38. -37. -35. -30.
 -28. -27. -26. -26. -25. -24. -22. -19. -18. -14. -10. -10. -10.  -9.
  -7.  -5.  -4.   0.   1.   4.   4.   7.   8.  24.  25.  26.  27.  28.
  30.  31.  32.  34.  34.  36.  36.  40.  42.  42.  43.  47.  49.  52.
  54.  54.  56.  60.  61.  62.  64.  64.  68.  68.  70.  70.  70.  71.
  75.  77.  78.  80.  83.  84.  84.  87.  87.  88.  90.  95.  95.  97.
  99. 100.][-98. -97. -94. -88. -87. -85. -84. -80. -80. -80. -74. -73. -69. -68.
 -67. -65. -64. -63. -56. -54. -54. -52. -52. -46. -45. -40. -40. -36.
 -35. -35. -33. -32. -31. -27. -26. -26. -24. -23. -23. -19. -15. -13.
 -12. -12. -11.  -9.  -8.  -8.  -6.  -5.  -3.  -3.  -2.   3.   6.   7.
   8.  10.  12.  14.  16.  17.  18.  18.  21.  23.  25.  30.  36.  37.
  37.  39.  45.  45.  45.  50.  50.  52.  59.  59.  63.  65.  67.  67.
  70.  72.  74.  78.  83.  83.  90.  91.  95.  96.  96.  97.  98.  99.
 100. 100.]