[-98. -98. -97. -95. -94. -93. -87. -86. -85. -83. -83. -82. -79. -77.
 -73. -71. -66. -63. -63. -63. -63. -61. -60. -54. -54. -54. -52. -51.
 -50. -49. -48. -46. -45. -40. -40. -40. -37. -33. -33. -33. -30. -29.
 -28. -27. -27. -24. -21. -17. -16. -16.  -9.  -4.  -2.   1.   5.   7.
   7.   8.  11.  12.  13.  15.  19.  24.  26.  26.  37.  40.  41.  41.
  41.  41.  42.  43.  49.  53.  54.  54.  55.  57.  61.  61.  65.  65.
  66.  66.  68.  75.  76.  76.  80.  82.  84.  85.  85.  86.  88.  95.
  97.  99.][-100.  -99.  -95.  -91.  -90.  -87.  -75.  -75.  -73.  -71.  -69.  -69.
  -66.  -63.  -63.  -62.  -61.  -57.  -57.  -55.  -54.  -53.  -49.  -44.
  -40.  -37.  -37.  -33.  -29.  -26.  -25.  -23.  -23.  -21.  -21.  -21.
  -13.  -13.   -6.   -6.   -4.   -3.   -3.   -2.   -1.    0.    1.    2.
    3.    4.    5.    6.    9.    9.   12.   13.   14.   15.   20.   24.
   25.   30.   31.   32.   33.   36.   36.   36.   37.   38.   38.   39.
   40.   44.   44.   44.   45.   49.   49.   50.   53.   57.   57.   63.
   63.   63.   69.   71.   74.   75.   76.   77.   79.   81.   82.   90.
   90.   95.   98.  100.][-99. -92. -91. -91. -88. -87. -84. -84. -82. -82. -81. -79. -79. -77.
 -77. -76. -68. -68. -66. -63. -57. -52. -52. -46. -46. -45. -44. -41.
 -41. -38. -36. -34. -34. -30. -30. -28. -26. -23. -17. -15. -10.  -5.
   0.   0.   3.   4.   4.   6.   6.   6.   8.   8.  10.  10.  12.  15.
  18.  20.  25.  25.  26.  27.  30.  31.  33.  36.  37.  40.  44.  46.
  47.  52.  52.  56.  58.  63.  65.  66.  68.  69.  70.  71.  71.  72.
  73.  74.  74.  76.  76.  76.  76.  78.  81.  82.  83.  87.  88.  91.
  95.  96.][-97. -96. -95. -93. -92. -91. -91. -88. -82. -81. -80. -71. -66. -66.
 -65. -64. -59. -58. -57. -56. -55. -54. -54. -51. -51. -50. -48. -47.
 -47. -46. -45. -40. -38. -32. -30. -30. -28. -27. -24. -22. -20. -18.
 -13.  -2.  -2.  -2.  -2.   1.   2.   2.   9.  11.  17.  22.  25.  27.
  29.  31.  32.  33.  34.  37.  41.  42.  43.  44.  46.  48.  49.  50.
  50.  50.  52.  57.  57.  58.  63.  64.  68.  69.  69.  70.  72.  76.
  85.  86.  87.  88.  89.  90.  90.  90.  91.  91.  91.  94.  95.  96.
  99. 100.][-100.  -97.  -97.  -97.  -96.  -94.  -90.  -88.  -86.  -86.  -80.  -76.
  -71.  -70.  -68.  -65.  -64.  -59.  -55.  -53.  -53.  -53.  -52.  -52.
  -51.  -49.  -49.  -49.  -42.  -41.  -40.  -40.  -40.  -38.  -34.  -31.
  -29.  -28.  -26.  -21.  -21.  -18.  -13.  -12.  -12.   -8.   -4.    2.
    3.    6.    7.   10.   11.   14.   14.   15.   18.   18.   21.   25.
   28.   28.   29.   32.   33.   34.   34.   39.   41.   41.   44.   47.
   51.   51.   51.   52.   55.   56.   58.   61.   62.   62.   63.   66.
   66.   68.   69.   70.   76.   78.   78.   79.   84.   89.   90.   90.
   92.   99.  100.  100.][-99. -98. -98. -96. -96. -95. -93. -87. -87. -86. -85. -82. -82. -81.
 -80. -80. -76. -69. -65. -61. -59. -59. -58. -57. -57. -55. -55. -52.
 -52. -48. -48. -45. -44. -43. -42. -41. -38. -36. -26. -22. -19. -19.
 -19. -17. -16. -13. -12. -10.  -9.  -5.  -4.   3.   5.   5.   6.   6.
  10.  10.  11.  11.  11.  15.  17.  18.  18.  25.  29.  33.  36.  40.
  42.  44.  47.  47.  48.  50.  51.  51.  53.  53.  61.  62.  62.  63.
  63.  64.  71.  73.  73.  74.  76.  78.  78.  79.  84.  86.  92.  93.
  93.  94.][-100.  -98.  -97.  -95.  -92.  -90.  -88.  -85.  -83.  -82.  -80.  -78.
  -77.  -74.  -70.  -70.  -69.  -65.  -65.  -62.  -62.  -59.  -56.  -53.
  -52.  -50.  -49.  -48.  -47.  -47.  -46.  -45.  -39.  -39.  -39.  -39.
  -36.  -34.  -33.  -33.  -33.  -32.  -27.  -27.  -24.  -22.  -18.  -11.
   -9.   -8.   -7.   -7.   -4.    0.    0.    6.    7.    9.   14.   15.
   16.   17.   20.   21.   21.   22.   27.   29.   33.   34.   36.   36.
   44.   45.   46.   48.   49.   53.   54.   56.   56.   57.   59.   62.
   63.   64.   70.   71.   74.   74.   81.   82.   84.   86.   87.   87.
   87.   94.   94.   99.][-97. -90. -89. -89. -88. -87. -83. -82. -81. -80. -79. -77. -77. -76.
 -71. -68. -67. -67. -62. -61. -59. -58. -55. -54. -54. -53. -53. -49.
 -47. -45. -42. -35. -34. -33. -26. -23. -18. -16. -13. -11. -11.  -9.
  -8.  -8.  -6.  -6.  -4.  -3.  -3.  -1.  -1.   0.   2.   4.   4.   7.
   7.   9.   9.  10.  10.  12.  12.  14.  16.  17.  21.  27.  28.  29.
  31.  31.  32.  33.  33.  33.  38.  39.  44.  46.  48.  50.  51.  59.
  62.  70.  75.  77.  78.  80.  81.  83.  84.  88.  93.  95.  96.  98.
  98. 100.][-100.  -97.  -94.  -92.  -92.  -90.  -88.  -82.  -81.  -79.  -79.  -78.
  -78.  -75.  -70.  -65.  -57.  -56.  -55.  -53.  -49.  -48.  -46.  -46.
  -45.  -45.  -43.  -40.  -38.  -35.  -32.  -31.  -29.  -29.  -20.  -20.
  -20.  -19.  -17.  -15.  -13.   -8.   -8.   -8.   -6.   -4.   -3.    5.
    6.    7.    9.   14.   14.   17.   19.   21.   21.   26.   30.   32.
   33.   36.   37.   42.   45.   49.   50.   50.   57.   59.   62.   63.
   65.   66.   67.   68.   70.   71.   72.   72.   73.   75.   75.   75.
   76.   78.   79.   83.   83.   84.   85.   87.   88.   89.   89.   92.
   94.   96.   97.   97.][-93. -93. -91. -91. -88. -87. -86. -85. -84. -83. -82. -82. -82. -82.
 -80. -80. -76. -76. -72. -70. -70. -69. -64. -55. -53. -53. -53. -52.
 -50. -47. -45. -38. -34. -34. -32. -31. -29. -27. -24. -20. -19. -19.
 -17. -15. -12. -11.  -7.  -6.  -4.  -4.  -2.  -2.   3.   3.   4.   5.
   7.  10.  12.  17.  17.  24.  25.  26.  26.  26.  26.  27.  30.  32.
  34.  35.  39.  40.  41.  42.  42.  43.  45.  50.  52.  52.  52.  53.
  53.  56.  58.  60.  67.  67.  69.  70.  80.  81.  83.  87.  92.  94.
  95.  98.][-95. -95. -94. -93. -93. -92. -88. -83. -83. -80. -80. -75. -75. -73.
 -70. -70. -69. -67. -66. -65. -64. -59. -58. -57. -57. -52. -52. -47.
 -43. -42. -41. -38. -38. -37. -35. -31. -30. -28. -27. -26. -25. -22.
 -18. -17. -17. -14.  -9.  -9.  -5.  -2.   2.   3.   4.   5.   5.   6.
   7.  10.  15.  20.  24.  24.  26.  27.  27.  28.  28.  29.  31.  35.
  35.  35.  36.  45.  47.  55.  57.  58.  59.  59.  60.  62.  63.  64.
  65.  65.  67.  69.  70.  72.  76.  82.  83.  84.  84.  84.  91.  93.
  96.  99.][-98. -97. -96. -92. -92. -90. -90. -88. -87. -85. -80. -79. -75. -73.
 -72. -69. -68. -67. -67. -59. -58. -57. -56. -55. -54. -53. -51. -50.
 -47. -46. -44. -43. -43. -35. -32. -32. -21. -20. -18. -17. -17. -16.
 -11.  -9.  -1.   1.   2.   5.   5.  10.  11.  13.  14.  15.  16.  17.
  20.  24.  24.  27.  30.  31.  33.  34.  36.  37.  38.  43.  44.  47.
  48.  51.  54.  57.  57.  61.  61.  63.  65.  66.  69.  71.  73.  73.
  74.  75.  76.  78.  81.  81.  86.  86.  87.  91.  92.  94.  95.  98.
  98. 100.][-98. -97. -97. -91. -88. -87. -86. -86. -78. -71. -67. -64. -58. -48.
 -48. -47. -44. -43. -42. -41. -41. -40. -40. -39. -39. -39. -38. -36.
 -35. -30. -28. -27. -26. -19. -17. -15. -15. -11. -11. -10.  -9.  -7.
  -6.   4.   4.   4.   7.   7.  11.  14.  14.  18.  23.  26.  29.  29.
  32.  34.  34.  36.  37.  37.  40.  41.  42.  43.  45.  48.  49.  49.
  50.  50.  54.  56.  58.  60.  61.  65.  65.  67.  67.  68.  69.  70.
  74.  75.  77.  77.  78.  80.  80.  80.  81.  85.  85.  91.  94.  97.
  98. 100.][-99. -99. -96. -95. -92. -90. -90. -88. -88. -87. -86. -86. -84. -82.
 -82. -79. -78. -75. -70. -62. -59. -59. -58. -57. -54. -45. -41. -41.
 -40. -35. -34. -30. -27. -26. -25. -23. -21. -21. -21. -20. -20. -19.
 -18. -15. -14. -14. -12. -12. -10.  -6.  -2.  -1.   4.   6.   6.  12.
  18.  19.  19.  20.  20.  27.  29.  30.  30.  31.  32.  32.  33.  33.
  34.  36.  41.  42.  44.  44.  44.  48.  49.  50.  52.  54.  59.  61.
  67.  69.  73.  76.  76.  79.  79.  87.  87.  88.  91.  91.  93.  94.
  95. 100.][-100. -100.  -98.  -95.  -93.  -92.  -90.  -85.  -82.  -80.  -79.  -77.
  -74.  -73.  -69.  -68.  -65.  -62.  -61.  -56.  -56.  -56.  -56.  -55.
  -53.  -52.  -50.  -49.  -47.  -44.  -39.  -35.  -35.  -34.  -33.  -33.
  -33.  -31.  -28.  -28.  -25.  -24.  -22.  -21.  -19.  -16.  -13.  -10.
   -7.   -6.   -4.   -4.   -4.   -3.   -3.   -3.   -2.   -1.   -1.    5.
    7.    7.   12.   17.   20.   25.   27.   28.   31.   34.   35.   38.
   43.   52.   54.   54.   57.   59.   61.   62.   64.   68.   69.   70.
   74.   74.   78.   84.   86.   86.   87.   89.   89.   92.   93.   94.
   96.   97.  100.  100.][-99. -96. -95. -94. -89. -88. -87. -87. -83. -81. -76. -74. -73. -73.
 -72. -70. -69. -69. -67. -66. -66. -66. -66. -66. -65. -62. -56. -51.
 -49. -49. -45. -44. -36. -36. -30. -28. -27. -25. -24. -24. -23. -22.
 -21. -20. -18. -12.  -9.  -2.  -1.   1.   4.   6.   7.  10.  12.  15.
  18.  19.  20.  21.  21.  22.  22.  24.  27.  30.  31.  35.  37.  39.
  39.  45.  45.  46.  47.  51.  58.  61.  65.  67.  70.  70.  71.  72.
  72.  76.  77.  78.  81.  86.  86.  89.  91.  92.  94.  96.  96.  98.
  99.  99.][-99. -97. -91. -90. -88. -83. -83. -81. -81. -81. -80. -79. -73. -71.
 -71. -69. -68. -67. -65. -63. -63. -61. -55. -54. -54. -53. -50. -49.
 -49. -48. -48. -46. -46. -44. -43. -41. -41. -40. -40. -39. -37. -33.
 -33. -32. -29. -27. -27. -26. -25. -23. -23. -21. -21. -21. -20. -18.
  -5.  -1.   0.   6.   8.   8.  13.  13.  16.  17.  25.  29.  32.  33.
  34.  36.  38.  41.  45.  47.  49.  50.  51.  55.  60.  68.  69.  70.
  75.  79.  83.  84.  86.  90.  91.  91.  92.  93.  93.  94.  94.  97.
  97. 100.][-91. -91. -90. -89. -88. -86. -85. -81. -80. -78. -78. -68. -67. -66.
 -66. -65. -64. -58. -57. -53. -52. -46. -44. -44. -41. -41. -40. -40.
 -35. -32. -30. -27. -24. -22. -21. -19. -18. -17. -16. -15. -14. -14.
 -13. -12. -11. -11. -11.  -8.  -5.  -2.  -2.  -2.   2.   6.  12.  15.
  17.  18.  19.  20.  25.  26.  30.  31.  33.  35.  35.  36.  39.  40.
  41.  41.  45.  46.  47.  48.  49.  50.  58.  59.  63.  69.  70.  70.
  71.  73.  73.  76.  80.  82.  84.  85.  85.  85.  88.  90.  91.  94.
  96. 100.][-99. -90. -88. -87. -85. -85. -82. -80. -80. -80. -76. -71. -64. -63.
 -62. -62. -60. -59. -57. -55. -54. -51. -45. -43. -43. -39. -37. -35.
 -34. -33. -33. -26. -23. -23. -22. -20. -19. -17. -13. -13. -11. -11.
 -10.  -7.  -6.  -3.  -3.  -1.  -1.   0.   1.   5.   7.   7.   8.  10.
  10.  14.  14.  17.  18.  21.  25.  25.  25.  30.  31.  35.  36.  37.
  38.  39.  42.  43.  45.  45.  46.  48.  49.  50.  51.  52.  57.  57.
  58.  64.  69.  70.  71.  72.  74.  75.  79.  83.  87.  89.  90.  91.
  95.  96.][-100.  -99.  -95.  -87.  -86.  -85.  -81.  -80.  -79.  -69.  -67.  -67.
  -66.  -66.  -65.  -62.  -62.  -59.  -59.  -58.  -56.  -55.  -51.  -50.
  -49.  -48.  -47.  -47.  -45.  -41.  -38.  -37.  -37.  -34.  -30.  -29.
  -26.  -25.  -23.  -20.  -19.  -19.  -18.  -15.  -14.  -12.  -12.  -11.
  -11.  -10.   -9.   -3.   -2.   -1.    1.    3.    4.    6.    7.    9.
   19.   20.   27.   28.   28.   29.   29.   29.   32.   39.   44.   49.
   50.   51.   51.   55.   55.   57.   58.   59.   60.   62.   63.   66.
   69.   72.   74.   79.   79.   80.   80.   82.   82.   82.   84.   85.
   85.   90.   91.  100.][-100.  -94.  -94.  -93.  -93.  -91.  -91.  -87.  -84.  -84.  -82.  -81.
  -79.  -77.  -77.  -76.  -74.  -71.  -71.  -70.  -70.  -70.  -69.  -68.
  -68.  -67.  -65.  -63.  -62.  -62.  -62.  -61.  -61.  -59.  -58.  -56.
  -53.  -50.  -47.  -43.  -40.  -38.  -38.  -35.  -34.  -32.  -32.  -23.
  -21.  -20.  -20.  -17.  -13.  -10.  -10.   -2.   -2.   -2.    0.    2.
    4.   13.   13.   14.   14.   21.   22.   22.   29.   31.   38.   40.
   40.   46.   49.   50.   52.   52.   54.   56.   58.   58.   59.   59.
   61.   62.   63.   63.   65.   69.   70.   72.   78.   78.   80.   91.
   92.   93.   94.   96.][-99. -99. -97. -95. -95. -82. -80. -79. -74. -73. -72. -71. -70. -68.
 -67. -67. -67. -67. -62. -61. -60. -60. -57. -51. -47. -46. -45. -42.
 -40. -40. -39. -37. -35. -34. -32. -30. -29. -27. -23. -23. -21. -19.
 -18. -13. -10. -10.  -8.  -6.   1.   1.   2.   3.   3.   5.   9.  11.
  14.  20.  22.  24.  25.  29.  30.  34.  34.  35.  35.  36.  36.  43.
  43.  45.  46.  49.  52.  52.  52.  55.  57.  59.  61.  62.  66.  66.
  67.  68.  70.  72.  74.  76.  77.  78.  78.  83.  87.  88.  93.  93.
  97.  98.][-99. -98. -96. -89. -88. -88. -87. -86. -82. -81. -80. -74. -73. -71.
 -70. -69. -65. -65. -62. -60. -58. -54. -52. -47. -46. -46. -45. -43.
 -43. -35. -34. -33. -33. -29. -27. -26. -23. -17. -15. -11.  -8.  -6.
  -2.  -1.   0.   1.   2.   3.   5.   6.   7.  11.  14.  17.  18.  23.
  24.  25.  30.  31.  32.  33.  33.  33.  33.  35.  38.  38.  38.  40.
  40.  40.  43.  44.  44.  47.  48.  48.  54.  55.  57.  62.  63.  63.
  64.  65.  67.  72.  75.  76.  77.  82.  86.  86.  91.  92.  93.  93.
  94.  97.][-98. -96. -95. -91. -91. -85. -85. -85. -84. -80. -78. -78. -67. -66.
 -65. -62. -57. -55. -54. -51. -50. -46. -46. -45. -44. -41. -36. -35.
 -29. -22. -20. -12. -12. -11. -11.  -7.  -5.  -5.  -2.  -2.  -2.   2.
   5.   5.   6.   6.   7.  11.  12.  12.  13.  14.  14.  15.  17.  18.
  18.  19.  21.  23.  25.  27.  31.  32.  34.  37.  38.  39.  39.  43.
  43.  45.  48.  48.  50.  51.  51.  56.  57.  62.  62.  63.  67.  70.
  75.  79.  80.  81.  81.  81.  83.  86.  90.  91.  93.  93.  94.  94.
  96.  97.][-95. -94. -92. -91. -91. -90. -85. -85. -83. -78. -78. -76. -74. -71.
 -71. -69. -68. -67. -67. -66. -65. -63. -63. -61. -59. -55. -55. -53.
 -51. -48. -48. -45. -44. -42. -41. -41. -40. -39. -39. -38. -33. -33.
 -33. -31. -25. -24. -21. -21. -21. -20. -12.  -9.  -6.  -5.  -3.   0.
   3.   4.   8.   8.  11.  14.  16.  19.  20.  20.  23.  24.  25.  27.
  28.  30.  31.  39.  40.  47.  51.  56.  57.  61.  62.  66.  68.  70.
  70.  73.  78.  79.  80.  81.  82.  82.  85.  85.  86.  90.  90.  97.
  98. 100.][-100.  -97.  -94.  -94.  -91.  -88.  -85.  -84.  -84.  -82.  -81.  -80.
  -79.  -78.  -77.  -75.  -75.  -66.  -64.  -63.  -63.  -63.  -63.  -62.
  -61.  -60.  -60.  -56.  -52.  -51.  -50.  -48.  -47.  -46.  -42.  -41.
  -39.  -38.  -36.  -36.  -33.  -30.  -27.  -27.  -24.  -24.  -24.  -22.
  -22.  -21.  -16.  -14.  -12.  -10.  -10.   -8.   -3.   -2.   -1.    4.
    4.    8.    9.   11.   12.   12.   19.   19.   20.   32.   37.   39.
   39.   43.   46.   47.   49.   49.   51.   53.   55.   55.   59.   59.
   60.   66.   71.   72.   75.   77.   83.   85.   86.   89.   91.   92.
   92.   94.   96.   97.][-100.  -99.  -99.  -98.  -97.  -92.  -90.  -90.  -86.  -80.  -79.  -78.
  -77.  -76.  -73.  -68.  -61.  -61.  -60.  -60.  -56.  -56.  -56.  -54.
  -53.  -52.  -50.  -46.  -44.  -38.  -37.  -35.  -33.  -32.  -30.  -28.
  -28.  -28.  -26.  -23.  -22.  -20.  -17.  -11.   -8.   -4.    1.    2.
    3.    7.    9.   13.   15.   17.   22.   27.   29.   31.   41.   42.
   43.   47.   48.   49.   49.   49.   51.   55.   55.   55.   60.   62.
   65.   65.   66.   68.   68.   70.   72.   72.   75.   77.   78.   79.
   80.   81.   86.   86.   86.   88.   88.   89.   89.   90.   95.   96.
   98.   99.   99.  100.][-100.  -97.  -96.  -95.  -92.  -91.  -91.  -89.  -86.  -82.  -79.  -79.
  -76.  -69.  -68.  -68.  -67.  -65.  -59.  -57.  -55.  -54.  -54.  -52.
  -51.  -45.  -39.  -39.  -37.  -36.  -36.  -34.  -31.  -31.  -29.  -28.
  -26.  -19.  -11.  -10.   -6.   -4.   -2.   -1.   -1.    4.    6.    9.
   12.   14.   17.   22.   24.   29.   30.   32.   34.   37.   38.   41.
   41.   45.   46.   49.   51.   51.   51.   52.   52.   54.   56.   57.
   58.   60.   62.   63.   64.   66.   68.   69.   71.   73.   74.   75.
   75.   75.   76.   80.   81.   82.   83.   83.   86.   86.   91.   91.
   93.   93.   97.   97.][-90. -88. -87. -86. -84. -84. -83. -78. -78. -78. -76. -75. -74. -72.
 -72. -71. -69. -68. -67. -67. -60. -59. -58. -56. -54. -50. -48. -47.
 -46. -45. -44. -38. -37. -35. -35. -33. -33. -29. -27. -26. -26. -23.
 -22. -22. -20. -18. -17. -16. -14.  -7.  -6.  -5.  -2.  -1.   1.   6.
  10.  13.  14.  14.  20.  21.  23.  23.  24.  24.  24.  27.  28.  30.
  30.  31.  36.  41.  43.  44.  44.  47.  48.  48.  52.  54.  55.  61.
  62.  64.  68.  70.  70.  72.  81.  82.  84.  85.  85.  87.  88.  90.
  96.  99.][-99. -95. -94. -93. -91. -90. -89. -87. -85. -85. -76. -72. -71. -68.
 -67. -64. -61. -56. -52. -51. -51. -43. -39. -38. -36. -35. -31. -23.
 -20. -18. -16. -11. -10.  -8.  -7.  -6.  -5.  -4.   1.   1.   2.   3.
   3.   3.   5.   7.   8.   8.   8.   9.  10.  10.  11.  12.  14.  16.
  17.  18.  22.  22.  23.  26.  26.  27.  32.  35.  39.  40.  41.  41.
  41.  46.  49.  52.  52.  52.  57.  62.  65.  71.  72.  75.  75.  75.
  76.  78.  80.  81.  81.  82.  84.  85.  86.  93.  95.  95.  96.  97.
  98.  99.][-99. -99. -96. -94. -90. -90. -88. -86. -80. -79. -78. -76. -75. -75.
 -74. -72. -67. -61. -53. -51. -51. -48. -46. -45. -44. -40. -39. -34.
 -32. -31. -30. -29. -26. -25. -24. -22. -22. -22. -21. -18. -16. -16.
 -16. -15. -15. -13. -12. -10.  -5.  -3.   0.   1.   7.   8.   9.   9.
  12.  12.  13.  14.  14.  15.  15.  23.  24.  26.  26.  27.  28.  37.
  40.  42.  42.  52.  53.  58.  61.  61.  63.  63.  64.  65.  67.  70.
  71.  71.  73.  77.  77.  78.  81.  82.  82.  88.  91.  92.  92.  93.
  97.  98.][-100.  -98.  -96.  -85.  -84.  -83.  -81.  -78.  -78.  -75.  -74.  -73.
  -73.  -72.  -67.  -65.  -61.  -57.  -56.  -53.  -53.  -52.  -52.  -45.
  -41.  -39.  -39.  -36.  -36.  -33.  -30.  -28.  -26.  -25.  -24.  -21.
  -21.  -19.   -9.   -8.   -6.   -4.   -4.   -3.    0.    1.    2.    2.
    3.    5.    7.    7.    8.   10.   16.   19.   22.   23.   25.   26.
   30.   32.   34.   35.   35.   36.   38.   38.   38.   38.   40.   42.
   47.   49.   49.   52.   55.   62.   65.   66.   67.   69.   72.   73.
   73.   74.   74.   75.   76.   80.   80.   82.   83.   86.   90.   90.
   94.   99.   99.  100.][-100. -100.  -99.  -97.  -96.  -94.  -93.  -92.  -91.  -90.  -88.  -80.
  -78.  -77.  -77.  -77.  -76.  -74.  -69.  -65.  -65.  -63.  -62.  -59.
  -58.  -56.  -56.  -52.  -51.  -48.  -45.  -45.  -37.  -37.  -36.  -36.
  -35.  -34.  -23.  -21.  -20.  -18.  -14.  -14.  -11.   -9.   -9.   -6.
   -3.   -1.    1.    3.    4.    4.    6.    6.    9.   10.   12.   12.
   13.   13.   20.   27.   28.   29.   34.   36.   40.   40.   42.   45.
   46.   50.   51.   52.   54.   60.   61.   62.   62.   63.   67.   68.
   69.   69.   70.   74.   78.   79.   82.   83.   88.   89.   90.   91.
   98.   98.   99.  100.][-100.  -99.  -96.  -91.  -91.  -87.  -87.  -86.  -85.  -85.  -82.  -79.
  -78.  -74.  -73.  -73.  -70.  -69.  -69.  -65.  -63.  -62.  -61.  -58.
  -55.  -54.  -52.  -51.  -50.  -49.  -48.  -45.  -42.  -41.  -41.  -40.
  -39.  -37.  -35.  -33.  -33.  -32.  -30.  -25.  -24.  -24.  -20.  -13.
   -8.   -5.    1.    3.    3.    5.    5.    7.    8.   11.   11.   15.
   15.   16.   18.   18.   24.   25.   25.   26.   29.   36.   42.   47.
   47.   48.   50.   53.   54.   56.   58.   60.   61.   64.   67.   68.
   68.   72.   73.   75.   76.   79.   83.   84.   86.   89.   90.   90.
   90.   96.   98.   99.][-100. -100. -100.  -98.  -96.  -91.  -91.  -88.  -87.  -86.  -86.  -84.
  -83.  -81.  -78.  -78.  -76.  -74.  -71.  -64.  -62.  -59.  -56.  -55.
  -51.  -47.  -47.  -46.  -41.  -41.  -36.  -36.  -28.  -23.  -21.  -21.
  -17.  -17.  -17.  -14.  -13.  -12.   -9.   -8.   -5.   -3.    0.    5.
    5.    7.    8.    8.    9.   10.   13.   13.   15.   16.   17.   17.
   19.   20.   21.   22.   23.   24.   25.   25.   30.   32.   34.   42.
   43.   45.   46.   47.   50.   51.   51.   51.   53.   56.   59.   63.
   64.   65.   66.   67.   71.   73.   73.   78.   78.   79.   85.   88.
   93.   94.   97.   99.][-100.  -96.  -90.  -89.  -89.  -83.  -83.  -78.  -73.  -73.  -71.  -68.
  -66.  -59.  -56.  -54.  -52.  -51.  -50.  -49.  -43.  -43.  -41.  -39.
  -38.  -38.  -37.  -36.  -34.  -33.  -28.  -26.  -22.  -21.  -20.  -19.
  -19.  -18.  -17.  -14.  -12.  -10.   -8.   -4.   -3.    0.    2.    3.
    3.    5.    6.    7.    8.    9.   12.   12.   21.   22.   23.   23.
   28.   29.   32.   33.   33.   38.   39.   41.   43.   44.   46.   49.
   50.   51.   52.   56.   57.   58.   58.   58.   61.   70.   75.   78.
   78.   79.   81.   84.   85.   85.   90.   91.   94.   95.   95.   95.
   97.   97.   98.   99.][-100. -100.  -97.  -96.  -95.  -90.  -89.  -82.  -81.  -79.  -78.  -78.
  -73.  -73.  -72.  -72.  -70.  -69.  -63.  -63.  -60.  -59.  -58.  -57.
  -56.  -50.  -44.  -42.  -37.  -34.  -33.  -30.  -26.  -25.  -21.  -19.
  -16.  -15.  -13.  -12.  -12.  -12.  -10.   -4.   -3.   -2.    3.    5.
    7.    8.    9.    9.   11.   13.   16.   18.   19.   25.   25.   27.
   30.   30.   30.   37.   39.   40.   41.   41.   42.   42.   43.   45.
   45.   46.   47.   51.   52.   52.   54.   56.   58.   59.   62.   68.
   70.   72.   72.   74.   75.   75.   86.   87.   87.   88.   88.   89.
   91.   94.   98.   99.][-98. -98. -95. -93. -92. -91. -90. -89. -87. -85. -85. -84. -84. -81.
 -81. -80. -76. -74. -73. -72. -69. -66. -62. -62. -57. -51. -49. -46.
 -45. -45. -42. -40. -38. -31. -30. -28. -28. -27. -27. -25. -23. -19.
 -18. -14. -14. -10. -10.  -8.  -8.  -6.  -6.  -5.  -3.   1.   3.   4.
   8.  16.  17.  22.  24.  24.  25.  26.  27.  28.  29.  34.  36.  37.
  38.  43.  45.  45.  46.  46.  50.  52.  53.  55.  55.  60.  65.  68.
  69.  70.  71.  74.  79.  82.  83.  87.  89.  95.  95.  96.  97.  97.
  99.  99.][-100.  -95.  -95.  -93.  -93.  -85.  -83.  -81.  -80.  -79.  -78.  -76.
  -76.  -74.  -73.  -73.  -72.  -71.  -65.  -64.  -59.  -57.  -56.  -54.
  -54.  -52.  -50.  -48.  -46.  -45.  -40.  -40.  -25.  -22.  -20.  -19.
  -18.  -17.  -13.  -11.   -9.   -9.   -9.   -8.   -8.   -7.   -7.   -2.
    0.    2.    3.    6.    7.   14.   16.   20.   22.   26.   28.   31.
   34.   36.   38.   41.   43.   47.   47.   47.   48.   50.   51.   52.
   53.   54.   56.   56.   60.   64.   67.   69.   69.   69.   69.   69.
   70.   74.   75.   81.   84.   84.   85.   85.   91.   92.   92.   95.
   97.   98.   99.  100.][-99. -97. -95. -92. -91. -90. -89. -89. -86. -82. -82. -81. -75. -74.
 -74. -70. -68. -67. -66. -63. -60. -60. -58. -56. -55. -52. -52. -48.
 -42. -39. -39. -38. -37. -37. -36. -33. -33. -30. -27. -26. -23. -23.
 -22. -20. -19. -18. -17. -17. -16. -13.  -3.   0.   1.   3.   6.   6.
   8.   9.  12.  12.  15.  16.  19.  19.  19.  20.  23.  24.  33.  36.
  39.  40.  42.  42.  43.  44.  45.  48.  49.  55.  55.  57.  60.  61.
  61.  62.  63.  67.  68.  71.  72.  74.  76.  77.  83.  89.  90.  94.
  98.  99.][-98. -97. -96. -93. -92. -91. -85. -83. -79. -76. -71. -69. -68. -67.
 -66. -66. -64. -61. -57. -55. -55. -54. -51. -49. -45. -44. -41. -40.
 -40. -40. -39. -39. -38. -37. -37. -36. -34. -32. -31. -29. -22. -20.
 -17. -17. -17. -15. -14. -14. -10.  -7.  -6.  -6.  -4.  -3.   1.   1.
   2.   5.   9.  14.  16.  21.  23.  26.  27.  31.  34.  35.  37.  38.
  40.  53.  54.  54.  54.  57.  58.  58.  61.  62.  62.  66.  67.  67.
  68.  69.  76.  76.  77.  79.  81.  84.  85.  89.  89.  91.  92.  96.
  97.  98.][-99. -99. -98. -98. -98. -94. -92. -91. -88. -87. -87. -86. -86. -82.
 -81. -81. -75. -68. -66. -66. -65. -60. -52. -51. -45. -45. -43. -43.
 -40. -40. -39. -37. -37. -35. -34. -34. -33. -26. -24. -24. -23. -23.
 -20. -16. -12. -12. -11.  -9.  -5.  -1.  -1.   1.   2.   3.   6.   7.
   9.  11.  11.  16.  17.  19.  22.  22.  26.  26.  34.  39.  39.  41.
  42.  44.  44.  45.  47.  48.  48.  51.  52.  54.  57.  59.  59.  67.
  69.  71.  73.  75.  78.  78.  79.  79.  79.  80.  84.  85.  89.  90.
  91.  92.][-99. -99. -97. -93. -92. -92. -88. -86. -84. -82. -77. -75. -71. -71.
 -71. -70. -69. -67. -66. -65. -64. -63. -61. -60. -59. -58. -56. -53.
 -51. -50. -47. -47. -46. -45. -44. -42. -39. -37. -37. -36. -34. -29.
 -28. -23. -23. -22. -22. -20. -19. -13. -10. -10.  -9.  -9.  -8.  -3.
  -2.   0.   1.   1.   4.   5.   8.   8.  10.  12.  16.  16.  17.  24.
  38.  45.  50.  51.  51.  52.  53.  57.  57.  58.  60.  63.  64.  64.
  65.  66.  68.  73.  74.  74.  81.  82.  84.  85.  89.  92.  94.  96.
  98.  99.][-99. -98. -95. -93. -90. -89. -88. -88. -85. -83. -81. -80. -69. -69.
 -67. -65. -62. -62. -62. -60. -60. -60. -60. -59. -57. -56. -55. -55.
 -54. -50. -49. -49. -46. -44. -42. -32. -29. -28. -28. -26. -25. -23.
 -18. -16. -15. -14. -12.  -5.   2.   6.   7.   8.   9.   9.  13.  15.
  15.  17.  19.  21.  24.  25.  27.  27.  29.  29.  37.  40.  40.  41.
  43.  43.  44.  45.  49.  50.  53.  54.  57.  60.  64.  64.  65.  66.
  69.  70.  72.  73.  78.  79.  80.  80.  84.  85.  85.  86.  89.  92.
  96.  99.][-98. -91. -91. -84. -79. -78. -77. -75. -73. -72. -65. -61. -61. -59.
 -58. -56. -51. -51. -45. -44. -42. -41. -41. -40. -33. -32. -30. -30.
 -28. -28. -25. -23. -20. -18. -16. -16. -12. -11.  -9.  -8.  -6.  -6.
  -6.  -4.  -3.   0.   0.   0.   1.   3.   6.   8.   9.   9.  10.  16.
  17.  20.  22.  23.  25.  26.  27.  28.  29.  33.  35.  35.  37.  37.
  41.  42.  45.  45.  48.  53.  53.  56.  56.  61.  63.  66.  68.  71.
  75.  76.  78.  80.  83.  84.  86.  88.  89.  94.  94.  95.  96.  97.
  97.  99.][-98. -96. -94. -94. -84. -82. -81. -81. -73. -73. -72. -72. -72. -72.
 -71. -69. -67. -66. -60. -53. -50. -47. -44. -38. -37. -36. -35. -34.
 -30. -25. -23. -22. -20. -20. -17. -14. -11.  -6.  -5.   4.   9.  13.
  14.  16.  16.  16.  18.  19.  20.  20.  23.  24.  26.  31.  37.  38.
  40.  40.  42.  43.  44.  45.  45.  47.  48.  49.  51.  52.  52.  53.
  54.  54.  55.  56.  57.  57.  59.  59.  61.  61.  62.  63.  64.  64.
  65.  69.  70.  71.  72.  76.  82.  85.  91.  92.  94.  95.  96.  96.
  96.  98.][-96. -96. -94. -93. -91. -89. -89. -87. -85. -85. -82. -79. -76. -73.
 -73. -70. -62. -58. -57. -53. -52. -51. -48. -48. -43. -41. -40. -39.
 -36. -36. -36. -35. -34. -33. -31. -29. -26. -26. -25. -25. -23. -20.
 -18. -18. -14. -13. -10.  -7.  -6.  -1.   0.   0.   3.   5.   6.   8.
  15.  15.  15.  17.  19.  21.  22.  23.  24.  24.  24.  25.  31.  31.
  31.  35.  42.  42.  43.  44.  47.  49.  50.  50.  50.  52.  55.  57.
  61.  73.  74.  76.  79.  83.  83.  84.  85.  86.  86.  88.  90.  90.
  92.  99.][-100.  -98.  -96.  -94.  -93.  -91.  -89.  -89.  -88.  -87.  -86.  -85.
  -84.  -84.  -83.  -79.  -76.  -74.  -72.  -70.  -68.  -67.  -66.  -61.
  -51.  -49.  -48.  -45.  -43.  -42.  -37.  -37.  -35.  -31.  -27.  -25.
  -23.  -21.  -20.  -20.  -18.  -16.  -16.  -15.  -14.  -13.  -12.   -6.
   -6.   -5.   -5.   -4.   -4.    2.    3.    9.   10.   13.   14.   17.
   24.   26.   31.   35.   37.   38.   40.   44.   45.   45.   46.   46.
   50.   54.   57.   57.   58.   60.   60.   63.   66.   66.   73.   80.
   80.   85.   86.   87.   87.   88.   89.   90.   90.   91.   92.   92.
   97.   97.   99.  100.][-99. -99. -96. -92. -90. -89. -88. -85. -85. -83. -82. -82. -78. -78.
 -78. -74. -73. -72. -71. -68. -65. -65. -62. -59. -56. -54. -53. -49.
 -46. -40. -35. -34. -32. -31. -31. -30. -25. -24. -21. -21. -18. -17.
 -16. -12. -11. -11. -11. -10.  -8.  -6.  -5.  -1.   7.   9.  10.  10.
  12.  17.  20.  29.  32.  32.  34.  37.  37.  42.  47.  51.  54.  55.
  58.  60.  62.  62.  62.  64.  64.  65.  68.  68.  70.  72.  73.  75.
  75.  80.  82.  84.  87.  87.  87.  89.  90.  90.  91.  92.  94.  96.
  96.  96.][-100.  -98.  -98.  -93.  -93.  -92.  -92.  -89.  -76.  -76.  -76.  -75.
  -75.  -74.  -72.  -72.  -71.  -70.  -69.  -69.  -68.  -66.  -65.  -65.
  -61.  -60.  -50.  -47.  -47.  -45.  -43.  -43.  -43.  -39.  -38.  -36.
  -34.  -34.  -34.  -33.  -32.  -27.  -23.  -20.  -20.  -17.  -17.  -17.
  -15.  -14.  -11.  -11.   -7.   -6.   -5.   -2.   -2.   -1.    1.   10.
   12.   16.   16.   18.   19.   20.   22.   24.   25.   31.   33.   34.
   36.   38.   38.   43.   45.   45.   55.   61.   63.   64.   70.   71.
   74.   76.   78.   79.   79.   81.   81.   85.   85.   86.   90.   90.
   93.   95.   97.  100.][-98. -96. -92. -91. -85. -83. -80. -79. -78. -77. -74. -74. -73. -73.
 -67. -67. -63. -61. -61. -60. -59. -57. -53. -52. -52. -51. -51. -49.
 -46. -43. -43. -43. -40. -33. -33. -25. -20. -20. -19. -16. -16. -13.
 -12.  -9.  -7.  -7.  -3.  -3.  -3.   1.   1.   2.   2.   2.   5.   8.
   9.   9.   9.  10.  11.  19.  20.  22.  24.  24.  25.  26.  28.  34.
  36.  39.  44.  46.  49.  52.  55.  56.  56.  58.  58.  59.  61.  63.
  65.  65.  72.  76.  77.  77.  78.  79.  81.  84.  85.  89.  90.  94.
  98. 100.][-98. -95. -94. -94. -91. -86. -85. -85. -84. -83. -83. -78. -76. -73.
 -71. -71. -69. -67. -66. -65. -59. -58. -56. -54. -54. -52. -48. -48.
 -46. -46. -46. -44. -39. -39. -36. -34. -32. -29. -27. -25. -20. -18.
 -16. -13.  -8.  -7.  -2.   0.   0.   5.   7.   8.   8.  10.  11.  12.
  14.  14.  14.  14.  15.  20.  22.  23.  23.  24.  24.  31.  33.  36.
  39.  39.  44.  45.  46.  50.  51.  57.  58.  61.  62.  64.  68.  71.
  73.  74.  74.  74.  75.  77.  79.  83.  83.  84.  87.  93.  93.  94.
  97.  97.][-100.  -99.  -94.  -94.  -94.  -88.  -85.  -84.  -82.  -82.  -80.  -78.
  -78.  -76.  -73.  -72.  -69.  -66.  -62.  -58.  -57.  -56.  -56.  -52.
  -52.  -47.  -47.  -44.  -44.  -41.  -39.  -38.  -34.  -32.  -32.  -31.
  -29.  -28.  -26.  -25.  -24.  -24.  -23.  -23.  -23.  -19.  -15.  -11.
   -5.   -4.   -4.   -2.    0.    1.    2.    3.    5.    6.    8.    9.
   16.   16.   23.   23.   29.   30.   35.   35.   37.   40.   40.   44.
   50.   51.   52.   52.   54.   54.   56.   57.   57.   58.   69.   73.
   74.   75.   75.   76.   77.   78.   82.   84.   85.   86.   88.   89.
   89.   96.   98.   99.][-96. -95. -94. -93. -93. -90. -86. -84. -84. -82. -81. -75. -74. -73.
 -70. -68. -68. -64. -61. -61. -57. -56. -55. -53. -52. -52. -51. -51.
 -51. -50. -41. -40. -39. -35. -35. -28. -28. -28. -25. -20. -20. -18.
  -8.  -7.  -4.  -1.   0.   1.   1.   1.   2.   3.   8.  10.  16.  17.
  17.  19.  21.  22.  22.  23.  25.  25.  30.  31.  33.  35.  37.  38.
  39.  43.  48.  48.  49.  50.  50.  50.  51.  52.  54.  54.  55.  58.
  64.  66.  70.  71.  75.  78.  79.  83.  84.  85.  86.  90.  92.  94.
  98.  98.][-98. -97. -93. -92. -91. -90. -89. -87. -87. -84. -79. -76. -74. -72.
 -70. -70. -68. -63. -63. -63. -63. -59. -58. -56. -51. -50. -50. -50.
 -49. -49. -45. -41. -39. -38. -34. -33. -28. -27. -26. -23. -20. -20.
 -18. -13. -12. -11.  -9.  -7.  -2.  -2.   4.  11.  11.  14.  14.  15.
  17.  17.  23.  23.  30.  31.  31.  31.  32.  32.  38.  42.  43.  44.
  50.  52.  53.  55.  57.  59.  61.  61.  63.  64.  65.  65.  68.  69.
  69.  70.  72.  73.  73.  74.  74.  88.  93.  94.  94.  94.  95.  96.
  98. 100.][-100.  -99.  -98.  -98.  -96.  -95.  -88.  -86.  -85.  -83.  -82.  -80.
  -79.  -79.  -78.  -78.  -76.  -71.  -69.  -67.  -65.  -63.  -63.  -62.
  -62.  -57.  -55.  -53.  -51.  -50.  -49.  -49.  -48.  -46.  -35.  -35.
  -35.  -29.  -18.   -9.   -6.   -1.    2.    2.    3.    5.    8.    9.
   10.   11.   12.   14.   17.   17.   19.   24.   24.   26.   26.   28.
   30.   36.   39.   40.   40.   40.   42.   42.   44.   47.   48.   50.
   52.   56.   59.   61.   66.   69.   70.   70.   74.   76.   80.   80.
   80.   81.   84.   84.   86.   87.   88.   89.   90.   92.   92.   93.
   93.   96.   97.  100.][-98. -92. -91. -90. -86. -80. -79. -78. -78. -78. -77. -77. -76. -74.
 -72. -70. -67. -65. -65. -65. -64. -64. -63. -57. -57. -54. -50. -50.
 -48. -42. -42. -41. -41. -39. -36. -32. -27. -24. -20. -19. -18. -16.
 -16. -10.  -8.  -6.  -2.  -2.   1.   2.   3.   5.   9.  10.  13.  14.
  14.  22.  23.  24.  24.  24.  25.  27.  29.  30.  32.  37.  38.  46.
  47.  48.  49.  53.  53.  56.  59.  59.  60.  61.  63.  65.  66.  67.
  68.  69.  72.  76.  79.  81.  85.  95.  95.  95.  98.  99.  99. 100.
 100. 100.][-100.  -97.  -95.  -93.  -92.  -91.  -90.  -89.  -87.  -85.  -84.  -76.
  -74.  -70.  -68.  -64.  -63.  -62.  -59.  -59.  -58.  -58.  -55.  -52.
  -51.  -47.  -45.  -37.  -36.  -33.  -33.  -32.  -27.  -26.  -25.  -21.
  -21.  -21.  -20.  -18.  -17.  -12.   -9.   -9.   -5.   -4.   -4.   -3.
   -1.    0.    1.    3.    7.    7.    9.    9.   12.   15.   18.   19.
   22.   30.   31.   32.   34.   39.   44.   46.   47.   49.   50.   50.
   52.   55.   56.   60.   60.   61.   61.   64.   64.   68.   68.   69.
   69.   70.   71.   74.   75.   77.   78.   80.   81.   86.   89.   94.
   96.   96.   99.   99.][-99. -99. -97. -96. -95. -94. -92. -92. -91. -90. -89. -88. -82. -79.
 -77. -75. -75. -68. -68. -67. -66. -61. -60. -58. -58. -58. -58. -57.
 -56. -55. -52. -49. -46. -46. -46. -40. -36. -33. -33. -31. -30. -27.
 -26. -25. -23. -22. -19. -18. -18. -14. -14. -13. -13. -13. -12.  -5.
   2.   3.   5.   5.   7.  12.  12.  13.  15.  16.  22.  23.  24.  26.
  27.  30.  32.  33.  39.  40.  40.  41.  42.  43.  43.  43.  47.  48.
  52.  54.  54.  61.  62.  62.  62.  65.  65.  74.  77.  78.  86.  92.
  93.  99.][-98. -97. -97. -97. -97. -93. -93. -92. -91. -90. -85. -83. -79. -77.
 -70. -69. -68. -67. -64. -59. -57. -57. -57. -54. -53. -50. -49. -49.
 -47. -46. -45. -37. -36. -35. -35. -34. -34. -34. -27. -26. -23. -19.
 -18. -18. -16. -14. -10.  -8.  -5.  -3.   1.   2.   5.   9.  10.  12.
  13.  15.  17.  18.  19.  21.  26.  27.  28.  32.  34.  40.  42.  44.
  46.  47.  48.  50.  50.  51.  51.  52.  54.  60.  62.  66.  72.  76.
  78.  79.  80.  80.  81.  83.  86.  86.  87.  89.  90.  91.  92.  96.
  96.  99.][-99. -96. -95. -89. -87. -85. -84. -83. -81. -81. -77. -77. -75. -75.
 -73. -73. -73. -72. -72. -68. -67. -66. -61. -61. -50. -48. -47. -43.
 -43. -42. -36. -32. -29. -28. -28. -24. -24. -23. -23. -22. -21. -19.
 -18. -16. -15. -14. -13. -10. -10. -10.  -4.  -4.  -1.   1.   3.   4.
   5.   7.  10.  11.  13.  15.  15.  18.  21.  22.  22.  23.  33.  35.
  38.  40.  41.  44.  44.  48.  50.  51.  52.  53.  54.  55.  57.  58.
  59.  63.  67.  68.  72.  73.  78.  83.  85.  86.  89.  89.  90.  91.
  91.  99.][-100.  -99.  -99.  -97.  -95.  -93.  -90.  -89.  -86.  -84.  -82.  -82.
  -81.  -81.  -79.  -76.  -72.  -72.  -70.  -68.  -64.  -62.  -62.  -51.
  -46.  -44.  -44.  -38.  -35.  -32.  -29.  -28.  -27.  -23.  -22.  -22.
  -21.  -20.  -19.  -18.  -13.  -13.  -13.  -11.   -9.   -8.   -6.   -6.
   -6.   -5.   -5.   -4.   -4.   -1.   -1.    0.    6.   11.   13.   14.
   15.   17.   17.   23.   24.   27.   30.   31.   33.   33.   35.   36.
   37.   39.   40.   41.   46.   47.   48.   52.   53.   54.   54.   58.
   60.   67.   71.   74.   78.   78.   79.   79.   83.   86.   87.   90.
   90.   90.   92.   96.][-99. -99. -99. -92. -86. -85. -84. -82. -79. -72. -72. -70. -66. -65.
 -62. -61. -54. -54. -54. -52. -52. -52. -50. -45. -45. -45. -44. -43.
 -42. -40. -34. -32. -31. -29. -27. -24. -23. -22. -21. -20. -20. -19.
 -18. -14. -14. -12.  -6.  -6.  -3.  -2.  -1.   3.   4.   7.   9.  10.
  15.  21.  21.  21.  25.  31.  33.  33.  38.  41.  43.  44.  45.  46.
  49.  49.  49.  50.  51.  53.  54.  55.  58.  61.  63.  65.  67.  67.
  67.  68.  69.  69.  77.  78.  80.  82.  83.  91.  93.  95.  95.  97.
  98.  99.][-97. -95. -93. -93. -89. -88. -86. -83. -82. -81. -80. -80. -80. -78.
 -74. -72. -71. -69. -69. -66. -66. -66. -62. -59. -58. -56. -54. -53.
 -51. -48. -46. -45. -44. -43. -40. -34. -29. -25. -25. -23. -22. -22.
 -14.  -8.  -8.  -5.  -3.   1.   3.   3.   4.   6.   7.  13.  14.  16.
  16.  23.  24.  25.  28.  30.  31.  32.  32.  34.  37.  39.  39.  42.
  42.  43.  44.  46.  52.  56.  59.  60.  60.  67.  70.  71.  72.  76.
  77.  77.  77.  78.  80.  81.  82.  82.  84.  87.  88.  88.  88.  92.
  94.  97.][-95. -93. -92. -91. -89. -87. -87. -87. -86. -84. -82. -81. -81. -79.
 -76. -74. -73. -72. -71. -69. -69. -68. -62. -62. -60. -60. -59. -58.
 -57. -57. -50. -50. -49. -45. -43. -42. -42. -41. -40. -39. -35. -29.
 -28. -26. -24. -20. -19. -14.  -5.  -3.  -3.   1.   6.   9.  13.  14.
  15.  15.  16.  19.  23.  23.  24.  30.  31.  32.  33.  34.  35.  35.
  36.  36.  40.  40.  43.  43.  45.  47.  55.  57.  62.  63.  65.  70.
  71.  71.  71.  74.  80.  87.  89.  90.  91.  93.  95.  97.  98.  98.
  99.  99.][-99. -95. -93. -93. -90. -87. -87. -86. -86. -84. -82. -82. -79. -78.
 -71. -70. -57. -55. -55. -54. -49. -47. -47. -43. -42. -41. -35. -34.
 -34. -30. -28. -26. -24. -23. -23. -21. -21. -20. -16. -14. -13. -11.
  -3.  -1.  -1.   0.   1.   4.   8.   9.   9.  10.  11.  11.  14.  18.
  19.  19.  25.  30.  30.  30.  32.  33.  33.  34.  35.  38.  38.  41.
  49.  49.  52.  53.  56.  58.  60.  62.  63.  63.  65.  66.  66.  69.
  70.  72.  73.  74.  75.  75.  77.  77.  82.  85.  87.  87.  94.  95.
  96.  97.][-93. -89. -84. -78. -74. -71. -71. -68. -67. -67. -66. -65. -62. -61.
 -59. -59. -57. -55. -55. -55. -54. -51. -49. -47. -45. -44. -43. -41.
 -36. -29. -29. -26. -23. -23. -21. -18. -17. -14. -13. -12. -11.  -8.
  -8.  -7.  -6.  -5.  -5.  -3.  -2.   8.  12.  13.  17.  22.  23.  30.
  33.  36.  37.  42.  43.  43.  44.  45.  51.  52.  52.  52.  53.  53.
  54.  57.  57.  60.  62.  62.  66.  72.  73.  73.  74.  75.  76.  76.
  77.  77.  78.  78.  83.  87.  87.  89.  90.  90.  90.  91.  91.  93.
  97. 100.][-99. -96. -95. -90. -86. -85. -83. -81. -81. -81. -78. -77. -77. -67.
 -66. -60. -56. -53. -53. -49. -46. -45. -42. -30. -25. -25. -25. -23.
 -21. -20. -16. -11. -10.  -8.  -6.  -5.   0.   0.   2.   3.   6.   8.
   8.   9.   9.  10.  11.  11.  12.  17.  20.  21.  22.  23.  24.  24.
  24.  25.  27.  28.  34.  37.  37.  40.  42.  43.  46.  46.  47.  49.
  49.  52.  52.  52.  54.  56.  57.  59.  62.  65.  65.  65.  65.  66.
  68.  72.  73.  75.  75.  78.  80.  81.  84.  86.  92.  93.  95.  96.
  97. 100.][-99. -98. -98. -97. -95. -94. -91. -87. -86. -85. -83. -81. -80. -79.
 -79. -79. -77. -69. -67. -66. -65. -65. -64. -64. -62. -58. -56. -50.
 -48. -43. -42. -40. -37. -32. -31. -29. -25. -24. -19. -15. -14. -11.
 -11.  -9.  -6.  -3.  -3.   0.   3.   7.   8.  15.  16.  17.  18.  18.
  19.  20.  27.  28.  32.  32.  36.  37.  38.  39.  43.  43.  43.  44.
  51.  53.  55.  56.  58.  60.  61.  63.  64.  66.  69.  70.  71.  71.
  72.  72.  73.  73.  75.  76.  76.  81.  82.  83.  84.  86.  89.  90.
  96.  97.][-99. -99. -97. -95. -90. -90. -89. -86. -85. -84. -82. -81. -78. -74.
 -73. -64. -62. -62. -62. -61. -58. -58. -57. -55. -51. -51. -49. -47.
 -43. -39. -39. -36. -34. -32. -32. -31. -29. -27. -27. -20. -19. -17.
 -17. -16. -12. -11. -11. -11. -10.  -8.  -7.  -5.  -5.  -5.   5.   5.
   6.   8.   8.   9.  11.  14.  19.  22.  23.  25.  27.  30.  34.  35.
  40.  40.  44.  47.  49.  49.  53.  60.  64.  68.  69.  72.  73.  74.
  74.  76.  77.  77.  78.  84.  89.  90.  91.  95.  95.  97.  98.  99.
 100. 100.][-97. -96. -94. -89. -86. -84. -82. -81. -80. -80. -79. -78. -77. -77.
 -76. -76. -76. -76. -73. -73. -70. -68. -65. -64. -59. -57. -57. -57.
 -54. -53. -52. -52. -46. -45. -38. -33. -28. -27. -21. -18. -18. -14.
 -11. -11.  -9.  -6.  -1.   1.   3.   7.   9.  14.  16.  16.  16.  16.
  17.  18.  19.  20.  22.  24.  25.  30.  33.  33.  33.  34.  37.  41.
  46.  47.  47.  48.  54.  57.  60.  60.  60.  63.  67.  69.  71.  74.
  74.  75.  79.  79.  85.  87.  88.  89.  91.  92.  92.  94.  94.  95.
  95.  99.][-99. -98. -97. -97. -97. -95. -90. -89. -88. -87. -86. -83. -78. -77.
 -72. -70. -68. -67. -67. -67. -66. -62. -62. -55. -55. -53. -51. -49.
 -47. -47. -36. -35. -30. -28. -24. -24. -23. -21. -21. -20. -20. -14.
 -14. -13. -13. -13. -11. -11. -10.  -8.  -7.  -7.  -3.   2.   4.   4.
   4.   6.   9.  11.  12.  15.  16.  17.  17.  20.  20.  22.  29.  29.
  32.  41.  42.  42.  43.  44.  44.  44.  49.  51.  51.  54.  54.  55.
  56.  58.  59.  60.  62.  62.  65.  68.  68.  71.  74.  74.  81.  93.
  96. 100.][-99. -92. -92. -91. -81. -80. -78. -77. -77. -76. -74. -72. -71. -70.
 -68. -67. -65. -63. -57. -56. -52. -52. -46. -44. -43. -43. -40. -35.
 -31. -30. -30. -26. -25. -19. -19. -19. -17. -15. -15. -13. -12.  -8.
  -6.  -5.  -4.   0.   1.   3.   3.   6.   6.   8.   9.  10.  10.  11.
  15.  17.  18.  20.  20.  21.  22.  23.  25.  25.  27.  27.  28.  30.
  33.  34.  36.  38.  39.  40.  44.  46.  48.  51.  60.  61.  63.  75.
  76.  78.  79.  80.  80.  82.  83.  84.  86.  86.  89.  90.  90.  93.
  98.  99.][-98. -97. -96. -95. -93. -92. -89. -88. -88. -86. -82. -76. -75. -75.
 -74. -70. -63. -62. -61. -60. -57. -57. -56. -54. -54. -53. -51. -48.
 -48. -45. -43. -41. -40. -39. -36. -36. -32. -31. -30. -24. -23. -21.
 -20. -19. -18. -18. -18. -15. -15. -13. -12. -12. -10.  -5.   0.   3.
   5.   8.   9.  11.  13.  21.  28.  30.  36.  38.  41.  44.  44.  45.
  47.  49.  51.  52.  53.  54.  55.  64.  66.  69.  71.  72.  73.  73.
  74.  76.  77.  78.  83.  89.  90.  90.  92.  94.  94.  96.  97.  97.
  98. 100.][-91. -89. -89. -84. -76. -75. -75. -74. -73. -73. -70. -70. -68. -67.
 -62. -57. -57. -55. -55. -51. -49. -48. -46. -42. -41. -40. -39. -39.
 -36. -34. -30. -29. -29. -28. -27. -27. -27. -24. -24. -23. -19. -13.
 -13. -11.  -3.  -2.  -2.   2.   3.   4.   6.  11.  11.  11.  12.  17.
  19.  30.  31.  31.  32.  39.  39.  39.  42.  42.  47.  50.  54.  62.
  65.  65.  66.  67.  67.  67.  67.  71.  71.  73.  79.  80.  82.  84.
  85.  85.  88.  89.  89.  90.  91.  91.  91.  92.  93.  94.  94.  94.
  96.  99.][-97. -95. -92. -91. -84. -82. -78. -78. -77. -73. -68. -67. -64. -63.
 -60. -60. -58. -57. -49. -49. -46. -45. -42. -41. -39. -39. -37. -36.
 -36. -34. -33. -28. -26. -26. -24. -22. -22. -19. -19. -18. -18. -18.
 -12. -11.  -7.  -7.  -6.  -4.   2.   2.   2.   4.   6.  10.  15.  17.
  17.  20.  20.  21.  23.  28.  29.  31.  32.  33.  35.  38.  40.  42.
  45.  45.  46.  47.  47.  49.  50.  52.  53.  53.  54.  54.  57.  57.
  59.  62.  66.  69.  71.  71.  75.  75.  76.  83.  84.  90.  92.  95.
  95.  96.][-98. -92. -90. -89. -87. -86. -82. -82. -78. -75. -74. -73. -70. -69.
 -68. -67. -67. -60. -60. -59. -56. -54. -52. -51. -49. -49. -47. -45.
 -44. -43. -43. -34. -33. -32. -26. -24. -21. -21. -17. -15. -13. -12.
 -10.  -9.  -6.  -6.  -5.  -2.  -2.   3.   3.   3.   8.  13.  13.  15.
  15.  16.  16.  17.  17.  19.  20.  23.  30.  33.  36.  45.  47.  47.
  47.  48.  49.  50.  52.  58.  59.  60.  63.  64.  64.  67.  67.  68.
  69.  73.  73.  75.  76.  80.  82.  84.  84.  85.  85.  86.  87.  94.
  96. 100.][-89. -89. -87. -85. -85. -81. -81. -80. -78. -77. -75. -75. -64. -63.
 -62. -61. -59. -57. -56. -54. -53. -49. -48. -45. -41. -40. -40. -38.
 -37. -32. -32. -28. -27. -25. -24. -21. -19. -18. -17. -16. -15. -15.
 -10.  -7.  -5.   1.   1.   2.   6.   7.  14.  16.  17.  18.  19.  20.
  23.  25.  27.  27.  30.  33.  35.  38.  40.  45.  46.  47.  48.  49.
  50.  55.  56.  57.  58.  64.  66.  66.  68.  71.  71.  75.  76.  78.
  79.  80.  80.  82.  82.  84.  86.  88.  88.  91.  91.  92.  97.  98.
 100. 100.][-100. -100.  -97.  -95.  -86.  -85.  -85.  -85.  -80.  -80.  -79.  -79.
  -79.  -78.  -72.  -71.  -70.  -69.  -69.  -65.  -62.  -59.  -52.  -49.
  -48.  -45.  -44.  -43.  -42.  -38.  -38.  -33.  -32.  -31.  -30.  -29.
  -28.  -21.  -15.  -14.  -13.  -13.  -12.   -9.   -8.   -8.   -6.   -4.
   -4.   -3.   -3.   -2.   -1.    0.    1.    2.    5.    6.   10.   12.
   13.   14.   14.   16.   16.   17.   21.   22.   22.   23.   25.   28.
   31.   34.   38.   41.   42.   46.   47.   48.   52.   54.   54.   60.
   60.   68.   68.   72.   74.   75.   82.   83.   84.   87.   89.   90.
   92.   93.   94.   95.][-93. -90. -85. -83. -82. -81. -80. -76. -75. -74. -73. -73. -71. -69.
 -68. -68. -65. -59. -58. -56. -56. -54. -50. -47. -43. -39. -37. -31.
 -30. -30. -30. -29. -26. -24. -22. -19. -12.  -9.  -8.  -6.  -5.  -4.
  -4.  -3.  -3.  -1.   2.   3.   4.   6.   6.   7.  10.  10.  15.  18.
  22.  22.  23.  24.  25.  26.  32.  34.  37.  37.  41.  44.  47.  50.
  51.  52.  54.  54.  55.  57.  58.  59.  72.  74.  74.  75.  75.  78.
  81.  83.  84.  84.  86.  86.  87.  87.  89.  89.  90.  90.  92.  92.
  93.  97.][-99. -99. -98. -96. -95. -95. -95. -92. -90. -89. -87. -85. -85. -83.
 -82. -80. -75. -73. -73. -71. -64. -64. -58. -57. -56. -56. -56. -54.
 -51. -41. -38. -37. -36. -34. -33. -31. -30. -29. -28. -28. -25. -24.
 -23. -23. -20. -16. -15. -14. -11. -10.  -5.  -4.  -3.  -1.   1.   7.
   8.   9.  12.  14.  18.  20.  20.  21.  21.  23.  28.  30.  32.  34.
  36.  39.  50.  51.  51.  52.  52.  53.  54.  56.  56.  58.  59.  59.
  59.  70.  70.  71.  73.  77.  79.  82.  86.  87.  88.  90.  91.  91.
  92.  97.][-99. -97. -93. -93. -93. -92. -90. -89. -81. -79. -75. -73. -71. -69.
 -68. -66. -65. -64. -64. -64. -63. -61. -57. -53. -53. -44. -43. -43.
 -39. -35. -33. -33. -30. -27. -26. -23. -21. -19. -18. -17. -15. -13.
 -13. -12. -12.  -9.  -7.  -6.  -2.  -1.  -1.  -1.   0.   1.   1.   3.
   4.   4.   6.   6.   7.   9.  13.  14.  14.  18.  19.  19.  24.  26.
  28.  30.  32.  33.  34.  42.  48.  51.  55.  60.  63.  67.  68.  70.
  72.  77.  81.  82.  83.  84.  86.  87.  89.  89.  90.  93.  95.  98.
  98. 100.][-98. -95. -81. -81. -77. -72. -70. -68. -60. -54. -51. -50. -50. -47.
 -47. -45. -43. -40. -38. -36. -35. -33. -29. -25. -24. -23. -23. -23.
 -22. -16. -16. -14. -14. -14. -13.  -7.  -6.  -6.  -3.  -3.  -1.   1.
   1.   3.   4.   5.   7.   8.  17.  18.  19.  21.  21.  22.  23.  23.
  25.  29.  32.  32.  32.  33.  34.  37.  37.  37.  39.  40.  42.  48.
  50.  52.  55.  62.  64.  64.  66.  69.  70.  72.  72.  73.  75.  76.
  77.  78.  79.  80.  81.  81.  82.  83.  84.  85.  85.  90.  92.  92.
  94.  99.][-96. -95. -94. -93. -91. -87. -87. -83. -80. -74. -74. -71. -71. -69.
 -68. -68. -66. -66. -65. -64. -62. -62. -61. -61. -60. -56. -53. -53.
 -46. -46. -44. -43. -42. -39. -38. -34. -33. -31. -28. -24. -23. -21.
 -21. -20. -19. -16. -14. -14. -14. -10.  -9.  -4.   4.   6.   9.  10.
  12.  16.  16.  17.  21.  23.  33.  33.  34.  35.  36.  38.  42.  47.
  48.  50.  50.  57.  58.  59.  59.  62.  62.  66.  67.  68.  72.  73.
  73.  76.  80.  81.  84.  85.  85.  87.  90.  93.  94.  96.  96.  98.
  99. 100.][-99. -99. -96. -95. -94. -93. -89. -86. -84. -77. -75. -75. -73. -62.
 -61. -60. -58. -58. -50. -46. -45. -41. -40. -39. -39. -38. -34. -28.
 -24. -23. -23. -23. -21. -20. -18. -14. -13. -12.  -8.  -7.  -6.  -5.
  -3.  -2.  -1.   0.   1.   2.   7.   9.  10.  11.  11.  13.  14.  15.
  18.  18.  22.  24.  24.  25.  27.  29.  30.  32.  33.  36.  40.  42.
  42.  44.  45.  45.  46.  53.  55.  58.  59.  64.  67.  70.  71.  72.
  76.  83.  85.  86.  88.  89.  91.  91.  91.  93.  95.  96.  98.  98.
  99. 100.][-98. -94. -94. -90. -85. -82. -81. -80. -79. -76. -75. -72. -69. -67.
 -67. -64. -58. -56. -55. -54. -53. -52. -51. -49. -49. -47. -47. -43.
 -39. -35. -32. -31. -30. -26. -26. -26. -21. -20. -19. -19. -17. -16.
 -15. -15. -14. -13. -11. -10.  -8.  -6.  -5.   1.   2.   2.   2.   8.
   8.  10.  11.  15.  17.  19.  19.  25.  26.  26.  28.  30.  37.  37.
  38.  45.  45.  48.  49.  52.  53.  56.  57.  59.  64.  65.  68.  69.
  70.  71.  72.  73.  75.  76.  79.  79.  79.  80.  83.  86.  87.  88.
  92.  98.][-100.  -99.  -98.  -94.  -91.  -91.  -91.  -91.  -88.  -84.  -80.  -80.
  -78.  -77.  -77.  -76.  -76.  -74.  -73.  -72.  -70.  -70.  -68.  -62.
  -58.  -57.  -57.  -56.  -55.  -53.  -49.  -47.  -46.  -43.  -32.  -32.
  -28.  -28.  -27.  -25.  -24.  -23.  -23.  -20.  -19.  -19.  -17.  -14.
   -8.   -3.   -3.   -2.    2.    3.    4.    6.    7.   11.   12.   15.
   16.   17.   19.   19.   20.   20.   21.   22.   23.   24.   24.   28.
   36.   38.   39.   39.   40.   42.   44.   45.   46.   48.   50.   52.
   53.   53.   54.   55.   56.   57.   61.   63.   64.   67.   73.   76.
   79.   83.   85.   91.][-100.  -98.  -96.  -88.  -87.  -85.  -83.  -83.  -82.  -78.  -76.  -76.
  -76.  -72.  -71.  -69.  -64.  -58.  -54.  -53.  -51.  -51.  -50.  -49.
  -48.  -43.  -43.  -42.  -39.  -39.  -33.  -31.  -30.  -29.  -28.  -23.
  -23.  -21.  -19.  -16.  -10.   -9.   -8.   -7.   -6.   -5.   -1.    3.
    4.    7.    8.   13.   14.   17.   18.   20.   22.   25.   25.   26.
   27.   27.   28.   28.   35.   35.   35.   37.   37.   38.   40.   44.
   44.   45.   51.   53.   56.   59.   59.   60.   64.   67.   70.   70.
   70.   70.   71.   73.   73.   74.   77.   78.   88.   91.   92.   94.
   97.   98.   99.  100.][-100. -100.  -98.  -97.  -97.  -95.  -92.  -91.  -85.  -85.  -84.  -83.
  -82.  -81.  -81.  -80.  -80.  -76.  -76.  -73.  -66.  -65.  -62.  -58.
  -58.  -54.  -50.  -50.  -47.  -47.  -46.  -41.  -32.  -31.  -28.  -27.
  -25.  -24.  -19.  -19.  -13.  -10.  -10.   -2.   -1.    4.    9.    9.
   10.   14.   14.   19.   20.   20.   25.   25.   28.   32.   36.   37.
   38.   39.   40.   41.   41.   42.   43.   44.   45.   46.   46.   50.
   51.   51.   53.   57.   57.   60.   64.   65.   65.   66.   68.   68.
   71.   74.   77.   79.   80.   81.   85.   88.   89.   92.   93.   93.
   96.   98.   99.  100.][-100.  -97.  -97.  -94.  -92.  -92.  -83.  -82.  -80.  -80.  -76.  -73.
  -72.  -72.  -71.  -67.  -66.  -66.  -65.  -65.  -64.  -63.  -63.  -63.
  -60.  -57.  -56.  -55.  -55.  -54.  -52.  -51.  -51.  -51.  -39.  -35.
  -34.  -24.  -19.  -18.  -18.  -17.  -15.  -15.  -12.  -11.   -9.   -8.
   -8.   -6.   -5.   -4.   -2.    0.    2.    3.    4.    6.   14.   17.
   21.   21.   26.   26.   29.   31.   33.   35.   40.   40.   45.   48.
   49.   49.   51.   53.   53.   60.   62.   62.   63.   64.   69.   70.
   71.   73.   75.   77.   80.   81.   82.   82.   84.   90.   90.   93.
   94.   94.   97.   98.][-93. -90. -88. -87. -86. -83. -80. -78. -76. -74. -71. -71. -68. -66.
 -66. -65. -63. -62. -60. -58. -58. -52. -50. -48. -41. -40. -36. -35.
 -34. -31. -29. -28. -25. -19. -19. -18. -18. -15. -14. -14. -14. -12.
 -10.  -9.  -8.  -2.  -2.  -2.  -1.  -1.   9.  10.  11.  11.  12.  13.
  14.  15.  17.  17.  19.  20.  20.  21.  22.  24.  29.  29.  38.  38.
  41.  41.  42.  47.  49.  52.  60.  60.  62.  66.  73.  73.  75.  75.
  77.  77.  78.  80.  83.  86.  88.  88.  89.  91.  92.  92.  93.  96.
  98.  98.][-97. -90. -88. -86. -82. -80. -78. -77. -77. -73. -72. -70. -69. -65.
 -64. -62. -60. -60. -56. -55. -51. -48. -48. -45. -38. -38. -35. -34.
 -32. -31. -31. -24. -23. -20. -19. -16. -12. -12.  -7.  -7.  -6.  -4.
   1.   3.   4.   5.   8.   9.   9.  10.  10.  10.  13.  16.  17.  18.
  18.  19.  20.  25.  26.  26.  27.  29.  29.  29.  30.  33.  37.  39.
  42.  47.  47.  48.  52.  53.  53.  58.  58.  59.  59.  60.  63.  65.
  66.  67.  76.  76.  79.  80.  82.  82.  83.  87.  91.  92.  94.  95.
  98.  99.][-98. -95. -95. -94. -93. -91. -88. -79. -79. -78. -76. -75. -74. -74.
 -73. -71. -69. -68. -67. -66. -65. -65. -61. -57. -56. -49. -49. -43.
 -42. -39. -37. -35. -32. -28. -26. -24. -21. -20. -18. -18. -15. -14.
 -13. -11. -11.  -5.  -4.  -3.  -2.   0.   5.   6.   7.   7.   8.   9.
  11.  14.  15.  15.  18.  19.  21.  24.  27.  28.  28.  31.  33.  34.
  35.  36.  38.  39.  40.  41.  42.  43.  46.  48.  50.  50.  51.  57.
  65.  71.  73.  75.  81.  83.  85.  85.  87.  87.  88.  91.  95.  99.
  99.  99.][-100.  -98.  -96.  -96.  -90.  -88.  -84.  -81.  -79.  -79.  -79.  -78.
  -75.  -75.  -74.  -74.  -72.  -72.  -71.  -71.  -68.  -65.  -65.  -64.
  -64.  -59.  -54.  -50.  -47.  -44.  -44.  -44.  -43.  -42.  -37.  -34.
  -32.  -30.  -28.  -27.  -24.  -21.  -17.  -16.  -15.   -8.   -7.   -7.
   -6.   -3.   -2.    1.    1.    6.   10.   13.   14.   15.   16.   18.
   29.   31.   31.   35.   39.   39.   40.   40.   46.   46.   47.   49.
   51.   58.   60.   64.   65.   66.   66.   67.   69.   70.   74.   76.
   76.   77.   77.   80.   82.   83.   85.   87.   87.   89.   92.   92.
   93.   97.   99.  100.][-98. -94. -91. -90. -90. -86. -85. -84. -83. -81. -75. -75. -69. -69.
 -66. -61. -59. -55. -55. -53. -46. -45. -45. -40. -39. -39. -39. -39.
 -37. -37. -36. -31. -30. -30. -30. -30. -28. -24. -22. -20. -18. -18.
 -14. -11.  -8.  -6.  -4.  -3.   0.   3.   3.   3.   4.   5.   5.   6.
   9.  12.  14.  16.  18.  21.  22.  24.  25.  29.  29.  30.  32.  35.
  38.  42.  43.  45.  52.  56.  58.  60.  61.  61.  62.  63.  63.  64.
  65.  70.  70.  74.  77.  78.  78.  78.  79.  89.  91.  93.  94.  97.
  98. 100.][-100. -100.  -97.  -97.  -96.  -94.  -94.  -93.  -93.  -93.  -92.  -92.
  -87.  -87.  -86.  -86.  -84.  -83.  -83.  -80.  -79.  -78.  -76.  -72.
  -71.  -71.  -67.  -67.  -66.  -65.  -61.  -57.  -56.  -56.  -55.  -50.
  -40.  -39.  -39.  -34.  -29.  -28.  -20.  -20.  -18.  -13.  -10.  -10.
   -3.   -2.    2.    3.    4.    7.    9.   12.   16.   16.   20.   20.
   23.   23.   26.   27.   31.   31.   34.   34.   36.   38.   40.   40.
   42.   45.   51.   53.   55.   55.   57.   59.   60.   62.   65.   67.
   70.   71.   72.   75.   77.   83.   85.   85.   88.   94.   94.   95.
   95.   96.   96.  100.][-100.  -99.  -98.  -97.  -93.  -92.  -91.  -90.  -90.  -81.  -80.  -69.
  -68.  -62.  -62.  -61.  -60.  -57.  -57.  -51.  -50.  -49.  -49.  -47.
  -47.  -44.  -43.  -42.  -32.  -31.  -28.  -28.  -25.  -22.  -13.  -10.
   -5.   -5.   -4.   -1.    0.    4.    4.    8.    9.    9.   12.   14.
   16.   16.   18.   19.   21.   29.   30.   30.   32.   35.   37.   39.
   40.   40.   41.   42.   42.   43.   43.   43.   46.   49.   49.   51.
   52.   54.   57.   61.   61.   62.   63.   64.   66.   67.   68.   68.
   69.   70.   71.   72.   78.   78.   80.   82.   87.   88.   89.   93.
   94.   95.   99.   99.][-96. -95. -94. -91. -90. -89. -87. -86. -83. -82. -81. -81. -79. -79.
 -79. -79. -78. -75. -71. -70. -68. -64. -64. -57. -56. -56. -56. -55.
 -50. -44. -43. -42. -41. -40. -39. -38. -31. -31. -28. -23. -21. -20.
 -11.  -9.  -7.   1.   2.   4.   5.   5.   6.   7.  11.  14.  14.  15.
  16.  17.  18.  19.  21.  23.  24.  24.  25.  30.  31.  35.  36.  38.
  38.  40.  42.  45.  49.  49.  50.  50.  50.  58.  58.  60.  66.  67.
  68.  69.  70.  72.  76.  78.  83.  85.  87.  89.  92.  93.  94.  94.
  94.  97.][-97. -95. -92. -88. -88. -86. -83. -82. -80. -76. -75. -74. -70. -68.
 -68. -67. -66. -66. -65. -62. -60. -56. -55. -54. -48. -48. -47. -45.
 -40. -38. -35. -35. -35. -28. -27. -24. -24. -21. -19. -18. -15. -12.
 -12. -12. -11. -10.  -8.  -8.  -4.  -4.  -3.   0.   4.   4.   7.  10.
  14.  16.  17.  17.  19.  20.  20.  27.  27.  29.  33.  42.  42.  42.
  42.  46.  46.  47.  47.  48.  48.  51.  52.  53.  53.  54.  60.  60.
  61.  64.  65.  69.  70.  70.  74.  74.  76.  76.  79.  85.  85.  86.
  91.  97.][-94. -90. -85. -85. -85. -81. -81. -80. -79. -78. -78. -72. -71. -68.
 -67. -66. -66. -65. -63. -62. -60. -55. -53. -48. -46. -44. -39. -39.
 -36. -35. -33. -29. -29. -29. -28. -27. -26. -23. -19. -19. -18. -16.
 -16. -16. -15.  -9.  -6.  -3.  -3.  -3.  -1.   3.   4.   8.   9.  10.
  11.  12.  13.  14.  18.  20.  21.  24.  24.  25.  29.  29.  32.  37.
  39.  39.  40.  40.  41.  43.  44.  46.  48.  51.  51.  58.  59.  63.
  63.  64.  70.  71.  72.  76.  78.  83.  88.  89.  89.  90.  93.  94.
  97.  98.]