[-100. -100.  -99.  -97.  -95.  -94.  -94.  -93.  -79.  -79.  -78.  -78.
  -74.  -72.  -71.  -71.  -68.  -67.  -66.  -65.  -65.  -64.  -63.  -62.
  -58.  -57.  -56.  -48.  -43.  -41.  -41.  -39.  -39.  -36.  -35.  -35.
  -34.  -30.  -29.  -29.  -28.  -26.  -26.  -25.  -20.  -17.  -14.  -11.
  -11.   -4.   -3.   -3.   -2.   -1.    2.    3.    7.    7.    8.    9.
   11.   12.   17.   17.   23.   23.   24.   24.   26.   26.   27.   35.
   44.   45.   50.   50.   54.   56.   56.   57.   58.   58.   59.   61.
   66.   69.   71.   74.   76.   77.   78.   79.   80.   83.   85.   86.
   87.   93.   96.   98.][-100.  -95.  -90.  -88.  -87.  -87.  -85.  -84.  -80.  -79.  -78.  -75.
  -74.  -73.  -71.  -71.  -70.  -69.  -68.  -68.  -65.  -64.  -63.  -61.
  -59.  -58.  -54.  -50.  -48.  -48.  -43.  -42.  -40.  -39.  -36.  -35.
  -29.  -25.  -23.  -18.  -18.  -11.  -10.   -9.   -8.   -8.   -6.    0.
    1.    1.    2.    3.    7.    8.    9.   10.   12.   12.   16.   20.
   21.   22.   23.   25.   33.   33.   35.   37.   41.   41.   42.   43.
   46.   46.   48.   49.   50.   53.   54.   57.   59.   63.   67.   69.
   70.   76.   77.   81.   81.   82.   83.   87.   88.   90.   92.   92.
   93.   96.   96.   98.][-99. -93. -88. -78. -72. -71. -70. -67. -64. -62. -59. -54. -53. -52.
 -45. -43. -43. -43. -37. -32. -30. -30. -30. -28. -25. -18. -17. -13.
 -13. -11.  -9.  -8.  -8.  -4.  -3.  -2.  -1.   0.   1.   3.   4.   7.
   8.   9.   9.  10.  13.  13.  14.  15.  19.  20.  20.  20.  22.  22.
  24.  24.  25.  25.  28.  32.  36.  37.  40.  42.  44.  46.  46.  52.
  53.  53.  54.  54.  54.  55.  57.  58.  58.  58.  60.  61.  61.  64.
  68.  74.  75.  75.  75.  78.  80.  81.  84.  86.  86.  89.  93.  97.
  98.  99.][-98. -95. -90. -90. -88. -87. -87. -86. -83. -83. -79. -78. -76. -74.
 -72. -70. -67. -66. -61. -57. -54. -48. -43. -42. -39. -37. -36. -35.
 -35. -31. -31. -29. -29. -27. -27. -24. -20. -18. -15. -10. -10.  -4.
   1.   4.   5.   7.   8.   9.  11.  13.  15.  16.  17.  17.  18.  18.
  18.  19.  21.  24.  24.  24.  25.  26.  26.  26.  28.  30.  33.  36.
  37.  39.  42.  47.  52.  52.  55.  57.  57.  60.  62.  69.  70.  71.
  73.  74.  74.  75.  82.  86.  87.  89.  89.  90.  91.  92.  93.  94.
  95.  95.][-100.  -99.  -94.  -92.  -92.  -89.  -87.  -86.  -82.  -79.  -79.  -74.
  -70.  -68.  -65.  -65.  -65.  -64.  -64.  -63.  -58.  -58.  -57.  -56.
  -55.  -55.  -52.  -47.  -43.  -41.  -38.  -37.  -36.  -35.  -33.  -33.
  -31.  -29.  -28.  -27.  -20.  -15.  -14.   -8.   -7.   -6.   -6.   -4.
    1.    6.    7.    7.   11.   12.   13.   14.   15.   17.   18.   18.
   19.   19.   25.   26.   27.   27.   29.   32.   35.   37.   41.   45.
   46.   47.   50.   52.   54.   55.   55.   56.   56.   57.   58.   63.
   64.   67.   67.   71.   73.   73.   81.   83.   86.   87.   87.   89.
   89.   92.   93.   97.][-99. -96. -94. -90. -87. -85. -82. -77. -76. -75. -73. -72. -72. -71.
 -69. -69. -67. -67. -66. -61. -59. -58. -56. -56. -56. -50. -50. -48.
 -47. -46. -45. -44. -40. -36. -36. -33. -30. -29. -28. -28. -26. -23.
 -11. -10. -10.  -9.   2.   2.   4.   5.   6.   9.   9.  10.  15.  18.
  22.  23.  27.  31.  31.  33.  41.  42.  43.  44.  46.  46.  47.  47.
  52.  53.  54.  54.  55.  56.  59.  59.  60.  61.  63.  63.  67.  67.
  70.  70.  70.  71.  72.  72.  73.  73.  76.  81.  86.  88.  92.  92.
  95. 100.][-100. -100.  -95.  -94.  -94.  -93.  -93.  -93.  -91.  -88.  -87.  -87.
  -81.  -81.  -78.  -76.  -70.  -70.  -66.  -64.  -64.  -63.  -61.  -58.
  -58.  -56.  -52.  -51.  -50.  -50.  -49.  -48.  -45.  -40.  -33.  -33.
  -32.  -32.  -30.  -28.  -26.  -25.  -22.  -21.  -21.  -18.  -16.  -15.
  -14.  -12.  -11.   -8.   -7.   -7.   -3.    0.    7.   11.   14.   15.
   16.   17.   19.   23.   26.   28.   29.   29.   38.   40.   46.   46.
   48.   48.   48.   48.   49.   51.   53.   54.   57.   60.   61.   62.
   63.   65.   66.   66.   67.   72.   81.   87.   89.   90.   90.   92.
   92.   96.   98.   99.][-100. -100.  -99.  -96.  -95.  -93.  -93.  -82.  -77.  -77.  -75.  -74.
  -73.  -73.  -71.  -71.  -71.  -68.  -64.  -60.  -60.  -59.  -57.  -54.
  -52.  -51.  -50.  -49.  -48.  -41.  -36.  -36.  -34.  -32.  -31.  -28.
  -28.  -27.  -26.  -25.  -24.  -22.  -22.  -18.  -17.   -3.   -1.    1.
    2.    2.    3.    5.    6.    8.   12.   14.   19.   21.   22.   24.
   25.   26.   29.   31.   39.   40.   42.   42.   43.   44.   44.   48.
   53.   56.   58.   59.   61.   61.   64.   66.   68.   68.   69.   71.
   72.   76.   76.   77.   80.   84.   84.   88.   88.   88.   89.   89.
   91.   95.   99.  100.][-98. -97. -94. -94. -90. -89. -88. -88. -88. -86. -77. -76. -72. -71.
 -66. -66. -65. -60. -59. -57. -49. -45. -45. -45. -44. -42. -42. -39.
 -37. -30. -30. -25. -25. -24. -23. -18. -18. -13. -12. -10.  -9.  -9.
  -6.  -3.   1.   2.   4.  10.  12.  14.  14.  15.  15.  18.  22.  23.
  26.  29.  29.  29.  31.  32.  33.  33.  38.  40.  43.  46.  48.  51.
  52.  53.  53.  54.  54.  55.  62.  62.  62.  67.  67.  68.  71.  71.
  71.  72.  73.  74.  74.  74.  75.  77.  78.  82.  85.  87.  87.  89.
  98.  99.][-99. -98. -96. -91. -88. -86. -82. -82. -81. -79. -78. -76. -74. -72.
 -71. -64. -64. -59. -56. -47. -40. -39. -38. -38. -38. -38. -36. -33.
 -31. -29. -27. -25. -25. -21. -17. -17. -17. -16. -16. -15. -15. -13.
 -13. -11.  -8.  -5.  -2.   0.   3.   5.   7.   8.  10.  14.  15.  17.
  17.  20.  24.  26.  26.  27.  28.  32.  33.  36.  37.  38.  40.  41.
  42.  43.  47.  47.  48.  49.  52.  52.  54.  55.  56.  56.  57.  57.
  59.  61.  61.  62.  63.  68.  72.  72.  78.  79.  82.  83.  84.  89.
  96.  98.][-93. -92. -89. -88. -88. -86. -85. -84. -81. -80. -78. -74. -72. -67.
 -62. -56. -55. -55. -55. -55. -55. -52. -50. -50. -48. -48. -46. -42.
 -42. -42. -40. -39. -39. -38. -38. -37. -33. -30. -29. -17. -16. -16.
 -14. -13. -13. -13. -11. -11.  -7.  -7.  -7.  -5.   0.   8.   9.   9.
  10.  10.  11.  11.  15.  20.  21.  23.  29.  30.  31.  31.  33.  34.
  35.  36.  38.  39.  39.  39.  44.  45.  60.  62.  63.  68.  70.  71.
  72.  73.  76.  80.  81.  83.  83.  87.  87.  89.  89.  90.  93.  94.
  95.  99.][-98. -96. -96. -89. -88. -88. -85. -85. -85. -84. -84. -80. -78. -77.
 -77. -76. -71. -71. -68. -63. -62. -61. -60. -59. -59. -55. -55. -53.
 -53. -53. -44. -43. -41. -40. -39. -36. -34. -34. -29. -21. -21. -21.
 -20. -13. -12.  -9.  -2.  -2.  -1.   1.   1.   2.   3.   6.   9.   9.
  14.  15.  19.  20.  23.  25.  28.  28.  30.  30.  30.  30.  32.  32.
  33.  34.  34.  39.  40.  40.  41.  42.  45.  49.  50.  51.  54.  54.
  56.  56.  56.  57.  64.  65.  68.  71.  74.  75.  76.  82.  89.  91.
  91.  93.][-99. -99. -98. -95. -95. -93. -93. -92. -92. -91. -89. -88. -86. -85.
 -85. -84. -82. -75. -75. -72. -71. -69. -68. -64. -63. -61. -61. -58.
 -54. -48. -46. -43. -42. -39. -38. -34. -33. -30. -30. -29. -26. -23.
 -21. -19. -18. -15.  -8.  -2.  -1.  -1.   3.   3.   4.   5.   5.   7.
  10.  13.  14.  18.  18.  22.  23.  24.  24.  29.  30.  30.  31.  39.
  39.  40.  40.  41.  41.  42.  47.  52.  55.  56.  57.  58.  60.  60.
  60.  62.  63.  63.  63.  67.  74.  78.  81.  82.  89.  89.  94.  95.
  95.  99.][-100.  -99.  -97.  -91.  -90.  -88.  -84.  -84.  -83.  -82.  -81.  -80.
  -80.  -77.  -77.  -73.  -72.  -70.  -70.  -69.  -69.  -68.  -68.  -66.
  -66.  -63.  -63.  -60.  -59.  -58.  -57.  -54.  -52.  -50.  -45.  -45.
  -44.  -41.  -36.  -36.  -32.  -24.  -22.  -18.  -15.  -13.  -13.  -12.
  -11.  -11.   -6.   -5.   -4.   -2.   -1.    1.   10.   13.   14.   17.
   18.   22.   23.   24.   24.   27.   28.   35.   36.   38.   39.   43.
   46.   47.   47.   48.   50.   52.   53.   54.   56.   58.   58.   60.
   61.   62.   70.   75.   76.   82.   83.   86.   87.   88.   92.   94.
   94.   97.   98.   99.][-100.  -93.  -89.  -87.  -86.  -86.  -83.  -81.  -81.  -80.  -79.  -78.
  -77.  -77.  -77.  -77.  -75.  -72.  -69.  -64.  -63.  -59.  -59.  -54.
  -54.  -53.  -50.  -47.  -44.  -40.  -40.  -37.  -35.  -33.  -30.  -28.
  -26.  -22.  -18.  -17.  -14.  -11.   -4.   -1.    0.    0.    4.    5.
    5.    6.    6.    6.    7.    8.   10.   12.   14.   20.   24.   29.
   36.   38.   39.   39.   41.   41.   43.   45.   47.   48.   49.   51.
   53.   53.   61.   62.   62.   64.   66.   68.   72.   73.   77.   79.
   80.   80.   82.   83.   83.   84.   86.   90.   90.   91.   92.   94.
   96.   96.   97.   98.][-99. -99. -94. -93. -93. -77. -77. -76. -75. -73. -73. -70. -67. -63.
 -61. -61. -60. -59. -58. -57. -56. -56. -50. -49. -42. -41. -40. -40.
 -40. -37. -36. -36. -34. -34. -30. -28. -25. -24. -22. -21. -19. -16.
 -15. -11. -10.  -8.  -5.  -4.  -4.  -3.   7.   8.   8.  11.  15.  18.
  19.  20.  20.  23.  24.  26.  26.  27.  28.  29.  29.  30.  31.  32.
  34.  36.  37.  41.  43.  47.  47.  49.  50.  51.  59.  60.  60.  63.
  63.  69.  69.  70.  71.  76.  78.  78.  78.  79.  80.  81.  83.  85.
  88. 100.][-98. -92. -89. -88. -88. -88. -81. -80. -78. -77. -76. -73. -71. -67.
 -65. -64. -64. -64. -59. -59. -57. -56. -54. -52. -51. -41. -40. -39.
 -38. -37. -37. -36. -36. -34. -33. -32. -32. -23. -22. -17. -14. -13.
 -11. -10. -10. -10.  -8.  -6.  -3.   1.   4.   7.   7.  11.  11.  15.
  18.  19.  25.  26.  29.  29.  30.  32.  33.  36.  38.  41.  43.  45.
  46.  46.  48.  48.  50.  51.  60.  60.  60.  63.  66.  67.  67.  67.
  71.  76.  77.  80.  81.  84.  87.  88.  89.  89.  91.  92.  93.  99.
  99.  99.][-95. -95. -94. -90. -85. -82. -78. -76. -74. -74. -73. -71. -69. -67.
 -66. -65. -61. -58. -56. -55. -49. -46. -45. -43. -42. -37. -37. -36.
 -35. -33. -33. -31. -30. -28. -28. -24. -20. -20. -19. -16. -16. -12.
 -11. -11.  -7.  -6.  -4.   0.   1.   2.   4.   4.   5.   6.  11.  13.
  13.  13.  15.  15.  17.  18.  20.  22.  24.  24.  26.  27.  32.  34.
  38.  40.  42.  43.  44.  45.  45.  48.  49.  53.  58.  58.  59.  61.
  67.  67.  68.  71.  72.  72.  73.  73.  76.  88.  94.  95.  95.  95.
  98. 100.][-100.  -99.  -98.  -92.  -88.  -88.  -84.  -82.  -76.  -76.  -76.  -74.
  -72.  -72.  -71.  -71.  -70.  -69.  -68.  -65.  -63.  -62.  -52.  -51.
  -51.  -50.  -46.  -45.  -45.  -43.  -42.  -38.  -37.  -35.  -34.  -34.
  -34.  -30.  -29.  -25.  -25.  -25.  -22.  -22.  -22.  -19.  -17.  -16.
  -15.  -13.   -8.   -7.   -6.   -5.   -1.    1.    3.    3.    4.    4.
    8.    8.   18.   19.   19.   32.   35.   37.   39.   40.   41.   42.
   42.   43.   44.   44.   46.   48.   48.   50.   58.   58.   61.   62.
   70.   71.   73.   77.   77.   78.   80.   84.   91.   92.   92.   96.
   97.   97.   97.  100.][-99. -96. -93. -93. -92. -85. -85. -84. -82. -81. -80. -72. -70. -70.
 -69. -68. -68. -67. -65. -63. -61. -61. -61. -59. -56. -53. -51. -50.
 -46. -45. -42. -41. -41. -40. -40. -39. -38. -38. -36. -32. -30. -29.
 -27. -24. -23. -22. -21. -21. -20. -20. -19. -19. -17. -16. -11.  -4.
  -1.   0.   2.   2.   6.   8.   8.   9.  10.  24.  25.  28.  29.  32.
  35.  37.  38.  38.  39.  44.  44.  50.  53.  55.  55.  57.  60.  61.
  63.  68.  69.  69.  70.  73.  75.  80.  85.  90.  93.  97.  97.  97.
  98.  99.][-96. -95. -95. -94. -93. -90. -87. -85. -84. -83. -81. -80. -76. -76.
 -72. -70. -68. -66. -64. -61. -60. -59. -57. -57. -56. -56. -54. -52.
 -51. -51. -48. -47. -42. -41. -38. -36. -36. -31. -31. -30. -29. -27.
 -22. -20. -19. -18. -16. -16. -15. -13. -12. -10.  -8.  -7.  -4.   0.
   3.   3.   5.   5.   7.   9.  12.  12.  15.  15.  15.  17.  17.  19.
  20.  29.  33.  35.  37.  40.  42.  42.  46.  47.  50.  54.  58.  58.
  59.  64.  67.  68.  75.  76.  81.  82.  84.  85.  87.  88.  89.  95.
  95.  96.][-100. -100.  -99.  -97.  -96.  -95.  -94.  -92.  -88.  -85.  -83.  -81.
  -80.  -76.  -75.  -75.  -70.  -68.  -65.  -64.  -63.  -59.  -54.  -53.
  -53.  -53.  -52.  -47.  -45.  -44.  -42.  -42.  -42.  -40.  -30.  -30.
  -28.  -25.  -21.  -21.  -20.  -17.  -17.  -14.  -11.  -11.  -10.  -10.
   -9.   -9.   -5.   -3.   -2.    0.    7.    7.   10.   13.   13.   15.
   16.   17.   17.   20.   21.   25.   26.   27.   28.   31.   33.   34.
   35.   39.   41.   41.   43.   44.   45.   48.   50.   50.   56.   65.
   71.   73.   76.   76.   77.   78.   81.   84.   88.   88.   89.   90.
   92.   96.   98.  100.][-99. -98. -95. -94. -92. -91. -88. -78. -75. -75. -68. -64. -63. -63.
 -62. -60. -50. -48. -47. -41. -40. -38. -38. -37. -36. -36. -35. -32.
 -26. -26. -21. -19. -18. -18. -18. -15. -15. -14. -10.  -9.  -5.  -3.
   1.   1.   2.   3.   8.  12.  14.  14.  20.  20.  20.  21.  23.  26.
  26.  29.  31.  31.  31.  33.  34.  34.  36.  37.  37.  42.  45.  47.
  49.  50.  55.  57.  63.  65.  67.  70.  70.  70.  74.  76.  76.  78.
  79.  79.  81.  85.  85.  86.  87.  87.  93.  94.  95.  95.  96.  96.
  98. 100.][-97. -95. -94. -93. -93. -91. -88. -85. -84. -66. -66. -65. -63. -60.
 -59. -58. -52. -48. -44. -43. -43. -43. -42. -42. -38. -38. -37. -35.
 -35. -34. -33. -33. -30. -25. -24. -22. -21. -20. -20. -19. -17. -17.
 -14. -13. -12.  -7.  -5.  -2.   3.  13.  14.  14.  15.  17.  18.  18.
  18.  18.  18.  22.  25.  27.  30.  30.  34.  35.  41.  43.  45.  45.
  49.  49.  52.  54.  59.  60.  60.  61.  61.  66.  69.  70.  71.  73.
  75.  77.  78.  79.  80.  85.  87.  89.  89.  89.  90.  92.  92.  94.
  97.  99.][-100.  -89.  -89.  -86.  -84.  -82.  -77.  -77.  -76.  -76.  -76.  -75.
  -74.  -74.  -74.  -73.  -70.  -69.  -69.  -68.  -66.  -64.  -64.  -64.
  -63.  -62.  -61.  -59.  -53.  -51.  -51.  -50.  -50.  -47.  -47.  -42.
  -41.  -41.  -41.  -40.  -34.  -34.  -27.  -27.  -25.  -24.  -24.  -21.
  -16.  -15.  -13.  -13.   -8.   -7.   -6.   -5.   -3.   -2.    1.    1.
    2.    4.    8.   14.   15.   20.   21.   22.   23.   24.   26.   27.
   28.   28.   33.   35.   36.   38.   41.   43.   45.   48.   53.   54.
   60.   61.   63.   68.   68.   73.   76.   77.   77.   83.   88.   91.
   93.   95.   97.   99.][-100.  -99.  -98.  -97.  -94.  -92.  -92.  -91.  -88.  -88.  -85.  -85.
  -85.  -84.  -84.  -76.  -75.  -70.  -67.  -66.  -65.  -62.  -61.  -59.
  -58.  -53.  -51.  -45.  -43.  -35.  -34.  -33.  -31.  -29.  -28.  -25.
  -21.  -20.  -19.  -18.  -17.  -17.  -16.  -15.  -14.  -14.  -12.   -7.
   -6.   -6.   -1.    1.    4.    4.   15.   16.   18.   18.   20.   20.
   28.   30.   36.   36.   37.   39.   42.   46.   47.   48.   49.   49.
   52.   53.   53.   55.   56.   59.   61.   62.   64.   66.   68.   68.
   70.   72.   74.   76.   80.   80.   80.   80.   80.   82.   86.   86.
   87.   87.   89.   89.][-100.  -96.  -93.  -91.  -90.  -87.  -86.  -86.  -81.  -81.  -80.  -77.
  -76.  -68.  -66.  -65.  -65.  -64.  -63.  -63.  -61.  -58.  -52.  -51.
  -40.  -38.  -36.  -34.  -34.  -31.  -28.  -28.  -25.  -24.  -24.  -16.
  -15.  -15.  -13.  -12.   -9.   -9.   -7.   -7.   -7.   -3.   -2.   -2.
    0.    2.    3.    4.    4.    7.    7.    8.    8.   10.   16.   18.
   18.   19.   20.   21.   22.   26.   27.   27.   29.   30.   34.   35.
   35.   40.   43.   57.   59.   61.   62.   67.   67.   68.   68.   69.
   69.   71.   77.   77.   78.   79.   79.   83.   85.   90.   91.   92.
   93.   96.   96.   98.][-96. -95. -94. -91. -91. -89. -88. -86. -84. -84. -82. -80. -79. -79.
 -79. -70. -66. -64. -60. -53. -52. -49. -48. -46. -45. -44. -37. -32.
 -27. -25. -25. -24. -23. -22. -22. -22. -21. -20. -14. -13. -13. -13.
 -10.  -9.  -7.  -7.  -5.  -5.  -3.  -3.  -3.   0.   1.   3.   8.   8.
  10.  11.  13.  15.  17.  18.  22.  24.  25.  29.  30.  30.  32.  37.
  42.  44.  45.  46.  46.  46.  47.  51.  54.  56.  59.  59.  60.  65.
  66.  67.  69.  72.  73.  75.  78.  78.  79.  82.  83.  88.  94.  95.
  99.  99.][-100. -100.  -95.  -93.  -92.  -90.  -90.  -89.  -88.  -85.  -85.  -84.
  -83.  -82.  -79.  -77.  -75.  -74.  -73.  -72.  -71.  -71.  -70.  -68.
  -67.  -63.  -58.  -57.  -56.  -55.  -53.  -53.  -51.  -50.  -48.  -46.
  -44.  -43.  -43.  -43.  -41.  -35.  -30.  -30.  -29.  -27.  -24.  -23.
  -23.  -19.  -15.  -14.   -9.   -8.   -8.   -6.   -5.   -5.    1.    1.
    6.    7.   11.   13.   16.   17.   23.   25.   31.   35.   39.   40.
   41.   41.   50.   56.   56.   56.   61.   64.   66.   68.   68.   68.
   69.   70.   71.   71.   74.   74.   75.   76.   84.   86.   86.   87.
   89.   91.   91.   94.][-100.  -87.  -85.  -81.  -81.  -77.  -77.  -70.  -69.  -68.  -65.  -62.
  -61.  -58.  -58.  -57.  -56.  -52.  -51.  -51.  -51.  -48.  -48.  -47.
  -45.  -45.  -45.  -44.  -43.  -41.  -41.  -41.  -41.  -38.  -38.  -38.
  -37.  -34.  -33.  -28.  -25.  -23.  -15.  -14.  -11.   -8.   -8.   -5.
   -4.    3.    4.    7.    7.    8.   11.   13.   13.   13.   14.   14.
   17.   18.   20.   23.   29.   30.   36.   37.   37.   37.   38.   38.
   44.   45.   47.   48.   53.   53.   60.   60.   64.   64.   65.   65.
   66.   68.   69.   70.   77.   81.   81.   82.   88.   89.   90.   93.
   94.   97.   98.   98.][-100. -100. -100.  -99.  -99.  -98.  -95.  -94.  -94.  -93.  -92.  -90.
  -89.  -88.  -79.  -79.  -78.  -74.  -73.  -68.  -67.  -66.  -66.  -66.
  -66.  -61.  -59.  -58.  -56.  -54.  -52.  -51.  -51.  -48.  -40.  -37.
  -34.  -29.  -29.  -25.  -24.  -23.  -23.  -17.  -16.  -15.  -14.  -13.
  -13.  -12.  -11.  -10.   -9.   -1.    0.    3.    9.   12.   12.   14.
   16.   16.   17.   21.   21.   25.   27.   27.   28.   29.   29.   29.
   33.   35.   39.   43.   47.   49.   54.   55.   58.   58.   62.   62.
   63.   69.   73.   79.   81.   83.   85.   87.   88.   89.   91.   92.
   93.   96.   96.   99.][-98. -98. -92. -92. -90. -90. -88. -82. -79. -79. -76. -76. -71. -71.
 -69. -66. -66. -61. -60. -59. -57. -56. -52. -48. -47. -47. -46. -44.
 -42. -41. -40. -39. -39. -37. -36. -36. -34. -30. -25. -25. -25. -24.
 -18. -13. -13. -12. -11.  -8.  -6.  -3.  -3.  -1.   0.  10.  10.  17.
  19.  21.  24.  25.  28.  30.  33.  39.  41.  41.  41.  45.  46.  47.
  47.  48.  48.  54.  58.  61.  61.  62.  62.  65.  66.  66.  67.  69.
  71.  75.  76.  77.  80.  81.  81.  83.  83.  85.  85.  89.  92.  93.
  96. 100.][-99. -97. -92. -91. -91. -90. -89. -87. -87. -86. -86. -86. -81. -80.
 -79. -78. -72. -69. -63. -62. -60. -59. -58. -53. -52. -51. -50. -47.
 -45. -43. -40. -40. -39. -39. -33. -33. -33. -31. -30. -29. -28. -27.
 -22. -20. -17. -16. -14. -14. -12. -12. -10.  -9.  -4.  -1.   1.   5.
   8.   8.  12.  12.  16.  17.  17.  18.  19.  19.  20.  22.  23.  23.
  28.  28.  32.  34.  34.  37.  37.  41.  42.  46.  48.  51.  54.  62.
  62.  62.  62.  67.  70.  73.  74.  74.  88.  93.  93.  95.  95.  98.
 100. 100.][-94. -93. -92. -89. -89. -87. -86. -85. -83. -81. -76. -74. -74. -70.
 -70. -68. -68. -67. -65. -63. -63. -60. -57. -56. -56. -51. -50. -49.
 -48. -47. -47. -46. -40. -38. -36. -35. -33. -32. -31. -28. -28. -28.
 -27. -26. -24. -24. -18. -16. -11.  -8.  -6.  -4.  -1.   0.   3.   7.
  11.  15.  15.  16.  19.  23.  23.  23.  24.  25.  26.  30.  32.  33.
  34.  34.  35.  35.  37.  41.  42.  42.  42.  45.  47.  50.  56.  57.
  60.  61.  65.  68.  70.  72.  78.  79.  81.  81.  83.  95.  96.  97.
  97. 100.][-100. -100.  -98.  -92.  -90.  -90.  -88.  -88.  -87.  -87.  -85.  -83.
  -78.  -77.  -72.  -71.  -69.  -68.  -63.  -60.  -58.  -56.  -55.  -52.
  -52.  -50.  -50.  -47.  -46.  -46.  -45.  -42.  -41.  -36.  -36.  -36.
  -34.  -31.  -30.  -29.  -25.  -25.  -24.  -22.  -21.  -15.   -9.   -6.
   -4.    0.    0.    1.    1.    1.    3.    5.    9.   12.   13.   16.
   18.   26.   28.   36.   40.   42.   45.   46.   46.   47.   48.   49.
   50.   50.   54.   58.   60.   61.   61.   62.   66.   66.   69.   70.
   71.   73.   73.   73.   75.   76.   77.   80.   85.   87.   88.   90.
   95.   97.   97.   97.][-97. -95. -94. -94. -89. -88. -82. -82. -81. -80. -80. -79. -79. -78.
 -77. -75. -71. -71. -70. -69. -67. -66. -59. -58. -58. -51. -46. -45.
 -42. -42. -42. -42. -40. -37. -32. -26. -25. -24. -24. -23. -13. -11.
  -8.  -6.  -4.   0.   4.   4.   4.   4.   7.   8.  10.  11.  14.  15.
  16.  16.  20.  22.  22.  23.  28.  29.  31.  39.  39.  42.  44.  47.
  48.  48.  52.  54.  56.  56.  57.  57.  57.  66.  71.  75.  77.  77.
  79.  81.  82.  85.  85.  89.  91.  92.  92.  93.  95.  95.  95.  95.
  97.  98.][-98. -98. -96. -96. -93. -91. -90. -89. -86. -86. -85. -81. -73. -70.
 -69. -68. -58. -58. -57. -56. -53. -53. -53. -51. -48. -44. -43. -40.
 -40. -38. -36. -33. -33. -32. -31. -31. -31. -26. -26. -25. -24. -23.
 -23. -12. -11. -11. -10.  -7.  -6.  -3.  -2.  -1.   0.   6.   6.   8.
   8.  12.  13.  17.  17.  21.  22.  23.  23.  26.  29.  31.  33.  34.
  35.  36.  41.  42.  43.  45.  45.  47.  47.  47.  48.  51.  53.  54.
  56.  61.  61.  65.  67.  67.  73.  76.  79.  81.  85.  88.  91.  94.
  97.  97.][-100.  -96.  -96.  -95.  -94.  -94.  -94.  -94.  -93.  -92.  -88.  -87.
  -86.  -85.  -84.  -80.  -79.  -77.  -70.  -69.  -67.  -62.  -60.  -60.
  -59.  -55.  -52.  -52.  -49.  -48.  -47.  -46.  -46.  -45.  -44.  -44.
  -40.  -39.  -35.  -35.  -35.  -35.  -34.  -31.  -29.  -21.  -20.  -15.
  -13.  -12.  -11.   -7.   -6.   -2.    0.    1.    4.    4.   11.   14.
   14.   18.   19.   21.   22.   22.   25.   35.   38.   39.   40.   41.
   42.   45.   46.   50.   57.   57.   60.   64.   65.   65.   71.   74.
   77.   78.   78.   80.   80.   83.   85.   85.   86.   87.   89.   90.
   92.   96.   96.   99.][-98. -98. -98. -92. -91. -89. -86. -83. -81. -81. -80. -77. -77. -77.
 -73. -71. -69. -68. -65. -63. -63. -62. -57. -55. -55. -54. -53. -53.
 -51. -43. -39. -38. -35. -35. -34. -34. -33. -30. -27. -26. -25. -24.
 -20. -15. -10.  -9.  -9.  -8.  -4.   4.   5.   9.  11.  15.  16.  16.
  17.  26.  26.  26.  27.  27.  29.  29.  31.  32.  33.  36.  37.  40.
  43.  46.  46.  47.  49.  51.  54.  55.  64.  65.  66.  68.  69.  69.
  71.  72.  72.  77.  78.  85.  85.  86.  87.  88.  89.  90.  95.  96.
  97. 100.][-97. -95. -93. -92. -92. -89. -87. -86. -86. -82. -80. -75. -74. -73.
 -72. -67. -65. -60. -56. -53. -48. -42. -39. -37. -37. -36. -35. -31.
 -31. -31. -31. -30. -30. -24. -20. -20. -18. -16. -14. -11. -10.  -9.
  -9.  -7.  -5.  -5.  -2.   0.   5.   5.   5.  11.  13.  20.  21.  21.
  30.  32.  40.  42.  43.  46.  48.  48.  48.  48.  48.  50.  52.  52.
  53.  55.  59.  62.  63.  65.  67.  67.  68.  70.  71.  72.  75.  77.
  78.  79.  80.  83.  84.  84.  84.  89.  93.  93.  94.  94.  94.  96.
  98.  99.][-98. -96. -94. -90. -85. -84. -81. -81. -81. -78. -76. -76. -73. -68.
 -63. -63. -60. -56. -55. -54. -54. -51. -48. -48. -46. -45. -42. -41.
 -40. -38. -38. -37. -36. -34. -33. -32. -31. -26. -26. -26. -26. -25.
 -25. -24. -13. -12. -11. -11.  -9.  -9.  -8.  -8.  -5.  -2.  -1.  -1.
  -1.   0.   0.   4.  14.  16.  20.  24.  24.  24.  28.  31.  34.  36.
  42.  43.  44.  45.  51.  52.  53.  53.  55.  59.  59.  60.  60.  61.
  62.  63.  65.  65.  67.  71.  77.  80.  81.  83.  85.  94.  95.  97.
  98.  99.][-97. -97. -96. -96. -96. -93. -91. -90. -88. -88. -88. -86. -83. -81.
 -74. -74. -73. -72. -70. -68. -67. -63. -59. -57. -56. -54. -54. -53.
 -51. -50. -49. -47. -46. -46. -45. -44. -41. -39. -39. -39. -37. -30.
 -26. -24. -22. -21. -19. -19. -14. -14.  -6.   1.   5.   6.   7.  14.
  14.  15.  18.  21.  24.  27.  28.  28.  29.  29.  30.  36.  36.  37.
  45.  46.  49.  51.  53.  53.  54.  55.  55.  56.  58.  60.  63.  64.
  65.  66.  66.  70.  71.  73.  74.  75.  85.  88.  88.  92.  93.  94.
  96.  98.][-98. -98. -97. -97. -94. -93. -86. -83. -83. -82. -79. -77. -76. -75.
 -75. -72. -68. -67. -64. -63. -62. -59. -59. -59. -54. -53. -52. -44.
 -43. -42. -39. -39. -38. -34. -31. -29. -26. -26. -25. -25. -24. -24.
 -21. -19. -18. -17. -17. -14. -14.  -9.  -7.  -4.  -4.  -3.  -2.  -1.
   0.   6.   6.   7.  10.  10.  12.  13.  15.  16.  23.  24.  27.  37.
  38.  43.  47.  49.  52.  53.  57.  58.  59.  60.  61.  61.  62.  63.
  65.  66.  67.  68.  70.  75.  82.  85.  86.  89.  90.  97.  98.  98.
  99. 100.][-99. -92. -91. -91. -90. -89. -87. -86. -86. -82. -80. -77. -76. -75.
 -69. -68. -67. -64. -63. -60. -60. -60. -59. -55. -52. -50. -48. -47.
 -43. -40. -39. -35. -33. -33. -33. -31. -30. -28. -28. -27. -27. -26.
 -26. -21. -21. -21. -20. -17. -13. -12. -10.  -9.  -8.  -6.  -5.  -3.
  -1.   4.   5.  11.  12.  12.  13.  16.  17.  18.  31.  32.  34.  36.
  37.  38.  40.  43.  43.  44.  45.  47.  50.  50.  52.  54.  56.  56.
  56.  59.  61.  62.  62.  68.  72.  74.  84.  87.  87.  91.  93.  94.
  96.  98.][-97. -97. -97. -97. -95. -95. -95. -93. -89. -88. -85. -84. -80. -73.
 -72. -67. -67. -65. -65. -65. -64. -63. -63. -62. -61. -59. -58. -56.
 -56. -54. -52. -52. -51. -48. -47. -46. -45. -45. -44. -40. -37. -33.
 -32. -30. -27. -23. -21. -19. -16. -15. -12. -10.  -8.  -5.  -4.  -1.
   1.   3.   6.  10.  12.  15.  16.  17.  19.  20.  26.  26.  30.  32.
  35.  44.  45.  45.  48.  55.  56.  57.  60.  64.  69.  69.  70.  72.
  72.  75.  76.  80.  80.  80.  80.  81.  83.  84.  87.  89.  92.  92.
  95. 100.][-100. -100.  -98.  -96.  -93.  -92.  -91.  -90.  -88.  -86.  -85.  -85.
  -85.  -82.  -81.  -81.  -78.  -78.  -71.  -70.  -69.  -68.  -67.  -63.
  -60.  -60.  -60.  -53.  -47.  -46.  -46.  -44.  -43.  -42.  -40.  -39.
  -37.  -35.  -33.  -33.  -30.  -29.  -27.  -25.  -23.  -22.  -22.  -11.
   -5.   -3.   -3.   -2.   -1.   -1.    0.    4.    5.    6.    9.   15.
   16.   18.   20.   20.   21.   23.   26.   27.   27.   31.   31.   32.
   34.   39.   41.   46.   48.   49.   50.   51.   52.   53.   53.   54.
   62.   62.   66.   68.   68.   73.   73.   81.   83.   84.   84.   92.
   93.   95.   98.   99.][-100.  -98.  -97.  -96.  -95.  -89.  -87.  -86.  -86.  -83.  -80.  -79.
  -75.  -73.  -71.  -70.  -70.  -69.  -69.  -69.  -67.  -65.  -64.  -62.
  -61.  -53.  -51.  -50.  -48.  -47.  -47.  -44.  -43.  -42.  -35.  -34.
  -29.  -26.  -26.  -24.  -23.  -20.  -19.  -17.  -15.  -15.  -13.  -12.
  -12.   -8.   -7.   -3.   -3.   -3.    1.    3.    3.    4.    5.    5.
    7.    9.   12.   13.   13.   15.   17.   22.   25.   27.   27.   34.
   34.   37.   38.   42.   45.   46.   47.   54.   56.   58.   64.   69.
   70.   74.   76.   76.   83.   86.   86.   87.   88.   89.   89.   92.
   93.   95.   96.   98.][-96. -95. -92. -88. -87. -84. -81. -81. -80. -80. -80. -80. -77. -75.
 -75. -66. -64. -63. -63. -60. -57. -53. -51. -50. -45. -44. -43. -43.
 -43. -41. -39. -34. -32. -29. -25. -23. -21. -19. -18. -15. -14. -12.
  -9.  -8.  -6.  -4.  -1.   1.   6.   8.   9.  10.  10.  10.  11.  13.
  13.  19.  21.  25.  25.  28.  29.  30.  35.  36.  36.  39.  39.  40.
  43.  44.  45.  47.  47.  47.  48.  49.  50.  51.  53.  54.  57.  61.
  65.  66.  68.  69.  70.  74.  82.  88.  89.  89.  90.  93.  93.  96.
  98.  99.][-100.  -99.  -99.  -98.  -95.  -91.  -89.  -83.  -81.  -79.  -70.  -70.
  -66.  -66.  -63.  -61.  -60.  -57.  -56.  -56.  -55.  -50.  -50.  -49.
  -45.  -42.  -42.  -40.  -40.  -39.  -36.  -34.  -32.  -31.  -25.  -23.
  -23.  -20.  -13.  -11.  -10.   -9.   -8.   -7.   -7.   -5.   -4.    1.
    1.    2.    6.    8.   10.   14.   17.   19.   20.   20.   22.   25.
   25.   25.   25.   26.   28.   30.   30.   31.   31.   32.   37.   44.
   45.   48.   48.   49.   53.   55.   56.   57.   59.   61.   65.   65.
   73.   76.   76.   78.   81.   82.   86.   87.   87.   89.   93.   93.
   94.   95.   95.   98.][-100. -100.  -99.  -99.  -97.  -97.  -96.  -93.  -91.  -90.  -84.  -82.
  -81.  -78.  -77.  -74.  -72.  -71.  -71.  -70.  -68.  -68.  -66.  -63.
  -60.  -57.  -57.  -55.  -53.  -52.  -48.  -47.  -47.  -42.  -40.  -38.
  -36.  -36.  -35.  -31.  -30.  -30.  -29.  -29.  -27.  -27.  -27.  -22.
  -21.  -17.  -17.  -13.  -12.  -11.   -7.   -4.   -3.   -2.    4.    8.
   10.   12.   16.   20.   20.   22.   27.   28.   28.   31.   33.   39.
   39.   45.   45.   47.   48.   48.   53.   55.   55.   56.   59.   62.
   62.   64.   65.   67.   72.   74.   75.   80.   81.   83.   84.   92.
   93.   98.   99.   99.][-95. -95. -92. -90. -86. -81. -78. -77. -73. -73. -72. -68. -68. -67.
 -66. -63. -57. -56. -51. -51. -51. -48. -45. -41. -41. -36. -36. -34.
 -32. -28. -28. -24. -22. -20. -16. -15. -15. -14.  -7.  -6.  -4.   0.
   9.  11.  12.  16.  18.  18.  18.  20.  22.  23.  23.  24.  25.  25.
  26.  29.  30.  33.  33.  38.  39.  44.  44.  44.  47.  51.  52.  58.
  59.  61.  65.  66.  66.  68.  69.  70.  72.  75.  75.  78.  80.  80.
  81.  81.  81.  83.  83.  84.  87.  87.  88.  90.  91.  97.  98.  98.
 100. 100.][-100.  -96.  -95.  -93.  -93.  -88.  -80.  -78.  -78.  -72.  -67.  -65.
  -64.  -61.  -61.  -60.  -60.  -57.  -56.  -54.  -54.  -53.  -51.  -49.
  -45.  -41.  -40.  -39.  -37.  -33.  -31.  -28.  -26.  -26.  -26.  -26.
  -25.  -24.  -21.  -20.  -19.  -17.  -17.  -15.  -13.  -12.  -12.   -9.
   -7.   -4.   -1.    0.    1.    8.   12.   13.   14.   15.   18.   22.
   24.   26.   26.   27.   27.   29.   30.   31.   31.   32.   39.   39.
   39.   43.   44.   46.   46.   48.   55.   61.   64.   64.   71.   72.
   73.   74.   75.   78.   78.   80.   80.   80.   81.   82.   89.   89.
   91.   95.   99.  100.][-100.  -99.  -98.  -95.  -92.  -91.  -89.  -89.  -87.  -86.  -84.  -83.
  -80.  -75.  -75.  -72.  -64.  -56.  -55.  -48.  -41.  -37.  -35.  -35.
  -34.  -34.  -33.  -29.  -26.  -23.  -20.  -18.  -15.  -14.  -10.   -7.
   -5.   -1.    0.    3.    3.    5.    8.   11.   12.   16.   17.   18.
   18.   20.   24.   25.   27.   28.   29.   29.   31.   34.   36.   37.
   38.   39.   43.   44.   46.   47.   48.   50.   51.   51.   57.   57.
   57.   57.   58.   58.   58.   58.   58.   60.   61.   62.   62.   62.
   63.   63.   63.   65.   69.   71.   72.   81.   83.   87.   88.   89.
   89.   94.   95.   97.][-100.  -99.  -97.  -96.  -96.  -96.  -93.  -89.  -88.  -88.  -88.  -85.
  -84.  -84.  -83.  -79.  -77.  -72.  -71.  -66.  -66.  -62.  -62.  -61.
  -60.  -60.  -52.  -51.  -49.  -49.  -48.  -47.  -46.  -46.  -43.  -43.
  -41.  -41.  -39.  -36.  -36.  -34.  -33.  -33.  -29.  -28.  -25.  -18.
  -15.  -15.  -13.  -13.   -9.   -7.   -5.   -3.   -1.    1.    1.    4.
    6.    8.   10.   16.   17.   19.   22.   24.   28.   28.   29.   33.
   36.   41.   45.   45.   45.   51.   51.   56.   60.   62.   68.   69.
   70.   74.   75.   82.   85.   86.   90.   91.   92.   92.   93.   93.
   97.   98.   99.  100.][-98. -98. -94. -94. -87. -86. -85. -83. -80. -77. -75. -75. -72. -68.
 -67. -61. -60. -58. -58. -56. -55. -53. -52. -52. -51. -50. -49. -49.
 -48. -41. -38. -34. -34. -33. -33. -31. -28. -24. -23. -23. -18. -17.
 -13. -13. -12.  -9.  -7.   3.   4.   4.   6.   6.   6.   7.   7.  10.
  10.  11.  11.  11.  13.  16.  19.  21.  21.  26.  29.  31.  34.  36.
  37.  38.  41.  43.  48.  50.  51.  52.  52.  55.  57.  58.  58.  65.
  67.  67.  70.  77.  78.  81.  83.  83.  85.  86.  88.  90.  90.  95.
  97.  99.][-99. -98. -97. -96. -96. -95. -94. -90. -89. -89. -85. -79. -78. -76.
 -75. -71. -67. -65. -64. -60. -55. -54. -53. -52. -51. -48. -47. -42.
 -41. -38. -34. -27. -23. -22. -22. -20. -19. -17. -16. -16. -16. -16.
 -14. -12.  -9.  -7.  -5.   0.   8.   9.  11.  13.  16.  17.  22.  22.
  24.  25.  29.  32.  32.  33.  38.  39.  40.  42.  44.  46.  47.  47.
  48.  50.  52.  53.  55.  63.  64.  65.  66.  67.  67.  70.  73.  74.
  77.  81.  82.  84.  86.  86.  86.  88.  89.  91.  91.  92.  94.  94.
  96.  97.][-100.  -99.  -95.  -94.  -92.  -92.  -92.  -84.  -81.  -78.  -77.  -68.
  -66.  -65.  -53.  -53.  -51.  -50.  -46.  -45.  -45.  -42.  -32.  -28.
  -26.  -24.  -22.  -21.  -18.  -18.  -16.  -15.  -14.  -13.   -9.   -3.
   -1.    1.    5.    7.   10.   11.   11.   12.   13.   13.   13.   14.
   15.   19.   22.   24.   24.   24.   24.   25.   25.   26.   26.   26.
   26.   26.   27.   28.   29.   30.   30.   30.   31.   33.   34.   35.
   44.   48.   51.   51.   53.   55.   57.   60.   62.   65.   69.   69.
   70.   71.   75.   79.   80.   80.   80.   82.   83.   84.   87.   89.
   92.   95.   96.  100.][-99. -98. -97. -96. -88. -87. -86. -83. -83. -79. -70. -69. -65. -63.
 -61. -60. -60. -57. -51. -49. -47. -45. -43. -32. -25. -23. -23. -20.
 -19. -17. -16. -11. -10. -10. -10.  -8.  -7.  -6.  -5.  -5.  -3.   1.
   2.   4.   6.   7.   8.   9.  10.  15.  15.  22.  27.  32.  33.  33.
  34.  35.  36.  36.  39.  40.  41.  41.  42.  43.  45.  47.  53.  54.
  56.  57.  60.  60.  60.  60.  61.  62.  64.  67.  68.  68.  69.  70.
  77.  79.  79.  79.  79.  80.  84.  86.  89.  91.  92.  93.  94.  95.
  96.  96.][-98. -94. -92. -91. -87. -87. -82. -82. -79. -78. -78. -72. -71. -69.
 -69. -69. -67. -63. -62. -60. -60. -56. -52. -52. -48. -43. -42. -39.
 -39. -35. -32. -25. -23. -23. -23. -20. -20. -18. -18. -16. -15. -14.
 -13. -13. -11.   1.   6.   8.   9.  10.  12.  15.  17.  17.  18.  19.
  19.  21.  21.  24.  24.  28.  29.  29.  30.  31.  33.  34.  38.  38.
  41.  43.  44.  48.  51.  53.  53.  57.  57.  58.  60.  60.  61.  61.
  61.  61.  63.  64.  64.  67.  75.  77.  79.  79.  84.  87.  93.  94.
  96.  99.][-100.  -96.  -95.  -90.  -86.  -82.  -81.  -79.  -79.  -75.  -70.  -66.
  -59.  -57.  -54.  -49.  -48.  -48.  -46.  -46.  -46.  -44.  -42.  -42.
  -41.  -39.  -38.  -37.  -36.  -34.  -33.  -32.  -32.  -32.  -32.  -32.
  -30.  -28.  -28.  -27.  -24.  -24.  -23.  -22.  -22.  -18.  -16.  -13.
  -11.   -5.   -2.   -1.   -1.    3.    5.    6.    8.    8.   12.   13.
   17.   21.   23.   24.   24.   24.   27.   27.   29.   35.   35.   37.
   41.   44.   44.   45.   59.   61.   64.   72.   73.   75.   76.   77.
   78.   79.   80.   80.   81.   82.   84.   85.   87.   88.   93.   95.
   95.   97.   98.   99.][-98. -94. -93. -86. -86. -80. -80. -79. -79. -78. -76. -73. -72. -72.
 -72. -71. -68. -67. -66. -64. -61. -53. -52. -51. -51. -50. -47. -44.
 -44. -43. -40. -38. -37. -37. -33. -28. -25. -25. -24. -22. -21. -18.
 -14. -13. -10. -10.  -9.  -8.  -4.  -2.  -1.   1.   3.   8.  10.  10.
  11.  11.  14.  16.  23.  24.  25.  27.  28.  31.  35.  35.  41.  42.
  44.  45.  48.  49.  50.  52.  54.  55.  57.  58.  59.  59.  61.  62.
  64.  64.  65.  66.  66.  71.  72.  74.  82.  85.  90.  93.  94.  95.
  96.  99.][-100.  -98.  -95.  -94.  -87.  -87.  -84.  -81.  -78.  -75.  -74.  -74.
  -70.  -66.  -65.  -63.  -62.  -61.  -53.  -51.  -40.  -40.  -40.  -37.
  -31.  -30.  -29.  -28.  -27.  -24.  -24.  -22.  -20.  -15.  -14.  -13.
  -12.  -12.  -12.   -3.    9.   10.   11.   11.   12.   15.   18.   20.
   21.   21.   27.   29.   30.   30.   31.   31.   35.   36.   37.   38.
   38.   47.   47.   52.   55.   57.   57.   61.   61.   61.   62.   63.
   64.   65.   66.   71.   72.   73.   74.   75.   76.   76.   77.   80.
   83.   83.   84.   85.   86.   86.   87.   87.   89.   89.   91.   93.
   97.   98.   98.  100.][-100.  -96.  -90.  -89.  -85.  -85.  -83.  -81.  -80.  -80.  -79.  -76.
  -74.  -72.  -69.  -68.  -64.  -57.  -57.  -56.  -52.  -50.  -48.  -46.
  -45.  -45.  -44.  -44.  -44.  -42.  -42.  -40.  -39.  -38.  -37.  -37.
  -37.  -36.  -31.  -31.  -30.  -28.  -27.  -25.  -24.  -23.  -18.  -16.
  -15.  -14.  -14.  -12.   -9.   -8.   -7.   -4.   -1.   -1.    0.    8.
    8.    9.   12.   12.   15.   16.   16.   18.   20.   22.   23.   24.
   24.   25.   28.   31.   32.   34.   34.   43.   46.   50.   50.   52.
   58.   64.   64.   65.   66.   69.   69.   69.   74.   76.   83.   85.
   85.   90.   91.   98.][-92. -91. -90. -90. -88. -88. -87. -83. -82. -81. -81. -80. -72. -70.
 -67. -67. -66. -65. -64. -64. -61. -61. -59. -56. -55. -53. -48. -47.
 -47. -44. -43. -42. -41. -39. -38. -36. -36. -34. -32. -30. -25. -24.
 -22. -17. -16. -16. -13. -10.  -7.  -6.  -3.  -1.  -1.   2.   4.   6.
   7.  10.  12.  12.  15.  15.  23.  25.  28.  37.  39.  42.  43.  46.
  48.  50.  55.  57.  57.  59.  59.  60.  61.  62.  62.  62.  66.  69.
  69.  72.  73.  77.  77.  78.  79.  80.  82.  83.  85.  87.  89.  93.
  95.  97.][-98. -98. -97. -95. -92. -89. -87. -81. -79. -77. -77. -77. -76. -74.
 -74. -74. -72. -72. -68. -67. -66. -66. -64. -61. -60. -59. -59. -54.
 -51. -51. -50. -48. -46. -45. -45. -40. -39. -37. -35. -35. -32. -25.
 -22. -22. -21. -14. -12. -11.  -9.  -5.  -4.  -1.   0.   4.   6.   8.
  13.  15.  21.  23.  26.  28.  28.  33.  39.  39.  40.  43.  43.  47.
  52.  53.  53.  54.  55.  55.  56.  56.  56.  57.  59.  60.  60.  60.
  60.  61.  62.  62.  62.  63.  63.  64.  67.  69.  70.  73.  73.  79.
  81.  96.][-95. -92. -84. -82. -81. -81. -76. -75. -74. -73. -71. -68. -63. -61.
 -59. -58. -55. -54. -53. -52. -51. -51. -50. -49. -49. -43. -33. -33.
 -32. -29. -23. -23. -22. -22. -21. -20. -18. -13.  -9.  -6.  -5.  -1.
   0.   2.   6.   8.   8.   8.   9.   9.  12.  12.  13.  14.  17.  19.
  20.  22.  25.  26.  28.  32.  34.  36.  36.  38.  41.  42.  48.  49.
  53.  53.  55.  55.  58.  59.  59.  61.  63.  65.  65.  67.  68.  71.
  71.  73.  76.  77.  77.  78.  86.  86.  92.  93.  94.  94.  96.  97.
  98. 100.][-100. -100.  -96.  -95.  -93.  -93.  -88.  -87.  -86.  -86.  -84.  -81.
  -81.  -78.  -77.  -77.  -76.  -75.  -74.  -73.  -69.  -69.  -68.  -66.
  -66.  -60.  -59.  -59.  -55.  -54.  -54.  -51.  -49.  -44.  -43.  -41.
  -36.  -35.  -32.  -32.  -29.  -28.  -25.  -24.  -23.  -22.  -21.  -18.
  -16.  -15.  -15.  -15.  -13.  -12.  -10.   -9.   -6.   -5.    0.    1.
    3.    3.    9.   11.   15.   16.   22.   23.   23.   25.   29.   32.
   34.   34.   35.   37.   38.   44.   47.   47.   49.   53.   53.   53.
   54.   55.   56.   65.   67.   69.   70.   71.   74.   75.   83.   86.
   87.   93.   93.   98.][-98. -98. -97. -92. -92. -86. -86. -84. -84. -81. -79. -79. -79. -76.
 -75. -74. -71. -69. -68. -67. -66. -65. -58. -54. -54. -52. -52. -51.
 -49. -46. -46. -45. -39. -37. -35. -33. -32. -30. -29. -27. -26. -25.
 -24. -20. -18. -18. -17. -11. -10.  -4.  -3.   5.   5.   5.  10.  10.
  13.  14.  15.  16.  16.  17.  17.  20.  23.  34.  39.  41.  46.  49.
  49.  50.  52.  55.  61.  62.  63.  68.  68.  70.  71.  72.  73.  73.
  75.  75.  76.  79.  84.  85.  86.  86.  87.  87.  91.  91.  92.  93.
  93.  99.][-97. -93. -90. -86. -85. -85. -82. -82. -81. -81. -80. -79. -77. -77.
 -76. -74. -74. -73. -72. -71. -71. -70. -68. -68. -68. -67. -66. -64.
 -60. -60. -59. -55. -55. -50. -47. -42. -42. -41. -41. -37. -35. -35.
 -34. -33. -29. -25. -15. -15. -13. -12. -10.  -9.  -9.  -8.  -3.  -1.
   7.  11.  19.  23.  28.  30.  35.  35.  37.  38.  40.  43.  43.  45.
  52.  55.  61.  61.  64.  65.  65.  68.  69.  73.  73.  75.  75.  76.
  80.  80.  81.  85.  85.  86.  86.  88.  90.  90.  91.  94.  95.  96.
  96.  98.][-100.  -99.  -98.  -96.  -96.  -95.  -92.  -90.  -89.  -89.  -88.  -87.
  -87.  -86.  -84.  -82.  -80.  -79.  -79.  -75.  -74.  -72.  -72.  -68.
  -64.  -60.  -55.  -52.  -49.  -39.  -39.  -35.  -32.  -30.  -29.  -26.
  -25.  -24.  -23.  -20.  -19.  -13.  -11.   -8.   -6.   -5.   -4.   -1.
    3.    3.    3.    3.    3.    5.    6.    6.    7.    7.    7.    9.
   14.   14.   14.   15.   20.   20.   22.   28.   31.   43.   43.   44.
   45.   48.   50.   53.   54.   56.   57.   57.   57.   57.   58.   59.
   62.   62.   63.   70.   73.   73.   75.   76.   83.   84.   86.   86.
   88.   90.   93.   96.][-100.  -91.  -89.  -88.  -84.  -83.  -82.  -79.  -79.  -75.  -75.  -71.
  -70.  -70.  -70.  -69.  -68.  -63.  -58.  -57.  -54.  -52.  -47.  -45.
  -43.  -43.  -40.  -39.  -37.  -35.  -33.  -32.  -29.  -28.  -28.  -26.
  -25.  -21.  -20.  -16.  -15.  -10.   -5.    0.    3.    3.    4.    7.
    7.    8.   11.   14.   14.   20.   21.   26.   27.   28.   29.   30.
   33.   34.   35.   38.   41.   47.   51.   54.   56.   58.   58.   60.
   62.   62.   64.   64.   66.   68.   68.   68.   70.   72.   73.   76.
   78.   80.   82.   84.   84.   87.   87.   90.   91.   92.   93.   94.
   95.   95.   96.   96.][-100.  -96.  -94.  -94.  -93.  -93.  -93.  -92.  -91.  -89.  -86.  -85.
  -83.  -82.  -79.  -76.  -76.  -76.  -76.  -70.  -68.  -67.  -65.  -65.
  -60.  -60.  -60.  -51.  -51.  -50.  -46.  -42.  -40.  -40.  -39.  -38.
  -36.  -36.  -35.  -32.  -31.  -28.  -28.  -28.  -26.  -24.  -18.  -14.
  -10.   -9.   -8.   -7.   -7.   -6.   -5.    0.    1.    2.    4.    5.
    6.    7.   10.   13.   15.   17.   19.   20.   22.   23.   24.   26.
   27.   31.   33.   34.   34.   35.   35.   42.   45.   48.   49.   56.
   58.   60.   60.   62.   65.   67.   72.   74.   75.   77.   80.   84.
   91.   92.   94.   99.][-99. -98. -90. -88. -88. -86. -85. -82. -79. -73. -70. -68. -63. -63.
 -58. -56. -56. -54. -53. -52. -48. -48. -46. -43. -38. -38. -37. -36.
 -35. -34. -34. -30. -30. -29. -28. -27. -22. -19. -17. -17. -17. -16.
  -6.  -5.  -4.  -4.   4.   5.   6.   8.  10.  11.  11.  11.  13.  18.
  19.  20.  21.  22.  25.  26.  28.  29.  29.  30.  31.  33.  36.  36.
  42.  42.  43.  44.  48.  49.  52.  53.  53.  55.  57.  59.  62.  62.
  66.  66.  66.  70.  73.  75.  79.  82.  85.  85.  87.  91.  91.  95.
  96.  99.][-99. -96. -94. -93. -92. -90. -89. -89. -85. -85. -83. -79. -78. -75.
 -74. -71. -70. -69. -68. -68. -66. -63. -62. -61. -59. -58. -53. -52.
 -49. -48. -44. -44. -43. -41. -39. -32. -28. -27. -23. -23. -18. -18.
 -18. -17. -15. -13. -12. -12.  -4.  -4.  -3.  -1.   0.   2.   5.   8.
  11.  11.  12.  13.  13.  13.  17.  20.  27.  28.  28.  30.  33.  34.
  34.  35.  36.  36.  42.  42.  46.  47.  50.  50.  53.  56.  59.  60.
  67.  69.  70.  71.  74.  75.  78.  79.  79.  80.  85.  86.  88.  90.
  94.  99.][-99. -99. -96. -94. -93. -90. -87. -87. -85. -81. -80. -78. -77. -76.
 -75. -75. -74. -70. -70. -69. -67. -65. -64. -61. -61. -60. -52. -50.
 -50. -49. -48. -43. -42. -41. -40. -40. -39. -39. -38. -36. -29. -24.
 -20. -17. -14. -13. -12.  -2.  -1.   1.   3.   5.   6.   6.  10.  11.
  14.  14.  14.  16.  17.  19.  25.  26.  27.  29.  29.  32.  32.  34.
  34.  41.  41.  42.  43.  45.  45.  47.  48.  51.  52.  53.  58.  58.
  59.  61.  71.  71.  73.  74.  79.  84.  90.  92.  92.  94.  95.  98.
  99. 100.][-100.  -98.  -91.  -91.  -90.  -83.  -82.  -81.  -79.  -74.  -73.  -73.
  -69.  -63.  -62.  -60.  -59.  -59.  -54.  -54.  -54.  -53.  -49.  -48.
  -48.  -46.  -41.  -37.  -37.  -34.  -32.  -30.  -29.  -28.  -27.  -24.
  -20.  -20.  -19.  -19.  -15.  -15.  -13.  -10.   -6.   -2.    2.    4.
    6.    7.   12.   13.   16.   17.   17.   19.   20.   24.   27.   29.
   31.   35.   36.   37.   37.   37.   39.   42.   43.   43.   48.   49.
   52.   54.   54.   55.   57.   58.   58.   58.   59.   62.   63.   64.
   66.   67.   67.   69.   70.   70.   74.   77.   78.   81.   83.   86.
   87.   91.   95.  100.][-99. -95. -95. -95. -94. -89. -87. -86. -83. -80. -78. -77. -74. -70.
 -69. -66. -65. -64. -62. -61. -58. -57. -56. -56. -56. -55. -55. -54.
 -53. -49. -49. -48. -45. -44. -43. -43. -42. -41. -40. -39. -39. -37.
 -33. -31. -29. -28. -26. -25. -17. -16. -15. -13. -12. -12. -11. -10.
  -7.  -5.  -5.  -3.  -1.   4.   6.   7.   9.   9.  10.  11.  15.  16.
  18.  26.  26.  29.  33.  35.  42.  47.  49.  52.  55.  61.  62.  62.
  64.  74.  74.  75.  78.  79.  83.  83.  86.  88.  89.  91.  93.  94.
  94.  98.][-100.  -98.  -97.  -96.  -95.  -93.  -85.  -83.  -83.  -82.  -80.  -79.
  -77.  -76.  -75.  -73.  -71.  -68.  -63.  -61.  -60.  -49.  -43.  -42.
  -39.  -34.  -33.  -32.  -31.  -28.  -27.  -27.  -26.  -24.  -22.  -19.
  -18.  -18.  -13.  -13.  -11.   -8.   -7.   -4.   -2.    0.    0.    0.
    2.    2.    5.    7.    8.    9.   13.   15.   16.   17.   18.   20.
   25.   27.   28.   36.   37.   37.   39.   41.   41.   42.   42.   44.
   45.   53.   53.   54.   57.   59.   60.   64.   70.   71.   71.   75.
   79.   79.   80.   80.   81.   82.   82.   83.   87.   87.   91.   91.
   93.   96.   97.  100.][-100.  -98.  -95.  -94.  -90.  -88.  -84.  -83.  -83.  -81.  -78.  -77.
  -73.  -72.  -71.  -70.  -69.  -68.  -68.  -66.  -64.  -61.  -61.  -60.
  -59.  -57.  -57.  -56.  -54.  -53.  -51.  -49.  -48.  -47.  -46.  -40.
  -39.  -36.  -35.  -33.  -32.  -31.  -26.  -25.  -24.  -24.  -22.  -14.
  -13.  -10.   -9.   -9.   -4.   -4.   -4.   -2.    1.    5.    6.    6.
    8.    8.    9.   11.   12.   12.   13.   17.   23.   26.   26.   29.
   29.   30.   31.   32.   32.   35.   37.   37.   38.   41.   49.   57.
   59.   61.   62.   62.   65.   65.   66.   76.   78.   78.   81.   82.
   86.   86.   88.   94.][-100. -100. -100.  -99.  -99.  -98.  -97.  -95.  -94.  -88.  -82.  -71.
  -71.  -70.  -69.  -69.  -64.  -64.  -64.  -63.  -63.  -63.  -61.  -60.
  -60.  -58.  -49.  -47.  -45.  -40.  -36.  -36.  -36.  -34.  -32.  -31.
  -30.  -30.  -27.  -23.  -23.  -18.  -14.  -14.  -14.  -11.  -10.  -10.
  -10.   -7.   -3.   -2.    4.    8.   11.   13.   19.   25.   28.   30.
   30.   31.   32.   33.   37.   39.   40.   42.   45.   46.   46.   48.
   51.   55.   57.   58.   59.   60.   60.   60.   61.   63.   63.   64.
   65.   65.   67.   70.   75.   78.   80.   84.   88.   89.   90.   94.
   94.   97.   97.   98.][-99. -91. -88. -88. -88. -86. -84. -83. -80. -78. -78. -76. -68. -67.
 -66. -65. -62. -60. -56. -52. -52. -49. -49. -49. -46. -46. -45. -42.
 -41. -38. -37. -36. -35. -35. -33. -30. -29. -26. -26. -25. -24. -24.
 -24. -23. -17. -15. -14. -12. -12. -10. -10.  -6.  -5.   1.   2.   3.
   6.   8.   9.  14.  14.  18.  21.  21.  21.  22.  23.  30.  32.  33.
  34.  36.  38.  40.  41.  44.  45.  47.  47.  50.  51.  53.  61.  61.
  63.  64.  69.  74.  74.  80.  82.  82.  84.  85.  87.  93.  94.  97.
  98. 100.][-99. -95. -84. -83. -81. -78. -77. -77. -72. -71. -68. -65. -63. -60.
 -59. -58. -58. -57. -56. -53. -51. -51. -50. -49. -49. -45. -45. -44.
 -42. -41. -41. -40. -40. -39. -36. -32. -27. -27. -24. -22. -17. -16.
 -16. -15. -15. -13.  -9.  -8.  -3.  -3.   2.   3.   4.  11.  13.  13.
  14.  17.  23.  24.  25.  25.  27.  28.  30.  30.  31.  33.  37.  38.
  38.  39.  40.  40.  41.  44.  45.  49.  55.  56.  56.  56.  58.  60.
  62.  71.  72.  75.  79.  82.  83.  84.  84.  87.  91.  93.  96.  96.
  97.  97.][-99. -96. -95. -94. -94. -93. -92. -90. -90. -88. -85. -84. -82. -81.
 -80. -79. -78. -74. -71. -67. -65. -64. -62. -61. -61. -58. -56. -56.
 -50. -46. -40. -40. -39. -38. -36. -32. -32. -30. -29. -27. -26. -26.
 -22. -20. -17. -16. -13. -12. -11. -11. -11.  -9.  -7.  -5.  -4.  -3.
  -1.   3.   3.  10.  10.  12.  16.  17.  20.  22.  23.  23.  25.  27.
  27.  27.  29.  29.  30.  32.  38.  39.  44.  49.  52.  53.  53.  53.
  53.  56.  57.  59.  65.  66.  79.  80.  82.  85.  86.  86.  90.  96.
  97. 100.][-98. -98. -97. -94. -93. -93. -89. -89. -86. -81. -81. -79. -73. -66.
 -64. -64. -61. -59. -59. -59. -57. -50. -49. -45. -43. -41. -39. -35.
 -34. -33. -31. -30. -30. -28. -27. -22. -20. -18. -18. -17. -15. -13.
 -12. -12. -11.  -9.  -7.  -5.  -4.  -3.  -3.  -2.   0.   4.   7.   9.
  10.  12.  13.  15.  15.  16.  17.  19.  26.  29.  30.  32.  35.  39.
  39.  44.  45.  45.  47.  48.  50.  51.  51.  52.  52.  52.  56.  57.
  62.  68.  74.  75.  78.  79.  83.  84.  86.  87.  92.  93.  97.  98.
  99. 100.][-100.  -99.  -99.  -96.  -94.  -94.  -88.  -87.  -87.  -85.  -82.  -79.
  -79.  -75.  -73.  -73.  -71.  -70.  -69.  -68.  -66.  -61.  -61.  -60.
  -60.  -57.  -57.  -56.  -56.  -56.  -53.  -44.  -43.  -43.  -36.  -34.
  -32.  -32.  -21.  -17.  -16.  -15.  -13.  -13.  -11.   -6.   -4.   -2.
    1.    3.    8.    9.   15.   15.   17.   17.   17.   18.   23.   27.
   28.   28.   28.   31.   39.   42.   42.   42.   45.   47.   50.   51.
   53.   56.   57.   59.   60.   63.   65.   66.   68.   72.   72.   74.
   75.   76.   79.   82.   82.   83.   87.   87.   88.   89.   90.   93.
   95.   96.   98.  100.][-99. -96. -94. -89. -88. -87. -87. -86. -85. -85. -85. -84. -81. -78.
 -76. -74. -74. -72. -67. -67. -64. -57. -55. -53. -50. -45. -45. -38.
 -37. -34. -34. -33. -31. -28. -25. -23. -20. -18. -16. -16. -13. -11.
 -10.  -6.  -6.  -4.   2.   5.   6.   6.   6.   7.   7.   9.  17.  18.
  18.  20.  20.  21.  22.  24.  27.  29.  30.  34.  41.  41.  43.  46.
  48.  52.  55.  56.  56.  58.  59.  60.  63.  64.  64.  66.  71.  76.
  77.  77.  78.  79.  83.  83.  84.  84.  85.  88.  91.  91.  94.  94.
  95.  96.][-99. -99. -97. -96. -95. -87. -85. -84. -81. -79. -77. -75. -74. -73.
 -73. -69. -65. -61. -60. -60. -59. -59. -54. -53. -47. -41. -39. -38.
 -36. -29. -27. -26. -26. -21. -20. -20. -17. -16. -16. -13. -11.  -9.
  -9.  -5.  -4.  -3.  -2.  -1.   2.   3.   3.   3.   4.   5.   7.   7.
   7.   7.  15.  15.  18.  18.  23.  25.  26.  26.  27.  38.  39.  39.
  42.  46.  47.  48.  49.  49.  52.  58.  60.  60.  61.  65.  65.  66.
  70.  72.  73.  73.  78.  79.  81.  83.  83.  89.  90.  92.  93.  97.
  98.  99.][-99. -98. -97. -92. -90. -88. -87. -83. -77. -77. -76. -72. -65. -64.
 -64. -63. -63. -62. -60. -56. -48. -46. -41. -37. -35. -34. -33. -31.
 -31. -25. -24. -23. -17. -16. -14. -11. -10.  -9.  -9.  -5.  -5.  -4.
  -3.   2.   2.   2.   4.   7.   7.   7.   8.   8.   8.  10.  13.  14.
  16.  18.  19.  20.  21.  23.  23.  24.  25.  25.  27.  30.  32.  33.
  35.  35.  37.  39.  50.  50.  54.  55.  56.  56.  58.  60.  60.  61.
  69.  71.  73.  73.  73.  77.  82.  83.  84.  92.  93.  94.  94.  96.
 100. 100.][-98. -93. -92. -89. -87. -85. -84. -84. -84. -80. -80. -80. -79. -77.
 -75. -75. -73. -72. -69. -69. -65. -63. -57. -57. -55. -54. -53. -52.
 -49. -47. -46. -46. -46. -44. -39. -38. -37. -32. -27. -25. -21. -20.
 -20. -19. -18. -13. -12.  -8.  -5.  -4.  -3.   1.   4.   5.   6.   7.
   8.  11.  17.  17.  19.  20.  21.  21.  22.  28.  28.  29.  31.  33.
  34.  37.  39.  41.  45.  48.  49.  52.  53.  53.  54.  55.  56.  56.
  59.  60.  63.  66.  68.  71.  73.  81.  82.  84.  88.  90.  92.  92.
  93.  94.][-100.  -97.  -97.  -93.  -90.  -87.  -85.  -85.  -83.  -82.  -80.  -79.
  -78.  -77.  -75.  -74.  -72.  -71.  -67.  -65.  -63.  -62.  -62.  -53.
  -53.  -50.  -47.  -46.  -45.  -39.  -38.  -37.  -35.  -35.  -30.  -25.
  -24.  -19.  -16.  -15.  -15.  -14.  -13.  -12.  -11.  -11.   -7.   -5.
   -3.   -1.    2.    2.    3.    4.    4.    7.    8.   14.   15.   15.
   26.   27.   30.   33.   34.   36.   37.   38.   43.   46.   48.   49.
   51.   52.   52.   54.   54.   55.   55.   56.   60.   60.   60.   62.
   65.   66.   67.   69.   77.   77.   78.   80.   80.   81.   81.   84.
   86.   93.   93.   96.][-97. -95. -94. -91. -90. -88. -87. -85. -78. -78. -76. -73. -71. -71.
 -70. -68. -67. -65. -60. -59. -58. -57. -54. -52. -51. -50. -47. -47.
 -43. -43. -43. -43. -41. -35. -35. -34. -34. -28. -27. -23. -20. -19.
 -18. -17. -16. -16. -15. -14. -12. -12.  -8.  -7.  -3.   5.   6.   7.
   8.   8.   8.   9.   9.  10.  13.  21.  21.  23.  24.  25.  30.  30.
  35.  38.  40.  43.  44.  44.  45.  47.  49.  50.  52.  54.  56.  68.
  69.  70.  71.  74.  76.  77.  78.  80.  83.  84.  87.  87.  90.  90.
  91.  96.][-100.  -97.  -96.  -94.  -89.  -87.  -84.  -81.  -81.  -79.  -79.  -78.
  -74.  -67.  -66.  -65.  -61.  -56.  -54.  -53.  -52.  -52.  -51.  -49.
  -49.  -49.  -46.  -45.  -44.  -42.  -42.  -41.  -40.  -39.  -38.  -32.
  -31.  -26.  -25.  -24.  -19.  -14.   -9.   -8.   -8.   -7.   -6.   -5.
   -5.    0.    1.    3.    3.    3.    4.    4.    9.   11.   14.   15.
   17.   18.   19.   20.   21.   23.   27.   29.   34.   37.   39.   41.
   42.   43.   44.   45.   47.   47.   51.   51.   54.   55.   61.   62.
   63.   69.   72.   81.   81.   81.   84.   87.   87.   88.   89.   89.
   90.   92.   96.   98.][-99. -99. -98. -98. -95. -93. -92. -91. -91. -85. -85. -84. -83. -83.
 -76. -74. -72. -72. -71. -71. -69. -67. -67. -67. -66. -63. -63. -63.
 -63. -63. -61. -60. -59. -59. -55. -54. -53. -52. -48. -44. -44. -42.
 -42. -40. -40. -33. -24. -22. -22. -20. -16. -13.  -6.   0.   1.   1.
   2.   2.   3.   4.   4.   6.   6.   7.   7.   9.  11.  12.  13.  15.
  18.  19.  20.  23.  23.  25.  25.  28.  36.  36.  45.  49.  54.  60.
  71.  72.  72.  78.  83.  83.  83.  87.  89.  90.  91.  91.  92.  93.
  96. 100.][-99. -99. -97. -94. -89. -88. -82. -81. -80. -77. -76. -75. -73. -69.
 -67. -66. -65. -61. -59. -57. -56. -51. -50. -49. -48. -45. -38. -33.
 -30. -28. -26. -25. -25. -24. -17. -16.  -8.  -4.  -1.  -1.   2.   2.
   2.   4.   5.   8.   9.  12.  12.  16.  18.  19.  26.  28.  34.  34.
  35.  36.  39.  40.  41.  47.  48.  54.  56.  56.  57.  58.  59.  60.
  60.  60.  61.  61.  63.  63.  63.  63.  64.  64.  66.  67.  67.  71.
  72.  76.  76.  77.  78.  82.  84.  89.  89.  89.  94.  95.  95.  97.
  98.  99.][-97. -96. -95. -88. -84. -83. -83. -83. -82. -81. -80. -77. -76. -75.
 -71. -70. -67. -64. -60. -57. -52. -51. -48. -47. -46. -43. -42. -42.
 -42. -42. -36. -36. -34. -32. -26. -23. -22. -19. -18. -17. -17. -14.
 -14.  -7.  -6.  -6.  -2.   0.   1.   3.   4.   5.   9.  10.  12.  13.
  14.  14.  16.  17.  18.  19.  23.  24.  24.  26.  28.  31.  32.  35.
  38.  42.  42.  42.  42.  48.  49.  49.  50.  52.  52.  54.  55.  56.
  57.  57.  61.  67.  70.  71.  77.  81.  85.  89.  96.  97.  97.  97.
  98. 100.][-97. -90. -90. -90. -87. -86. -86. -85. -84. -84. -82. -77. -77. -76.
 -75. -74. -73. -71. -67. -64. -63. -61. -58. -58. -56. -55. -53. -53.
 -50. -50. -49. -42. -40. -39. -38. -37. -35. -32. -29. -26. -24. -18.
 -17. -16. -15. -15. -13. -10.  -7.  -2.   3.   8.   8.   9.   9.  10.
  12.  15.  17.  17.  20.  20.  24.  26.  28.  31.  36.  37.  38.  40.
  41.  42.  42.  43.  43.  45.  49.  49.  51.  59.  59.  61.  63.  65.
  67.  68.  73.  73.  82.  83.  85.  86.  86.  86.  88.  91.  92.  96.
  96.  99.][-96. -96. -95. -94. -93. -87. -85. -85. -84. -81. -80. -80. -76. -71.
 -70. -69. -67. -67. -63. -62. -61. -58. -54. -53. -51. -46. -43. -39.
 -37. -37. -37. -36. -35. -35. -34. -32. -31. -30. -27. -26. -24. -24.
 -24. -23. -23. -21. -20. -19. -18. -18. -13.  -9.  -8.  -4.  -2.   1.
   2.   3.   3.   4.   6.   7.  11.  11.  15.  16.  17.  17.  28.  28.
  30.  36.  37.  39.  40.  44.  46.  50.  52.  53.  53.  55.  59.  60.
  66.  67.  70.  70.  71.  74.  75.  87.  88.  89.  89.  89.  90.  91.
  93.  98.][-100.  -99.  -99.  -98.  -97.  -96.  -95.  -94.  -93.  -91.  -91.  -87.
  -82.  -77.  -76.  -75.  -72.  -72.  -72.  -72.  -67.  -66.  -64.  -61.
  -58.  -58.  -55.  -55.  -54.  -49.  -44.  -44.  -40.  -29.  -29.  -26.
  -26.  -26.  -24.  -20.  -18.  -18.  -13.   -9.   -6.   -6.   -5.   -4.
   -3.   -2.   -1.    0.    1.    2.    3.    4.    5.    6.    9.   12.
   15.   18.   18.   23.   24.   24.   26.   28.   28.   29.   34.   37.
   39.   44.   45.   52.   53.   55.   58.   58.   58.   58.   60.   62.
   64.   66.   66.   69.   69.   74.   76.   77.   80.   84.   86.   89.
   94.   95.   96.  100.][-98. -98. -97. -97. -95. -94. -93. -93. -82. -77. -71. -70. -66. -66.
 -65. -65. -65. -62. -57. -57. -55. -51. -50. -49. -49. -48. -44. -43.
 -40. -40. -35. -34. -34. -33. -29. -29. -24. -23. -22. -22. -19. -14.
  -8.  -7.  -3.   4.  13.  15.  15.  17.  18.  25.  28.  31.  33.  36.
  37.  39.  45.  47.  48.  49.  50.  51.  55.  55.  57.  58.  58.  59.
  60.  61.  63.  64.  64.  69.  73.  73.  79.  80.  80.  81.  81.  84.
  84.  85.  85.  88.  88.  88.  90.  92.  94.  94.  94.  94.  98.  98.
  99. 100.][-98. -95. -91. -90. -86. -82. -80. -76. -74. -73. -72. -71. -70. -65.
 -65. -62. -62. -60. -59. -58. -55. -55. -52. -50. -49. -45. -39. -36.
 -34. -32. -27. -24. -20. -15. -14. -14. -13. -10.  -9.  -9.  -6.  -1.
   6.   7.   8.   8.  10.  11.  11.  16.  17.  18.  21.  22.  24.  25.
  25.  26.  28.  33.  37.  38.  41.  41.  41.  42.  43.  44.  46.  51.
  52.  55.  56.  57.  59.  59.  59.  60.  60.  61.  62.  64.  67.  68.
  68.  70.  70.  71.  72.  73.  76.  76.  79.  82.  83.  84.  85.  86.
  87.  87.]