[-99. -96. -96. -94. -93. -87. -87. -86. -85. -84. -78. -75. -73. -68.
 -67. -67. -67. -66. -66. -65. -64. -63. -61. -59. -58. -50. -48. -44.
 -44. -43. -43. -40. -34. -28. -28. -20. -18. -17. -16. -16. -16. -14.
 -11. -10.  -8.  -7.  -7.  -7.  -5.  -5.  -4.   0.   4.   5.   6.  12.
  14.  17.  20.  23.  24.  27.  29.  30.  36.  40.  41.  42.  48.  50.
  50.  55.  58.  59.  59.  62.  63.  64.  64.  65.  65.  66.  68.  68.
  71.  73.  77.  77.  82.  83.  83.  84.  84.  86.  87.  88.  95.  96.
  97.  98.][-99. -98. -97. -97. -97. -96. -93. -82. -80. -78. -76. -75. -74. -72.
 -71. -70. -69. -68. -67. -65. -63. -59. -59. -54. -54. -48. -46. -45.
 -43. -42. -40. -38. -37. -36. -36. -36. -34. -30. -29. -27. -20. -20.
 -18. -16. -16. -14. -14. -12. -11. -10.  -9.  -8.  -8.  -7.  -6.  -4.
   0.   2.   3.   6.  11.  16.  19.  19.  20.  26.  30.  31.  38.  40.
  43.  47.  49.  50.  51.  51.  54.  56.  58.  58.  61.  62.  62.  63.
  64.  67.  68.  71.  72.  77.  79.  80.  84.  84.  86.  86.  95.  95.
  97.  99.][-98. -97. -97. -93. -92. -90. -86. -85. -83. -78. -78. -77. -75. -72.
 -72. -71. -70. -70. -70. -69. -66. -64. -63. -59. -58. -57. -54. -53.
 -51. -47. -47. -45. -43. -42. -41. -40. -39. -39. -38. -30. -28. -26.
 -22. -19. -15. -10.  -5.  -3.  -3.  -2.  -2.  -1.   2.   3.   5.   6.
   7.  12.  15.  15.  18.  19.  21.  21.  24.  26.  28.  29.  32.  32.
  33.  35.  36.  36.  38.  41.  42.  43.  43.  46.  54.  55.  64.  69.
  72.  72.  73.  77.  78.  78.  84.  86.  88.  89.  94.  94.  95.  96.
  99. 100.][-99. -98. -96. -94. -93. -92. -91. -89. -89. -88. -86. -85. -84. -83.
 -83. -83. -82. -81. -80. -78. -77. -72. -69. -69. -67. -67. -60. -57.
 -52. -49. -48. -46. -44. -44. -38. -36. -35. -33. -32. -22. -21. -20.
 -20. -19. -18. -12.  -8.   3.   9.  11.  14.  19.  21.  22.  25.  25.
  25.  28.  28.  28.  31.  31.  32.  33.  36.  36.  37.  39.  42.  45.
  46.  49.  50.  51.  52.  52.  57.  58.  59.  60.  60.  60.  62.  62.
  65.  68.  73.  74.  75.  78.  80.  85.  89.  92.  93.  93.  95.  97.
  98. 100.][-100.  -94.  -93.  -93.  -92.  -90.  -87.  -86.  -85.  -84.  -81.  -81.
  -80.  -78.  -77.  -77.  -76.  -75.  -75.  -75.  -75.  -61.  -59.  -57.
  -56.  -53.  -49.  -47.  -43.  -39.  -39.  -39.  -38.  -37.  -35.  -33.
  -27.  -27.  -23.  -21.  -20.  -19.  -18.  -18.  -16.  -13.   -5.   -5.
   -4.   -3.   -2.    0.    5.    6.    6.    7.    8.   10.   11.   11.
   15.   17.   17.   25.   25.   27.   31.   35.   36.   38.   39.   40.
   41.   44.   51.   55.   58.   58.   59.   60.   63.   64.   67.   67.
   70.   74.   76.   79.   80.   82.   83.   83.   85.   86.   87.   94.
   95.   96.   97.  100.][-100.  -99.  -98.  -98.  -97.  -95.  -94.  -92.  -90.  -90.  -87.  -81.
  -80.  -71.  -65.  -64.  -64.  -60.  -60.  -57.  -55.  -53.  -51.  -47.
  -43.  -43.  -37.  -36.  -33.  -29.  -27.  -26.  -23.  -22.  -22.  -22.
  -17.  -17.  -17.  -13.  -13.  -12.   -9.   -8.   -5.   -3.    1.    1.
    3.    5.    6.    8.    9.   10.   10.   11.   13.   17.   22.   23.
   25.   28.   30.   33.   33.   33.   34.   34.   42.   43.   47.   50.
   53.   57.   58.   59.   59.   60.   62.   64.   65.   65.   67.   69.
   71.   72.   76.   77.   78.   79.   81.   82.   83.   83.   89.   91.
   93.   97.   97.  100.][-97. -95. -95. -94. -93. -92. -92. -89. -89. -81. -79. -77. -72. -72.
 -72. -69. -69. -63. -58. -57. -56. -56. -55. -54. -51. -50. -50. -43.
 -43. -43. -40. -35. -34. -32. -32. -31. -27. -27. -25. -21. -19. -15.
 -13. -11.  -8.  -7.  -6.  -3.  -2.   0.   4.   7.   8.   9.  13.  14.
  16.  16.  20.  22.  24.  25.  26.  28.  33.  34.  36.  37.  38.  40.
  40.  41.  41.  42.  45.  46.  47.  47.  48.  50.  52.  57.  58.  61.
  63.  64.  67.  70.  77.  78.  78.  82.  83.  84.  89.  89.  94.  94.
  97. 100.][-100. -100.  -99.  -99.  -95.  -94.  -93.  -87.  -87.  -83.  -77.  -74.
  -73.  -73.  -72.  -71.  -66.  -58.  -53.  -51.  -51.  -51.  -50.  -47.
  -47.  -46.  -46.  -45.  -45.  -43.  -41.  -39.  -39.  -31.  -30.  -28.
  -26.  -26.  -23.  -17.  -12.  -10.   -9.   -8.   -7.   -3.    0.    1.
    3.    4.    4.    4.    5.    7.    8.    9.   10.   10.   11.   12.
   14.   17.   23.   27.   31.   31.   32.   35.   37.   37.   39.   40.
   46.   52.   55.   58.   58.   60.   63.   63.   64.   65.   65.   66.
   67.   76.   78.   79.   83.   86.   87.   87.   89.   89.   91.   91.
   93.   95.  100.  100.][-99. -97. -96. -93. -91. -91. -89. -88. -88. -87. -87. -86. -86. -82.
 -81. -78. -76. -68. -66. -65. -64. -64. -61. -61. -56. -56. -54. -53.
 -52. -51. -47. -46. -46. -45. -42. -42. -41. -38. -33. -33. -31. -31.
 -27. -27. -25. -23. -22. -21. -20. -18. -18. -18. -16. -16. -16. -15.
 -12.  -7.  -4.  -4.  -1.   0.   0.   2.   2.   4.   6.  11.  13.  19.
  22.  23.  24.  27.  31.  34.  36.  37.  39.  40.  42.  47.  49.  49.
  49.  51.  54.  58.  59.  60.  63.  65.  65.  67.  70.  73.  77.  83.
  91. 100.][-100.  -94.  -93.  -92.  -92.  -91.  -91.  -90.  -89.  -88.  -83.  -76.
  -72.  -60.  -57.  -57.  -56.  -54.  -53.  -53.  -52.  -46.  -44.  -44.
  -42.  -42.  -42.  -40.  -32.  -27.  -27.  -26.  -26.  -25.  -24.  -19.
  -19.  -17.  -16.  -16.  -13.  -12.   -9.   -7.   -6.   -5.    6.    7.
    9.    9.   15.   20.   21.   23.   24.   28.   31.   33.   34.   37.
   37.   37.   43.   43.   45.   48.   49.   50.   52.   56.   56.   56.
   58.   60.   60.   60.   62.   65.   65.   65.   68.   69.   70.   73.
   74.   76.   78.   80.   81.   84.   85.   85.   86.   87.   88.   89.
   90.   96.   98.  100.][-95. -94. -91. -87. -84. -84. -81. -79. -74. -74. -67. -67. -66. -66.
 -61. -60. -56. -55. -53. -51. -49. -47. -44. -44. -44. -38. -36. -36.
 -32. -27. -26. -24. -22. -21. -20. -19. -18. -18. -17. -16. -13. -13.
 -12.  -6.  -5.  -2.  -2.   2.   6.   6.   7.   8.   8.   9.   9.  11.
  15.  16.  16.  16.  16.  17.  18.  20.  21.  21.  25.  27.  28.  30.
  31.  33.  36.  41.  43.  50.  51.  52.  52.  53.  59.  60.  60.  65.
  66.  66.  74.  75.  76.  79.  80.  82.  86.  89.  92.  92.  93.  94.
  95.  99.][-98. -96. -96. -95. -88. -87. -83. -83. -83. -81. -79. -77. -76. -76.
 -71. -70. -66. -62. -53. -53. -49. -48. -46. -44. -44. -43. -42. -36.
 -36. -36. -36. -30. -25. -24. -20. -14. -14. -13. -12.  -3.  -2.   2.
   3.   4.   6.   6.   7.   9.   9.  11.  11.  14.  15.  21.  22.  24.
  26.  26.  29.  29.  30.  30.  31.  32.  36.  37.  39.  43.  45.  45.
  46.  49.  49.  50.  51.  52.  53.  54.  54.  56.  59.  61.  64.  68.
  69.  72.  73.  74.  75.  75.  77.  79.  82.  82.  85.  93.  96.  96.
  98.  99.][-99. -95. -95. -93. -91. -89. -86. -85. -85. -82. -80. -80. -76. -75.
 -75. -75. -73. -70. -69. -68. -62. -62. -62. -61. -61. -58. -58. -57.
 -56. -47. -45. -43. -42. -39. -38. -33. -31. -29. -28. -27. -27. -24.
 -24. -17. -12. -11. -10.  -6.  -5.  -5.   0.   2.   2.   5.   6.  13.
  15.  15.  15.  17.  19.  19.  21.  26.  27.  28.  30.  32.  34.  36.
  36.  42.  48.  49.  51.  51.  52.  56.  56.  58.  59.  61.  62.  65.
  67.  67.  67.  69.  72.  72.  75.  82.  85.  85.  87.  87.  90.  92.
  93.  95.][-100.  -97.  -95.  -94.  -93.  -93.  -88.  -87.  -85.  -79.  -77.  -77.
  -74.  -65.  -56.  -53.  -50.  -45.  -44.  -44.  -41.  -40.  -39.  -38.
  -37.  -37.  -35.  -33.  -29.  -28.  -28.  -27.  -27.  -26.  -24.  -21.
  -19.  -18.  -17.  -17.  -15.  -12.   -9.   -7.   -6.   -4.   -3.    1.
    4.   10.   12.   15.   17.   20.   22.   22.   25.   25.   26.   27.
   28.   29.   30.   32.   32.   36.   36.   36.   36.   37.   38.   38.
   42.   44.   49.   50.   52.   52.   53.   55.   63.   67.   68.   69.
   70.   72.   72.   78.   79.   79.   80.   81.   82.   86.   90.   92.
   93.   96.   97.   97.][-99. -97. -97. -96. -96. -95. -88. -87. -85. -82. -80. -79. -79. -78.
 -78. -77. -76. -75. -75. -73. -70. -68. -61. -57. -52. -49. -49. -47.
 -45. -45. -41. -38. -34. -34. -32. -29. -29. -27. -24. -24. -20. -20.
 -19. -18. -18. -17. -14.  -9.  -8.  -4.  -3.  -3.   5.   5.   6.   7.
   7.   9.  10.  10.  13.  14.  17.  22.  27.  27.  28.  28.  34.  38.
  38.  39.  40.  40.  42.  43.  43.  50.  54.  55.  59.  59.  60.  60.
  61.  61.  62.  64.  76.  77.  80.  80.  84.  92.  93.  94.  95.  96.
  97. 100.][-100.  -96.  -94.  -91.  -89.  -85.  -85.  -82.  -82.  -80.  -74.  -68.
  -68.  -65.  -65.  -65.  -58.  -57.  -56.  -55.  -54.  -53.  -51.  -51.
  -48.  -44.  -40.  -37.  -35.  -31.  -30.  -30.  -30.  -30.  -28.  -26.
  -25.  -22.  -19.  -13.   -8.   -7.   -4.   -4.    0.    1.    4.    4.
   15.   15.   19.   19.   23.   23.   25.   29.   30.   31.   34.   36.
   36.   38.   38.   38.   42.   46.   47.   49.   49.   49.   51.   52.
   53.   55.   59.   59.   59.   61.   62.   62.   62.   63.   65.   68.
   68.   71.   72.   74.   77.   78.   78.   80.   81.   84.   87.   87.
   87.   89.   94.   96.][-99. -98. -95. -95. -89. -88. -88. -84. -80. -80. -78. -77. -77. -73.
 -71. -63. -63. -63. -62. -61. -60. -60. -59. -58. -57. -57. -56. -52.
 -52. -46. -46. -44. -40. -34. -33. -32. -29. -28. -28. -28. -27. -22.
 -21. -20. -20. -20. -18. -13. -13.  -8.  -7.  -6.  -6.  -4.   4.   5.
   6.   7.   8.  13.  19.  21.  23.  23.  24.  25.  26.  29.  29.  31.
  31.  33.  34.  35.  37.  41.  43.  47.  47.  52.  56.  58.  59.  59.
  61.  65.  69.  71.  72.  75.  76.  83.  84.  86.  90.  94.  95.  95.
 100. 100.][-99. -97. -96. -90. -88. -87. -86. -84. -82. -80. -76. -75. -74. -73.
 -72. -71. -65. -62. -61. -57. -57. -55. -54. -53. -50. -45. -44. -43.
 -42. -41. -37. -37. -37. -36. -33. -31. -30. -29. -26. -26. -25. -21.
 -19. -18. -17. -12.  -4.  -3.  -1.   1.   5.   6.   6.   6.   7.   9.
  12.  14.  15.  17.  18.  22.  25.  25.  26.  30.  33.  34.  35.  37.
  38.  40.  41.  42.  44.  45.  47.  47.  47.  50.  52.  52.  60.  60.
  62.  64.  64.  68.  69.  70.  74.  75.  81.  85.  85.  88.  88.  92.
  94.  99.][-99. -95. -94. -94. -93. -91. -88. -87. -85. -83. -82. -81. -81. -80.
 -80. -80. -78. -72. -68. -66. -61. -58. -52. -47. -47. -44. -39. -35.
 -35. -31. -27. -23. -23. -20. -18. -17. -15. -13. -13. -13. -13. -11.
 -11. -11.  -9.  -9.  -8.  -7.  -6.  -5.  -4.  -3.  -2.  -2.   2.   4.
   6.   6.   7.  10.  10.  10.  13.  14.  17.  19.  20.  20.  26.  27.
  31.  31.  33.  35.  36.  37.  41.  50.  51.  55.  58.  59.  65.  66.
  68.  69.  70.  80.  82.  83.  83.  84.  84.  84.  85.  88.  90.  90.
  92.  95.][-100.  -99.  -98.  -93.  -92.  -89.  -88.  -84.  -84.  -82.  -82.  -79.
  -71.  -71.  -66.  -64.  -64.  -59.  -57.  -55.  -54.  -52.  -51.  -51.
  -51.  -44.  -43.  -42.  -40.  -40.  -38.  -35.  -34.  -33.  -32.  -30.
  -26.  -22.  -20.  -18.  -18.  -16.  -10.   -6.   -6.   -5.   -2.   -1.
    1.    2.    3.    4.    4.    5.    7.   10.   11.   12.   12.   14.
   14.   14.   15.   16.   17.   19.   20.   26.   29.   29.   32.   35.
   35.   35.   38.   41.   41.   42.   44.   49.   59.   60.   64.   68.
   70.   72.   75.   75.   78.   80.   82.   85.   85.   85.   88.   90.
   91.   92.   92.   93.][-91. -90. -89. -87. -85. -82. -80. -70. -66. -63. -62. -62. -61. -59.
 -59. -58. -58. -58. -55. -54. -51. -50. -50. -49. -48. -42. -42. -40.
 -39. -37. -37. -37. -35. -26. -23. -21. -18. -14. -12. -11. -10. -10.
  -9.  -8.  -7.  -4.  -2.   0.   2.   4.   5.   7.   8.  12.  12.  16.
  21.  24.  25.  33.  33.  35.  36.  38.  39.  41.  44.  47.  47.  47.
  52.  53.  53.  57.  58.  60.  60.  64.  73.  74.  74.  74.  77.  77.
  78.  79.  83.  84.  85.  90.  90.  91.  91.  93.  93.  94.  98.  98.
  99. 100.][-98. -97. -91. -89. -88. -86. -83. -82. -80. -79. -78. -78. -76. -74.
 -73. -71. -65. -64. -63. -53. -52. -51. -50. -49. -48. -44. -43. -42.
 -41. -41. -40. -34. -34. -33. -32. -31. -27. -27. -22. -20. -17. -16.
 -11. -11.  -3.   2.   4.   5.   7.   9.  10.  11.  16.  17.  18.  21.
  24.  26.  26.  26.  27.  31.  34.  35.  36.  37.  38.  41.  43.  45.
  48.  49.  50.  50.  53.  54.  55.  60.  62.  67.  71.  71.  71.  71.
  73.  78.  79.  80.  81.  82.  83.  85.  86.  87.  88.  88.  89.  91.
  92.  99.][-100.  -94.  -91.  -88.  -87.  -85.  -83.  -79.  -77.  -77.  -77.  -76.
  -71.  -71.  -70.  -70.  -68.  -66.  -64.  -63.  -62.  -61.  -59.  -59.
  -57.  -56.  -55.  -55.  -53.  -51.  -50.  -48.  -46.  -46.  -44.  -35.
  -30.  -27.  -27.  -19.  -17.  -14.  -13.  -13.  -12.  -12.   -9.   -9.
   -8.   -6.   -6.   -4.   -4.   -3.    0.    1.    1.    2.    6.    7.
    9.   11.   14.   15.   21.   22.   23.   26.   27.   28.   29.   31.
   35.   36.   38.   39.   40.   43.   46.   47.   47.   48.   51.   52.
   53.   54.   54.   62.   63.   64.   71.   71.   72.   74.   79.   79.
   85.   88.   88.   97.][-99. -98. -94. -92. -92. -90. -88. -86. -82. -82. -76. -74. -72. -70.
 -66. -63. -63. -60. -60. -59. -54. -49. -49. -48. -46. -45. -45. -45.
 -44. -43. -43. -41. -38. -37. -36. -27. -26. -26. -23. -22. -22. -21.
 -17. -15. -14. -12. -11.  -8.  -5.   0.   0.   4.   6.   7.   9.  13.
  13.  13.  15.  16.  18.  19.  21.  21.  22.  23.  28.  30.  31.  34.
  38.  40.  42.  44.  46.  47.  52.  55.  57.  59.  60.  62.  67.  68.
  70.  78.  79.  82.  82.  86.  88.  90.  90.  93.  94.  95.  98. 100.
 100. 100.][-100.  -96.  -95.  -93.  -91.  -90.  -87.  -81.  -81.  -77.  -77.  -77.
  -76.  -73.  -73.  -72.  -71.  -65.  -65.  -64.  -61.  -60.  -58.  -58.
  -54.  -54.  -53.  -50.  -49.  -47.  -40.  -39.  -32.  -30.  -28.  -28.
  -27.  -23.  -23.  -22.  -22.  -16.  -15.  -12.   -9.   -9.   -8.   -7.
    7.    8.   10.   11.   14.   24.   24.   25.   27.   31.   31.   32.
   35.   37.   39.   39.   40.   44.   46.   47.   49.   53.   54.   57.
   58.   58.   59.   62.   62.   63.   64.   65.   66.   67.   68.   69.
   74.   76.   77.   78.   78.   84.   85.   87.   87.   89.   90.   93.
   95.   99.   99.  100.][-98. -95. -94. -90. -87. -73. -69. -67. -66. -64. -63. -59. -59. -54.
 -53. -53. -53. -50. -50. -47. -43. -42. -41. -35. -33. -31. -30. -28.
 -26. -26. -25. -21. -19. -16. -16. -15. -10.  -9.  -7.  -7.  -4.   0.
   4.   9.  10.  11.  14.  15.  17.  19.  19.  20.  24.  25.  26.  29.
  30.  33.  33.  34.  35.  37.  38.  39.  41.  42.  47.  49.  51.  52.
  53.  53.  55.  56.  61.  61.  62.  65.  68.  71.  78.  78.  79.  79.
  79.  79.  81.  82.  83.  86.  86.  86.  87.  90.  91.  92.  93.  94.
  94.  94.][-100.  -98.  -97.  -97.  -93.  -92.  -92.  -92.  -88.  -86.  -85.  -85.
  -83.  -83.  -82.  -77.  -77.  -67.  -65.  -60.  -58.  -57.  -57.  -54.
  -53.  -45.  -44.  -41.  -39.  -37.  -36.  -36.  -35.  -31.  -29.  -25.
  -25.  -24.  -24.  -23.  -23.  -21.  -19.  -17.   -9.   -9.   -8.   -7.
   -6.   -6.   -6.   -5.   -4.   -3.    0.    2.    6.    6.   11.   19.
   24.   26.   29.   30.   32.   34.   40.   40.   42.   44.   45.   45.
   49.   56.   58.   60.   61.   64.   65.   66.   67.   67.   69.   69.
   69.   74.   77.   81.   82.   84.   88.   89.   92.   94.   95.   95.
   96.   98.   99.  100.][-97. -93. -85. -84. -83. -77. -77. -77. -74. -73. -67. -61. -55. -54.
 -53. -52. -52. -50. -49. -48. -46. -39. -37. -35. -33. -33. -32. -25.
 -20. -19. -19. -17. -14. -12. -10.  -9.  -7.  -3.  -2.  -1.  -1.   1.
   3.   4.   6.   8.   8.   9.  13.  14.  17.  19.  20.  21.  25.  34.
  36.  36.  36.  36.  37.  39.  40.  42.  44.  47.  52.  53.  55.  55.
  56.  61.  62.  62.  63.  64.  64.  66.  69.  69.  70.  71.  74.  74.
  75.  76.  76.  77.  78.  79.  80.  85.  86.  90.  90.  92.  93.  93.
  97.  98.][-97. -96. -95. -94. -94. -91. -91. -90. -86. -84. -83. -80. -77. -77.
 -77. -73. -67. -65. -65. -64. -62. -61. -59. -57. -57. -53. -50. -47.
 -42. -39. -39. -38. -34. -34. -34. -31. -31. -28. -27. -25. -25. -17.
 -16.  -9.  -4.  -4.  -3.  -3.  -2.   0.   5.  11.  11.  16.  18.  21.
  27.  29.  32.  36.  37.  37.  37.  37.  39.  41.  42.  43.  46.  46.
  46.  47.  51.  51.  51.  52.  55.  61.  62.  63.  67.  69.  70.  73.
  73.  74.  75.  78.  78.  79.  81.  82.  84.  85.  85.  91.  92.  97.
  99.  99.][-99. -97. -92. -90. -88. -87. -86. -85. -85. -82. -82. -79. -76. -75.
 -75. -74. -72. -70. -65. -65. -64. -63. -63. -61. -59. -54. -54. -48.
 -46. -43. -43. -40. -38. -36. -33. -31. -30. -29. -29. -27. -24. -22.
 -21. -20. -19. -18. -14. -13. -13. -12. -12.  -7.  -6.  -4.  -2.   4.
   5.   5.   6.   9.   9.   9.  12.  15.  16.  17.  19.  20.  21.  21.
  33.  34.  39.  42.  43.  44.  49.  49.  50.  51.  54.  55.  55.  56.
  57.  64.  66.  66.  66.  73.  74.  75.  75.  80.  85.  85.  91.  96.
  97.  98.][-91. -89. -89. -85. -81. -80. -79. -72. -72. -64. -60. -58. -56. -53.
 -52. -49. -45. -37. -35. -31. -27. -25. -24. -22. -22. -19. -19. -18.
 -17. -15. -12. -10.  -7.   0.   1.   3.   4.   5.   8.   9.  10.  11.
  14.  15.  18.  20.  20.  22.  23.  29.  30.  33.  35.  36.  37.  39.
  41.  41.  42.  44.  45.  45.  46.  49.  50.  50.  52.  53.  54.  54.
  58.  59.  60.  64.  66.  68.  70.  71.  71.  72.  74.  75.  78.  80.
  81.  82.  85.  86.  86.  87.  89.  89.  89.  92.  92.  93.  93.  94.
  98. 100.][-99. -99. -98. -89. -89. -84. -82. -80. -77. -74. -72. -72. -71. -70.
 -69. -66. -64. -63. -61. -59. -58. -58. -57. -55. -53. -51. -50. -48.
 -44. -35. -34. -34. -33. -33. -29. -23. -22. -21. -18. -17. -16. -15.
 -14. -14.  -9.  -5.   0.   1.   3.   7.   9.  11.  14.  14.  15.  16.
  18.  20.  21.  24.  25.  27.  29.  29.  34.  37.  39.  41.  41.  44.
  44.  44.  46.  47.  48.  50.  51.  52.  53.  54.  59.  61.  63.  71.
  71.  73.  74.  77.  77.  81.  81.  81.  83.  88.  88.  89.  95.  98.
 100. 100.][-97. -92. -91. -91. -87. -79. -78. -77. -68. -67. -67. -66. -65. -63.
 -62. -62. -58. -55. -55. -54. -53. -52. -52. -52. -52. -50. -48. -44.
 -44. -43. -42. -41. -35. -35. -34. -33. -33. -32. -28. -28. -27. -25.
 -23. -23. -10. -10.  -6.  -4.  -3.   0.   1.   2.   4.   5.   6.  15.
  15.  16.  24.  26.  26.  27.  27.  29.  36.  39.  41.  41.  42.  44.
  44.  46.  56.  59.  60.  61.  61.  65.  69.  70.  73.  73.  74.  75.
  85.  86.  89.  89.  90.  90.  90.  92.  92.  94.  95.  95.  97.  97.
  98.  99.][-97. -97. -96. -96. -95. -91. -89. -86. -86. -85. -74. -74. -73. -72.
 -71. -70. -68. -67. -67. -64. -59. -58. -57. -53. -53. -52. -52. -51.
 -49. -48. -45. -44. -41. -40. -40. -34. -33. -30. -29. -26. -25. -23.
 -15. -13. -11. -10.  -9.  -6.  -6.  -3.   5.  10.  14.  14.  14.  15.
  17.  19.  19.  21.  22.  22.  23.  23.  27.  29.  32.  36.  38.  38.
  39.  43.  48.  49.  50.  54.  56.  58.  59.  59.  68.  69.  70.  71.
  71.  73.  77.  80.  84.  84.  84.  86.  86.  91.  91.  98.  98.  98.
  99.  99.][-99. -95. -95. -94. -93. -91. -86. -83. -82. -77. -75. -72. -70. -69.
 -68. -60. -59. -59. -56. -56. -56. -53. -49. -47. -46. -43. -42. -41.
 -41. -41. -39. -37. -32. -30. -30. -30. -30. -27. -27. -26. -24. -24.
 -19. -19. -18. -18. -17. -16. -16.  -5.  -4.  -1.   0.   4.   7.   9.
   9.  11.  12.  14.  17.  22.  23.  23.  27.  30.  32.  32.  33.  34.
  36.  38.  40.  41.  42.  43.  47.  49.  51.  51.  53.  53.  55.  57.
  61.  63.  68.  72.  82.  82.  90.  92.  94.  96.  97.  97.  97. 100.
 100. 100.][-100.  -97.  -94.  -93.  -91.  -91.  -90.  -88.  -87.  -82.  -79.  -76.
  -75.  -68.  -67.  -55.  -54.  -53.  -51.  -51.  -51.  -45.  -42.  -41.
  -38.  -38.  -33.  -29.  -27.  -27.  -27.  -20.  -19.  -19.  -18.  -17.
  -13.  -10.   -7.   -6.   -6.   -4.   -3.   -2.    0.    2.    6.    6.
    8.    9.   12.   13.   15.   15.   21.   23.   25.   30.   36.   36.
   38.   38.   38.   44.   45.   48.   49.   51.   51.   53.   54.   58.
   62.   63.   63.   64.   67.   67.   68.   71.   72.   72.   75.   77.
   78.   80.   80.   82.   83.   84.   84.   86.   88.   89.   96.   96.
   98.   99.   99.   99.][-99. -97. -93. -91. -90. -90. -87. -81. -80. -76. -73. -68. -64. -63.
 -62. -58. -57. -56. -52. -48. -48. -47. -46. -45. -40. -39. -37. -35.
 -35. -34. -31. -19. -11. -11. -11. -10.  -9.  -6.  -4.  -3.  -3.  -2.
  -1.  -1.   1.   3.   4.   5.   6.   7.   7.   8.  10.  15.  16.  20.
  22.  26.  27.  28.  28.  28.  31.  33.  34.  35.  38.  39.  42.  42.
  42.  42.  50.  50.  51.  52.  60.  61.  61.  65.  66.  67.  68.  68.
  71.  72.  73.  74.  77.  80.  80.  83.  84.  86.  86.  88.  89.  92.
  99. 100.][-95. -91. -88. -87. -85. -84. -80. -79. -77. -75. -69. -67. -65. -59.
 -54. -52. -45. -44. -43. -40. -39. -38. -37. -32. -30. -27. -26. -26.
 -25. -23. -23. -23. -22. -21. -18. -18. -15. -15. -14. -14. -13. -12.
  -8.  -7.  -6.  -5.  -2.  -1.   0.   3.   5.   5.   5.   7.  11.  12.
  12.  13.  18.  20.  22.  26.  27.  28.  29.  29.  40.  47.  51.  55.
  56.  56.  58.  58.  60.  60.  61.  65.  65.  66.  68.  68.  68.  68.
  69.  69.  72.  73.  77.  83.  85.  86.  86.  90.  92.  93.  93.  95.
  99.  99.][-97. -91. -90. -88. -86. -81. -80. -77. -74. -74. -71. -71. -68. -67.
 -64. -61. -61. -61. -61. -60. -60. -50. -50. -49. -47. -45. -45. -42.
 -42. -42. -41. -39. -36. -36. -31. -31. -29. -25. -25. -22. -21. -21.
 -20. -16. -14. -13. -12. -11. -10.  -7.  -6.   1.   3.   7.   8.   9.
   9.  10.  10.  12.  18.  19.  20.  23.  26.  27.  29.  30.  30.  33.
  35.  42.  46.  46.  47.  48.  49.  50.  51.  54.  56.  58.  58.  61.
  64.  67.  68.  70.  71.  71.  72.  73.  77.  79.  81.  84.  88.  90.
  91.  97.][-98. -97. -95. -91. -87. -85. -85. -84. -74. -74. -68. -66. -65. -64.
 -63. -63. -62. -61. -60. -58. -58. -57. -56. -53. -49. -43. -39. -39.
 -38. -38. -38. -36. -35. -33. -33. -32. -31. -30. -30. -24. -18. -17.
 -13. -13. -11. -10.  -8.  -7.  -5.  -4.  -4.  -2.  -1.   3.   4.   4.
  10.  10.  11.  11.  12.  13.  20.  25.  27.  28.  32.  33.  34.  36.
  37.  48.  49.  50.  51.  52.  53.  54.  55.  57.  58.  63.  64.  65.
  67.  68.  68.  71.  74.  75.  77.  77.  79.  80.  82.  85.  94.  94.
  99. 100.][-98. -95. -95. -94. -89. -88. -88. -84. -83. -83. -82. -81. -80. -72.
 -72. -70. -64. -63. -63. -62. -60. -59. -56. -54. -50. -48. -46. -46.
 -43. -43. -41. -34. -33. -33. -31. -26. -25. -23. -12.  -8.  -5.  -2.
   0.   2.   6.   6.   8.  12.  12.  13.  15.  16.  16.  17.  17.  21.
  21.  22.  22.  23.  24.  25.  36.  37.  38.  38.  42.  43.  43.  46.
  46.  49.  52.  52.  52.  53.  57.  58.  59.  61.  62.  65.  66.  70.
  71.  76.  78.  84.  86.  86.  89.  90.  90.  91.  92.  95.  97.  98.
  98.  99.][-100.  -95.  -94.  -92.  -91.  -89.  -84.  -83.  -78.  -75.  -74.  -70.
  -70.  -65.  -65.  -58.  -56.  -56.  -51.  -50.  -49.  -49.  -47.  -44.
  -43.  -42.  -25.  -24.  -24.  -24.  -23.  -23.  -20.  -18.  -18.  -15.
  -15.  -13.  -11.  -10.  -10.   -3.   -2.    0.    1.    2.    8.    8.
    9.    9.   11.   12.   13.   13.   14.   14.   21.   22.   23.   27.
   32.   34.   35.   36.   37.   37.   42.   45.   47.   49.   50.   52.
   55.   56.   56.   57.   57.   57.   58.   59.   61.   63.   65.   66.
   67.   67.   68.   71.   71.   73.   74.   75.   81.   82.   83.   84.
   85.   92.   93.   96.][-97. -97. -96. -95. -93. -93. -93. -91. -90. -89. -88. -88. -87. -86.
 -82. -82. -79. -79. -72. -71. -71. -70. -69. -66. -64. -63. -61. -56.
 -56. -55. -54. -53. -47. -46. -46. -43. -43. -41. -40. -35. -34. -33.
 -32. -21. -19. -18. -18. -13. -11.  -7.  -6.  -4.  -1.   2.   8.   9.
  10.  20.  20.  21.  22.  23.  25.  25.  26.  28.  29.  30.  34.  36.
  37.  38.  41.  44.  48.  49.  50.  56.  57.  57.  60.  60.  62.  63.
  68.  69.  70.  74.  74.  78.  81.  82.  82.  84.  85.  86.  93.  95.
  97.  98.][-99. -97. -97. -97. -97. -96. -91. -91. -88. -86. -85. -85. -84. -83.
 -83. -83. -82. -80. -78. -74. -65. -64. -64. -60. -56. -55. -54. -52.
 -50. -49. -48. -46. -44. -43. -42. -40. -39. -31. -29. -28. -23. -22.
 -21. -19. -17. -13. -10. -10.  -5.  -3.  -2.  -2.  -1.   2.   4.   8.
  10.  13.  15.  18.  21.  21.  26.  26.  29.  29.  32.  32.  36.  36.
  37.  40.  41.  43.  44.  48.  49.  52.  53.  53.  54.  56.  56.  59.
  59.  64.  65.  65.  74.  77.  79.  83.  87.  88.  88.  88.  88.  90.
  92.  92.][-100.  -99.  -88.  -87.  -86.  -86.  -85.  -84.  -82.  -81.  -79.  -77.
  -76.  -75.  -73.  -73.  -70.  -68.  -68.  -68.  -65.  -64.  -64.  -63.
  -63.  -62.  -58.  -54.  -52.  -47.  -46.  -46.  -45.  -40.  -39.  -39.
  -37.  -36.  -27.  -26.  -23.  -22.  -21.  -17.  -16.  -13.  -10.   -7.
   -6.   -5.   -4.   -4.   -4.   -4.    1.    4.    4.    5.    5.    8.
   10.   12.   15.   16.   19.   21.   24.   24.   28.   29.   32.   32.
   37.   39.   42.   43.   46.   48.   50.   53.   61.   61.   63.   65.
   65.   66.   66.   68.   80.   83.   83.   84.   84.   87.   90.   90.
   91.   93.   98.   98.][-99. -98. -94. -94. -89. -86. -86. -82. -79. -77. -75. -75. -75. -69.
 -67. -66. -64. -64. -61. -61. -60. -54. -54. -50. -46. -43. -40. -38.
 -38. -38. -37. -34. -33. -32. -30. -29. -26. -20. -19. -16. -15. -14.
 -13.  -8.  -7.  -6.  -5.  -4.  -1.   0.   0.   3.   7.   7.   9.  10.
  11.  12.  12.  13.  13.  16.  17.  18.  18.  19.  21.  25.  33.  34.
  38.  39.  40.  41.  44.  44.  48.  50.  54.  55.  55.  60.  61.  61.
  61.  64.  70.  71.  75.  75.  75.  75.  77.  77.  81.  84.  91.  94.
  98. 100.][-95. -94. -91. -91. -90. -89. -88. -87. -86. -84. -82. -81. -78. -75.
 -75. -71. -69. -68. -67. -67. -67. -65. -64. -64. -61. -60. -57. -56.
 -55. -54. -54. -50. -50. -49. -46. -44. -42. -42. -42. -38. -35. -30.
 -29. -26. -20. -17. -13. -11.  -8.  -6.  -3.  -3.   6.   6.   6.   7.
  11.  11.  12.  16.  17.  18.  24.  24.  26.  28.  31.  33.  35.  36.
  37.  38.  41.  43.  52.  55.  59.  60.  60.  63.  67.  70.  71.  73.
  75.  78.  79.  80.  85.  86.  87.  88.  89.  93.  93.  95.  97.  98.
  98.  99.][-99. -98. -97. -86. -80. -79. -74. -73. -72. -69. -68. -67. -65. -59.
 -57. -46. -43. -43. -41. -38. -38. -36. -31. -31. -30. -29. -28. -23.
 -23. -19. -16.  -7.  -6.  -5.  -5.  -3.  -2.   4.   6.   8.   9.  10.
  10.  11.  12.  13.  15.  17.  20.  27.  28.  30.  31.  34.  36.  36.
  40.  41.  41.  42.  43.  44.  45.  46.  48.  48.  48.  48.  49.  50.
  55.  56.  57.  58.  59.  62.  62.  63.  63.  66.  66.  68.  69.  70.
  70.  75.  75.  76.  79.  81.  81.  86.  87.  87.  89.  91.  94.  96.
  99.  99.][-98. -96. -95. -91. -90. -90. -88. -87. -86. -85. -84. -81. -80. -78.
 -75. -71. -70. -69. -67. -64. -64. -61. -57. -54. -54. -53. -51. -44.
 -44. -43. -42. -42. -42. -41. -41. -38. -38. -35. -32. -28. -26. -24.
 -21. -14. -13. -13. -10.  -7.  -1.   0.   2.   2.   6.   8.   9.  11.
  14.  14.  14.  15.  18.  21.  21.  23.  23.  24.  29.  33.  35.  36.
  36.  36.  39.  39.  41.  44.  45.  45.  45.  45.  46.  49.  52.  52.
  59.  61.  65.  68.  71.  73.  76.  82.  84.  85.  88.  89.  92.  94.
 100. 100.][-93. -90. -86. -86. -85. -85. -84. -84. -79. -76. -74. -73. -73. -72.
 -71. -70. -69. -68. -68. -67. -65. -61. -58. -57. -55. -54. -52. -51.
 -47. -45. -44. -41. -41. -40. -39. -37. -34. -34. -33. -28. -26. -26.
 -26. -25. -24. -24. -22. -22. -15. -13.  -8.  -8.  -6.  -3.  -3.  -2.
   4.   5.   5.   6.   9.  11.  11.  19.  24.  26.  26.  26.  26.  28.
  29.  31.  34.  34.  45.  46.  47.  50.  56.  60.  62.  64.  64.  70.
  70.  72.  72.  73.  75.  79.  82.  83.  86.  91.  93.  93.  95.  97.
  99. 100.][-99. -97. -90. -88. -87. -86. -85. -77. -74. -71. -71. -68. -67. -66.
 -65. -63. -60. -59. -58. -57. -54. -53. -53. -53. -52. -50. -50. -50.
 -50. -48. -44. -43. -42. -39. -34. -33. -32. -30. -30. -26. -25. -23.
 -23. -21. -19. -17. -10.  -9.  -8.  -5.  -3.  -2.  -1.   0.   0.   2.
   3.   7.   9.  12.  13.  14.  16.  17.  19.  21.  24.  26.  28.  29.
  34.  38.  39.  39.  40.  45.  46.  58.  59.  63.  63.  66.  66.  71.
  71.  72.  73.  78.  80.  80.  83.  84.  88.  88.  88.  89.  89.  90.
  90.  92.][-99. -94. -90. -89. -86. -84. -84. -83. -79. -78. -74. -68. -68. -67.
 -63. -62. -61. -60. -59. -54. -53. -49. -48. -48. -46. -43. -38. -36.
 -35. -31. -30. -29. -27. -27. -24. -23. -21. -21. -13. -11.  -5.  -4.
   2.   3.   3.   6.   6.   7.   9.  10.  14.  14.  22.  24.  27.  27.
  29.  30.  33.  33.  34.  35.  37.  37.  41.  44.  49.  51.  52.  52.
  54.  56.  56.  58.  58.  59.  60.  60.  71.  71.  73.  77.  78.  79.
  80.  82.  82.  83.  84.  86.  87.  89.  90.  92.  92.  95.  96.  98.
  99.  99.][-100.  -99.  -98.  -95.  -93.  -90.  -90.  -90.  -89.  -87.  -78.  -77.
  -76.  -73.  -71.  -70.  -70.  -69.  -67.  -66.  -65.  -64.  -63.  -63.
  -63.  -62.  -58.  -57.  -57.  -56.  -56.  -52.  -51.  -50.  -50.  -46.
  -45.  -42.  -39.  -38.  -37.  -36.  -36.  -35.  -32.  -29.  -28.  -17.
  -14.  -13.  -11.   -6.   -1.    0.    1.    4.    5.    5.    7.    8.
   10.   13.   13.   14.   14.   19.   19.   23.   24.   26.   30.   32.
   35.   35.   39.   41.   44.   44.   60.   62.   64.   70.   71.   72.
   72.   74.   74.   75.   82.   82.   85.   85.   87.   89.   91.   92.
   93.   96.   97.  100.][-97. -94. -89. -89. -84. -84. -82. -73. -73. -69. -68. -66. -63. -61.
 -59. -56. -55. -55. -54. -54. -53. -51. -51. -50. -49. -48. -47. -46.
 -43. -40. -40. -39. -38. -35. -34. -29. -28. -27. -26. -24. -21. -19.
 -18. -17. -16. -12. -10. -10.  -9.  -7.  -5.  -3.  -2.  -2.   0.   2.
   6.   7.  10.  11.  15.  17.  18.  19.  23.  29.  29.  31.  32.  34.
  35.  37.  38.  39.  40.  42.  42.  46.  48.  49.  49.  52.  56.  59.
  62.  64.  64.  65.  66.  70.  70.  75.  78.  81.  81.  84.  86.  88.
  94.  94.][-100.  -94.  -93.  -91.  -90.  -88.  -88.  -85.  -85.  -85.  -84.  -81.
  -78.  -76.  -75.  -74.  -72.  -67.  -66.  -65.  -64.  -63.  -61.  -61.
  -60.  -57.  -54.  -50.  -47.  -45.  -44.  -41.  -36.  -34.  -34.  -33.
  -31.  -27.  -25.  -22.  -22.  -20.  -15.  -13.  -12.  -11.  -10.   -8.
   -7.   -5.   -4.    0.    1.    3.    4.   10.   17.   24.   26.   28.
   35.   37.   37.   38.   40.   45.   47.   51.   51.   53.   54.   55.
   55.   57.   59.   60.   61.   61.   66.   72.   73.   74.   76.   76.
   77.   79.   80.   80.   81.   82.   83.   85.   90.   91.   91.   94.
   94.   96.   99.   99.][-89. -88. -87. -82. -80. -80. -80. -78. -75. -73. -73. -73. -72. -70.
 -66. -62. -61. -60. -59. -58. -55. -55. -54. -54. -53. -52. -49. -46.
 -45. -44. -42. -41. -34. -31. -30. -29. -28. -24. -21. -19. -13. -12.
  -8.  -3.  -2.   0.   1.   1.   2.   4.   8.   9.  10.  16.  17.  18.
  23.  26.  29.  30.  30.  31.  31.  32.  32.  33.  36.  36.  37.  38.
  39.  41.  41.  42.  46.  47.  48.  50.  51.  52.  56.  56.  56.  57.
  59.  61.  62.  65.  67.  69.  70.  72.  73.  76.  77.  82.  86.  92.
  92.  93.][-97. -95. -95. -85. -82. -82. -79. -78. -77. -73. -71. -71. -70. -66.
 -64. -61. -59. -58. -56. -55. -52. -51. -51. -48. -46. -44. -38. -37.
 -33. -27. -22. -21. -18. -18. -17. -15. -15. -15. -14. -12. -12. -10.
  -6.  -5.  -4.  -2.   2.   3.   4.   4.   5.   5.   6.   6.   6.   6.
   8.   9.  16.  16.  17.  19.  20.  23.  26.  30.  33.  34.  34.  37.
  39.  39.  42.  42.  44.  45.  49.  50.  51.  58.  59.  60.  61.  61.
  68.  69.  77.  78.  79.  81.  82.  82.  82.  84.  88.  93.  94.  95.
  97.  98.][-100.  -93.  -92.  -92.  -92.  -85.  -76.  -76.  -76.  -73.  -71.  -69.
  -68.  -65.  -64.  -64.  -64.  -63.  -61.  -61.  -60.  -59.  -56.  -56.
  -55.  -54.  -52.  -51.  -51.  -42.  -39.  -34.  -29.  -29.  -28.  -27.
  -27.  -27.  -26.  -20.  -18.  -17.  -16.  -16.  -14.  -13.  -10.  -10.
   -8.   -6.   -6.    1.    1.    6.    9.   11.   12.   12.   15.   15.
   17.   19.   20.   23.   24.   25.   26.   26.   31.   41.   44.   44.
   50.   50.   52.   52.   54.   58.   59.   60.   61.   61.   61.   68.
   69.   70.   70.   77.   80.   82.   83.   86.   87.   88.   94.   95.
   97.   98.  100.  100.][-99. -99. -95. -94. -90. -87. -85. -85. -82. -75. -74. -72. -68. -67.
 -65. -62. -60. -59. -57. -56. -55. -54. -54. -53. -53. -52. -51. -51.
 -47. -47. -44. -43. -38. -38. -37. -37. -35. -32. -31. -27. -26. -23.
 -21. -11.  -9.  -8.  -5.  -4.   0.   2.   3.   3.   9.   9.  11.  12.
  17.  20.  25.  26.  27.  28.  29.  30.  32.  32.  34.  36.  38.  42.
  43.  43.  45.  46.  48.  51.  57.  58.  62.  63.  64.  68.  70.  71.
  72.  75.  75.  86.  88.  88.  89.  91.  91.  92.  96.  98.  98.  98.
  98. 100.][-100.  -98.  -97.  -96.  -96.  -96.  -94.  -93.  -88.  -87.  -85.  -84.
  -77.  -76.  -74.  -73.  -71.  -70.  -69.  -69.  -69.  -67.  -66.  -65.
  -64.  -64.  -57.  -54.  -53.  -49.  -48.  -45.  -44.  -39.  -39.  -37.
  -32.  -32.  -32.  -32.  -31.  -31.  -30.  -28.  -28.  -27.  -27.  -27.
  -27.  -26.  -25.  -25.  -23.  -23.  -23.  -15.  -15.  -13.   -9.   -7.
   -5.   -3.    0.    1.    3.    3.    7.   10.   11.   12.   13.   30.
   32.   35.   37.   41.   43.   44.   46.   51.   56.   63.   64.   66.
   66.   69.   73.   75.   78.   78.   83.   83.   86.   87.   88.   90.
   92.   94.  100.  100.][-98. -98. -95. -93. -93. -91. -89. -88. -86. -84. -78. -76. -71. -71.
 -71. -69. -69. -68. -64. -60. -60. -59. -58. -58. -56. -51. -50. -49.
 -46. -45. -43. -43. -42. -42. -41. -38. -34. -32. -30. -29. -28. -27.
 -25. -25. -24. -20. -16. -15. -10.  -8.  -8.  -6.  -6.   0.   4.   6.
   7.   9.  14.  14.  14.  20.  22.  28.  29.  34.  36.  39.  41.  41.
  44.  47.  47.  49.  54.  55.  55.  57.  58.  60.  61.  62.  62.  68.
  70.  75.  75.  75.  76.  77.  77.  79.  82.  84.  85.  86.  89.  95.
  99. 100.][-98. -97. -90. -90. -87. -86. -84. -83. -82. -82. -80. -80. -78. -74.
 -72. -71. -71. -68. -68. -65. -64. -64. -62. -55. -54. -50. -49. -43.
 -43. -40. -39. -37. -32. -32. -31. -30. -27. -21. -17. -16. -14. -10.
 -10.  -8.  -7.  -3.  -2.  -2.  -1.   2.   4.   5.  10.  12.  17.  18.
  23.  23.  25.  25.  29.  30.  33.  33.  35.  38.  40.  40.  42.  45.
  47.  49.  51.  58.  60.  61.  63.  65.  67.  67.  71.  74.  74.  76.
  77.  77.  78.  79.  79.  80.  83.  84.  86.  88.  89.  89.  90.  91.
  92.  95.][-98. -98. -94. -93. -92. -92. -89. -89. -88. -84. -81. -79. -78. -77.
 -75. -74. -74. -74. -71. -66. -66. -62. -62. -61. -56. -55. -53. -51.
 -47. -39. -36. -36. -34. -33. -30. -30. -27. -26. -25. -22. -21. -19.
 -16. -16.  -3.  -2.   0.   3.   6.   6.   7.   8.   8.   9.  11.  12.
  14.  14.  17.  19.  23.  24.  24.  25.  27.  31.  34.  34.  35.  36.
  43.  43.  45.  49.  51.  51.  57.  62.  64.  66.  69.  70.  72.  74.
  74.  77.  79.  82.  83.  83.  86.  88.  91.  94.  94.  96.  96.  97.
 100. 100.][-98. -98. -95. -92. -92. -88. -87. -85. -85. -85. -84. -83. -82. -78.
 -78. -76. -72. -70. -70. -70. -69. -66. -66. -61. -61. -61. -61. -58.
 -54. -54. -52. -52. -50. -50. -48. -41. -40. -38. -37. -35. -33. -22.
 -21. -15. -13. -12.  -7.  -7.  -7.  -4.  -1.  -1.   2.   5.   8.  10.
  10.  12.  13.  17.  18.  23.  23.  25.  26.  28.  29.  31.  32.  32.
  34.  39.  41.  41.  43.  47.  47.  50.  61.  61.  64.  65.  67.  68.
  70.  71.  75.  77.  77.  78.  86.  86.  86.  86.  86.  89.  90.  93.
  94.  95.][-96. -95. -94. -91. -90. -89. -89. -88. -88. -87. -84. -82. -81. -81.
 -80. -76. -72. -70. -67. -67. -66. -66. -66. -65. -64. -60. -57. -56.
 -55. -54. -53. -51. -50. -45. -42. -41. -39. -38. -37. -36. -36. -32.
 -32. -32. -25. -24. -21. -18. -15. -15. -14. -14. -10.  -9.  -4.  -4.
  -2.   0.   5.   6.   8.   9.  10.  10.  12.  17.  22.  22.  24.  26.
  30.  32.  38.  38.  40.  40.  47.  49.  51.  53.  55.  60.  60.  61.
  62.  63.  65.  66.  67.  76.  77.  77.  81.  82.  82.  82.  84.  84.
  84.  98.][-92. -92. -90. -87. -84. -80. -77. -72. -72. -70. -70. -70. -63. -54.
 -53. -51. -50. -50. -48. -48. -47. -45. -34. -33. -33. -31. -29. -27.
 -26. -25. -19. -18. -17. -16. -15. -15. -15. -13. -11.  -9.  -6.  -3.
  -2.  -2.  -1.   0.   3.   6.  10.  10.  10.  12.  12.  15.  16.  18.
  24.  24.  25.  26.  30.  30.  31.  32.  39.  42.  42.  43.  45.  46.
  46.  49.  52.  59.  60.  60.  63.  64.  65.  65.  66.  67.  68.  68.
  72.  73.  74.  75.  75.  78.  83.  86.  86.  87.  90.  91.  91.  94.
  96. 100.][-99. -97. -95. -93. -93. -92. -90. -83. -82. -80. -80. -79. -75. -74.
 -70. -69. -68. -68. -66. -64. -63. -61. -56. -54. -52. -48. -48. -48.
 -47. -47. -43. -43. -41. -39. -32. -31. -31. -30. -27. -25. -25. -25.
 -25. -23. -22. -22. -21. -21. -20. -19. -15. -14. -11.  -3.  -1.   2.
   7.   9.  12.  12.  12.  17.  17.  18.  19.  21.  22.  33.  34.  36.
  38.  39.  39.  41.  41.  45.  49.  52.  58.  60.  64.  64.  65.  68.
  69.  70.  72.  76.  76.  78.  78.  79.  81.  81.  81.  83.  86.  87.
  89.  91.][-98. -97. -92. -91. -91. -90. -90. -85. -84. -83. -83. -79. -77. -76.
 -73. -72. -71. -71. -66. -58. -54. -53. -50. -49. -46. -46. -43. -35.
 -33. -33. -30. -29. -24. -22. -21. -18. -18. -14. -13. -12.  -8.  -8.
  -7.  -7.  -3.  -1.  -1.   1.   2.   3.   6.   8.   9.  14.  18.  18.
  19.  20.  20.  21.  23.  24.  27.  29.  30.  39.  42.  49.  52.  53.
  57.  59.  61.  62.  62.  63.  65.  68.  69.  69.  72.  74.  79.  79.
  79.  80.  80.  81.  85.  87.  88.  89.  91.  92.  93.  97.  97.  97.
  97. 100.][-98. -94. -93. -92. -92. -90. -89. -89. -84. -80. -76. -73. -70. -69.
 -69. -67. -66. -65. -60. -59. -59. -58. -56. -55. -53. -52. -43. -39.
 -38. -37. -34. -33. -31. -31. -31. -28. -27. -24. -24. -20. -18. -18.
 -18. -17. -16. -16. -15. -14.  -6.  -5.  -4.  -3.  -3.   1.   1.   2.
   4.   7.   7.  10.  13.  15.  16.  16.  18.  19.  21.  21.  24.  26.
  26.  32.  35.  37.  38.  39.  41.  42.  43.  44.  45.  45.  45.  46.
  47.  48.  50.  54.  56.  60.  63.  65.  67.  77.  80.  85.  91.  93.
  94.  99.][-98. -97. -97. -96. -94. -93. -90. -88. -83. -81. -80. -78. -76. -75.
 -75. -74. -73. -73. -73. -72. -71. -70. -65. -64. -64. -62. -61. -59.
 -58. -57. -53. -47. -45. -40. -37. -36. -36. -36. -35. -34. -30. -27.
 -24. -21. -21. -21. -20. -20.  -8.   0.   1.   3.   3.   4.   4.   4.
  12.  13.  14.  14.  14.  17.  21.  23.  26.  26.  27.  29.  32.  34.
  35.  37.  38.  41.  42.  45.  46.  50.  50.  51.  55.  55.  58.  61.
  63.  65.  70.  72.  74.  78.  79.  80.  84.  85.  87.  87.  87.  87.
  88.  95.][-100.  -99.  -98.  -96.  -95.  -92.  -89.  -85.  -84.  -83.  -82.  -78.
  -77.  -76.  -72.  -72.  -66.  -65.  -64.  -63.  -54.  -54.  -53.  -52.
  -52.  -50.  -50.  -50.  -49.  -49.  -46.  -44.  -43.  -38.  -36.  -36.
  -34.  -33.  -27.  -27.  -27.  -24.  -23.  -16.  -13.  -12.  -12.   -9.
   -5.    0.    1.    7.    8.    8.    9.   11.   15.   17.   17.   18.
   19.   20.   20.   30.   32.   32.   34.   35.   39.   39.   40.   40.
   40.   43.   49.   50.   57.   57.   57.   58.   58.   59.   65.   65.
   65.   69.   71.   72.   78.   79.   81.   81.   84.   87.   93.   93.
   94.   97.   98.  100.][-93. -92. -90. -90. -89. -86. -86. -84. -84. -82. -82. -81. -81. -80.
 -75. -73. -72. -68. -66. -63. -62. -57. -57. -56. -48. -48. -48. -47.
 -47. -43. -42. -39. -35. -35. -35. -33. -33. -32. -32. -30. -29. -22.
 -22. -20. -12. -12. -12.  -9.  -8.  -6.  -3.  -2.  -2.   0.   1.   8.
   9.  11.  12.  15.  20.  20.  22.  23.  23.  24.  30.  33.  34.  35.
  39.  41.  45.  46.  51.  51.  57.  57.  61.  65.  68.  73.  75.  75.
  75.  78.  79.  81.  81.  83.  83.  83.  85.  85.  91.  92.  98.  99.
  99. 100.][-100.  -97.  -93.  -93.  -92.  -90.  -89.  -81.  -81.  -80.  -78.  -78.
  -77.  -75.  -75.  -74.  -71.  -68.  -67.  -64.  -63.  -62.  -61.  -53.
  -53.  -51.  -50.  -48.  -46.  -38.  -38.  -37.  -33.  -30.  -29.  -27.
  -24.  -24.  -23.  -23.  -17.  -15.  -12.  -10.  -10.   -8.   -3.   -3.
   -3.    5.    7.    9.    9.   13.   14.   15.   16.   17.   18.   19.
   19.   23.   25.   25.   27.   33.   34.   35.   44.   44.   50.   51.
   53.   55.   57.   57.   58.   59.   61.   63.   65.   66.   68.   70.
   71.   72.   74.   74.   75.   76.   77.   78.   80.   81.   84.   84.
   87.   95.   96.  100.][-94. -91. -90. -87. -87. -87. -85. -82. -81. -78. -77. -73. -73. -70.
 -69. -65. -65. -64. -61. -60. -56. -55. -54. -53. -52. -51. -50. -49.
 -46. -43. -43. -41. -40. -35. -33. -31. -31. -31. -30. -26. -25. -23.
 -20. -19. -17. -17. -17. -15. -12. -12.  -8.  -6.  -3.  -2.  -2.  -1.
   1.   2.   4.   5.  11.  14.  15.  15.  16.  18.  20.  25.  25.  31.
  32.  34.  36.  38.  39.  42.  47.  48.  50.  50.  52.  54.  56.  57.
  59.  60.  61.  63.  63.  63.  65.  69.  74.  79.  81.  84.  85.  87.
  96. 100.][-97. -93. -92. -91. -91. -89. -89. -89. -86. -85. -83. -82. -76. -69.
 -67. -62. -60. -59. -56. -55. -53. -52. -47. -46. -44. -43. -43. -43.
 -43. -42. -38. -37. -36. -32. -32. -26. -23. -22. -14. -12.  -9.  -9.
  -8.  -2.  -1.   0.   0.   1.   5.   5.   6.   7.   8.   9.   9.  12.
  13.  15.  25.  25.  27.  28.  29.  30.  48.  51.  55.  60.  62.  63.
  64.  67.  68.  69.  71.  71.  73.  73.  76.  79.  82.  84.  85.  85.
  88.  88.  88.  90.  90.  91.  92.  95.  95.  96.  96.  97.  97.  97.
  98. 100.][-96. -92. -92. -91. -90. -88. -86. -85. -80. -79. -76. -75. -73. -71.
 -70. -70. -67. -63. -61. -59. -59. -57. -57. -56. -56. -55. -55. -53.
 -52. -50. -47. -45. -40. -40. -36. -34. -32. -32. -28. -28. -21. -19.
 -17. -15. -11. -10.  -9.  -2.   0.   1.   1.   6.   8.   9.   9.  11.
  12.  13.  14.  16.  17.  19.  19.  21.  22.  24.  25.  30.  30.  31.
  32.  38.  38.  43.  46.  46.  48.  49.  50.  52.  52.  52.  54.  56.
  57.  68.  71.  77.  78.  78.  81.  83.  84.  89.  90.  91.  95.  96.
  97. 100.][-100.  -96.  -96.  -92.  -90.  -89.  -87.  -85.  -84.  -84.  -82.  -81.
  -79.  -78.  -78.  -78.  -74.  -71.  -70.  -70.  -69.  -68.  -68.  -62.
  -56.  -53.  -52.  -49.  -48.  -46.  -43.  -41.  -41.  -40.  -39.  -35.
  -33.  -31.  -28.  -27.  -25.  -22.  -17.  -17.  -15.  -15.  -15.  -13.
  -13.  -12.   -9.   -8.   -7.   -5.   -3.   -2.   -1.   -1.    1.    2.
    9.    9.   10.   11.   12.   15.   18.   20.   24.   29.   30.   30.
   31.   35.   36.   38.   41.   42.   43.   47.   47.   48.   50.   51.
   62.   63.   63.   76.   79.   79.   79.   80.   81.   81.   83.   86.
   86.   88.   91.   97.][-100.  -98.  -96.  -95.  -92.  -88.  -87.  -87.  -80.  -75.  -75.  -74.
  -71.  -69.  -69.  -67.  -65.  -62.  -59.  -58.  -55.  -54.  -53.  -50.
  -48.  -48.  -47.  -47.  -46.  -45.  -40.  -35.  -34.  -31.  -30.  -29.
  -28.  -20.  -19.  -18.  -17.  -16.  -16.  -14.  -10.   -9.   -2.   -1.
    0.    2.    4.    7.    9.   12.   18.   20.   26.   27.   28.   32.
   32.   34.   34.   34.   35.   37.   42.   45.   46.   50.   51.   51.
   52.   54.   56.   58.   59.   62.   62.   63.   66.   66.   67.   70.
   76.   77.   79.   79.   81.   82.   83.   86.   88.   89.   92.   95.
   96.   96.   97.   97.][-100.  -98.  -97.  -93.  -91.  -91.  -89.  -86.  -84.  -82.  -77.  -76.
  -76.  -73.  -71.  -71.  -70.  -70.  -63.  -61.  -61.  -61.  -60.  -53.
  -52.  -48.  -46.  -45.  -43.  -43.  -41.  -38.  -32.  -31.  -30.  -28.
  -28.  -27.  -25.  -24.  -23.  -19.  -17.  -16.  -13.  -11.   -7.   -2.
   -1.    0.    4.    6.   10.   10.   13.   13.   15.   18.   18.   20.
   23.   25.   25.   27.   27.   31.   32.   33.   34.   36.   39.   42.
   42.   43.   43.   43.   46.   47.   48.   48.   49.   49.   52.   56.
   60.   63.   70.   71.   75.   77.   77.   83.   86.   86.   87.   88.
   90.   95.   98.   99.][-100.  -99.  -97.  -94.  -92.  -88.  -80.  -79.  -79.  -76.  -74.  -72.
  -71.  -70.  -70.  -67.  -64.  -57.  -52.  -51.  -51.  -51.  -41.  -39.
  -35.  -29.  -26.  -25.  -25.  -22.  -21.  -21.  -17.  -16.  -15.  -14.
  -13.  -11.   -5.   -5.   -4.   -3.    1.    3.   10.   10.   12.   13.
   14.   17.   17.   20.   21.   22.   24.   33.   33.   33.   34.   34.
   41.   43.   43.   43.   44.   45.   46.   48.   51.   54.   55.   55.
   56.   58.   61.   62.   63.   64.   68.   71.   71.   72.   74.   76.
   77.   78.   78.   79.   80.   82.   82.   83.   87.   87.   91.   92.
   93.   97.   99.  100.][-97. -97. -96. -94. -93. -90. -90. -88. -81. -78. -77. -77. -76. -71.
 -70. -70. -64. -61. -57. -57. -57. -56. -56. -48. -43. -43. -33. -32.
 -32. -28. -28. -25. -25. -22. -18. -18. -15. -14. -14. -12. -10.  -9.
  -8.  -7.  -7.  -6.  -3.   3.   4.   4.   7.   7.   9.  10.  12.  12.
  12.  15.  20.  21.  22.  22.  22.  23.  24.  26.  28.  36.  36.  37.
  37.  38.  39.  42.  44.  44.  47.  52.  53.  54.  56.  58.  59.  61.
  62.  68.  75.  77.  83.  83.  84.  86.  87.  88.  89.  93.  94.  95.
  96.  96.][-95. -88. -87. -84. -83. -81. -76. -74. -67. -67. -65. -63. -59. -59.
 -56. -56. -55. -54. -53. -50. -49. -48. -45. -43. -40. -36. -34. -34.
 -32. -31. -30. -27. -26. -19. -18. -17. -17. -16. -16. -13. -10.  -9.
  -6.  -3.  -1.   0.   7.   8.   8.  12.  16.  17.  17.  20.  21.  26.
  27.  27.  28.  29.  32.  34.  34.  36.  39.  39.  41.  43.  46.  47.
  50.  51.  55.  56.  62.  62.  62.  63.  65.  66.  66.  68.  69.  70.
  71.  72.  76.  76.  79.  82.  83.  84.  87.  87.  91.  92.  94.  97.
  98.  99.][-99. -94. -90. -86. -84. -81. -78. -67. -67. -65. -65. -64. -63. -62.
 -59. -59. -58. -56. -53. -50. -50. -48. -47. -46. -45. -45. -45. -44.
 -44. -43. -39. -38. -38. -37. -32. -29. -23. -22. -14. -14. -10.  -5.
  -5.  -4.  -4.  -3.  -2.   1.   2.   3.  11.  12.  14.  14.  16.  18.
  19.  19.  22.  23.  23.  24.  24.  27.  29.  29.  30.  33.  33.  39.
  40.  40.  41.  42.  44.  44.  45.  49.  51.  51.  51.  52.  55.  56.
  57.  57.  61.  64.  66.  66.  66.  70.  74.  84.  88.  88.  89.  90.
  91.  98.][-100. -100.  -99.  -98.  -96.  -94.  -92.  -91.  -83.  -83.  -79.  -76.
  -73.  -73.  -70.  -70.  -70.  -67.  -65.  -61.  -60.  -56.  -56.  -54.
  -48.  -47.  -45.  -43.  -41.  -37.  -32.  -29.  -27.  -26.  -26.  -26.
  -24.  -21.  -20.  -20.  -19.  -18.  -17.  -17.  -17.  -17.  -11.   -9.
   -8.   -7.   -7.   -7.    0.    0.    2.    2.    3.    7.    7.    7.
   15.   15.   15.   18.   26.   30.   34.   36.   40.   44.   44.   45.
   46.   47.   49.   51.   52.   53.   54.   56.   58.   59.   59.   63.
   65.   65.   66.   67.   68.   69.   69.   71.   73.   75.   80.   80.
   82.   85.   91.  100.][-98. -97. -92. -89. -86. -84. -81. -79. -77. -69. -68. -64. -61. -59.
 -57. -54. -54. -51. -51. -48. -47. -40. -40. -39. -37. -33. -30. -28.
 -28. -27. -26. -26. -24. -23. -22. -20. -19. -19. -19. -18. -18. -17.
 -14. -12.  -9.  -6.  -6.   1.   5.   7.  15.  15.  16.  20.  21.  21.
  23.  27.  28.  29.  32.  34.  39.  45.  49.  50.  50.  52.  53.  56.
  63.  64.  65.  65.  67.  68.  70.  70.  72.  74.  75.  75.  75.  79.
  79.  80.  81.  81.  83.  87.  88.  89.  90.  93.  96.  96.  96.  99.
  99. 100.][-100.  -94.  -93.  -90.  -88.  -81.  -80.  -77.  -77.  -76.  -69.  -69.
  -68.  -66.  -65.  -60.  -59.  -58.  -55.  -54.  -54.  -53.  -50.  -48.
  -46.  -46.  -45.  -41.  -41.  -39.  -36.  -34.  -33.  -32.  -30.  -30.
  -27.  -26.  -25.  -17.  -14.  -14.  -12.  -11.  -10.   -6.    2.    2.
    4.    4.    5.    5.   11.   15.   17.   19.   22.   25.   29.   33.
   34.   35.   36.   39.   39.   42.   45.   47.   49.   49.   51.   53.
   53.   54.   54.   55.   56.   58.   59.   66.   67.   67.   69.   70.
   72.   72.   74.   75.   76.   78.   79.   81.   82.   85.   90.   91.
   91.   93.   97.   99.][-100.  -96.  -92.  -91.  -90.  -90.  -88.  -87.  -87.  -85.  -84.  -83.
  -82.  -78.  -78.  -75.  -75.  -73.  -73.  -67.  -66.  -65.  -59.  -59.
  -57.  -51.  -47.  -47.  -47.  -43.  -38.  -36.  -35.  -34.  -32.  -31.
  -26.  -25.  -24.  -20.  -16.  -15.  -13.  -12.  -11.   -7.   -5.   -3.
   -1.    0.    0.    4.    4.    9.   12.   22.   27.   28.   30.   37.
   37.   37.   40.   41.   41.   43.   44.   44.   45.   46.   47.   52.
   53.   57.   60.   60.   60.   63.   63.   64.   66.   66.   68.   70.
   75.   77.   78.   83.   84.   87.   91.   94.   94.   94.   95.   95.
   97.   97.   99.  100.][-100.  -93.  -93.  -92.  -88.  -87.  -87.  -87.  -86.  -85.  -83.  -80.
  -80.  -79.  -78.  -75.  -75.  -75.  -74.  -72.  -70.  -69.  -66.  -66.
  -65.  -59.  -49.  -48.  -42.  -42.  -40.  -38.  -37.  -29.  -25.  -23.
  -22.  -21.  -21.  -19.  -15.  -15.  -13.   -8.   -6.   -5.   -1.   -1.
    3.    4.    6.    7.    9.    9.   11.   11.   18.   19.   20.   26.
   27.   27.   31.   33.   34.   34.   36.   38.   39.   41.   43.   45.
   45.   48.   51.   53.   55.   56.   57.   59.   60.   64.   65.   65.
   65.   65.   68.   71.   75.   78.   80.   81.   81.   86.   88.   88.
   88.   88.   88.   98.][-100.  -99.  -98.  -97.  -94.  -94.  -94.  -93.  -93.  -88.  -88.  -86.
  -79.  -70.  -69.  -68.  -67.  -66.  -63.  -60.  -55.  -54.  -47.  -45.
  -45.  -44.  -43.  -36.  -36.  -33.  -33.  -32.  -31.  -25.  -21.  -20.
  -11.   -7.   -7.   -6.   -6.   -3.   -3.   -2.    1.    1.    2.    5.
    6.    7.    8.    8.   12.   14.   18.   22.   25.   27.   28.   30.
   31.   31.   32.   32.   36.   36.   39.   39.   40.   42.   46.   48.
   50.   51.   56.   56.   57.   60.   60.   61.   61.   61.   67.   68.
   70.   71.   74.   81.   82.   84.   84.   87.   88.   90.   91.   92.
   94.   97.   99.  100.][-100.  -99.  -99.  -97.  -97.  -97.  -88.  -85.  -85.  -84.  -81.  -80.
  -79.  -78.  -77.  -73.  -72.  -70.  -67.  -66.  -64.  -63.  -62.  -61.
  -59.  -58.  -57.  -47.  -45.  -39.  -38.  -35.  -34.  -33.  -31.  -31.
  -30.  -25.  -22.  -21.  -21.  -19.  -14.  -10.   -9.   -2.    1.    1.
    4.    7.    8.    8.    9.   13.   16.   16.   16.   18.   23.   28.
   28.   30.   33.   36.   38.   41.   45.   48.   48.   50.   51.   51.
   51.   56.   62.   62.   64.   67.   71.   72.   78.   79.   80.   80.
   81.   81.   85.   89.   90.   90.   90.   90.   91.   92.   93.   97.
   97.   97.   99.  100.][-99. -98. -97. -92. -90. -90. -88. -84. -83. -81. -76. -76. -73. -72.
 -72. -71. -63. -61. -57. -57. -56. -53. -49. -47. -46. -43. -43. -43.
 -42. -39. -35. -35. -34. -28. -28. -26. -24. -23. -21. -18. -15. -15.
 -13. -12. -12. -11. -10.  -8.  -5.  -2.  -1.  -1.   1.   3.   3.   4.
   7.   7.  12.  12.  15.  17.  22.  23.  23.  25.  34.  35.  37.  39.
  40.  40.  41.  42.  42.  43.  44.  45.  45.  48.  54.  57.  63.  63.
  65.  73.  78.  81.  82.  85.  88.  88.  90.  94.  95.  95.  95.  96.
  97.  97.][-98. -98. -97. -95. -94. -93. -92. -90. -89. -88. -87. -87. -86. -85.
 -82. -79. -66. -64. -62. -61. -60. -58. -56. -52. -49. -48. -48. -48.
 -46. -44. -42. -41. -38. -36. -34. -33. -29. -28. -28. -25. -22. -20.
 -18. -16. -15. -15. -15. -14. -14. -12. -12.  -9.  -5.  -1.   0.   2.
   2.   3.   4.   8.   9.  11.  12.  16.  19.  21.  23.  24.  25.  26.
  27.  28.  28.  31.  31.  32.  44.  46.  46.  55.  56.  63.  65.  66.
  72.  72.  73.  76.  81.  82.  83.  84.  86.  87.  87.  88.  89.  91.
  98. 100.][-100. -100.  -98.  -98.  -97.  -96.  -95.  -93.  -85.  -84.  -81.  -79.
  -77.  -65.  -64.  -62.  -60.  -58.  -58.  -57.  -55.  -53.  -53.  -49.
  -39.  -36.  -34.  -31.  -31.  -30.  -30.  -29.  -29.  -27.  -27.  -23.
  -15.  -11.  -11.   -7.   -5.    0.    2.    2.    3.    4.    4.    4.
    5.    7.    7.    8.   10.   11.   11.   14.   14.   16.   16.   19.
   20.   21.   24.   27.   27.   27.   29.   30.   31.   37.   42.   42.
   48.   50.   51.   51.   52.   58.   62.   65.   65.   67.   68.   70.
   76.   78.   81.   83.   84.   86.   87.   87.   89.   91.   92.   94.
   94.   95.   96.   97.][-100.  -98.  -98.  -97.  -96.  -95.  -94.  -89.  -83.  -79.  -75.  -70.
  -68.  -63.  -63.  -57.  -57.  -56.  -54.  -51.  -49.  -49.  -47.  -45.
  -44.  -44.  -38.  -38.  -36.  -30.  -28.  -28.  -26.  -25.  -24.  -23.
  -18.  -16.  -16.  -15.  -15.  -14.   -7.   -6.   -2.   -1.    1.    3.
    5.    6.    8.   11.   12.   14.   15.   16.   18.   20.   21.   21.
   24.   29.   29.   35.   36.   39.   39.   39.   40.   42.   42.   42.
   46.   47.   51.   55.   57.   59.   62.   62.   65.   67.   67.   69.
   72.   72.   73.   74.   74.   75.   76.   76.   77.   78.   83.   83.
   83.   87.   88.   94.][-100. -100. -100. -100. -100.  -97.  -94.  -94.  -93.  -92.  -91.  -91.
  -90.  -89.  -84.  -83.  -81.  -77.  -73.  -68.  -67.  -64.  -64.  -60.
  -59.  -50.  -50.  -42.  -36.  -36.  -33.  -32.  -32.  -31.  -29.  -27.
  -27.  -26.  -26.  -24.  -24.  -22.  -22.  -20.  -20.  -19.  -18.  -17.
  -14.   -9.   -4.   -3.   -2.   -1.   -1.    0.    0.    6.    8.    9.
   10.   14.   15.   16.   17.   32.   32.   33.   36.   37.   37.   39.
   40.   43.   48.   49.   54.   60.   60.   62.   69.   71.   72.   76.
   76.   80.   81.   81.   83.   84.   84.   85.   85.   86.   93.   94.
   95.   95.   97.   99.][-100.  -97.  -97.  -94.  -92.  -92.  -88.  -84.  -81.  -80.  -80.  -74.
  -71.  -71.  -68.  -67.  -65.  -64.  -64.  -64.  -59.  -58.  -55.  -53.
  -52.  -52.  -51.  -51.  -50.  -48.  -42.  -41.  -41.  -40.  -31.  -29.
  -26.  -26.  -25.  -25.  -25.  -25.  -17.   -8.   -6.   -6.   -2.    0.
    0.    1.    2.    3.    9.   10.   14.   17.   18.   19.   20.   21.
   21.   22.   24.   27.   28.   31.   35.   39.   42.   44.   45.   46.
   46.   50.   52.   53.   54.   54.   59.   60.   61.   62.   63.   64.
   65.   68.   69.   70.   70.   73.   79.   80.   87.   90.   92.   93.
   94.   95.   95.   97.][-98. -95. -95. -93. -92. -92. -91. -91. -88. -86. -84. -82. -80. -78.
 -75. -75. -74. -73. -72. -66. -64. -61. -60. -57. -51. -51. -50. -50.
 -49. -46. -45. -45. -43. -36. -36. -36. -34. -33. -32. -31. -30. -29.
 -28. -24. -22. -21. -17. -17. -17. -14. -13. -13.  -8.  -1.   3.   4.
  12.  14.  17.  21.  22.  25.  27.  27.  28.  30.  30.  31.  33.  36.
  36.  41.  44.  47.  48.  52.  57.  58.  59.  60.  60.  60.  63.  65.
  65.  68.  72.  73.  74.  74.  75.  78.  79.  81.  81.  85.  89.  91.
  94.  97.][-100. -100.  -99.  -97.  -94.  -94.  -93.  -91.  -91.  -89.  -87.  -80.
  -77.  -76.  -74.  -72.  -67.  -65.  -64.  -63.  -62.  -61.  -57.  -57.
  -52.  -49.  -47.  -46.  -45.  -43.  -40.  -39.  -38.  -37.  -32.  -29.
  -27.  -23.  -17.  -17.   -9.   -9.   -8.   -5.   -4.   -3.   -1.   -1.
    1.    4.    5.    6.    7.   11.   11.   16.   18.   27.   30.   31.
   32.   33.   35.   35.   36.   39.   40.   40.   42.   43.   44.   47.
   48.   48.   50.   53.   54.   59.   60.   61.   62.   63.   63.   64.
   64.   67.   73.   74.   79.   82.   82.   82.   85.   86.   87.   89.
   90.   94.   96.  100.][-100.  -98.  -98.  -92.  -92.  -92.  -89.  -85.  -83.  -80.  -78.  -76.
  -70.  -69.  -67.  -67.  -65.  -65.  -60.  -59.  -59.  -55.  -54.  -54.
  -51.  -47.  -44.  -42.  -42.  -41.  -40.  -39.  -35.  -35.  -31.  -30.
  -30.  -28.  -28.  -19.  -19.  -19.  -18.  -18.  -11.  -10.   -5.   -4.
   -4.    0.    0.    1.    3.    6.   11.   14.   15.   15.   16.   18.
   25.   26.   27.   27.   28.   30.   36.   39.   40.   41.   41.   41.
   41.   42.   53.   53.   56.   59.   62.   62.   63.   63.   64.   64.
   67.   72.   72.   80.   81.   82.   84.   87.   89.   90.   94.   94.
   96.   96.   97.   98.][-100.  -99.  -96.  -96.  -96.  -92.  -90.  -87.  -79.  -76.  -75.  -72.
  -72.  -72.  -68.  -67.  -65.  -61.  -61.  -58.  -57.  -56.  -55.  -55.
  -51.  -51.  -48.  -43.  -41.  -40.  -38.  -35.  -33.  -32.  -27.  -25.
  -23.  -23.  -22.  -22.  -18.  -18.  -15.  -15.   -8.   -8.   -8.   -7.
   -5.    0.    3.    5.    6.    7.   11.   11.   12.   14.   15.   17.
   23.   24.   26.   26.   27.   36.   37.   37.   38.   39.   41.   44.
   46.   47.   48.   50.   50.   55.   55.   56.   56.   57.   59.   60.
   71.   75.   79.   81.   82.   83.   83.   84.   87.   87.   87.   89.
   90.   91.   92.   99.]