[-100.  -98.  -97.  -94.  -94.  -93.  -91.  -90.  -90.  -90.  -86.  -83.
  -81.  -77.  -75.  -74.  -71.  -70.  -70.  -69.  -69.  -67.  -66.  -66.
  -66.  -64.  -64.  -58.  -53.  -51.  -51.  -48.  -47.  -47.  -41.  -38.
  -36.  -34.  -32.  -31.  -30.  -29.  -28.  -27.  -26.  -23.  -17.  -13.
  -13.   -3.   -2.   -2.    0.    1.    1.    3.    4.    9.   10.   10.
   18.   20.   21.   23.   25.   30.   33.   34.   35.   36.   37.   39.
   42.   48.   50.   50.   53.   54.   55.   56.   59.   60.   61.   64.
   66.   68.   68.   73.   73.   74.   87.   88.   89.   93.   95.   96.
   97.   97.   98.   99.][-98. -97. -95. -93. -88. -86. -83. -82. -81. -81. -80. -77. -76. -75.
 -75. -75. -74. -72. -69. -55. -47. -45. -43. -43. -42. -38. -38. -37.
 -30. -29. -28. -27. -24. -24. -24. -22. -20. -17. -17. -13. -13.  -8.
  -7.  -7.  -6.  -4.   3.   4.   8.   9.  11.  14.  14.  16.  16.  19.
  20.  26.  27.  29.  38.  40.  42.  43.  47.  49.  49.  49.  52.  52.
  55.  55.  58.  58.  59.  59.  64.  66.  70.  71.  72.  72.  72.  73.
  73.  74.  75.  78.  78.  78.  80.  82.  83.  90.  90.  95.  95.  97.
  97.  99.][-98. -97. -97. -94. -93. -90. -90. -87. -82. -82. -80. -79. -76. -76.
 -75. -74. -72. -71. -69. -67. -66. -58. -56. -55. -55. -54. -52. -52.
 -51. -51. -47. -47. -43. -42. -41. -40. -40. -37. -35. -35. -23. -23.
 -20. -17. -17. -16. -11.  -9.  -9.  -3.  -2.   2.   3.   3.   7.   7.
  11.  12.  16.  16.  17.  21.  24.  26.  27.  30.  31.  33.  36.  37.
  39.  40.  45.  50.  50.  50.  51.  54.  60.  60.  64.  65.  68.  71.
  72.  73.  74.  74.  76.  77.  79.  81.  81.  82.  89.  90.  90.  90.
  99.  99.][-99. -99. -98. -96. -93. -91. -89. -84. -83. -82. -73. -72. -72. -71.
 -64. -56. -54. -50. -50. -46. -44. -44. -42. -42. -42. -38. -34. -33.
 -31. -28. -25. -22. -18. -17. -16. -15. -11.  -8.  -6.  -5.  -5.   1.
   3.   3.   7.   8.  13.  19.  23.  24.  26.  26.  26.  29.  30.  31.
  31.  31.  32.  36.  38.  39.  45.  46.  52.  52.  52.  52.  53.  56.
  57.  59.  60.  60.  60.  65.  66.  68.  70.  71.  71.  73.  73.  76.
  77.  79.  80.  80.  80.  81.  82.  83.  83.  91.  91.  94.  98.  99.
 100. 100.][-100.  -99.  -98.  -96.  -96.  -93.  -93.  -88.  -83.  -81.  -81.  -80.
  -80.  -79.  -74.  -72.  -71.  -67.  -65.  -61.  -60.  -54.  -45.  -44.
  -38.  -36.  -33.  -32.  -30.  -30.  -29.  -29.  -28.  -26.  -26.  -24.
  -23.  -23.  -22.  -22.  -21.  -21.  -20.  -18.  -18.  -16.  -15.   -9.
   -8.   -7.   -6.   -4.   -2.   -1.    3.    8.   13.   13.   15.   16.
   18.   21.   25.   26.   32.   32.   32.   33.   34.   34.   34.   38.
   38.   41.   47.   48.   57.   60.   60.   63.   65.   67.   69.   69.
   72.   72.   73.   73.   74.   74.   79.   80.   87.   88.   90.   90.
   95.   97.   97.  100.][-94. -93. -92. -92. -91. -88. -88. -84. -81. -79. -75. -74. -72. -72.
 -71. -69. -69. -67. -65. -63. -62. -59. -59. -57. -56. -54. -53. -51.
 -48. -47. -46. -42. -38. -38. -35. -33. -31. -30. -30. -28. -28. -24.
 -24. -18. -18. -14. -13. -11. -10.  -7.  -5.  -4.  -3.  -2.   3.   8.
  10.  14.  16.  16.  16.  17.  23.  23.  24.  26.  27.  27.  28.  29.
  29.  30.  32.  38.  49.  52.  54.  56.  57.  57.  58.  65.  66.  68.
  71.  71.  75.  75.  76.  76.  77.  80.  83.  89.  90.  93.  96.  98.
  99. 100.][-100.  -99.  -99.  -98.  -97.  -96.  -96.  -91.  -89.  -86.  -85.  -85.
  -80.  -72.  -70.  -70.  -68.  -66.  -65.  -64.  -62.  -62.  -56.  -54.
  -53.  -53.  -47.  -44.  -38.  -36.  -35.  -32.  -31.  -29.  -28.  -27.
  -25.  -24.  -19.  -19.  -15.  -14.  -13.   -7.   -6.   -6.   -5.    0.
    4.    5.    6.   12.   15.   16.   20.   25.   26.   26.   27.   28.
   29.   30.   35.   37.   39.   40.   43.   47.   50.   54.   55.   58.
   60.   61.   62.   64.   65.   68.   69.   69.   71.   72.   76.   76.
   79.   80.   82.   84.   85.   91.   93.   94.   94.   95.   96.   97.
   97.   98.   99.  100.][-97. -95. -91. -90. -88. -86. -85. -84. -84. -84. -81. -80. -80. -74.
 -73. -73. -72. -71. -71. -65. -57. -54. -53. -49. -49. -49. -49. -48.
 -48. -46. -46. -43. -42. -41. -40. -38. -34. -33. -32. -31. -30. -22.
 -18. -11.   0.   1.   4.   6.   7.   9.  10.  15.  16.  24.  25.  25.
  25.  27.  30.  35.  40.  45.  45.  47.  49.  50.  52.  52.  53.  55.
  55.  56.  59.  61.  63.  64.  65.  66.  66.  67.  68.  70.  72.  72.
  72.  74.  81.  82.  86.  86.  87.  94.  95.  95.  96.  96.  96.  97.
  97.  99.][-98. -98. -98. -95. -93. -91. -91. -89. -87. -86. -86. -80. -79. -78.
 -76. -73. -73. -70. -70. -70. -69. -68. -66. -62. -62. -62. -61. -57.
 -56. -45. -43. -43. -42. -38. -33. -27. -24. -22. -22. -21. -20. -15.
 -14. -14. -12. -11. -10.  -6.  -6.  -2.   0.   9.  10.  11.  13.  13.
  13.  15.  15.  16.  17.  22.  22.  23.  24.  24.  29.  32.  34.  34.
  35.  42.  44.  46.  51.  60.  62.  67.  67.  68.  69.  70.  71.  73.
  74.  76.  76.  77.  77.  77.  77.  80.  85.  88.  92.  92.  97.  99.
  99. 100.][-100.  -98.  -96.  -96.  -95.  -94.  -92.  -90.  -87.  -87.  -87.  -84.
  -78.  -76.  -76.  -73.  -69.  -66.  -64.  -62.  -61.  -60.  -59.  -58.
  -58.  -57.  -56.  -54.  -52.  -50.  -50.  -46.  -41.  -40.  -37.  -35.
  -34.  -33.  -33.  -31.  -31.  -29.  -27.  -23.  -20.  -19.  -15.  -15.
  -15.  -14.  -11.   -6.   -4.    1.    5.    8.    9.   10.   10.   12.
   13.   16.   24.   24.   30.   35.   35.   36.   36.   37.   37.   39.
   43.   47.   48.   49.   52.   54.   54.   57.   61.   64.   64.   66.
   69.   71.   72.   77.   77.   78.   83.   84.   86.   89.   90.   93.
   95.   98.   98.   99.][-100. -100.  -99.  -91.  -90.  -89.  -88.  -87.  -86.  -83.  -80.  -80.
  -79.  -79.  -78.  -76.  -76.  -75.  -74.  -73.  -72.  -72.  -72.  -70.
  -69.  -65.  -63.  -63.  -58.  -53.  -52.  -49.  -46.  -45.  -44.  -39.
  -38.  -37.  -34.  -32.  -31.  -26.  -25.  -17.  -17.  -16.  -15.  -14.
   -9.   -8.   -8.   -7.   -7.    2.    2.    5.    6.    6.    7.    8.
    8.   12.   18.   19.   21.   22.   28.   28.   33.   35.   46.   46.
   47.   48.   55.   57.   59.   61.   62.   65.   65.   65.   66.   71.
   74.   77.   79.   81.   82.   82.   83.   84.   86.   86.   90.   92.
   93.   96.   96.   97.][-97. -96. -96. -95. -95. -95. -92. -90. -88. -88. -87. -83. -82. -78.
 -77. -77. -74. -71. -71. -66. -62. -60. -57. -54. -53. -53. -48. -45.
 -44. -44. -43. -39. -36. -35. -34. -33. -33. -31. -31. -25. -18. -15.
 -14. -13. -10.  -1.   0.   1.   2.   6.   7.  12.  13.  15.  18.  22.
  23.  27.  28.  28.  30.  32.  32.  34.  39.  41.  42.  46.  47.  47.
  48.  48.  49.  54.  55.  58.  59.  60.  61.  63.  66.  67.  68.  69.
  70.  72.  72.  73.  79.  81.  82.  87.  88.  89.  91.  94.  97.  97.
  98.  98.][-99. -95. -91. -88. -87. -86. -84. -81. -80. -79. -76. -72. -72. -71.
 -70. -68. -68. -67. -66. -66. -64. -64. -58. -51. -50. -49. -48. -47.
 -44. -44. -43. -42. -40. -39. -34. -34. -32. -28. -28. -27. -25. -25.
 -20. -17. -16. -16. -12.  -8.  -7.  -7.  -3.   0.   0.   1.   3.   8.
   9.   9.  16.  22.  25.  28.  32.  35.  35.  36.  37.  38.  39.  40.
  41.  42.  42.  42.  44.  46.  48.  49.  50.  52.  60.  65.  66.  66.
  70.  71.  74.  79.  80.  85.  86.  87.  87.  90.  90.  91.  93.  95.
  98.  99.][-99. -99. -98. -96. -95. -93. -92. -90. -86. -86. -85. -85. -82. -78.
 -74. -72. -70. -67. -67. -59. -58. -57. -55. -48. -48. -47. -46. -45.
 -43. -41. -41. -39. -33. -32. -32. -29. -29. -26. -26. -25. -25. -24.
 -21. -20. -18. -15. -11.  -9.  -9.  -8.  -3.  -1.  -1.  -1.   2.   4.
   6.   7.   7.  11.  12.  12.  21.  23.  27.  27.  31.  31.  32.  34.
  37.  39.  40.  46.  51.  52.  54.  60.  63.  63.  64.  66.  68.  69.
  69.  71.  72.  73.  75.  76.  84.  85.  86.  89.  90.  90.  92.  92.
  95.  99.][-95. -95. -92. -85. -85. -84. -84. -83. -82. -81. -80. -74. -69. -67.
 -66. -64. -64. -63. -63. -60. -60. -58. -57. -49. -48. -48. -43. -42.
 -38. -37. -34. -31. -30. -29. -27. -26. -24. -23. -22. -22. -21. -18.
 -13. -12. -11.  -6.  -5.  -3.  -2.  -2.  -2.  -1.   0.   1.   3.   5.
   6.   8.   9.  10.  11.  12.  12.  12.  18.  19.  19.  25.  37.  37.
  39.  42.  44.  46.  46.  52.  52.  52.  58.  59.  61.  61.  62.  62.
  63.  64.  67.  68.  71.  74.  80.  82.  87.  94.  95.  96.  98.  98.
  99. 100.][-97. -90. -88. -85. -84. -80. -79. -79. -76. -76. -72. -71. -69. -67.
 -65. -64. -62. -62. -61. -58. -55. -52. -50. -49. -45. -45. -39. -36.
 -32. -32. -30. -30. -28. -28. -26. -25. -25. -24. -24. -22. -21. -15.
 -14. -14. -14. -14. -11.  -8.  -3.  -1.   1.   3.   4.   5.   6.  16.
  16.  17.  18.  21.  21.  25.  25.  27.  28.  28.  31.  32.  33.  40.
  44.  45.  48.  48.  50.  52.  54.  56.  58.  59.  65.  66.  67.  68.
  68.  71.  72.  73.  74.  77.  80.  80.  85.  86.  88.  96.  98.  98.
 100. 100.][-97. -94. -91. -85. -85. -85. -82. -77. -77. -72. -72. -71. -67. -66.
 -66. -65. -64. -63. -62. -62. -59. -59. -55. -55. -53. -51. -49. -43.
 -43. -43. -42. -41. -38. -34. -29. -27. -27. -23. -20. -18. -17. -12.
 -11.  -8.  -7.  -4.  -4.  -3.  -3.  -2.  -1.   1.   9.  14.  17.  18.
  18.  20.  24.  25.  26.  27.  27.  31.  33.  34.  34.  35.  39.  41.
  47.  47.  48.  48.  49.  51.  51.  52.  53.  54.  55.  56.  58.  61.
  65.  66.  76.  76.  77.  77.  83.  84.  86.  86.  89.  89.  92.  94.
  97. 100.][-95. -94. -92. -92. -90. -83. -83. -79. -71. -70. -69. -68. -67. -64.
 -60. -60. -60. -58. -53. -52. -49. -49. -48. -47. -47. -44. -40. -39.
 -37. -36. -34. -33. -28. -28. -27. -25. -16. -13. -13. -11. -11.  -9.
  -7.  -4.  -3.  -1.   0.   0.   1.   1.   3.   7.  11.  11.  14.  20.
  21.  23.  23.  23.  24.  26.  32.  33.  33.  35.  36.  38.  38.  38.
  43.  47.  47.  50.  52.  54.  57.  58.  61.  62.  69.  69.  70.  71.
  72.  74.  76.  76.  78.  80.  82.  83.  86.  87.  87.  88.  90. 100.
 100. 100.][-100.  -98.  -97.  -94.  -93.  -91.  -90.  -87.  -86.  -85.  -84.  -78.
  -76.  -76.  -76.  -75.  -71.  -70.  -69.  -68.  -67.  -63.  -61.  -57.
  -56.  -53.  -51.  -50.  -47.  -46.  -41.  -41.  -39.  -39.  -38.  -28.
  -28.  -28.  -27.  -26.  -24.  -24.  -23.  -20.  -16.  -15.  -14.  -12.
   -7.   -7.   -6.   -5.   -3.   -2.   -1.   -1.    0.    3.    4.    8.
    9.   10.   10.   11.   12.   13.   15.   16.   16.   18.   19.   20.
   25.   30.   35.   38.   38.   39.   41.   43.   49.   54.   54.   55.
   56.   58.   60.   60.   61.   61.   63.   64.   72.   78.   84.   87.
   90.   94.   95.   96.][-96. -90. -90. -88. -82. -80. -79. -78. -73. -72. -70. -70. -70. -68.
 -66. -64. -58. -56. -52. -51. -51. -49. -48. -48. -44. -44. -41. -40.
 -40. -31. -29. -26. -19. -17. -16. -14. -12. -12. -11. -10. -10.  -8.
  -8.  -7.  -6.   1.   2.   2.   5.   6.   6.   6.  10.  10.  11.  12.
  17.  17.  18.  18.  20.  26.  27.  27.  28.  29.  30.  38.  42.  45.
  46.  48.  48.  50.  51.  52.  55.  57.  59.  60.  65.  66.  70.  70.
  71.  71.  72.  75.  80.  82.  82.  84.  86.  89.  90.  90.  91.  91.
  93.  98.][-99. -92. -92. -89. -89. -86. -86. -84. -84. -82. -81. -77. -76. -74.
 -73. -71. -70. -68. -67. -66. -64. -62. -62. -59. -57. -55. -53. -52.
 -52. -51. -44. -43. -43. -40. -38. -38. -36. -35. -35. -30. -20. -17.
 -13. -12. -11.  -7.  -3.  -1.   0.   1.   1.   6.   8.   8.   9.  11.
  11.  11.  17.  18.  19.  22.  22.  22.  23.  26.  29.  32.  32.  33.
  34.  36.  45.  48.  51.  51.  54.  54.  58.  62.  63.  63.  65.  67.
  73.  75.  76.  81.  82.  84.  84.  85.  86.  87.  89.  89.  89.  92.
  96.  99.][-99. -97. -94. -94. -89. -88. -87. -86. -85. -85. -85. -83. -83. -82.
 -82. -78. -78. -76. -75. -74. -74. -74. -70. -69. -66. -62. -54. -54.
 -51. -45. -39. -36. -35. -32. -30. -28. -26. -25. -22. -21. -13. -10.
  -9.  -6.  -4.  -3.  -1.   1.   4.   8.  10.  12.  16.  16.  21.  24.
  24.  26.  27.  29.  30.  31.  33.  34.  35.  36.  39.  40.  40.  41.
  43.  44.  44.  45.  45.  48.  50.  52.  53.  58.  61.  63.  66.  66.
  72.  75.  77.  80.  81.  82.  85.  87.  89.  92.  97.  97.  97.  98.
  99.  99.][-96. -89. -85. -80. -80. -78. -77. -77. -77. -76. -76. -70. -65. -64.
 -61. -61. -60. -60. -59. -53. -52. -50. -50. -49. -48. -47. -47. -47.
 -47. -46. -46. -45. -45. -44. -42. -39. -37. -32. -28. -26. -26. -21.
 -20. -15. -14. -14. -12.  -9.  -7.  -6.  -6.  -5.  -5.  -2.   2.   2.
   2.   3.   3.   9.  10.  15.  16.  17.  23.  24.  25.  29.  30.  34.
  34.  43.  43.  47.  47.  50.  53.  57.  57.  61.  67.  70.  70.  71.
  74.  77.  78.  78.  80.  85.  85.  89.  89.  89.  90.  90.  90.  94.
  98. 100.][-99. -95. -94. -93. -90. -88. -87. -86. -83. -81. -80. -80. -77. -76.
 -71. -69. -66. -63. -61. -59. -59. -58. -58. -57. -57. -54. -53. -53.
 -48. -46. -39. -39. -37. -33. -31. -30. -28. -28. -27. -24. -22. -22.
 -21. -19. -19.  -9.  -9.  -9.   0.   1.   4.   7.   8.   8.   9.  10.
  14.  14.  18.  20.  22.  22.  26.  27.  27.  27.  28.  29.  30.  32.
  38.  38.  40.  42.  43.  44.  48.  52.  54.  54.  59.  62.  68.  69.
  72.  74.  76.  76.  76.  83.  85.  85.  85.  90.  91.  91.  93.  95.
  99.  99.][-98. -96. -95. -92. -89. -87. -84. -84. -81. -81. -79. -79. -78. -77.
 -75. -73. -73. -72. -66. -59. -59. -57. -56. -53. -53. -51. -50. -49.
 -44. -42. -38. -35. -32. -26. -26. -23. -22. -20. -18. -17. -15. -15.
 -14. -12. -10. -10.  -8.  -7.  -2.   2.   3.   4.   8.   9.   9.  10.
  18.  20.  20.  21.  23.  28.  29.  32.  39.  39.  41.  44.  49.  51.
  53.  56.  56.  58.  61.  62.  67.  68.  69.  75.  78.  79.  79.  81.
  81.  82.  83.  84.  86.  86.  87.  88.  89.  89.  90.  92.  93.  94.
  95.  96.][-99. -96. -93. -90. -90. -89. -89. -87. -84. -82. -79. -76. -76. -75.
 -72. -71. -69. -67. -62. -60. -58. -51. -50. -50. -48. -44. -38. -32.
 -28. -27. -26. -24. -22. -18. -17. -17. -16. -15. -15. -14. -13. -11.
  -8.  -6.  -4.  -4.  -4.  -2.   0.   1.   2.   6.   6.   7.   8.  11.
  17.  17.  17.  23.  25.  26.  29.  33.  34.  34.  34.  37.  37.  37.
  38.  38.  39.  39.  43.  43.  48.  48.  48.  49.  50.  52.  52.  53.
  53.  60.  62.  66.  69.  71.  73.  74.  75.  77.  80.  85.  88.  91.
  98. 100.][-99. -97. -94. -92. -91. -89. -89. -88. -88. -88. -84. -84. -82. -78.
 -78. -78. -75. -69. -68. -67. -65. -65. -65. -62. -61. -60. -55. -53.
 -53. -51. -50. -48. -46. -43. -41. -38. -36. -26. -26. -24. -24. -19.
 -19. -14. -11.  -9.  -8.  -7.  -5.  -5.  -4.  -3.  -2.   0.   0.   3.
   4.   5.   7.   8.   9.  10.  11.  12.  14.  14.  15.  21.  21.  29.
  29.  32.  33.  35.  36.  36.  44.  45.  46.  46.  48.  51.  52.  52.
  54.  57.  58.  59.  61.  62.  62.  63.  66.  67.  69.  87.  90.  96.
  96. 100.][-98. -97. -95. -93. -93. -91. -90. -86. -86. -84. -83. -77. -76. -75.
 -74. -72. -71. -66. -62. -59. -57. -57. -56. -55. -55. -54. -54. -48.
 -48. -47. -46. -41. -32. -31. -29. -23. -22. -16. -15.  -9.  -6.  -5.
  -3.  -3.  -3.  -1.   0.   3.   7.   7.   8.   9.   9.  12.  12.  14.
  14.  17.  23.  28.  29.  32.  38.  39.  44.  46.  47.  51.  51.  53.
  57.  60.  62.  62.  62.  65.  66.  70.  72.  72.  72.  72.  74.  75.
  76.  77.  78.  79.  81.  84.  86.  87.  88.  89.  94.  95.  95.  96.
  98.  98.][-99. -97. -96. -91. -90. -89. -88. -83. -83. -83. -76. -76. -75. -72.
 -71. -70. -69. -67. -67. -62. -62. -61. -60. -58. -57. -57. -55. -55.
 -54. -48. -46. -32. -27. -27. -26. -23. -23. -22. -17. -10.  -9.  -9.
  -8.  -5.  -3.  -2.  -1.   2.   2.   2.   3.   5.   6.   7.   9.  13.
  15.  17.  17.  22.  22.  22.  27.  28.  33.  35.  36.  37.  38.  39.
  43.  43.  46.  49.  51.  51.  53.  57.  61.  61.  63.  63.  64.  64.
  72.  74.  77.  80.  81.  82.  83.  86.  86.  87.  88.  90.  93.  98.
  98. 100.][-100. -100.  -98.  -83.  -79.  -78.  -76.  -76.  -75.  -73.  -72.  -72.
  -71.  -71.  -70.  -67.  -65.  -63.  -59.  -56.  -55.  -54.  -47.  -46.
  -41.  -39.  -35.  -34.  -34.  -33.  -31.  -29.  -22.  -20.  -20.  -19.
  -16.  -15.  -14.  -11.  -10.   -8.   -7.   -7.   -7.   -7.   -3.   -3.
   -1.   -1.    4.    4.    5.    6.    9.   10.   10.   12.   12.   14.
   18.   18.   19.   23.   30.   31.   33.   33.   33.   36.   38.   40.
   41.   44.   46.   47.   49.   49.   50.   51.   55.   56.   59.   61.
   62.   66.   70.   72.   74.   75.   78.   81.   85.   86.   86.   90.
   90.   97.   98.   99.][-100. -100. -100.  -98.  -97.  -97.  -97.  -95.  -93.  -92.  -90.  -89.
  -83.  -82.  -81.  -81.  -77.  -75.  -69.  -69.  -63.  -63.  -59.  -58.
  -57.  -55.  -55.  -52.  -49.  -40.  -39.  -37.  -37.  -34.  -25.  -23.
  -23.  -23.  -22.  -20.  -15.  -13.   -8.   -7.   -6.   -6.   -6.   -6.
   -5.   -4.   -4.    3.    8.   11.   11.   13.   14.   16.   16.   18.
   21.   21.   25.   25.   28.   30.   31.   31.   32.   32.   37.   37.
   40.   41.   42.   46.   47.   47.   50.   51.   55.   59.   60.   62.
   62.   66.   70.   70.   78.   81.   82.   84.   86.   90.   91.   93.
   95.   96.   97.  100.][-98. -97. -95. -94. -94. -89. -87. -86. -82. -82. -82. -81. -78. -78.
 -76. -75. -75. -73. -71. -71. -67. -65. -63. -59. -59. -51. -46. -43.
 -41. -41. -41. -40. -37. -37. -36. -35. -35. -31. -29. -28. -27. -26.
 -25. -25. -20. -18. -17. -17. -12. -12. -10.  -8.  -8.  -6.  -4.  -3.
  -3.  -3.   1.   1.   4.   9.  11.  13.  16.  21.  22.  25.  27.  27.
  27.  28.  30.  36.  41.  45.  47.  48.  52.  55.  57.  58.  63.  64.
  65.  69.  76.  82.  82.  84.  84.  84.  85.  87.  88.  92.  96.  97.
 100. 100.][-99. -99. -97. -93. -92. -81. -80. -80. -79. -77. -76. -73. -73. -71.
 -69. -66. -66. -64. -61. -61. -60. -57. -57. -56. -51. -50. -49. -48.
 -47. -43. -42. -41. -40. -38. -37. -36. -31. -26. -24. -24. -21. -13.
 -13. -11. -10. -10. -10.  -9.  -9.  -6.  -4.  -3.   1.   4.   6.   8.
  14.  16.  21.  22.  28.  28.  30.  31.  34.  34.  37.  38.  39.  39.
  39.  42.  45.  46.  48.  50.  51.  53.  55.  59.  59.  62.  63.  67.
  68.  68.  70.  70.  73.  74.  75.  78.  81.  84.  87.  88.  89.  89.
  91.  95.][-100.  -96.  -95.  -91.  -89.  -88.  -87.  -87.  -86.  -85.  -83.  -83.
  -78.  -77.  -76.  -73.  -71.  -71.  -71.  -69.  -69.  -67.  -64.  -64.
  -64.  -63.  -61.  -57.  -54.  -54.  -51.  -50.  -49.  -48.  -47.  -45.
  -42.  -40.  -38.  -38.  -34.  -30.  -29.  -23.  -22.  -22.  -20.  -15.
  -14.  -14.  -12.   -6.   -3.   -3.   -2.   -2.    3.    4.    5.    6.
   11.   13.   15.   16.   16.   17.   20.   23.   29.   29.   30.   38.
   38.   39.   39.   40.   42.   42.   44.   46.   47.   56.   57.   59.
   59.   62.   63.   63.   76.   78.   81.   82.   84.   84.   88.   92.
   94.   97.   99.   99.][-93. -93. -93. -89. -87. -85. -84. -77. -75. -74. -71. -68. -66. -66.
 -63. -62. -61. -60. -59. -59. -56. -56. -54. -53. -49. -46. -46. -43.
 -41. -34. -33. -32. -28. -27. -26. -25. -23. -19. -19. -18. -17. -16.
 -16. -14. -13. -11.  -9.  -2.  -2.   4.   6.   7.   8.   8.   9.  14.
  17.  18.  20.  22.  27.  28.  31.  31.  32.  32.  33.  34.  34.  34.
  35.  38.  39.  40.  40.  41.  53.  54.  54.  55.  57.  57.  59.  60.
  72.  74.  75.  81.  81.  82.  85.  86.  87.  88.  91.  93.  93.  93.
  95.  99.][-92. -89. -85. -83. -80. -79. -78. -78. -77. -76. -69. -66. -65. -64.
 -61. -60. -59. -59. -58. -57. -56. -55. -53. -50. -49. -48. -45. -45.
 -43. -36. -34. -32. -27. -23. -22. -20. -19. -14. -12. -11. -11. -11.
  -8.  -8.  -8.  -7.  -4.  -4.  -4.  -2.  -1.   1.   3.   6.   9.  10.
  11.  11.  14.  15.  15.  17.  18.  18.  20.  21.  24.  26.  26.  30.
  35.  36.  43.  44.  47.  52.  52.  55.  57.  61.  61.  62.  63.  71.
  72.  73.  77.  78.  78.  79.  86.  89.  91.  92.  92.  93.  95.  99.
 100. 100.][-91. -90. -89. -87. -82. -77. -77. -75. -70. -69. -65. -65. -64. -54.
 -53. -53. -51. -51. -49. -46. -46. -45. -45. -41. -39. -39. -37. -37.
 -36. -35. -29. -27. -27. -24. -22. -22. -20. -17. -15. -14. -13. -13.
 -12. -10. -10. -10.  -5.  -4.  -2.  -2.  -2.   4.   4.   4.   5.   6.
   8.   9.  10.  16.  17.  19.  19.  20.  24.  26.  29.  31.  33.  36.
  37.  39.  45.  45.  47.  51.  53.  55.  55.  62.  64.  71.  72.  74.
  81.  81.  81.  84.  86.  87.  87.  90.  90.  91.  91.  93.  95.  97.
  98.  98.][-100.  -99.  -99.  -99.  -97.  -97.  -96.  -95.  -95.  -93.  -90.  -82.
  -81.  -81.  -80.  -79.  -79.  -77.  -75.  -73.  -71.  -70.  -60.  -58.
  -56.  -56.  -52.  -50.  -38.  -37.  -35.  -34.  -34.  -33.  -30.  -30.
  -29.  -27.  -26.  -25.  -23.  -22.  -21.  -21.  -21.  -19.  -18.  -18.
  -16.  -14.  -12.   -9.   -8.   -8.   -6.   -5.   -4.    4.    9.   11.
   13.   13.   14.   14.   17.   20.   21.   29.   29.   30.   30.   31.
   32.   35.   35.   39.   41.   47.   56.   57.   57.   58.   59.   59.
   62.   64.   68.   72.   72.   77.   80.   81.   87.   88.   88.   90.
   91.   95.   97.   97.][-96. -94. -92. -91. -90. -90. -87. -86. -85. -84. -83. -83. -81. -79.
 -76. -75. -68. -68. -66. -65. -63. -55. -52. -51. -51. -50. -50. -40.
 -39. -36. -35. -34. -33. -29. -25. -24. -22. -19. -17. -17. -15. -15.
 -10.  -7.  -7.  -3.   0.   1.   2.   4.   5.   6.  10.  10.  16.  17.
  18.  19.  20.  20.  21.  26.  26.  29.  29.  30.  32.  34.  37.  37.
  40.  41.  45.  45.  48.  52.  52.  53.  55.  55.  55.  56.  59.  59.
  64.  77.  80.  82.  83.  83.  83.  86.  87.  88.  91.  92.  94.  95.
  97.  99.][-99. -99. -98. -96. -94. -92. -88. -87. -81. -81. -80. -80. -78. -77.
 -77. -77. -72. -68. -64. -63. -63. -58. -58. -56. -56. -55. -55. -52.
 -50. -49. -47. -47. -46. -43. -36. -35. -29. -24. -21. -20. -19. -19.
 -15. -13. -11. -10.   9.  11.  12.  13.  14.  16.  18.  19.  24.  27.
  27.  30.  35.  35.  37.  38.  39.  44.  44.  48.  50.  50.  51.  51.
  54.  58.  61.  62.  63.  63.  65.  67.  72.  73.  73.  74.  76.  76.
  77.  78.  78.  80.  81.  82.  82.  88.  89.  89.  92.  94.  94.  95.
  98.  98.][-100. -100.  -97.  -97.  -95.  -92.  -92.  -92.  -91.  -87.  -84.  -84.
  -82.  -81.  -79.  -73.  -72.  -71.  -68.  -67.  -67.  -67.  -63.  -62.
  -61.  -61.  -60.  -59.  -58.  -53.  -51.  -47.  -47.  -39.  -37.  -32.
  -30.  -24.  -24.  -23.  -22.  -21.  -17.  -16.  -14.  -14.  -13.  -13.
  -13.  -13.   -5.   -4.   -3.   -2.   -2.    3.    4.    6.    7.    8.
   11.   14.   15.   16.   17.   20.   25.   25.   27.   30.   31.   34.
   35.   35.   37.   38.   43.   44.   46.   48.   49.   51.   51.   54.
   54.   55.   58.   61.   61.   65.   66.   67.   67.   67.   75.   76.
   78.   91.   94.   96.][-100.  -98.  -97.  -97.  -95.  -94.  -90.  -90.  -84.  -80.  -78.  -76.
  -75.  -75.  -75.  -70.  -67.  -65.  -60.  -55.  -51.  -47.  -44.  -42.
  -42.  -41.  -39.  -35.  -31.  -28.  -27.  -22.  -17.  -14.  -13.  -11.
  -10.  -10.   -8.   -2.    2.    3.    5.    5.    5.    7.    9.    9.
   11.   15.   16.   17.   17.   18.   22.   23.   23.   24.   25.   25.
   26.   28.   29.   30.   31.   32.   35.   36.   36.   36.   43.   44.
   48.   49.   49.   53.   55.   59.   60.   61.   62.   63.   64.   65.
   65.   67.   68.   72.   72.   75.   76.   77.   78.   81.   86.   87.
   94.   95.   96.   98.][-98. -98. -96. -92. -92. -90. -90. -84. -82. -81. -81. -80. -80. -80.
 -79. -78. -77. -75. -73. -71. -69. -63. -63. -57. -54. -53. -53. -52.
 -50. -44. -44. -40. -40. -38. -38. -37. -34. -31. -30. -28. -26. -26.
 -25. -24. -16. -15. -14. -13. -10.  -9.  -8.  -7.  -5.  -4.  -1.   1.
   1.   8.  10.  13.  17.  17.  17.  20.  23.  24.  25.  28.  30.  30.
  31.  32.  35.  37.  42.  42.  43.  48.  49.  49.  49.  50.  51.  54.
  55.  56.  58.  59.  62.  63.  64.  65.  70.  70.  72.  80.  82.  83.
  86.  98.][-100.  -97.  -96.  -91.  -89.  -88.  -83.  -82.  -80.  -78.  -75.  -75.
  -74.  -72.  -71.  -71.  -70.  -70.  -68.  -67.  -67.  -66.  -63.  -62.
  -60.  -60.  -59.  -58.  -57.  -57.  -56.  -54.  -50.  -47.  -47.  -47.
  -43.  -40.  -37.  -34.  -29.  -29.  -18.  -16.  -16.  -13.  -11.  -11.
   -8.   -6.   -4.   -2.   -2.    1.    3.   10.   11.   14.   16.   17.
   21.   21.   21.   21.   23.   24.   29.   31.   31.   32.   34.   37.
   41.   45.   48.   50.   52.   52.   53.   59.   60.   62.   63.   66.
   67.   68.   71.   78.   79.   79.   80.   80.   82.   83.   85.   89.
   92.   93.   95.   98.][-100.  -99.  -97.  -97.  -93.  -91.  -91.  -88.  -80.  -80.  -80.  -76.
  -70.  -67.  -65.  -62.  -61.  -61.  -60.  -57.  -57.  -55.  -54.  -52.
  -50.  -50.  -48.  -44.  -41.  -39.  -39.  -37.  -32.  -30.  -30.  -27.
  -24.  -23.  -20.  -18.  -17.  -16.  -13.   -9.   -9.   -6.   -3.   -2.
    2.    4.    5.    7.   15.   17.   17.   20.   23.   26.   28.   29.
   29.   31.   32.   34.   36.   37.   38.   40.   40.   42.   48.   49.
   50.   53.   58.   59.   59.   59.   60.   61.   67.   68.   70.   74.
   77.   81.   82.   88.   88.   88.   89.   89.   90.   90.   94.   95.
   99.   99.  100.  100.][-99. -98. -95. -93. -93. -91. -88. -82. -80. -80. -75. -74. -74. -74.
 -70. -66. -65. -64. -63. -60. -58. -56. -51. -49. -48. -47. -42. -42.
 -42. -41. -40. -39. -38. -34. -29. -25. -24. -23. -23. -15. -14. -14.
 -12. -10.   0.   1.   2.   6.  12.  12.  12.  17.  20.  22.  23.  29.
  30.  33.  35.  35.  45.  46.  46.  47.  47.  51.  52.  52.  53.  54.
  55.  55.  55.  60.  60.  62.  62.  65.  65.  67.  67.  69.  72.  73.
  74.  78.  82.  83.  83.  84.  85.  85.  90.  91.  93.  94.  97.  98.
  99. 100.][-100.  -99.  -97.  -95.  -94.  -92.  -91.  -85.  -85.  -83.  -82.  -82.
  -80.  -79.  -78.  -77.  -77.  -72.  -70.  -69.  -69.  -67.  -66.  -63.
  -59.  -54.  -50.  -49.  -48.  -45.  -44.  -38.  -37.  -36.  -33.  -32.
  -31.  -28.  -25.  -20.  -20.   -7.   -5.   -3.   -3.    1.    2.    3.
    3.    4.    8.    8.   11.   12.   15.   17.   20.   21.   24.   25.
   27.   27.   28.   30.   30.   30.   30.   31.   32.   34.   38.   38.
   38.   40.   40.   42.   43.   43.   52.   53.   53.   58.   60.   63.
   65.   68.   74.   79.   80.   82.   83.   84.   85.   85.   88.   89.
   90.   93.   96.   99.][-99. -99. -97. -96. -95. -93. -91. -91. -90. -85. -84. -84. -80. -72.
 -71. -71. -70. -70. -69. -67. -61. -61. -61. -59. -58. -57. -55. -53.
 -47. -45. -43. -43. -40. -37. -36. -35. -29. -29. -28. -27. -25. -24.
 -22. -19. -16. -12. -11.  -9.  -2.   3.   3.   8.  11.  12.  12.  13.
  14.  16.  17.  17.  18.  19.  19.  19.  21.  21.  22.  29.  30.  32.
  32.  41.  43.  47.  51.  53.  54.  54.  55.  60.  61.  63.  67.  71.
  72.  72.  73.  74.  78.  78.  82.  82.  85.  87.  89.  90.  91.  91.
  94. 100.][-100.  -97.  -97.  -96.  -96.  -94.  -79.  -78.  -75.  -72.  -71.  -66.
  -66.  -63.  -60.  -59.  -59.  -55.  -53.  -52.  -52.  -48.  -46.  -43.
  -37.  -37.  -34.  -33.  -32.  -32.  -29.  -27.  -25.  -23.  -19.  -16.
  -14.  -11.  -11.  -10.   -8.   -5.   -4.   -4.   -2.    0.    5.    6.
    7.    8.   13.   20.   25.   26.   26.   30.   30.   34.   37.   38.
   39.   40.   43.   44.   44.   45.   51.   52.   53.   54.   55.   55.
   58.   60.   63.   66.   67.   67.   69.   73.   73.   76.   76.   77.
   79.   83.   83.   85.   87.   88.   88.   91.   92.   93.   93.   93.
   97.  100.  100.  100.][-100. -100.  -97.  -97.  -97.  -95.  -93.  -92.  -90.  -88.  -86.  -86.
  -85.  -83.  -78.  -75.  -75.  -70.  -65.  -64.  -60.  -59.  -57.  -56.
  -56.  -55.  -52.  -51.  -48.  -47.  -46.  -42.  -40.  -38.  -37.  -36.
  -32.  -32.  -25.  -23.  -21.  -15.  -14.   -9.   -9.   -7.   -7.   -4.
   -4.    7.    7.   10.   10.   16.   16.   16.   17.   23.   23.   24.
   29.   32.   37.   37.   41.   44.   44.   44.   45.   47.   47.   48.
   49.   53.   57.   59.   64.   67.   68.   69.   69.   71.   71.   73.
   80.   81.   82.   82.   83.   88.   89.   93.   93.   96.   97.   98.
   98.   98.   99.  100.][-99. -97. -96. -96. -96. -88. -82. -82. -81. -75. -73. -72. -71. -70.
 -69. -68. -65. -61. -59. -58. -58. -55. -55. -54. -54. -47. -45. -45.
 -43. -43. -42. -42. -39. -39. -39. -38. -34. -30. -29. -26. -24. -23.
 -22. -22. -19. -19. -18. -17. -14. -12. -11.  -9.  -6.  -5.  -3.   1.
   2.   5.   7.  10.  11.  11.  12.  18.  22.  24.  27.  27.  32.  35.
  39.  43.  45.  45.  48.  48.  49.  51.  51.  53.  55.  58.  58.  60.
  61.  61.  66.  67.  67.  69.  74.  77.  80.  82.  85.  91.  91.  96.
  97.  99.][-98. -97. -94. -94. -90. -88. -88. -87. -84. -81. -78. -77. -77. -76.
 -74. -73. -70. -70. -69. -66. -65. -63. -63. -62. -59. -58. -56. -54.
 -54. -50. -50. -44. -43. -42. -41. -38. -34. -31. -31. -29. -28. -28.
 -27. -20. -17. -15.  -9.  -4.  -4.  -4.  -3.  -2.  -1.   0.   1.   4.
   5.   5.   7.   7.  12.  16.  17.  17.  18.  21.  22.  24.  26.  30.
  31.  40.  44.  47.  52.  53.  55.  55.  55.  61.  63.  67.  67.  69.
  71.  73.  74.  74.  75.  77.  78.  79.  80.  82.  84.  87.  90.  92.
  95.  99.][-100.  -98.  -98.  -97.  -96.  -91.  -89.  -88.  -84.  -80.  -78.  -75.
  -73.  -73.  -71.  -71.  -70.  -66.  -60.  -59.  -56.  -52.  -47.  -46.
  -37.  -33.  -23.  -22.  -21.  -17.  -13.  -12.   -9.   -5.   -5.   -4.
   -4.   -3.   -1.    0.    0.    0.    1.    4.    4.    4.    7.    7.
    8.    8.    8.   10.   11.   14.   15.   20.   22.   22.   24.   27.
   27.   30.   32.   35.   37.   43.   46.   50.   51.   54.   55.   57.
   58.   58.   58.   64.   68.   69.   69.   70.   71.   73.   76.   82.
   82.   83.   84.   85.   85.   86.   86.   88.   89.   89.   90.   92.
   95.   99.  100.  100.][-100.  -96.  -92.  -80.  -80.  -75.  -70.  -70.  -70.  -66.  -64.  -63.
  -62.  -60.  -58.  -58.  -57.  -56.  -56.  -51.  -51.  -50.  -48.  -47.
  -47.  -46.  -45.  -45.  -45.  -39.  -38.  -38.  -37.  -35.  -34.  -33.
  -32.  -32.  -28.  -27.  -27.  -20.  -16.  -10.   -7.   -4.   -4.   -4.
    4.    6.    8.    9.    9.   12.   16.   17.   21.   21.   22.   22.
   24.   25.   26.   27.   33.   36.   40.   44.   44.   45.   48.   49.
   52.   55.   56.   57.   60.   60.   67.   67.   71.   72.   74.   74.
   77.   78.   78.   82.   82.   82.   82.   83.   84.   87.   88.   91.
   91.   96.   97.  100.][-99. -99. -95. -93. -90. -88. -85. -83. -81. -78. -73. -73. -71. -71.
 -71. -67. -67. -65. -61. -59. -53. -52. -51. -40. -39. -31. -31. -28.
 -25. -23. -23. -21. -14. -13.  -9.  -9.  -6.  -5.  -3.  -1.   0.   3.
   8.  10.  13.  16.  17.  18.  18.  20.  21.  21.  25.  28.  29.  30.
  32.  32.  33.  35.  36.  41.  42.  42.  46.  47.  49.  53.  54.  57.
  59.  60.  63.  63.  66.  67.  67.  68.  69.  69.  70.  71.  72.  73.
  73.  74.  75.  77.  77.  79.  80.  80.  91.  91.  91.  91.  92.  93.
  97. 100.][-100.  -97.  -94.  -93.  -91.  -87.  -82.  -79.  -77.  -72.  -72.  -71.
  -71.  -65.  -64.  -64.  -62.  -52.  -50.  -49.  -46.  -41.  -40.  -38.
  -38.  -37.  -33.  -30.  -27.  -27.  -26.  -25.  -23.  -21.  -19.  -18.
  -17.  -14.  -13.  -10.   -9.   -9.   -8.   -7.   -4.    0.    1.    3.
    6.    9.   13.   13.   13.   14.   16.   16.   22.   23.   23.   23.
   25.   25.   26.   27.   31.   35.   38.   39.   39.   40.   42.   44.
   46.   48.   48.   52.   52.   52.   52.   53.   57.   58.   62.   62.
   66.   67.   67.   69.   70.   74.   79.   81.   83.   88.   90.   90.
   94.   94.   96.   98.][-94. -91. -91. -90. -89. -84. -81. -81. -81. -80. -76. -74. -71. -71.
 -70. -67. -66. -65. -65. -64. -63. -61. -61. -61. -59. -58. -56. -55.
 -51. -50. -48. -44. -42. -39. -37. -28. -25. -24. -22. -22. -17. -16.
 -12. -10.  -8.  -7.  -4.   2.   5.   7.  10.  14.  18.  18.  20.  20.
  21.  21.  22.  22.  25.  27.  27.  29.  29.  31.  33.  34.  36.  39.
  40.  42.  45.  50.  52.  52.  55.  55.  57.  58.  58.  62.  65.  69.
  72.  72.  79.  85.  87.  87.  91.  92.  93.  97.  97.  97.  98.  98.
  99.  99.][-97. -91. -90. -87. -86. -86. -82. -82. -80. -77. -76. -76. -76. -69.
 -67. -61. -61. -59. -55. -52. -51. -51. -49. -48. -46. -45. -44. -44.
 -40. -37. -37. -36. -35. -33. -32. -28. -18. -18. -17. -15. -14. -13.
 -12. -10.  -7.  -3.  -1.   2.   2.   4.   9.  13.  14.  15.  21.  22.
  22.  24.  25.  27.  27.  28.  30.  32.  34.  34.  37.  37.  41.  41.
  43.  43.  45.  49.  52.  54.  55.  60.  61.  63.  64.  65.  65.  68.
  69.  69.  73.  75.  76.  78.  80.  81.  85.  86.  88.  89.  92.  95.
  98.  98.][-100.  -98.  -96.  -95.  -94.  -90.  -90.  -88.  -88.  -84.  -83.  -80.
  -80.  -73.  -73.  -70.  -70.  -69.  -64.  -64.  -63.  -59.  -54.  -53.
  -51.  -50.  -47.  -46.  -45.  -41.  -33.  -33.  -32.  -31.  -28.  -23.
  -19.  -16.  -14.   -8.   -7.   -3.    1.    9.   11.   11.   16.   23.
   24.   25.   26.   27.   27.   27.   27.   28.   30.   31.   32.   33.
   35.   35.   36.   37.   41.   41.   41.   41.   42.   44.   45.   45.
   47.   48.   48.   52.   53.   57.   57.   58.   61.   63.   64.   64.
   67.   69.   70.   70.   80.   82.   83.   83.   88.   89.   90.   90.
   91.   94.   96.   98.][-100.  -99.  -97.  -94.  -92.  -92.  -89.  -86.  -86.  -84.  -83.  -80.
  -77.  -73.  -72.  -70.  -68.  -67.  -65.  -62.  -59.  -59.  -58.  -58.
  -56.  -55.  -55.  -54.  -52.  -52.  -49.  -48.  -48.  -45.  -45.  -41.
  -40.  -37.  -33.  -31.  -25.  -25.  -23.  -18.  -18.  -15.  -13.  -12.
  -11.   -9.   -6.   -1.    5.    8.    9.    9.   15.   15.   17.   19.
   19.   22.   24.   25.   25.   26.   31.   33.   34.   36.   37.   40.
   40.   41.   41.   42.   50.   56.   67.   77.   77.   79.   81.   82.
   83.   83.   84.   85.   86.   87.   90.   92.   93.   93.   95.   98.
   98.  100.  100.  100.][-100.  -99.  -99.  -91.  -88.  -87.  -87.  -86.  -86.  -82.  -82.  -80.
  -78.  -78.  -77.  -73.  -73.  -69.  -64.  -60.  -56.  -52.  -52.  -51.
  -47.  -46.  -45.  -44.  -43.  -43.  -42.  -40.  -39.  -35.  -33.  -33.
  -33.  -32.  -31.  -23.  -22.  -22.  -21.  -19.  -18.  -17.  -12.  -12.
  -10.   -3.   -3.   -1.    0.    4.    5.    6.    7.    9.   11.   13.
   14.   15.   16.   22.   23.   24.   25.   25.   37.   39.   41.   44.
   49.   50.   51.   51.   52.   52.   56.   59.   61.   61.   65.   66.
   67.   69.   72.   74.   75.   76.   83.   84.   84.   85.   86.   89.
   89.   91.   91.   95.][-99. -93. -92. -91. -91. -89. -83. -83. -82. -82. -77. -77. -77. -77.
 -75. -73. -68. -66. -63. -61. -61. -57. -51. -48. -42. -42. -39. -39.
 -38. -37. -36. -35. -33. -32. -28. -28. -26. -25. -22. -18. -18. -18.
 -16. -16. -15. -15. -12. -12. -11. -11. -10.  -6.  -1.   4.   6.  12.
  13.  17.  18.  23.  24.  25.  35.  38.  41.  41.  42.  42.  42.  44.
  44.  48.  49.  51.  52.  53.  56.  57.  58.  58.  60.  62.  64.  65.
  65.  67.  71.  71.  74.  75.  77.  82.  85.  87.  87.  93.  94.  97.
  99.  99.][-100.  -97.  -95.  -94.  -92.  -87.  -85.  -82.  -82.  -81.  -73.  -72.
  -69.  -66.  -65.  -64.  -62.  -57.  -54.  -50.  -45.  -42.  -40.  -38.
  -37.  -37.  -33.  -30.  -27.  -26.  -23.  -19.  -19.  -19.  -17.  -14.
  -14.   -8.   -6.   -6.   -6.   -4.   -2.    0.    1.    4.    8.    9.
    9.   10.   10.   12.   18.   19.   21.   21.   23.   25.   28.   31.
   32.   37.   37.   39.   39.   40.   41.   41.   44.   45.   45.   48.
   50.   52.   54.   55.   56.   56.   57.   58.   60.   65.   70.   75.
   76.   77.   79.   79.   85.   85.   85.   85.   86.   89.   95.   95.
   97.   99.  100.  100.][-100.  -89.  -86.  -86.  -84.  -80.  -79.  -79.  -78.  -74.  -74.  -73.
  -73.  -70.  -68.  -66.  -60.  -58.  -52.  -48.  -47.  -45.  -44.  -43.
  -43.  -43.  -42.  -41.  -38.  -38.  -38.  -37.  -33.  -33.  -32.  -31.
  -30.  -27.  -24.  -23.  -23.  -23.  -23.  -22.  -21.  -21.  -18.  -17.
  -17.  -16.   -4.   -1.    2.    5.    6.    8.    9.   10.   10.   10.
   12.   16.   17.   20.   22.   27.   28.   28.   28.   32.   33.   36.
   38.   38.   41.   41.   52.   56.   59.   59.   60.   64.   64.   64.
   65.   65.   66.   68.   69.   73.   74.   79.   81.   81.   88.   92.
   94.   95.   96.   99.][-100.  -96.  -94.  -94.  -94.  -90.  -86.  -84.  -83.  -81.  -80.  -80.
  -77.  -74.  -70.  -67.  -62.  -62.  -62.  -62.  -62.  -61.  -60.  -60.
  -58.  -56.  -53.  -50.  -49.  -49.  -47.  -47.  -46.  -45.  -39.  -36.
  -36.  -33.  -31.  -28.  -28.  -26.  -21.  -19.  -17.  -16.  -16.  -10.
   -9.   -8.   -7.    0.    3.    5.    7.    9.    9.   11.   13.   13.
   16.   17.   19.   22.   24.   26.   31.   31.   32.   33.   34.   40.
   42.   43.   46.   51.   56.   57.   59.   59.   60.   67.   71.   73.
   73.   74.   77.   79.   81.   81.   84.   85.   86.   88.   90.   92.
   95.   99.  100.  100.][-98. -94. -93. -85. -85. -84. -83. -83. -82. -81. -78. -78. -76. -75.
 -74. -74. -74. -74. -74. -73. -73. -69. -69. -68. -68. -65. -64. -64.
 -63. -60. -58. -55. -54. -51. -49. -44. -43. -40. -40. -38. -36. -31.
 -30. -27. -26. -25. -24. -19. -19. -19. -14. -13.  -8.  -7.  -6.  -6.
  -3.   2.   2.   2.   5.   5.   5.   5.   7.   9.  11.  20.  22.  24.
  26.  27.  29.  32.  36.  37.  40.  42.  44.  45.  46.  47.  52.  56.
  59.  60.  65.  70.  75.  75.  80.  81.  85.  88.  89.  91.  93.  96.
  97.  98.][-98. -97. -95. -94. -94. -90. -87. -82. -81. -79. -79. -79. -77. -77.
 -76. -74. -64. -59. -59. -56. -54. -52. -51. -46. -45. -41. -39. -35.
 -35. -34. -33. -31. -30. -29. -22. -19. -19. -18. -15. -14. -14. -11.
  -9.  -7.  -5.  -5.  -4.  -3.   0.   5.   7.   7.   9.  12.  14.  17.
  17.  17.  18.  20.  22.  24.  25.  27.  28.  29.  31.  32.  33.  35.
  36.  39.  42.  43.  45.  47.  49.  51.  52.  55.  58.  60.  61.  63.
  67.  68.  75.  76.  78.  82.  82.  84.  88.  88.  89.  90.  91.  93.
  98.  99.][-96. -94. -93. -93. -91. -88. -88. -87. -86. -85. -83. -82. -81. -78.
 -78. -75. -75. -74. -73. -65. -63. -61. -60. -56. -55. -50. -47. -46.
 -45. -44. -44. -37. -37. -32. -32. -32. -30. -28. -27. -26. -26. -25.
 -24. -19. -17. -10. -10. -10.  -8.  -4.   0.   1.   2.   4.   5.   7.
   7.  11.  15.  17.  20.  24.  27.  27.  28.  36.  37.  38.  40.  42.
  44.  46.  50.  51.  51.  52.  52.  56.  57.  57.  57.  57.  62.  70.
  70.  72.  74.  77.  78.  81.  83.  90.  91.  91.  91.  91.  95.  96.
  99. 100.][-98. -96. -96. -94. -90. -89. -82. -81. -80. -79. -79. -76. -73. -70.
 -69. -68. -67. -67. -65. -65. -64. -60. -59. -58. -57. -55. -55. -53.
 -52. -51. -43. -41. -41. -40. -39. -39. -35. -33. -32. -31. -31. -29.
 -28. -27. -25. -22. -17. -14. -13.  -8.  -5.  -4.   0.   1.   9.  15.
  23.  27.  28.  29.  31.  33.  35.  37.  40.  40.  43.  44.  44.  44.
  51.  52.  52.  58.  61.  62.  62.  64.  66.  69.  69.  74.  78.  78.
  85.  85.  85.  85.  88.  89.  91.  91.  92.  92.  95.  97.  98.  98.
  98.  99.][-98. -97. -97. -96. -95. -92. -92. -91. -91. -90. -89. -88. -81. -79.
 -77. -76. -74. -73. -71. -71. -69. -68. -67. -65. -61. -58. -58. -57.
 -54. -51. -51. -51. -50. -48. -43. -42. -38. -34. -31. -30. -30. -28.
 -23. -22. -18. -18. -18. -18.  -9.  -9.  -8.  -2.   0.   0.   2.   3.
   4.   6.   7.   7.   9.  10.  11.  11.  15.  15.  19.  25.  26.  28.
  28.  35.  37.  43.  45.  47.  47.  49.  50.  50.  51.  55.  60.  61.
  62.  64.  64.  67.  70.  74.  74.  75.  76.  78.  79.  80.  81.  82.
  85.  95.][-100.  -99.  -96.  -93.  -85.  -82.  -81.  -80.  -77.  -75.  -74.  -66.
  -64.  -62.  -62.  -60.  -57.  -56.  -55.  -55.  -55.  -54.  -54.  -50.
  -49.  -48.  -45.  -45.  -44.  -39.  -36.  -34.  -32.  -30.  -27.  -25.
  -24.  -23.  -20.  -19.   -2.    1.    3.    9.   11.   12.   13.   20.
   23.   26.   28.   30.   32.   35.   35.   38.   44.   46.   47.   47.
   47.   48.   48.   49.   50.   51.   52.   53.   54.   54.   57.   57.
   61.   62.   63.   64.   65.   66.   66.   67.   70.   71.   75.   75.
   77.   79.   79.   82.   87.   91.   91.   91.   92.   94.   96.   96.
   98.   99.   99.   99.][-97. -96. -96. -91. -89. -89. -88. -87. -85. -84. -83. -82. -79. -74.
 -70. -67. -67. -64. -64. -62. -57. -57. -57. -57. -54. -52. -51. -50.
 -48. -45. -38. -37. -36. -34. -33. -32. -32. -32. -31. -30. -29. -29.
 -28. -28. -19. -18. -17. -10.  -6.  -5.   4.   5.   9.   9.  10.  14.
  14.  16.  16.  17.  17.  18.  19.  23.  25.  26.  29.  30.  32.  34.
  34.  38.  38.  40.  40.  41.  42.  45.  48.  49.  50.  53.  53.  56.
  57.  58.  59.  60.  66.  81.  85.  86.  88.  90.  92.  94.  94.  94.
  98. 100.][-98. -97. -91. -90. -85. -84. -81. -80. -79. -77. -77. -76. -76. -73.
 -70. -67. -65. -64. -63. -63. -60. -60. -58. -52. -51. -48. -44. -42.
 -42. -40. -38. -37. -36. -33. -31. -28. -27. -27. -24. -21. -21. -20.
 -19. -19. -18. -17.  -7.  -6.  -3.  -3.  -2.  -2.  -1.   0.   1.   4.
   8.  11.  11.  12.  15.  15.  24.  25.  26.  30.  30.  31.  32.  36.
  36.  40.  41.  41.  41.  42.  44.  44.  48.  49.  53.  63.  64.  66.
  66.  67.  68.  73.  75.  75.  76.  78.  85.  87.  89.  93.  93.  97.
  98.  98.][-99. -98. -97. -93. -92. -91. -86. -85. -83. -79. -71. -69. -69. -68.
 -67. -63. -60. -60. -58. -49. -47. -43. -40. -39. -37. -36. -33. -32.
 -31. -30. -29. -29. -28. -20. -15. -11.  -6.  -5.  -5.  -3.   0.   1.
   4.   6.   7.   7.   7.   8.  11.  14.  15.  17.  19.  19.  22.  23.
  24.  26.  29.  29.  33.  34.  38.  38.  38.  43.  43.  44.  44.  47.
  49.  50.  50.  51.  53.  54.  54.  58.  59.  60.  62.  63.  63.  66.
  67.  70.  71.  73.  74.  74.  77.  83.  84.  85.  86.  89.  92.  93.
  95.  96.][-98. -98. -97. -95. -91. -91. -83. -82. -82. -82. -80. -80. -76. -75.
 -74. -73. -73. -71. -69. -67. -66. -63. -62. -61. -60. -54. -54. -53.
 -52. -51. -47. -42. -42. -41. -38. -37. -35. -34. -27. -27. -26. -24.
 -23. -22. -18. -16. -14. -14. -13.  -7.  -7.  -3.  -1.   0.   2.   3.
   6.   9.  11.  12.  17.  17.  18.  19.  20.  27.  27.  29.  37.  41.
  41.  47.  50.  50.  52.  53.  55.  58.  59.  60.  63.  65.  65.  70.
  71.  72.  78.  79.  81.  81.  84.  85.  85.  88.  89.  92.  93.  95.
  98.  98.][-100. -100.  -96.  -96.  -95.  -91.  -91.  -91.  -86.  -84.  -83.  -77.
  -76.  -74.  -69.  -69.  -63.  -61.  -59.  -59.  -57.  -56.  -56.  -54.
  -53.  -53.  -50.  -49.  -47.  -44.  -44.  -43.  -42.  -40.  -39.  -38.
  -38.  -34.  -10.   -9.   -9.   -8.   -4.   -4.   -3.   -2.   -2.   -2.
   -2.    0.    1.    4.    5.    8.    9.   10.   11.   12.   12.   17.
   20.   21.   22.   24.   28.   31.   34.   35.   38.   38.   41.   42.
   46.   49.   50.   59.   59.   60.   61.   67.   67.   70.   74.   76.
   77.   80.   82.   84.   85.   87.   87.   89.   92.   92.   94.   96.
   96.   96.   97.  100.][-98. -96. -95. -95. -92. -90. -88. -88. -88. -87. -85. -84. -78. -78.
 -77. -71. -71. -71. -71. -68. -67. -67. -65. -63. -63. -62. -59. -57.
 -51. -50. -47. -45. -44. -36. -34. -33. -32. -31. -29. -27. -26. -22.
 -18. -17. -14. -14. -12. -10.  -9.  -5.  -4.  -4.  -1.  -1.   0.   2.
   4.   5.   9.  11.  13.  15.  15.  15.  28.  28.  29.  30.  30.  31.
  34.  36.  37.  38.  42.  45.  54.  58.  61.  63.  64.  66.  67.  70.
  72.  72.  73.  77.  78.  80.  88.  88.  89.  89.  93.  95.  97.  97.
 100. 100.][-99. -99. -97. -95. -95. -84. -82. -81. -79. -76. -76. -73. -73. -70.
 -67. -66. -65. -62. -58. -58. -56. -50. -47. -46. -44. -41. -39. -38.
 -36. -35. -35. -31. -28. -28. -27. -23. -23. -22. -22. -21. -21. -18.
 -18. -18. -16. -13. -13. -11.  -7.  -6.  -5.   5.   8.   8.  13.  14.
  17.  25.  27.  28.  29.  37.  39.  39.  44.  46.  46.  50.  50.  51.
  55.  55.  56.  56.  57.  57.  57.  59.  66.  67.  70.  70.  71.  72.
  78.  78.  80.  82.  82.  83.  86.  86.  90.  91.  92.  94.  95.  96.
  98. 100.][-98. -97. -95. -94. -90. -87. -86. -85. -85. -84. -79. -79. -75. -75.
 -74. -73. -72. -71. -59. -59. -59. -58. -58. -58. -57. -52. -48. -46.
 -43. -37. -34. -34. -33. -33. -30. -29. -26. -25. -24. -22. -20. -19.
 -16. -16. -15. -15. -14. -10.  -9.  -8.  -7.  -5.  -3.   7.   9.  12.
  12.  12.  15.  15.  16.  18.  22.  26.  29.  29.  31.  33.  36.  37.
  42.  43.  44.  49.  50.  56.  57.  58.  60.  62.  64.  65.  68.  70.
  73.  75.  75.  77.  80.  83.  84.  88.  90.  90.  92.  93.  94.  95.
  96.  98.][-97. -95. -94. -93. -91. -88. -87. -87. -86. -82. -80. -80. -78. -73.
 -72. -71. -71. -70. -66. -65. -63. -62. -61. -60. -58. -52. -51. -48.
 -43. -39. -39. -37. -36. -36. -33. -32. -27. -21. -21. -20. -19. -19.
 -19. -14. -13.  -9.  -2.  -2.  -2.  -1.   0.   0.   3.   6.   6.   9.
  10.  10.  17.  22.  22.  23.  23.  26.  27.  27.  29.  30.  33.  33.
  37.  39.  40.  40.  42.  53.  54.  58.  60.  60.  63.  64.  66.  67.
  67.  67.  67.  68.  68.  72.  73.  73.  74.  75.  76.  79.  83.  84.
  95.  98.][-99. -98. -96. -96. -95. -95. -93. -91. -80. -80. -74. -74. -73. -73.
 -70. -69. -66. -65. -63. -57. -53. -51. -51. -49. -48. -43. -43. -42.
 -40. -40. -36. -34. -34. -31. -31. -28. -23. -22. -21. -20. -18. -18.
 -16. -14. -13. -12. -10. -10.  -8.  -8.  -6.  -1.  -1.   2.   2.   3.
   4.   5.   9.   9.  14.  16.  19.  23.  27.  28.  28.  31.  32.  35.
  35.  36.  37.  40.  41.  42.  44.  45.  51.  54.  60.  62.  63.  67.
  68.  74.  76.  76.  77.  77.  79.  84.  85.  86.  86.  91.  91.  96.
  97.  99.][-98. -97. -95. -90. -89. -89. -89. -88. -88. -86. -85. -85. -84. -83.
 -82. -81. -79. -79. -79. -77. -76. -75. -75. -73. -67. -66. -65. -64.
 -63. -58. -58. -55. -52. -51. -48. -47. -46. -44. -43. -42. -40. -37.
 -36. -30. -29. -28. -25. -22. -20. -15. -13. -11. -10.  -9.  -9.  -7.
  -3.   5.   5.   5.   8.   8.   9.  11.  12.  14.  14.  15.  17.  20.
  21.  23.  23.  26.  29.  34.  34.  39.  40.  44.  45.  47.  51.  52.
  53.  54.  62.  66.  66.  69.  70.  74.  78.  84.  84.  86.  93.  94.
  99. 100.][-100. -100.  -97.  -93.  -91.  -88.  -87.  -83.  -83.  -82.  -81.  -81.
  -78.  -78.  -75.  -73.  -69.  -59.  -52.  -50.  -48.  -47.  -47.  -46.
  -45.  -45.  -43.  -42.  -38.  -35.  -35.  -34.  -30.  -30.  -28.  -27.
  -24.  -21.  -20.  -15.  -11.  -10.   -9.   -8.   -7.   -5.   -3.   -3.
   -3.    5.    8.    8.    9.   11.   12.   12.   12.   13.   13.   15.
   17.   20.   21.   22.   24.   26.   27.   29.   33.   35.   37.   37.
   40.   42.   46.   47.   48.   48.   57.   57.   57.   62.   67.   72.
   78.   78.   84.   85.   85.   86.   86.   87.   92.   93.   95.   96.
   97.   98.  100.  100.][-100. -100. -100.  -99.  -98.  -95.  -94.  -94.  -89.  -88.  -88.  -87.
  -86.  -86.  -83.  -82.  -82.  -81.  -71.  -71.  -63.  -60.  -57.  -57.
  -57.  -52.  -47.  -45.  -44.  -42.  -42.  -42.  -39.  -38.  -33.  -32.
  -29.  -29.  -25.  -23.  -22.  -16.  -15.  -12.  -11.  -11.  -10.   -8.
   -6.   -4.   -4.   -2.    2.    5.    5.    6.    6.    6.    9.   11.
   11.   11.   12.   26.   26.   30.   32.   32.   37.   40.   48.   51.
   51.   53.   60.   61.   61.   62.   62.   63.   63.   66.   66.   67.
   68.   70.   73.   74.   76.   79.   90.   90.   91.   94.   94.   94.
   97.   97.   98.   99.][-96. -95. -95. -92. -88. -87. -86. -85. -84. -83. -82. -82. -80. -79.
 -78. -75. -74. -70. -69. -68. -67. -65. -64. -61. -60. -59. -59. -56.
 -49. -47. -47. -45. -40. -39. -38. -34. -33. -33. -33. -32. -27. -21.
 -21. -12. -11.  -9.  -9.  -7.  -5.  -5.  -4.   0.   0.   0.   2.   4.
   4.   8.   9.  11.  11.  12.  16.  17.  18.  24.  27.  30.  33.  34.
  36.  38.  39.  41.  41.  43.  45.  49.  51.  54.  58.  58.  59.  62.
  65.  66.  72.  72.  74.  81.  83.  89.  89.  91.  92.  97.  98.  98.
  99. 100.][-99. -98. -97. -96. -91. -89. -88. -83. -82. -82. -81. -75. -74. -74.
 -71. -63. -63. -61. -58. -57. -54. -53. -52. -49. -49. -48. -47. -46.
 -35. -33. -31. -30. -26. -26. -21. -19. -14.  -8.  -8.  -7.  -7.  -7.
  -6.  -5.   2.   3.   3.   4.   7.   8.  12.  16.  18.  20.  23.  23.
  23.  23.  27.  28.  29.  29.  30.  35.  38.  39.  39.  40.  43.  44.
  45.  45.  49.  52.  54.  55.  55.  56.  57.  60.  63.  65.  66.  66.
  72.  72.  74.  74.  76.  78.  79.  87.  90.  93.  93.  93.  99. 100.
 100. 100.][-95. -91. -91. -90. -90. -90. -88. -87. -84. -81. -78. -76. -71. -70.
 -69. -66. -60. -56. -55. -53. -52. -51. -51. -49. -46. -45. -44. -44.
 -41. -40. -36. -33. -30. -28. -28. -26. -26. -20. -17. -10.  -9.  -9.
  -9.  -6.  -3.  -2.  -2.   0.   9.   9.  11.  11.  12.  14.  14.  15.
  16.  16.  20.  21.  24.  26.  30.  31.  36.  36.  38.  47.  49.  50.
  55.  57.  58.  59.  59.  59.  64.  64.  68.  68.  70.  70.  74.  74.
  76.  79.  80.  84.  85.  86.  87.  89.  90.  91.  94.  97.  97.  98.
  99. 100.][-100. -100.  -97.  -96.  -92.  -92.  -90.  -89.  -88.  -87.  -86.  -83.
  -80.  -80.  -78.  -78.  -76.  -75.  -74.  -67.  -65.  -65.  -63.  -58.
  -53.  -53.  -52.  -52.  -51.  -47.  -46.  -44.  -41.  -39.  -39.  -35.
  -30.  -30.  -28.  -27.  -26.  -25.  -24.  -24.  -20.  -13.  -12.  -11.
   -6.   -5.   -3.    0.    7.    9.    9.   14.   18.   18.   21.   21.
   23.   24.   25.   25.   28.   33.   34.   38.   39.   44.   47.   47.
   48.   48.   51.   51.   51.   53.   58.   64.   68.   68.   71.   72.
   80.   82.   82.   82.   84.   86.   88.   90.   91.   95.   95.   96.
   97.   98.   99.  100.][-100.  -96.  -95.  -90.  -89.  -88.  -85.  -83.  -82.  -79.  -76.  -74.
  -70.  -69.  -68.  -66.  -65.  -62.  -59.  -59.  -59.  -55.  -53.  -51.
  -48.  -44.  -33.  -31.  -30.  -29.  -28.  -27.  -24.  -23.  -22.  -15.
  -15.  -14.  -11.  -10.   -8.   -7.   -6.   -2.    1.    2.    5.    5.
    6.   10.   11.   13.   14.   14.   16.   17.   22.   24.   25.   25.
   27.   28.   28.   28.   31.   33.   33.   38.   39.   40.   42.   49.
   49.   50.   51.   52.   53.   53.   55.   59.   59.   67.   69.   70.
   72.   74.   76.   80.   81.   85.   87.   88.   89.   90.   90.   91.
   92.   93.   95.   99.][-98. -94. -93. -88. -87. -87. -83. -81. -78. -78. -75. -68. -67. -66.
 -62. -61. -59. -54. -52. -50. -49. -49. -46. -43. -40. -31. -29. -29.
 -26. -25. -23. -19. -19. -16. -15. -14. -13. -13. -12. -12. -11.  -8.
  -7.  -7.  -7.  -7.  -6.  -4.  -1.   2.   9.  14.  15.  18.  19.  19.
  21.  21.  22.  25.  26.  26.  26.  27.  29.  35.  36.  37.  39.  41.
  45.  47.  47.  47.  48.  56.  58.  58.  59.  60.  61.  64.  66.  69.
  70.  72.  73.  73.  76.  80.  80.  81.  82.  83.  85.  85.  85.  86.
  88.  91.][-100. -100.  -95.  -94.  -93.  -92.  -88.  -88.  -87.  -83.  -76.  -68.
  -66.  -62.  -62.  -59.  -59.  -57.  -56.  -56.  -52.  -49.  -48.  -47.
  -44.  -40.  -38.  -36.  -28.  -26.  -25.  -24.  -23.  -20.  -19.  -18.
  -17.  -16.  -15.  -14.  -14.   -8.   -7.   -7.   -5.   -4.   -1.    0.
    1.    5.    6.    6.    7.   11.   11.   13.   14.   14.   15.   18.
   21.   21.   25.   29.   34.   37.   39.   40.   40.   41.   45.   48.
   49.   50.   50.   50.   51.   52.   54.   55.   56.   57.   58.   60.
   60.   61.   61.   67.   73.   74.   80.   86.   88.   89.   92.   94.
   97.   98.   99.   99.][-97. -96. -96. -92. -89. -88. -88. -88. -87. -81. -79. -76. -76. -75.
 -72. -71. -70. -67. -66. -65. -62. -60. -59. -57. -55. -53. -53. -52.
 -52. -49. -43. -43. -42. -41. -40. -37. -34. -33. -30. -25. -22. -22.
 -19. -19. -18. -15. -15. -12.  -8.  -4.  -4.  -4.  -3.   2.   5.   6.
   6.   9.  10.  12.  13.  13.  23.  24.  24.  29.  30.  31.  34.  35.
  36.  37.  40.  41.  46.  49.  50.  53.  57.  60.  60.  71.  72.  72.
  73.  74.  75.  78.  80.  80.  80.  81.  82.  85.  88.  88.  90.  92.
  92.  93.][-100.  -98.  -92.  -91.  -91.  -81.  -80.  -79.  -75.  -72.  -72.  -70.
  -69.  -68.  -60.  -58.  -58.  -57.  -55.  -53.  -52.  -52.  -48.  -47.
  -43.  -42.  -41.  -41.  -40.  -38.  -36.  -36.  -35.  -34.  -33.  -32.
  -23.  -23.  -21.  -11.   -8.   -7.   -4.   -3.    1.    2.    4.    8.
   11.   14.   15.   16.   19.   19.   20.   22.   24.   30.   31.   34.
   35.   35.   36.   41.   45.   51.   55.   56.   57.   58.   58.   60.
   63.   63.   64.   64.   64.   64.   67.   67.   72.   72.   77.   78.
   80.   83.   84.   85.   86.   88.   88.   89.   89.   90.   93.   95.
   96.   97.  100.  100.][-97. -94. -91. -91. -86. -84. -82. -79. -79. -77. -76. -75. -73. -72.
 -70. -69. -68. -67. -65. -65. -65. -60. -52. -52. -51. -47. -47. -47.
 -44. -44. -44. -40. -40. -35. -35. -30. -24. -23. -23. -22. -21. -19.
 -13. -12. -11. -11.  -7.  -7.  -5.  -2.  -2.   0.   2.   6.   7.   7.
  11.  11.  15.  17.  18.  20.  23.  24.  25.  27.  31.  37.  41.  41.
  42.  42.  44.  46.  48.  52.  54.  58.  58.  59.  59.  62.  62.  70.
  71.  72.  73.  74.  75.  75.  77.  79.  84.  87.  87.  88.  89.  94.
  99. 100.][-97. -96. -95. -95. -94. -93. -92. -87. -87. -85. -83. -76. -75. -74.
 -72. -72. -69. -67. -65. -63. -58. -57. -56. -55. -54. -53. -49. -47.
 -45. -44. -43. -43. -37. -36. -33. -30. -29. -26. -23. -18. -18. -18.
 -16. -14. -10.  -8.  -7.  -4.   0.   3.   5.  11.  11.  12.  12.  15.
  20.  20.  21.  27.  27.  29.  29.  30.  30.  35.  39.  43.  45.  46.
  50.  50.  52.  52.  53.  60.  62.  62.  64.  64.  68.  69.  69.  70.
  70.  71.  71.  79.  81.  85.  89.  90.  90.  92.  93.  95.  95.  96.
  98.  99.][-98. -96. -94. -93. -93. -91. -91. -89. -88. -88. -88. -86. -78. -74.
 -71. -68. -66. -63. -62. -62. -56. -53. -51. -45. -43. -42. -41. -41.
 -39. -30. -30. -30. -28. -24. -21. -19. -18. -17. -16. -14. -14. -13.
 -12. -11.  -9.  -8.  -8.  -7.  -6.  -1.   0.   6.  10.  10.  10.  13.
  14.  18.  19.  21.  25.  26.  29.  33.  35.  36.  37.  38.  47.  50.
  53.  54.  55.  56.  56.  59.  60.  61.  64.  67.  68.  70.  71.  73.
  77.  79.  80.  81.  83.  86.  86.  87.  88.  91.  91.  92.  95.  96.
  97. 100.][-100.  -98.  -98.  -97.  -97.  -96.  -95.  -95.  -91.  -85.  -84.  -80.
  -80.  -78.  -73.  -72.  -71.  -66.  -66.  -63.  -63.  -63.  -61.  -61.
  -54.  -52.  -50.  -50.  -48.  -46.  -43.  -39.  -39.  -37.  -35.  -34.
  -30.  -29.  -28.  -27.  -27.  -26.  -22.  -17.  -16.  -11.   -9.   -8.
   -7.   -6.   -5.   -5.   -1.   -1.    0.    1.    3.    5.    6.    7.
    7.   10.   12.   12.   13.   13.   14.   15.   18.   19.   23.   30.
   31.   35.   43.   47.   48.   50.   57.   58.   59.   63.   65.   67.
   67.   69.   71.   74.   75.   75.   76.   80.   80.   81.   82.   87.
   88.   90.   90.   93.][-100.  -93.  -92.  -89.  -87.  -86.  -85.  -84.  -84.  -84.  -82.  -81.
  -80.  -78.  -76.  -75.  -74.  -72.  -68.  -67.  -66.  -66.  -63.  -62.
  -57.  -57.  -55.  -52.  -47.  -47.  -47.  -46.  -46.  -34.  -30.  -29.
  -28.  -25.  -25.  -19.  -19.  -17.  -15.  -14.  -14.  -10.   -9.   -5.
   -5.   -4.   -2.    1.    2.    4.    5.    5.    6.   10.   10.   11.
   12.   12.   13.   13.   13.   16.   17.   19.   22.   26.   33.   33.
   38.   39.   42.   43.   43.   43.   44.   56.   57.   58.   61.   63.
   64.   64.   70.   72.   74.   75.   78.   80.   83.   85.   88.   89.
   91.   96.   97.  100.][-96. -96. -90. -89. -86. -82. -81. -81. -80. -80. -79. -78. -77. -75.
 -66. -58. -56. -51. -50. -49. -49. -45. -43. -41. -41. -35. -32. -27.
 -23. -22. -20. -18. -15. -14. -11. -10.  -5.  -1.   1.   3.   3.   4.
   5.   8.  15.  15.  16.  19.  22.  24.  25.  25.  25.  27.  28.  30.
  31.  32.  33.  34.  34.  35.  35.  40.  40.  42.  48.  48.  52.  54.
  54.  55.  57.  58.  58.  58.  61.  66.  66.  66.  70.  73.  74.  74.
  76.  76.  79.  80.  81.  84.  85.  87.  87.  88.  92.  96.  97.  98.
  99.  99.][-100.  -99.  -98.  -98.  -95.  -91.  -86.  -85.  -85.  -84.  -84.  -81.
  -77.  -75.  -75.  -74.  -67.  -60.  -59.  -58.  -55.  -55.  -54.  -51.
  -44.  -44.  -41.  -36.  -35.  -35.  -34.  -32.  -30.  -29.  -23.  -19.
  -19.  -18.  -15.  -12.  -11.   -9.   -7.   -7.   -5.    0.    1.    2.
    4.    6.    6.    9.    9.   10.   11.   12.   13.   14.   16.   21.
   23.   24.   25.   27.   30.   34.   36.   39.   44.   51.   53.   53.
   55.   56.   57.   59.   60.   60.   61.   61.   65.   70.   73.   79.
   80.   81.   82.   83.   85.   85.   86.   87.   90.   93.   94.   97.
   97.   99.   99.  100.]