[-94. -94. -92. -90. -88. -85. -84. -84. -81. -80. -80. -78. -77. -77.
 -74. -73. -70. -61. -59. -55. -54. -52. -51. -47. -46. -45. -44. -42.
 -42. -41. -39. -38. -37. -35. -35. -34. -32. -31. -27. -23. -20. -19.
 -15. -15. -12. -12. -10.  -9.  -9.  -8.   2.   2.   4.   4.   5.   6.
   6.  18.  18.  24.  27.  29.  33.  33.  35.  36.  38.  38.  38.  41.
  44.  45.  45.  50.  51.  52.  54.  55.  56.  58.  58.  59.  59.  63.
  64.  67.  69.  70.  70.  70.  73.  74.  75.  82.  83.  83.  93.  93.
  97.  98.][-100. -100.  -94.  -93.  -93.  -92.  -91.  -90.  -83.  -80.  -74.  -70.
  -69.  -68.  -66.  -61.  -61.  -59.  -55.  -54.  -43.  -42.  -40.  -40.
  -38.  -37.  -35.  -35.  -33.  -29.  -28.  -28.  -28.  -28.  -26.  -26.
  -26.  -25.  -23.  -19.  -18.  -15.  -14.  -14.  -13.  -10.    3.    5.
    6.    9.   10.   15.   16.   20.   23.   23.   24.   24.   30.   31.
   33.   33.   33.   34.   36.   39.   41.   42.   43.   49.   53.   53.
   55.   59.   64.   65.   66.   67.   69.   70.   71.   72.   73.   74.
   75.   76.   78.   79.   80.   80.   81.   88.   88.   89.   90.   91.
   94.   95.   95.   98.][-99. -98. -97. -95. -95. -94. -94. -91. -91. -89. -88. -86. -85. -81.
 -79. -78. -75. -72. -70. -68. -68. -67. -64. -63. -63. -61. -55. -52.
 -51. -46. -39. -35. -35. -33. -28. -26. -25. -24. -23. -21. -21. -21.
 -18. -17. -16. -15. -14.  -7.  -6.  -6.  -6.  -5.  -1.   4.  10.  12.
  12.  18.  19.  19.  20.  22.  27.  28.  28.  29.  32.  35.  36.  45.
  46.  48.  48.  49.  55.  60.  62.  63.  63.  63.  64.  64.  65.  70.
  71.  71.  73.  73.  74.  79.  82.  83.  86.  86.  87.  94.  96.  97.
 100. 100.][-100.  -99.  -98.  -97.  -96.  -96.  -96.  -93.  -91.  -90.  -88.  -86.
  -85.  -85.  -81.  -79.  -77.  -73.  -72.  -72.  -72.  -71.  -67.  -66.
  -64.  -62.  -61.  -56.  -55.  -55.  -55.  -54.  -52.  -52.  -51.  -50.
  -46.  -44.  -43.  -42.  -40.  -38.  -36.  -32.  -32.  -23.  -23.  -22.
  -21.  -21.  -16.  -15.  -14.  -14.  -13.    2.    2.    2.    5.    7.
    8.    9.   10.   10.   12.   14.   19.   20.   21.   25.   29.   30.
   31.   33.   33.   34.   41.   42.   43.   43.   46.   49.   51.   52.
   54.   61.   65.   65.   66.   72.   73.   76.   76.   80.   81.   87.
   89.   90.   93.  100.][-97. -97. -97. -91. -88. -84. -83. -80. -80. -78. -77. -76. -70. -69.
 -68. -65. -63. -61. -59. -58. -58. -57. -56. -54. -51. -51. -49. -47.
 -47. -46. -45. -43. -41. -38. -38. -38. -37. -36. -33. -30. -25. -19.
 -19. -15. -15. -11. -11. -10.  -6.  -6.  -5.  -1.  -1.  -1.   1.   2.
   3.   3.  10.  12.  17.  19.  21.  24.  28.  28.  28.  28.  35.  36.
  37.  39.  40.  40.  44.  47.  50.  50.  51.  53.  61.  65.  66.  68.
  68.  69.  70.  70.  70.  74.  76.  78.  81.  85.  86.  87.  91.  93.
  96.  97.][-100.  -99.  -99.  -97.  -95.  -94.  -91.  -90.  -87.  -85.  -84.  -80.
  -76.  -74.  -73.  -73.  -72.  -71.  -70.  -69.  -69.  -69.  -67.  -66.
  -63.  -63.  -61.  -59.  -57.  -54.  -46.  -45.  -42.  -41.  -39.  -37.
  -34.  -33.  -33.  -33.  -31.  -20.  -20.  -16.   -8.   -6.   -5.   -3.
    1.    3.    9.   10.   10.   11.   13.   13.   14.   14.   15.   18.
   20.   21.   23.   26.   26.   34.   37.   39.   40.   43.   45.   45.
   46.   46.   49.   50.   56.   57.   63.   64.   65.   66.   67.   67.
   67.   71.   76.   78.   78.   83.   83.   85.   85.   87.   87.   91.
   94.   94.   95.   96.][-96. -95. -93. -92. -92. -92. -90. -90. -89. -89. -86. -86. -85. -84.
 -78. -77. -74. -72. -68. -68. -66. -65. -64. -61. -57. -57. -56. -56.
 -50. -49. -49. -49. -46. -44. -43. -43. -37. -31. -31. -30. -21. -20.
 -19. -16. -13.  -9.  -7.  -6.  -5.  -3.  -1.   1.   7.   8.   8.   8.
   8.   9.  10.  12.  15.  17.  20.  21.  21.  23.  23.  26.  33.  41.
  43.  49.  49.  52.  53.  54.  57.  58.  60.  61.  62.  64.  67.  69.
  71.  72.  74.  74.  79.  82.  83.  84.  86.  86.  87.  87.  88.  92.
  93.  93.][-98. -98. -97. -96. -94. -94. -92. -92. -91. -86. -85. -85. -85. -84.
 -83. -83. -83. -83. -78. -76. -74. -70. -64. -63. -61. -60. -55. -52.
 -52. -47. -45. -45. -40. -38. -36. -33. -32. -31. -30. -29. -22. -21.
 -21. -19. -16. -16. -13. -10.  -9.  -7.  -6.  -5.  -4.   0.   0.   2.
   3.   3.  11.  13.  17.  17.  28.  31.  34.  34.  34.  37.  37.  38.
  40.  41.  43.  44.  46.  46.  46.  47.  52.  54.  54.  55.  60.  66.
  67.  74.  74.  75.  76.  76.  77.  80.  81.  84.  87.  88.  90.  91.
  91.  98.][-100.  -93.  -91.  -88.  -87.  -87.  -86.  -82.  -78.  -73.  -69.  -65.
  -64.  -61.  -60.  -59.  -59.  -58.  -57.  -56.  -55.  -50.  -45.  -44.
  -42.  -41.  -39.  -38.  -37.  -36.  -35.  -30.  -29.  -28.  -27.  -27.
  -18.  -15.  -11.   -8.   -8.   -5.   -4.   -3.   -3.   -1.   -1.    1.
    2.   13.   13.   15.   16.   16.   17.   19.   23.   24.   26.   27.
   29.   31.   33.   33.   33.   34.   36.   39.   47.   50.   51.   57.
   57.   60.   60.   61.   61.   61.   62.   64.   65.   69.   71.   71.
   73.   74.   75.   78.   78.   83.   84.   84.   86.   87.   87.   88.
   89.   93.   97.   97.][-100.  -96.  -94.  -91.  -89.  -87.  -83.  -81.  -81.  -81.  -80.  -78.
  -76.  -70.  -69.  -69.  -64.  -62.  -58.  -57.  -56.  -54.  -50.  -49.
  -48.  -48.  -46.  -45.  -43.  -38.  -33.  -32.  -30.  -27.  -26.  -25.
  -23.  -16.   -9.   -2.    2.    5.    7.   10.   10.   12.   13.   16.
   17.   17.   18.   19.   19.   24.   26.   27.   34.   37.   39.   39.
   41.   42.   43.   44.   47.   48.   48.   49.   49.   50.   52.   54.
   54.   54.   59.   60.   61.   66.   67.   72.   72.   73.   74.   75.
   76.   78.   80.   81.   82.   82.   83.   83.   86.   87.   94.   95.
   98.   98.   98.   99.][-98. -97. -93. -92. -85. -84. -84. -84. -82. -81. -81. -79. -79. -78.
 -68. -68. -59. -59. -57. -56. -53. -48. -48. -39. -38. -38. -36. -35.
 -35. -31. -29. -20. -17. -16. -14. -13. -13.  -9.  -9.  -8.  -8.  -6.
  -5.   2.   3.   4.   5.   5.   8.  19.  19.  26.  27.  29.  30.  31.
  31.  32.  32.  32.  34.  35.  36.  38.  38.  42.  43.  44.  45.  45.
  47.  48.  50.  52.  52.  52.  54.  57.  60.  64.  69.  70.  74.  75.
  76.  78.  79.  82.  83.  84.  84.  89.  90.  93.  95.  96.  97.  97.
  98.  99.][-98. -93. -89. -89. -89. -89. -83. -82. -78. -77. -75. -75. -71. -71.
 -67. -67. -62. -58. -54. -54. -50. -41. -40. -38. -37. -35. -34. -32.
 -31. -29. -27. -27. -19. -16. -16. -14. -13. -13.  -6.  -5.  -4.  -3.
  -1.   2.   5.   6.   7.   7.  11.  11.  12.  18.  23.  27.  30.  31.
  32.  37.  38.  41.  42.  44.  44.  45.  47.  48.  50.  51.  54.  55.
  56.  58.  58.  58.  59.  61.  61.  65.  67.  67.  69.  70.  73.  74.
  76.  77.  79.  82.  82.  83.  83.  84.  89.  89.  91.  93.  93.  94.
  95.  97.][-100.  -97.  -88.  -88.  -82.  -79.  -77.  -75.  -74.  -73.  -70.  -69.
  -68.  -67.  -65.  -64.  -63.  -61.  -61.  -60.  -58.  -55.  -54.  -54.
  -53.  -53.  -53.  -50.  -46.  -46.  -41.  -37.  -37.  -32.  -28.  -28.
  -27.  -24.  -24.  -23.  -22.  -20.  -20.  -18.  -17.  -13.  -11.  -11.
   -9.   -9.   -8.   -8.   -3.   -2.   -2.    1.    3.    4.    9.    9.
   12.   13.   14.   14.   16.   20.   24.   27.   30.   36.   37.   37.
   39.   40.   42.   44.   47.   50.   51.   55.   61.   62.   65.   65.
   69.   70.   72.   79.   80.   80.   80.   81.   83.   84.   85.   90.
   94.   95.   96.   96.][-100.  -99.  -97.  -95.  -92.  -91.  -86.  -84.  -83.  -78.  -76.  -75.
  -67.  -67.  -67.  -66.  -66.  -63.  -55.  -52.  -51.  -49.  -47.  -47.
  -45.  -44.  -40.  -39.  -39.  -36.  -36.  -36.  -34.  -34.  -30.  -23.
  -18.  -10.   -8.   -5.   -5.    0.    1.    2.    2.    2.    5.    8.
    8.   11.   13.   14.   19.   21.   22.   24.   24.   28.   30.   36.
   36.   38.   39.   40.   43.   44.   45.   45.   46.   48.   51.   53.
   54.   55.   55.   57.   57.   57.   58.   59.   59.   61.   62.   65.
   69.   72.   73.   74.   74.   77.   79.   81.   82.   84.   87.   91.
   92.   94.   96.   97.][-98. -96. -93. -91. -90. -89. -88. -83. -78. -78. -74. -74. -71. -70.
 -69. -68. -67. -66. -62. -62. -60. -60. -59. -58. -53. -48. -47. -47.
 -41. -37. -27. -23. -21. -19. -18. -16. -14. -12. -12. -11.  -8.  -2.
   0.   0.   2.   2.   7.   8.   8.  12.  12.  13.  18.  18.  19.  22.
  22.  23.  24.  25.  25.  29.  29.  30.  31.  34.  37.  42.  42.  43.
  45.  46.  46.  47.  47.  52.  54.  54.  55.  63.  64.  65.  67.  67.
  70.  70.  70.  71.  74.  74.  76.  76.  76.  77.  86.  90.  91.  97.
  99.  99.][-97. -90. -87. -86. -83. -79. -79. -78. -77. -76. -76. -75. -73. -72.
 -72. -71. -65. -61. -60. -57. -57. -47. -46. -38. -38. -37. -35. -34.
 -33. -31. -31. -29. -29. -25. -20. -17. -15. -15. -13.  -9.  -8.  -8.
  -7.  -6.  -6.  -6.  -5.  -4.   0.   1.   7.   8.   9.  13.  14.  14.
  16.  16.  18.  18.  19.  19.  24.  25.  26.  27.  28.  29.  38.  38.
  41.  41.  42.  42.  43.  43.  45.  50.  52.  54.  55.  56.  56.  57.
  62.  63.  64.  67.  71.  71.  76.  79.  79.  88.  88.  89.  92.  94.
  96. 100.][-99. -96. -96. -95. -95. -93. -83. -83. -81. -79. -77. -77. -76. -73.
 -70. -68. -67. -66. -66. -66. -65. -63. -61. -60. -57. -56. -55. -52.
 -51. -50. -49. -48. -46. -44. -42. -39. -38. -38. -38. -36. -34. -34.
 -32. -31. -31. -26. -25. -24. -22. -17. -16. -10.  -8.  -6.   1.   7.
   8.  10.  11.  13.  14.  15.  16.  19.  19.  20.  22.  28.  31.  37.
  37.  37.  40.  42.  43.  45.  52.  55.  55.  57.  61.  64.  65.  65.
  66.  68.  73.  73.  78.  79.  81.  83.  84.  85.  85.  87.  91.  94.
  94.  96.][-100.  -97.  -96.  -95.  -93.  -91.  -88.  -86.  -85.  -84.  -84.  -82.
  -81.  -80.  -79.  -74.  -68.  -68.  -68.  -67.  -63.  -60.  -60.  -59.
  -58.  -52.  -52.  -49.  -48.  -47.  -46.  -46.  -46.  -46.  -43.  -42.
  -40.  -38.  -38.  -36.  -35.  -32.  -30.  -26.  -22.  -21.  -20.  -20.
  -16.   -6.   -4.   -1.    9.   10.   10.   13.   14.   16.   16.   18.
   22.   25.   25.   30.   31.   32.   32.   33.   39.   48.   49.   49.
   50.   50.   51.   52.   56.   59.   60.   60.   61.   62.   66.   66.
   66.   67.   68.   70.   71.   78.   79.   81.   82.   88.   89.   92.
   93.   94.   95.   95.][-99. -99. -96. -96. -92. -91. -87. -86. -85. -81. -76. -74. -72. -71.
 -69. -65. -61. -59. -56. -56. -52. -52. -49. -44. -43. -43. -43. -34.
 -33. -32. -29. -27. -26. -26. -23. -20. -19. -17. -16. -15. -14. -12.
  -9.  -3.  -2.  -1.   0.   0.   2.  11.  14.  14.  17.  20.  23.  23.
  24.  25.  27.  32.  33.  33.  36.  36.  36.  44.  44.  52.  54.  57.
  58.  59.  60.  61.  61.  63.  65.  66.  67.  67.  67.  68.  68.  70.
  70.  71.  72.  73.  77.  77.  78.  88.  91.  95.  95.  95.  97.  98.
  99. 100.][-99. -94. -93. -87. -86. -81. -81. -79. -77. -73. -72. -72. -70. -70.
 -70. -66. -64. -62. -61. -60. -59. -58. -57. -57. -47. -47. -47. -44.
 -39. -39. -32. -31. -31. -30. -27. -25. -23. -21. -16. -15. -15. -14.
 -10.  -8.  -5.  -4.  -4.  -2.  -1.   1.   1.   2.  12.  14.  15.  20.
  24.  28.  28.  29.  31.  34.  35.  37.  41.  45.  46.  49.  49.  50.
  51.  51.  53.  56.  60.  61.  63.  63.  64.  64.  68.  71.  74.  76.
  76.  82.  82.  83.  83.  85.  86.  86.  87.  88.  91.  91.  91.  92.
  92.  93.][-100.  -98.  -96.  -96.  -83.  -79.  -78.  -78.  -74.  -73.  -73.  -70.
  -69.  -67.  -66.  -65.  -63.  -63.  -62.  -59.  -56.  -52.  -52.  -51.
  -46.  -45.  -44.  -41.  -39.  -38.  -37.  -37.  -36.  -33.  -32.  -32.
  -28.  -28.  -28.  -25.  -24.  -24.  -23.  -15.  -14.  -14.   -7.   -5.
   -5.   -2.   -1.   -1.    3.    7.    8.    9.   20.   21.   25.   28.
   28.   29.   29.   30.   30.   30.   34.   37.   40.   42.   42.   42.
   43.   43.   43.   44.   45.   46.   47.   48.   50.   53.   55.   57.
   58.   64.   69.   69.   77.   78.   81.   81.   82.   82.   84.   84.
   87.   97.   98.  100.][-98. -94. -93. -92. -88. -88. -88. -87. -86. -84. -83. -83. -83. -82.
 -81. -80. -79. -78. -77. -75. -73. -70. -69. -68. -64. -62. -55. -53.
 -53. -51. -51. -47. -45. -42. -39. -38. -37. -34. -30. -27. -25. -20.
 -19. -18. -15.  -5.  -1.   0.   2.   5.   5.   6.   6.   9.  13.  14.
  16.  17.  22.  23.  24.  25.  27.  29.  30.  41.  42.  45.  45.  48.
  49.  51.  53.  54.  58.  59.  59.  60.  60.  62.  63.  63.  64.  66.
  70.  71.  72.  74.  80.  82.  82.  88.  90.  91.  92.  93.  96.  96.
  97.  99.][-99. -96. -94. -92. -89. -87. -84. -84. -81. -81. -78. -75. -72. -71.
 -69. -69. -66. -65. -64. -62. -56. -51. -51. -51. -49. -48. -47. -46.
 -46. -43. -39. -35. -35. -33. -33. -31. -30. -30. -28. -26. -26. -25.
 -25. -20. -20. -16. -16. -14. -11.  -8.  -7.  -4.  -4.  -1.   1.   3.
   6.   9.  10.  14.  15.  16.  27.  29.  34.  37.  37.  38.  39.  39.
  43.  44.  44.  46.  50.  52.  60.  60.  60.  61.  62.  66.  68.  70.
  70.  70.  74.  76.  76.  83.  86.  86.  87.  89.  89.  93.  94.  94.
  97.  98.][-100. -100.  -96.  -94.  -91.  -90.  -89.  -85.  -83.  -78.  -78.  -68.
  -68.  -61.  -59.  -58.  -57.  -55.  -48.  -46.  -43.  -40.  -36.  -34.
  -33.  -31.  -31.  -30.  -28.  -28.  -28.  -25.  -24.  -18.  -15.   -3.
   -1.    0.    3.    4.    4.    5.    7.    7.    9.   10.   14.   15.
   16.   17.   20.   21.   22.   23.   23.   24.   24.   32.   33.   33.
   34.   36.   36.   38.   38.   40.   40.   42.   42.   42.   43.   44.
   44.   49.   51.   58.   59.   60.   67.   69.   69.   72.   74.   76.
   77.   87.   88.   88.   88.   88.   91.   92.   92.   95.   95.   97.
   98.   99.  100.  100.][-100.  -97.  -95.  -92.  -89.  -85.  -79.  -75.  -74.  -72.  -72.  -71.
  -69.  -68.  -67.  -65.  -64.  -62.  -61.  -60.  -60.  -54.  -54.  -53.
  -47.  -43.  -42.  -41.  -38.  -38.  -32.  -31.  -30.  -29.  -27.  -27.
  -23.  -19.  -18.  -18.  -16.  -15.  -15.  -13.  -12.  -12.  -11.   -9.
   -8.   -8.   -7.   -6.   -3.   -3.   -1.   -1.    0.    7.   15.   16.
   17.   21.   21.   24.   26.   26.   27.   32.   34.   37.   37.   39.
   39.   42.   44.   47.   48.   48.   52.   54.   58.   59.   59.   67.
   67.   70.   71.   74.   74.   75.   76.   76.   77.   78.   79.   86.
   86.   87.   91.   93.][-98. -97. -95. -93. -89. -87. -86. -84. -81. -73. -73. -71. -69. -62.
 -61. -60. -59. -59. -56. -56. -56. -53. -52. -52. -50. -49. -47. -46.
 -43. -37. -37. -33. -32. -32. -25. -20. -19. -13. -12. -12. -12.  -9.
  -8.  -7.  -5.  -4.  -4.  -4.  -3.  -3.   1.   2.   3.   5.   6.   9.
  10.  11.  12.  13.  14.  16.  19.  24.  24.  27.  28.  32.  33.  34.
  38.  41.  42.  43.  44.  45.  45.  49.  52.  56.  58.  63.  64.  69.
  72.  73.  74.  75.  76.  80.  83.  83.  88.  88.  89.  89.  90.  92.
  94.  97.][-100. -100.  -99.  -98.  -94.  -93.  -89.  -89.  -88.  -87.  -84.  -84.
  -83.  -83.  -81.  -79.  -78.  -74.  -73.  -66.  -62.  -61.  -60.  -60.
  -58.  -58.  -56.  -55.  -55.  -54.  -53.  -52.  -52.  -48.  -44.  -44.
  -43.  -43.  -41.  -41.  -36.  -32.  -24.  -23.  -10.  -10.   -9.   -3.
   -1.    0.    2.   10.   13.   13.   13.   15.   17.   19.   22.   23.
   26.   27.   27.   28.   31.   34.   36.   37.   39.   43.   43.   43.
   43.   47.   48.   49.   49.   52.   52.   54.   57.   59.   64.   65.
   69.   71.   72.   72.   79.   80.   82.   85.   85.   88.   93.   94.
   94.   96.  100.  100.][-99. -98. -98. -95. -94. -92. -92. -89. -88. -88. -87. -85. -85. -83.
 -80. -79. -78. -76. -66. -66. -62. -61. -60. -58. -57. -56. -53. -53.
 -52. -49. -49. -43. -42. -41. -39. -38. -35. -35. -34. -32. -31. -27.
 -23. -21. -18. -17. -16. -13. -10.  -9.  -4.  -3.  -2.   1.   2.   3.
   5.   8.   8.   9.  10.  11.  13.  14.  17.  18.  19.  22.  27.  28.
  28.  29.  29.  30.  31.  33.  34.  36.  37.  43.  45.  46.  48.  49.
  60.  74.  74.  80.  81.  82.  85.  87.  87.  90.  92.  92.  93.  94.
  95.  96.][-100. -100.  -98.  -93.  -91.  -87.  -86.  -84.  -81.  -77.  -72.  -72.
  -64.  -63.  -61.  -58.  -57.  -56.  -56.  -53.  -51.  -50.  -46.  -46.
  -44.  -38.  -37.  -36.  -34.  -33.  -29.  -28.  -28.  -27.  -27.  -26.
  -24.  -23.  -20.  -19.  -18.  -17.  -17.  -13.  -11.   -9.   -8.   -7.
   -7.   -6.   -3.    2.    3.    3.    4.    4.    5.    7.    9.    9.
   12.   12.   14.   16.   21.   22.   22.   22.   24.   31.   34.   36.
   38.   41.   41.   53.   54.   54.   56.   56.   57.   61.   78.   79.
   80.   82.   82.   82.   84.   86.   88.   90.   92.   93.   94.   95.
   95.   96.   98.  100.][-100.  -95.  -95.  -94.  -92.  -84.  -84.  -82.  -82.  -76.  -75.  -74.
  -71.  -71.  -67.  -63.  -63.  -59.  -58.  -57.  -56.  -54.  -51.  -50.
  -48.  -46.  -44.  -41.  -40.  -37.  -37.  -34.  -30.  -26.  -25.  -23.
  -23.  -23.  -21.  -21.  -19.  -17.  -16.  -14.  -14.  -13.  -13.  -10.
   -7.   -3.   -1.    1.    4.    6.    8.   16.   19.   21.   24.   24.
   25.   28.   28.   35.   35.   35.   37.   37.   39.   40.   40.   42.
   44.   45.   53.   55.   56.   57.   58.   63.   63.   64.   65.   68.
   70.   73.   75.   75.   78.   82.   83.   84.   84.   87.   89.   89.
   90.   94.   95.   97.][-91. -86. -85. -84. -83. -81. -77. -76. -72. -70. -70. -68. -67. -66.
 -65. -65. -60. -59. -59. -59. -58. -57. -57. -56. -56. -52. -52. -51.
 -50. -46. -41. -38. -36. -36. -33. -30. -26. -23. -21. -18.  -7.  -3.
   2.   5.  10.  14.  18.  21.  22.  23.  27.  27.  27.  27.  29.  31.
  31.  31.  31.  32.  35.  36.  38.  40.  41.  43.  45.  47.  50.  51.
  53.  57.  57.  59.  60.  60.  61.  62.  63.  69.  69.  75.  75.  78.
  79.  81.  82.  84.  86.  88.  88.  88.  90.  90.  94.  94.  98.  99.
 100. 100.][-99. -94. -94. -93. -91. -86. -84. -83. -83. -81. -78. -74. -71. -69.
 -66. -66. -62. -61. -60. -59. -51. -47. -46. -45. -44. -44. -42. -36.
 -35. -26. -25. -23. -23. -22. -21. -21. -20. -19. -16. -12. -10.  -8.
  -2.   0.   1.   3.   4.   6.   6.   6.   8.   8.   9.  12.  14.  14.
  15.  17.  18.  23.  25.  26.  29.  35.  37.  40.  40.  42.  42.  45.
  47.  47.  52.  53.  61.  62.  63.  64.  68.  70.  70.  70.  71.  74.
  74.  75.  75.  79.  80.  82.  84.  85.  86.  87.  88.  89.  94.  95.
  98.  99.][-92. -92. -90. -88. -88. -88. -85. -84. -83. -81. -75. -71. -69. -69.
 -68. -67. -66. -65. -64. -61. -52. -52. -51. -50. -46. -43. -37. -37.
 -37. -33. -29. -26. -24. -23. -22. -22. -16. -15. -15. -13. -10.  -9.
  -8.  -7.   2.   5.   9.  14.  14.  16.  18.  19.  21.  24.  24.  25.
  25.  26.  27.  28.  29.  30.  31.  31.  32.  32.  34.  37.  39.  41.
  44.  44.  44.  47.  50.  52.  59.  60.  62.  64.  64.  66.  67.  68.
  70.  72.  72.  72.  76.  76.  79.  80.  81.  82.  83.  90.  90.  95.
  95.  97.][-100. -100.  -99.  -98.  -97.  -96.  -95.  -95.  -94.  -89.  -86.  -85.
  -80.  -79.  -76.  -76.  -73.  -67.  -62.  -60.  -60.  -59.  -59.  -58.
  -58.  -54.  -49.  -47.  -47.  -47.  -47.  -46.  -40.  -38.  -37.  -35.
  -30.  -29.  -28.  -27.  -26.  -25.  -25.  -24.  -24.  -21.  -21.  -19.
  -16.  -11.   -9.   -5.   -1.   -1.   -1.    1.    5.    6.    7.    8.
   15.   16.   18.   26.   28.   31.   34.   37.   38.   41.   46.   50.
   52.   54.   55.   56.   58.   59.   63.   65.   66.   68.   70.   72.
   73.   79.   83.   84.   85.   88.   89.   89.   91.   91.   91.   95.
   96.   99.  100.  100.][-100.  -99.  -98.  -94.  -92.  -91.  -87.  -87.  -84.  -80.  -79.  -77.
  -77.  -70.  -64.  -57.  -56.  -55.  -55.  -54.  -53.  -50.  -48.  -48.
  -47.  -45.  -43.  -41.  -40.  -37.  -32.  -30.  -30.  -26.  -25.  -22.
  -21.  -21.  -19.  -19.  -18.  -17.  -15.  -13.  -13.  -11.   -8.   -8.
   -7.   -6.   -4.   -1.   -1.    2.    5.    6.    7.    7.    7.    9.
   11.   14.   16.   23.   26.   27.   29.   33.   34.   35.   38.   50.
   52.   54.   55.   58.   60.   61.   66.   68.   69.   70.   71.   71.
   73.   74.   74.   78.   80.   82.   83.   85.   87.   88.   89.   93.
   95.   96.   97.   97.][-100.  -99.  -96.  -94.  -87.  -85.  -84.  -82.  -82.  -80.  -80.  -78.
  -75.  -75.  -72.  -69.  -69.  -64.  -63.  -63.  -61.  -58.  -53.  -53.
  -50.  -47.  -46.  -45.  -45.  -35.  -35.  -32.  -31.  -24.  -24.  -24.
  -24.  -23.  -22.  -18.  -16.  -15.  -12.  -12.  -10.   -8.   -8.   -6.
   -3.   -2.   -1.    1.    1.    2.    3.    3.    4.    4.    6.    6.
    7.    9.   12.   12.   14.   16.   21.   23.   25.   26.   28.   31.
   36.   37.   37.   38.   42.   43.   43.   45.   46.   51.   52.   53.
   55.   56.   57.   59.   60.   63.   64.   70.   74.   76.   86.   88.
   92.   92.   97.   99.][-97. -92. -91. -91. -87. -86. -85. -84. -84. -82. -81. -79. -77. -75.
 -73. -72. -69. -69. -69. -69. -68. -68. -67. -66. -57. -53. -53. -50.
 -47. -45. -42. -42. -41. -38. -33. -29. -19. -18. -16. -14. -13. -12.
 -11.  -9.  -8.  -1.   1.   2.   7.   8.   8.   8.   8.  10.  19.  19.
  21.  25.  27.  28.  31.  33.  34.  35.  37.  39.  40.  42.  43.  49.
  50.  52.  53.  55.  59.  63.  64.  67.  72.  75.  76.  78.  78.  78.
  79.  80.  80.  83.  84.  85.  85.  88.  89.  89.  89.  89.  89.  94.
  99. 100.][-100.  -98.  -96.  -94.  -94.  -93.  -92.  -91.  -88.  -86.  -85.  -84.
  -82.  -80.  -75.  -74.  -72.  -65.  -62.  -62.  -59.  -59.  -59.  -58.
  -56.  -53.  -53.  -51.  -48.  -48.  -47.  -40.  -39.  -39.  -39.  -36.
  -35.  -31.  -29.  -27.  -26.  -23.  -22.  -19.  -16.  -13.  -13.  -12.
   -8.   -4.   -4.   -3.   -2.    2.    4.    8.    9.   12.   13.   15.
   15.   17.   17.   19.   20.   28.   31.   31.   31.   32.   32.   33.
   36.   36.   37.   38.   38.   46.   48.   48.   49.   52.   62.   65.
   66.   67.   73.   73.   78.   80.   84.   86.   88.   90.   90.   92.
   93.   95.   95.   95.][-100.  -98.  -95.  -94.  -93.  -88.  -87.  -87.  -85.  -76.  -73.  -71.
  -70.  -67.  -65.  -64.  -64.  -64.  -60.  -60.  -59.  -59.  -56.  -48.
  -48.  -47.  -45.  -44.  -44.  -43.  -42.  -42.  -42.  -39.  -37.  -36.
  -35.  -28.  -27.  -27.  -26.  -26.  -22.  -19.  -16.  -12.  -11.   -8.
   -6.   -5.   -4.    0.    1.    2.    4.    8.   10.   11.   12.   15.
   16.   19.   20.   21.   23.   23.   26.   28.   30.   32.   37.   39.
   41.   44.   45.   46.   49.   50.   52.   52.   53.   54.   54.   61.
   65.   71.   71.   71.   75.   75.   77.   82.   82.   86.   87.   88.
   92.   94.   97.  100.][-92. -92. -91. -87. -87. -87. -87. -85. -81. -81. -75. -72. -68. -67.
 -65. -58. -57. -57. -56. -53. -53. -53. -52. -49. -48. -47. -47. -47.
 -42. -40. -39. -39. -39. -32. -32. -29. -24. -24. -22. -21. -19. -17.
 -15. -15. -11. -10.  -9.  -9.  -3.  -2.  -2.  -2.   0.   1.   7.   8.
  11.  11.  14.  15.  15.  17.  18.  20.  23.  27.  28.  28.  30.  39.
  43.  44.  47.  48.  50.  53.  55.  59.  63.  64.  68.  73.  74.  74.
  75.  75.  76.  79.  81.  83.  84.  84.  88.  88.  91.  95.  96.  96.
  97.  98.][-100.  -95.  -93.  -89.  -89.  -84.  -82.  -80.  -79.  -79.  -78.  -75.
  -74.  -73.  -70.  -70.  -69.  -68.  -64.  -64.  -63.  -59.  -58.  -51.
  -50.  -38.  -38.  -31.  -23.  -20.  -18.  -18.  -16.  -16.  -16.  -14.
  -12.  -12.  -11.   -9.   -2.    1.    2.    3.    4.    4.    6.    7.
   11.   11.   12.   20.   22.   23.   24.   26.   29.   30.   36.   37.
   37.   38.   39.   39.   40.   41.   42.   42.   43.   43.   45.   46.
   46.   51.   52.   53.   54.   58.   58.   59.   60.   63.   66.   67.
   72.   74.   75.   81.   82.   82.   85.   85.   86.   88.   88.   90.
   91.   95.   96.  100.][-98. -96. -91. -91. -90. -89. -88. -88. -87. -84. -83. -83. -80. -77.
 -77. -75. -69. -66. -64. -61. -61. -60. -60. -60. -56. -56. -55. -51.
 -49. -44. -42. -39. -37. -36. -15. -13. -12.  -9.  -8.  -7.  -3.   1.
   2.   3.   4.   6.   6.   7.   8.   9.  13.  14.  16.  18.  28.  29.
  32.  36.  38.  42.  45.  46.  48.  48.  48.  49.  50.  51.  52.  53.
  54.  55.  57.  59.  59.  60.  61.  67.  67.  70.  71.  72.  73.  74.
  74.  74.  80.  82.  83.  83.  86.  90.  92.  92.  94.  94.  95.  96.
 100. 100.][-99. -98. -95. -91. -87. -83. -82. -80. -79. -75. -75. -72. -72. -67.
 -66. -65. -61. -56. -56. -52. -52. -51. -50. -49. -47. -47. -46. -45.
 -43. -42. -40. -40. -32. -27. -23. -22. -22. -20. -17. -16. -15. -14.
 -11.  -9.  -8.  -7.  -7.  -4.  -4.  -3.  -1.   1.   6.   6.  11.  11.
  13.  13.  17.  17.  18.  18.  20.  22.  23.  25.  26.  26.  27.  28.
  29.  30.  33.  35.  36.  40.  41.  43.  50.  51.  55.  58.  58.  63.
  65.  70.  72.  75.  76.  79.  83.  83.  84.  85.  87.  91.  91.  95.
  96.  98.][-97. -97. -97. -96. -95. -95. -93. -93. -92. -90. -90. -90. -90. -89.
 -89. -88. -86. -84. -81. -81. -76. -69. -65. -63. -63. -61. -57. -55.
 -54. -53. -46. -45. -43. -42. -42. -39. -38. -37. -35. -35. -33. -31.
 -31. -31. -29. -27. -26. -25. -21. -21. -19. -18. -18. -17. -14. -12.
 -11.  -6.   7.   7.   8.  10.  11.  11.  12.  13.  13.  13.  19.  23.
  23.  23.  24.  25.  28.  32.  39.  39.  39.  40.  43.  46.  46.  48.
  53.  57.  59.  60.  61.  64.  68.  70.  71.  74.  75.  75.  85.  89.
  90.  98.][-99. -97. -96. -93. -90. -87. -86. -84. -84. -84. -84. -82. -77. -77.
 -77. -76. -76. -71. -70. -69. -68. -67. -65. -62. -61. -58. -57. -56.
 -50. -46. -45. -44. -43. -42. -41. -38. -34. -30. -29. -28. -27. -25.
 -15. -14. -13. -13. -12.  -8.  -8.  -6.  -6.  -6.  -4.  -1.   2.   2.
   4.   4.   5.   5.   6.   7.   9.  16.  17.  17.  18.  22.  24.  32.
  36.  36.  38.  41.  45.  52.  52.  53.  54.  54.  62.  67.  68.  70.
  71.  74.  75.  75.  78.  83.  84.  87.  89.  92.  93.  94.  95.  95.
  98.  99.][-99. -98. -97. -97. -87. -81. -78. -77. -77. -75. -74. -74. -74. -73.
 -64. -64. -60. -59. -58. -57. -54. -52. -52. -51. -49. -48. -39. -39.
 -38. -35. -35. -34. -32. -31. -30. -29. -27. -27. -26. -19. -18. -14.
 -14. -13.  -7.  -6.  -6.  -5.  -5.  -3.  -2.  -1.  -1.   1.   1.   5.
   5.   7.  10.  10.  12.  16.  16.  17.  20.  22.  27.  30.  35.  38.
  41.  41.  44.  44.  46.  47.  47.  48.  52.  61.  65.  65.  66.  67.
  68.  73.  75.  77.  77.  81.  81.  81.  82.  83.  89.  89.  93.  93.
  99. 100.][-100.  -99.  -97.  -91.  -82.  -82.  -79.  -75.  -75.  -73.  -71.  -68.
  -67.  -65.  -64.  -62.  -62.  -61.  -60.  -57.  -56.  -55.  -52.  -49.
  -42.  -41.  -41.  -40.  -38.  -38.  -37.  -35.  -34.  -31.  -27.  -26.
  -26.  -25.  -23.  -21.  -21.  -16.   -7.   -6.    6.    6.   10.   12.
   18.   18.   19.   24.   25.   25.   26.   28.   28.   29.   30.   30.
   35.   38.   38.   44.   46.   47.   47.   50.   51.   51.   53.   53.
   56.   59.   60.   63.   65.   65.   66.   69.   69.   70.   72.   76.
   77.   78.   80.   80.   84.   88.   88.   90.   92.   92.   93.   98.
   98.   98.   99.  100.][-100.  -99.  -98.  -97.  -95.  -90.  -79.  -78.  -78.  -77.  -69.  -68.
  -68.  -64.  -62.  -62.  -55.  -52.  -52.  -52.  -48.  -44.  -40.  -40.
  -39.  -33.  -31.  -27.  -26.  -23.  -22.  -22.  -21.  -20.  -20.  -19.
  -19.  -14.  -14.  -11.  -10.   -9.   -8.   -8.   -7.   -6.   -6.   -4.
   -2.   -1.    5.    8.   13.   13.   13.   14.   17.   24.   26.   26.
   27.   28.   28.   32.   33.   34.   36.   41.   42.   44.   47.   51.
   55.   57.   57.   59.   61.   61.   62.   63.   63.   68.   68.   69.
   71.   73.   75.   77.   78.   81.   87.   87.   89.   89.   93.   93.
   93.   96.  100.  100.][-100.  -99.  -98.  -98.  -96.  -95.  -94.  -92.  -90.  -87.  -83.  -82.
  -81.  -78.  -76.  -74.  -72.  -71.  -64.  -64.  -62.  -59.  -56.  -53.
  -52.  -52.  -48.  -46.  -45.  -42.  -42.  -40.  -40.  -39.  -39.  -38.
  -37.  -36.  -35.  -35.  -29.  -24.  -24.  -21.  -19.  -13.  -12.   -8.
   -8.   -7.   -1.    0.    0.    1.    1.    5.   12.   13.   19.   20.
   21.   23.   33.   42.   44.   45.   47.   47.   48.   48.   56.   57.
   59.   61.   63.   63.   67.   68.   73.   75.   77.   79.   80.   81.
   81.   82.   85.   87.   88.   89.   89.   90.   90.   92.   92.   94.
   94.   97.  100.  100.][-93. -90. -88. -88. -87. -86. -83. -76. -75. -73. -70. -65. -64. -64.
 -60. -59. -58. -56. -56. -54. -54. -53. -52. -51. -48. -47. -43. -40.
 -40. -38. -38. -36. -35. -35. -33. -33. -31. -31. -25. -24. -24. -24.
 -23. -21. -17. -17. -15. -12.  -9.  -5.  -2.  -2.   3.   3.   4.   6.
   8.   8.  10.  13.  15.  16.  19.  19.  19.  23.  30.  32.  34.  44.
  50.  50.  54.  57.  62.  64.  67.  67.  67.  69.  69.  70.  72.  73.
  74.  74.  80.  82.  83.  84.  86.  87.  87.  88.  88.  89.  93.  94.
  94. 100.][-100.  -99.  -95.  -91.  -87.  -86.  -84.  -84.  -82.  -80.  -80.  -79.
  -79.  -78.  -74.  -71.  -70.  -70.  -67.  -61.  -60.  -60.  -59.  -53.
  -52.  -51.  -50.  -50.  -48.  -47.  -43.  -41.  -38.  -37.  -37.  -33.
  -32.  -31.  -29.  -27.  -25.  -21.  -20.  -20.  -14.  -12.   -9.   -8.
   -5.   -2.    3.    8.   10.   11.   15.   18.   22.   22.   23.   25.
   26.   32.   35.   35.   36.   36.   38.   42.   45.   46.   51.   51.
   52.   53.   54.   54.   57.   58.   64.   66.   66.   69.   70.   71.
   73.   78.   79.   80.   80.   83.   87.   87.   87.   89.   90.   91.
   93.   95.   98.   99.][-98. -92. -91. -90. -89. -88. -85. -79. -79. -79. -78. -76. -73. -73.
 -72. -69. -67. -65. -62. -60. -60. -55. -51. -48. -47. -45. -34. -32.
 -32. -30. -27. -21. -20. -18. -16.  -7.  -5.  -3.  -3.  -2.   0.   1.
   1.   1.   4.   4.   5.  11.  17.  17.  17.  19.  20.  20.  21.  21.
  22.  22.  24.  24.  26.  27.  27.  28.  34.  34.  41.  44.  45.  48.
  50.  51.  52.  54.  55.  58.  63.  65.  65.  65.  67.  70.  75.  77.
  78.  79.  84.  84.  87.  87.  87.  88.  92.  93.  93.  95.  96.  96.
  99.  99.][-98. -97. -96. -96. -94. -86. -81. -80. -78. -74. -74. -67. -66. -63.
 -61. -61. -60. -60. -59. -58. -56. -56. -53. -49. -48. -46. -45. -44.
 -44. -43. -39. -33. -26. -24. -24. -24. -24. -23. -21. -21. -21. -18.
 -14. -12.  -4.  -3.   2.   3.   4.   6.  11.  13.  14.  14.  15.  15.
  17.  20.  22.  24.  27.  28.  29.  32.  32.  33.  36.  36.  43.  43.
  46.  47.  50.  56.  57.  61.  64.  66.  66.  67.  68.  69.  70.  72.
  73.  74.  78.  79.  79.  81.  83.  85.  85.  91.  92.  95.  96.  98.
  99. 100.][-98. -91. -87. -86. -86. -84. -81. -79. -79. -75. -74. -72. -72. -68.
 -65. -62. -61. -60. -60. -57. -51. -50. -47. -45. -43. -42. -39. -39.
 -39. -39. -38. -37. -37. -34. -33. -31. -31. -23. -23. -20. -19. -18.
 -16. -16. -15. -11. -11.  -9.  -8.  -8.  -6.  -5.  -4.  -2.  -2.   0.
   2.   2.   3.   5.   8.  17.  20.  21.  22.  22.  26.  33.  37.  39.
  41.  45.  49.  50.  51.  56.  61.  64.  66.  66.  67.  73.  73.  74.
  76.  79.  79.  82.  82.  83.  84.  86.  89.  89.  94.  95.  98.  99.
  99. 100.][-100.  -97.  -92.  -90.  -87.  -84.  -82.  -80.  -80.  -79.  -77.  -73.
  -72.  -68.  -68.  -67.  -66.  -65.  -61.  -53.  -50.  -49.  -49.  -49.
  -48.  -47.  -47.  -46.  -46.  -45.  -43.  -42.  -41.  -41.  -32.  -32.
  -32.  -30.  -29.  -29.  -27.  -26.  -25.  -24.  -20.  -19.  -16.  -15.
  -15.  -15.  -13.  -12.   -2.   -1.    1.    6.   11.   12.   16.   23.
   28.   28.   30.   31.   34.   36.   37.   37.   38.   38.   41.   43.
   44.   47.   48.   51.   52.   55.   56.   58.   59.   65.   66.   68.
   73.   73.   75.   76.   79.   80.   81.   83.   88.   89.   93.   94.
   94.   95.   95.   98.][-97. -96. -95. -94. -93. -84. -82. -79. -78. -75. -75. -74. -73. -73.
 -71. -70. -69. -68. -67. -67. -65. -62. -58. -57. -56. -54. -54. -54.
 -51. -49. -48. -47. -47. -43. -40. -39. -34. -32. -30. -29. -27. -26.
 -22. -21. -20. -18. -17. -13. -10.  -8.  -4.  -3.  -2.   2.   6.   6.
   8.   8.   8.   9.  13.  14.  17.  19.  19.  25.  25.  28.  29.  30.
  30.  33.  36.  36.  36.  38.  39.  43.  45.  45.  48.  53.  59.  62.
  67.  67.  68.  75.  76.  77.  79.  81.  83.  83.  85.  88.  91.  94.
  97.  98.][-100.  -97.  -96.  -94.  -91.  -91.  -85.  -83.  -82.  -82.  -82.  -79.
  -78.  -75.  -73.  -70.  -68.  -65.  -65.  -65.  -65.  -63.  -63.  -61.
  -54.  -54.  -52.  -51.  -50.  -50.  -48.  -48.  -47.  -46.  -46.  -44.
  -42.  -40.  -38.  -38.  -36.  -35.  -33.  -29.  -28.  -25.  -23.  -17.
   -6.   -5.   -3.   -1.   -1.   -1.   -1.    0.    5.    9.    9.   12.
   17.   21.   24.   30.   31.   33.   36.   37.   38.   39.   43.   46.
   47.   50.   59.   59.   59.   60.   61.   63.   65.   68.   71.   72.
   73.   73.   75.   75.   77.   81.   81.   87.   89.   91.   95.   96.
   97.   98.   99.  100.][-100.  -96.  -95.  -94.  -88.  -80.  -79.  -79.  -76.  -76.  -76.  -75.
  -73.  -66.  -63.  -60.  -58.  -56.  -51.  -51.  -50.  -50.  -46.  -44.
  -40.  -38.  -37.  -37.  -36.  -36.  -34.  -32.  -29.  -29.  -27.  -27.
  -24.  -21.  -18.  -16.  -14.  -13.  -12.   -5.   -1.    0.    3.    6.
    7.   11.   15.   15.   17.   22.   23.   24.   25.   28.   28.   32.
   33.   37.   39.   39.   39.   39.   41.   43.   47.   50.   50.   55.
   56.   57.   58.   59.   59.   59.   60.   60.   61.   64.   66.   71.
   78.   79.   79.   80.   80.   82.   84.   86.   88.   90.   91.   93.
   94.   97.   98.  100.][-98. -94. -92. -91. -90. -89. -88. -85. -85. -83. -81. -77. -73. -71.
 -67. -67. -63. -63. -62. -59. -59. -58. -57. -56. -55. -54. -53. -52.
 -48. -48. -44. -43. -41. -41. -40. -37. -36. -33. -31. -28. -27. -27.
 -27. -26. -25. -22. -21. -21. -15. -12. -10.  -9.  -8.   0.  10.  11.
  11.  14.  15.  17.  17.  18.  19.  24.  24.  24.  27.  27.  28.  28.
  33.  33.  34.  34.  39.  39.  40.  48.  49.  50.  50.  55.  55.  56.
  59.  68.  73.  73.  73.  77.  79.  80.  80.  85.  88.  90.  90.  91.
  95.  99.][-96. -96. -95. -90. -89. -88. -88. -85. -85. -81. -80. -78. -77. -77.
 -75. -74. -70. -69. -69. -68. -68. -68. -65. -64. -63. -63. -62. -61.
 -61. -58. -51. -50. -48. -45. -43. -42. -41. -39. -32. -30. -27. -24.
 -23. -22. -21. -20. -19. -17. -16. -14. -14. -12. -11.  -8.  -6.  -5.
  -4.   1.   2.   2.   2.   4.  11.  13.  13.  16.  19.  21.  25.  27.
  30.  36.  37.  38.  38.  41.  43.  44.  45.  48.  48.  56.  60.  62.
  66.  67.  68.  74.  83.  83.  83.  85.  87.  90.  91.  93.  93.  94.
  99. 100.][-100. -100.  -99.  -94.  -94.  -91.  -87.  -83.  -83.  -83.  -82.  -76.
  -74.  -73.  -67.  -58.  -57.  -56.  -55.  -50.  -49.  -48.  -48.  -47.
  -45.  -44.  -44.  -44.  -41.  -40.  -38.  -35.  -33.  -32.  -30.  -28.
  -27.  -21.  -20.  -18.  -18.  -17.  -17.  -16.  -15.  -13.   -8.   -7.
   -6.   -5.   -5.    0.    0.    4.    6.    9.    9.   10.   14.   15.
   16.   18.   25.   25.   25.   27.   27.   29.   29.   30.   32.   41.
   41.   42.   43.   44.   47.   48.   51.   51.   53.   53.   56.   58.
   61.   66.   69.   73.   75.   78.   82.   87.   89.   90.   90.   94.
   95.   97.  100.  100.][-100.  -99.  -97.  -93.  -90.  -89.  -88.  -86.  -82.  -82.  -79.  -76.
  -74.  -70.  -70.  -68.  -67.  -66.  -66.  -65.  -64.  -62.  -60.  -59.
  -54.  -52.  -52.  -47.  -46.  -44.  -41.  -38.  -37.  -36.  -35.  -33.
  -30.  -28.  -26.  -25.  -24.  -23.  -23.  -20.  -19.  -12.  -12.   -8.
   -6.    2.    4.    5.    6.    7.    7.    9.   11.   12.   12.   16.
   17.   17.   18.   19.   19.   20.   20.   21.   27.   29.   32.   33.
   34.   35.   37.   40.   41.   43.   46.   48.   51.   51.   55.   57.
   58.   63.   63.   65.   67.   68.   70.   72.   73.   73.   77.   88.
   89.   91.   92.   98.][-100.  -99.  -98.  -96.  -95.  -95.  -94.  -92.  -91.  -88.  -88.  -86.
  -85.  -85.  -84.  -83.  -82.  -81.  -80.  -79.  -78.  -77.  -77.  -77.
  -70.  -69.  -66.  -65.  -63.  -55.  -53.  -53.  -51.  -50.  -49.  -43.
  -38.  -33.  -27.  -23.  -21.  -16.  -10.   -9.   -8.   -7.   -7.   -7.
   -5.   -4.    1.    4.    8.   10.   14.   15.   19.   20.   27.   28.
   31.   31.   34.   37.   40.   43.   45.   46.   46.   47.   48.   52.
   54.   54.   56.   57.   57.   57.   58.   60.   63.   67.   70.   71.
   72.   73.   74.   74.   79.   79.   80.   85.   86.   86.   88.   91.
   93.   94.   95.   99.][-99. -99. -97. -97. -97. -95. -92. -92. -91. -90. -88. -85. -84. -83.
 -74. -74. -72. -72. -71. -71. -67. -63. -61. -59. -58. -57. -53. -52.
 -50. -44. -41. -37. -35. -35. -33. -27. -27. -26. -19. -17. -16. -13.
 -13. -12. -11.  -9.  -5.  -2.  -1.   1.   4.   7.  10.  12.  12.  28.
  30.  33.  33.  37.  37.  38.  38.  39.  41.  41.  43.  43.  46.  48.
  51.  53.  55.  56.  57.  57.  57.  60.  66.  68.  69.  70.  70.  72.
  73.  73.  76.  77.  78.  78.  79.  81.  82.  84.  85.  86.  91.  92.
  95.  99.][-99. -98. -96. -96. -93. -88. -88. -76. -75. -75. -70. -65. -60. -55.
 -55. -53. -49. -47. -46. -45. -36. -35. -35. -34. -34. -27. -25. -25.
 -25. -20. -19. -17. -16. -15. -14. -13. -12. -12.  -9.  -8.  -8.  -7.
  -5.  -5.  -2.  -1.   1.   1.   6.   7.   7.  12.  13.  14.  14.  15.
  16.  16.  16.  18.  20.  22.  23.  26.  32.  34.  38.  39.  40.  42.
  42.  46.  46.  50.  53.  56.  58.  59.  59.  59.  61.  63.  63.  66.
  70.  70.  73.  75.  77.  79.  81.  83.  83.  83.  84.  85.  96.  97.
  98.  99.][-100.  -95.  -95.  -93.  -93.  -92.  -90.  -89.  -87.  -86.  -84.  -83.
  -82.  -79.  -79.  -78.  -78.  -76.  -75.  -72.  -66.  -65.  -62.  -59.
  -58.  -57.  -56.  -55.  -55.  -55.  -55.  -54.  -53.  -48.  -48.  -46.
  -43.  -39.  -35.  -34.  -33.  -31.  -24.  -23.  -23.  -20.  -18.  -10.
   -7.   -5.    2.    2.    3.    7.    8.   11.   17.   18.   18.   22.
   22.   26.   27.   27.   32.   37.   39.   40.   40.   40.   41.   42.
   46.   46.   47.   48.   52.   53.   54.   55.   55.   64.   65.   68.
   69.   70.   71.   83.   83.   89.   91.   92.   93.   94.   95.   95.
   96.   98.   98.  100.][-100.  -98.  -97.  -94.  -94.  -93.  -90.  -90.  -90.  -88.  -87.  -85.
  -69.  -65.  -64.  -59.  -52.  -52.  -49.  -49.  -47.  -46.  -44.  -43.
  -43.  -37.  -35.  -34.  -33.  -32.  -29.  -28.  -26.  -25.  -22.  -16.
  -15.  -15.  -12.   -4.   -3.   -2.   -2.   -2.   -1.   -1.    0.    0.
    1.    3.    3.    4.    7.    8.   11.   12.   14.   17.   18.   21.
   21.   23.   24.   26.   26.   27.   29.   31.   33.   33.   35.   35.
   36.   37.   39.   43.   52.   55.   56.   63.   63.   66.   68.   68.
   69.   72.   74.   75.   79.   80.   81.   82.   86.   87.   88.   89.
   90.   93.   95.  100.][-94. -91. -89. -89. -88. -87. -87. -85. -82. -75. -74. -74. -73. -71.
 -70. -69. -69. -69. -69. -67. -63. -61. -60. -55. -55. -55. -53. -52.
 -49. -49. -48. -45. -41. -40. -36. -33. -33. -32. -32. -30. -28. -28.
 -25. -25. -24. -23. -22. -22. -10.  -7.  -6.  -4.   0.   1.   2.   3.
   4.   9.  12.  13.  14.  14.  16.  20.  20.  28.  30.  31.  32.  33.
  35.  39.  43.  50.  53.  54.  57.  59.  67.  67.  68.  75.  76.  77.
  78.  79.  80.  80.  81.  83.  85.  85.  90.  93.  93.  94.  96.  97.
 100. 100.][-98. -98. -90. -88. -88. -87. -85. -85. -81. -78. -76. -76. -74. -73.
 -72. -67. -62. -60. -57. -56. -55. -53. -49. -49. -48. -45. -45. -45.
 -44. -43. -43. -42. -40. -39. -38. -35. -35. -34. -34. -33. -30. -26.
 -21. -19. -17. -17. -15. -15. -13. -12. -10.  -9.  -7.  -6.  -5.  -2.
   6.  11.  12.  14.  16.  20.  24.  25.  31.  33.  34.  35.  36.  38.
  39.  41.  46.  49.  49.  54.  54.  54.  56.  58.  60.  62.  63.  63.
  64.  64.  72.  74.  75.  76.  79.  80.  81.  82.  82.  88.  90.  91.
  93.  99.][-100.  -98.  -96.  -93.  -93.  -93.  -93.  -91.  -89.  -82.  -77.  -74.
  -69.  -68.  -68.  -65.  -63.  -58.  -53.  -53.  -53.  -51.  -49.  -48.
  -47.  -45.  -43.  -40.  -40.  -39.  -37.  -36.  -32.  -28.  -28.  -27.
  -26.  -26.  -22.  -21.  -21.  -21.  -19.  -17.  -14.  -12.  -11.  -10.
   -9.   -2.   -2.    3.    3.    7.   10.   12.   14.   14.   15.   16.
   17.   24.   24.   24.   27.   29.   31.   35.   37.   39.   43.   44.
   47.   49.   52.   53.   57.   61.   62.   66.   67.   68.   74.   76.
   79.   80.   83.   84.   86.   86.   87.   89.   90.   91.   91.   92.
   95.   97.   99.  100.][-100.  -99.  -99.  -98.  -94.  -92.  -91.  -90.  -89.  -86.  -85.  -84.
  -83.  -82.  -82.  -80.  -79.  -78.  -74.  -73.  -72.  -56.  -56.  -54.
  -53.  -53.  -53.  -51.  -50.  -50.  -49.  -45.  -44.  -41.  -38.  -35.
  -32.  -30.  -25.  -25.  -25.  -24.  -21.   -9.   -8.   -4.   -3.   -2.
   -1.   -1.    4.    5.    6.    9.    9.   10.   10.   13.   14.   15.
   16.   18.   25.   28.   28.   33.   39.   43.   43.   46.   48.   52.
   52.   57.   58.   62.   67.   68.   69.   73.   75.   75.   76.   77.
   78.   82.   83.   84.   84.   86.   87.   89.   90.   91.   92.   95.
   95.   96.   97.  100.][-100.  -97.  -97.  -95.  -94.  -92.  -91.  -90.  -88.  -81.  -79.  -76.
  -75.  -75.  -74.  -72.  -69.  -65.  -63.  -61.  -60.  -58.  -57.  -53.
  -50.  -49.  -46.  -46.  -43.  -40.  -38.  -35.  -35.  -33.  -32.  -31.
  -31.  -31.  -27.  -26.  -24.  -23.  -22.  -21.  -16.  -13.  -11.  -10.
   -7.   -7.   -7.   -3.    1.    1.    4.    4.    5.    6.   10.   11.
   13.   15.   15.   15.   16.   17.   17.   18.   24.   25.   25.   29.
   31.   32.   33.   33.   37.   38.   39.   48.   49.   55.   56.   57.
   61.   64.   66.   67.   70.   76.   81.   82.   83.   84.   88.   90.
   91.   91.   92.   97.][-99. -99. -97. -94. -91. -89. -87. -87. -86. -84. -79. -78. -77. -73.
 -71. -68. -63. -61. -61. -58. -58. -54. -53. -52. -50. -49. -48. -48.
 -47. -45. -40. -34. -29. -26. -22. -21. -20. -20. -19. -17. -16. -15.
 -12. -11.  -9.  -4.   0.   2.   2.   4.   5.  13.  16.  17.  24.  27.
  27.  28.  29.  29.  29.  32.  37.  38.  39.  40.  42.  43.  45.  47.
  49.  50.  51.  51.  51.  53.  53.  57.  57.  57.  59.  60.  63.  64.
  66.  66.  67.  75.  81.  81.  83.  86.  87.  89.  89.  90.  91.  94.
  95. 100.][-97. -95. -93. -92. -91. -87. -83. -81. -73. -72. -65. -63. -60. -59.
 -58. -56. -55. -53. -51. -49. -48. -46. -44. -44. -42. -40. -36. -35.
 -35. -34. -34. -32. -31. -29. -28. -24. -21. -17. -17. -17. -16. -15.
 -15. -14. -14. -12. -12. -11.  -8.  -7.  -6.  -6.  -4.  -1.  -1.   5.
   6.   8.   8.  12.  21.  24.  24.  27.  27.  28.  28.  29.  29.  31.
  31.  36.  40.  41.  49.  49.  51.  51.  54.  58.  60.  62.  62.  62.
  65.  67.  67.  72.  72.  77.  83.  85.  86.  87.  89.  91.  94.  96.
  99.  99.][-100. -100.  -99.  -94.  -93.  -92.  -90.  -85.  -80.  -79.  -78.  -77.
  -73.  -73.  -71.  -71.  -70.  -70.  -66.  -66.  -64.  -64.  -63.  -62.
  -62.  -57.  -57.  -52.  -49.  -48.  -47.  -46.  -40.  -37.  -36.  -31.
  -29.  -26.  -26.  -23.  -22.  -21.  -21.  -19.  -19.  -18.  -17.  -15.
  -13.  -13.  -11.   -9.    1.    1.    2.    7.    7.    8.   13.   14.
   14.   19.   20.   22.   26.   30.   34.   34.   35.   36.   40.   40.
   43.   46.   49.   51.   57.   60.   61.   61.   65.   69.   70.   71.
   73.   75.   76.   82.   84.   86.   87.   89.   92.   93.   94.   94.
   97.   97.   98.  100.][-100. -100.  -99.  -98.  -97.  -88.  -88.  -87.  -84.  -83.  -79.  -73.
  -71.  -68.  -68.  -66.  -66.  -65.  -63.  -61.  -61.  -59.  -56.  -53.
  -52.  -52.  -48.  -46.  -43.  -41.  -40.  -37.  -36.  -36.  -34.  -34.
  -33.  -29.  -27.  -27.  -26.  -25.  -21.  -21.  -19.  -18.  -13.  -11.
   -8.   -7.   -4.   10.   11.   13.   14.   14.   15.   17.   17.   18.
   20.   21.   22.   23.   23.   25.   25.   28.   29.   38.   38.   39.
   42.   43.   43.   44.   46.   46.   47.   50.   57.   58.   60.   61.
   69.   69.   73.   74.   82.   84.   85.   87.   87.   89.   92.   93.
   94.   96.   96.   97.][-89. -88. -85. -83. -83. -80. -78. -78. -77. -75. -75. -73. -71. -71.
 -70. -69. -65. -64. -64. -62. -56. -56. -55. -54. -52. -51. -50. -41.
 -41. -40. -38. -36. -34. -34. -33. -29. -27. -25. -25. -24. -23. -23.
 -22. -21. -20. -16. -13. -12. -12. -11. -11.  -9.  -9.  -2.   2.   2.
   7.   7.   7.  14.  18.  23.  23.  23.  24.  25.  25.  26.  27.  31.
  33.  36.  42.  48.  49.  49.  52.  57.  57.  57.  58.  59.  61.  61.
  65.  70.  73.  74.  81.  82.  83.  83.  89.  89.  89.  90.  90.  98.
  99. 100.][-100.  -97.  -91.  -90.  -87.  -79.  -79.  -77.  -77.  -75.  -74.  -74.
  -74.  -73.  -72.  -70.  -65.  -63.  -63.  -62.  -61.  -60.  -59.  -59.
  -56.  -55.  -55.  -55.  -55.  -54.  -52.  -49.  -45.  -45.  -45.  -45.
  -39.  -39.  -37.  -35.  -30.  -30.  -27.  -25.  -23.  -18.  -17.  -16.
  -14.  -11.  -10.   -9.   -9.   -8.   -6.    0.    1.    1.    2.    3.
    6.    7.    9.   14.   15.   19.   20.   24.   25.   25.   28.   28.
   29.   33.   34.   35.   37.   39.   44.   47.   49.   62.   64.   66.
   66.   67.   71.   73.   73.   77.   79.   79.   80.   83.   85.   95.
   96.   97.   99.   99.][-97. -96. -94. -93. -92. -91. -89. -87. -85. -82. -77. -75. -74. -73.
 -72. -70. -70. -69. -67. -66. -65. -63. -62. -62. -59. -58. -56. -54.
 -53. -52. -48. -45. -41. -40. -39. -35. -34. -32. -30. -28. -26. -17.
 -15. -13. -13.  -7.  -6.   2.   4.   4.   9.  10.  10.  14.  14.  15.
  15.  18.  19.  19.  21.  23.  26.  26.  27.  30.  37.  38.  40.  41.
  43.  45.  46.  49.  51.  51.  52.  56.  60.  62.  63.  65.  66.  77.
  77.  78.  79.  89.  89.  91.  91.  92.  93.  93.  94.  95.  97.  97.
  97. 100.][-99. -97. -97. -96. -96. -94. -84. -79. -79. -77. -72. -68. -68. -67.
 -65. -63. -61. -54. -52. -52. -51. -48. -46. -46. -45. -43. -40. -36.
 -35. -32. -31. -31. -31. -27. -25. -25. -25. -23. -22. -18. -18. -17.
  -8.  -7.  -7.  -6.  -4.  -2.  -2.  -1.   2.   2.   2.   3.   6.   9.
  13.  13.  14.  15.  15.  16.  16.  21.  22.  23.  24.  26.  30.  31.
  33.  36.  37.  42.  42.  47.  49.  52.  53.  54.  55.  56.  58.  59.
  59.  63.  64.  67.  74.  74.  76.  79.  79.  80.  80.  80.  81.  84.
  85.  97.][-100. -100.  -99.  -96.  -89.  -88.  -84.  -79.  -78.  -78.  -77.  -74.
  -70.  -66.  -63.  -63.  -56.  -53.  -46.  -45.  -44.  -43.  -43.  -43.
  -42.  -41.  -40.  -37.  -37.  -33.  -29.  -26.  -25.  -23.  -21.  -19.
  -18.  -17.  -16.  -16.  -15.  -14.  -13.  -12.   -9.   -7.   -6.   -4.
    2.    2.    7.    7.    9.    9.   15.   15.   18.   22.   22.   30.
   31.   31.   33.   33.   35.   36.   37.   37.   39.   41.   44.   45.
   46.   48.   48.   50.   52.   53.   55.   56.   56.   56.   60.   65.
   65.   67.   78.   80.   81.   85.   87.   88.   90.   93.   95.   95.
   96.   98.   98.  100.][-100.  -99.  -98.  -92.  -91.  -87.  -85.  -85.  -83.  -83.  -81.  -75.
  -71.  -70.  -70.  -64.  -55.  -55.  -55.  -52.  -51.  -50.  -48.  -45.
  -44.  -43.  -42.  -41.  -40.  -39.  -34.  -30.  -29.  -29.  -27.  -24.
  -24.  -22.  -21.  -17.  -16.  -13.  -12.  -12.  -11.   -9.   -8.   -7.
   -5.   -1.    1.    3.    6.    7.    9.   10.   13.   22.   23.   23.
   24.   24.   24.   25.   26.   29.   30.   30.   31.   33.   33.   33.
   35.   35.   35.   36.   45.   50.   52.   52.   53.   54.   56.   57.
   57.   61.   63.   63.   65.   68.   72.   82.   84.   86.   86.   88.
   90.   92.   96.  100.][-100.  -99.  -96.  -91.  -91.  -88.  -81.  -78.  -78.  -78.  -77.  -74.
  -71.  -69.  -68.  -66.  -66.  -65.  -62.  -57.  -56.  -52.  -50.  -48.
  -46.  -45.  -43.  -41.  -40.  -39.  -38.  -37.  -34.  -34.  -32.  -30.
  -26.  -23.  -22.  -22.  -22.  -20.  -17.  -16.  -16.  -16.  -14.  -12.
  -10.  -10.   -7.   -5.   -5.   -2.   -1.    0.    2.    4.    7.    7.
    7.   10.   17.   18.   21.   21.   23.   23.   24.   30.   31.   37.
   40.   41.   42.   45.   52.   55.   55.   58.   63.   64.   67.   73.
   73.   78.   78.   80.   83.   84.   86.   87.   87.   88.   90.   92.
   92.   92.   95.  100.][-99. -93. -83. -82. -80. -78. -77. -75. -72. -72. -72. -71. -70. -69.
 -68. -68. -63. -60. -58. -57. -54. -53. -52. -45. -43. -42. -40. -30.
 -29. -29. -27. -25. -25. -21. -15. -15. -13. -12. -10.  -8.  -7.  -5.
  -5.  -2.   2.   5.   5.   8.  12.  13.  14.  20.  22.  26.  29.  30.
  34.  35.  35.  37.  38.  39.  40.  42.  43.  44.  46.  47.  51.  52.
  54.  55.  55.  56.  57.  57.  57.  59.  60.  62.  67.  69.  69.  72.
  73.  76.  80.  83.  83.  86.  86.  88.  89.  90.  93.  96.  97.  98.
  99. 100.][-99. -98. -87. -87. -83. -77. -77. -76. -75. -74. -73. -73. -70. -70.
 -68. -67. -67. -65. -64. -63. -60. -59. -55. -54. -53. -50. -50. -48.
 -47. -46. -42. -38. -37. -33. -24. -23. -21. -20. -19. -19. -17. -17.
 -17. -13. -13. -13. -12.  -8.  -8.  -6.  -4.  -2.   5.   5.   7.   8.
  11.  18.  22.  24.  26.  28.  29.  30.  33.  37.  37.  38.  39.  39.
  43.  44.  46.  52.  56.  56.  59.  60.  62.  63.  64.  66.  70.  73.
  74.  75.  77.  77.  78.  79.  80.  81.  83.  86.  94.  94.  95.  98.
  99.  99.][-97. -96. -93. -91. -89. -84. -80. -77. -76. -71. -69. -68. -65. -64.
 -62. -61. -60. -57. -55. -53. -52. -50. -48. -47. -46. -44. -37. -36.
 -36. -36. -35. -32. -27. -25. -20. -19. -16. -13. -11. -11. -10.  -9.
  -5.  -4.  -4.  -2.  -2.   0.   0.   4.   5.   5.  10.  11.  11.  14.
  17.  21.  25.  27.  28.  30.  31.  32.  33.  34.  35.  37.  37.  38.
  42.  43.  44.  45.  46.  47.  51.  54.  56.  56.  57.  58.  59.  67.
  70.  71.  72.  73.  76.  80.  82.  83.  85.  88.  92.  94.  94.  97.
  97. 100.][-100.  -99.  -97.  -93.  -92.  -90.  -88.  -87.  -87.  -84.  -83.  -82.
  -81.  -80.  -79.  -79.  -77.  -77.  -77.  -76.  -73.  -66.  -64.  -64.
  -62.  -60.  -59.  -58.  -57.  -53.  -49.  -39.  -37.  -35.  -29.  -27.
  -27.  -25.  -20.  -19.  -19.  -18.  -18.  -16.  -13.  -11.  -10.  -10.
  -10.   -8.   -8.   -7.   -7.   -4.   -2.    3.   11.   12.   12.   15.
   17.   21.   22.   22.   25.   34.   36.   37.   37.   38.   45.   45.
   48.   49.   49.   50.   51.   51.   51.   52.   54.   57.   61.   62.
   64.   66.   68.   68.   74.   76.   78.   80.   83.   83.   84.   89.
   92.   94.   98.   98.][-98. -93. -93. -92. -91. -88. -83. -79. -78. -74. -70. -65. -55. -53.
 -52. -52. -50. -48. -45. -44. -43. -42. -40. -38. -37. -35. -35. -34.
 -34. -29. -27. -24. -22. -21. -21. -19. -14.  -9.  -5.  -3.  -2.  -1.
   1.   1.   2.   4.   5.   6.  12.  12.  14.  21.  21.  22.  22.  24.
  24.  27.  28.  30.  31.  33.  37.  38.  38.  43.  45.  46.  47.  49.
  50.  53.  54.  55.  59.  59.  59.  60.  60.  60.  63.  64.  65.  65.
  67.  69.  70.  70.  73.  74.  77.  84.  85.  87.  89.  95.  96.  98.
  99. 100.][-100.  -98.  -98.  -97.  -96.  -90.  -87.  -86.  -86.  -81.  -81.  -80.
  -78.  -77.  -75.  -74.  -73.  -73.  -71.  -70.  -68.  -68.  -63.  -63.
  -62.  -59.  -58.  -56.  -56.  -55.  -53.  -47.  -45.  -45.  -39.  -39.
  -38.  -35.  -31.  -30.  -30.  -27.  -23.  -17.  -17.  -16.  -16.  -15.
   -9.   -7.   -4.    0.    0.    0.    0.    1.    2.    2.    3.    6.
   10.   11.   12.   13.   14.   14.   17.   20.   29.   30.   32.   33.
   33.   37.   37.   46.   49.   50.   53.   54.   54.   59.   65.   67.
   67.   68.   73.   74.   75.   76.   77.   79.   83.   86.   86.   89.
   90.   91.   92.   93.][-100.  -97.  -96.  -95.  -94.  -94.  -93.  -91.  -90.  -87.  -85.  -80.
  -79.  -75.  -75.  -74.  -67.  -67.  -56.  -55.  -53.  -51.  -48.  -48.
  -47.  -46.  -44.  -44.  -44.  -37.  -36.  -34.  -32.  -27.  -27.  -24.
  -20.  -13.  -12.   -8.   -4.   -4.   -4.   -2.   -1.    0.    0.    0.
    3.    3.    8.   10.   11.   13.   16.   21.   23.   26.   26.   28.
   29.   29.   30.   32.   32.   38.   40.   42.   43.   43.   47.   47.
   49.   50.   50.   55.   58.   59.   60.   60.   60.   63.   63.   65.
   66.   67.   68.   69.   71.   72.   72.   83.   83.   85.   85.   87.
   88.   88.   92.   94.][-100.  -99.  -99.  -95.  -95.  -93.  -92.  -92.  -91.  -89.  -88.  -84.
  -84.  -83.  -81.  -80.  -79.  -78.  -77.  -75.  -74.  -68.  -58.  -56.
  -56.  -55.  -54.  -53.  -52.  -50.  -50.  -50.  -49.  -48.  -45.  -45.
  -45.  -44.  -44.  -43.  -43.  -29.  -23.  -23.  -22.  -22.  -21.  -20.
  -19.  -10.   -9.   -5.   -4.   -2.    1.    2.    5.    9.   10.   11.
   12.   13.   14.   22.   24.   28.   31.   34.   36.   36.   38.   38.
   38.   42.   43.   44.   50.   52.   55.   60.   60.   70.   75.   78.
   78.   79.   80.   81.   84.   87.   88.   89.   93.   94.   95.   96.
   96.   97.   98.   98.][-100.  -98.  -92.  -92.  -90.  -81.  -80.  -77.  -76.  -70.  -69.  -64.
  -61.  -60.  -57.  -55.  -53.  -52.  -51.  -50.  -48.  -48.  -46.  -46.
  -45.  -45.  -44.  -44.  -44.  -43.  -43.  -41.  -41.  -40.  -38.  -38.
  -33.  -31.  -30.  -28.  -27.  -25.  -25.  -21.  -18.  -16.  -14.  -14.
  -12.   -9.    3.    3.    5.    7.    7.   13.   14.   16.   17.   19.
   21.   21.   28.   29.   31.   35.   37.   37.   39.   39.   40.   43.
   46.   46.   52.   57.   58.   58.   59.   60.   60.   61.   61.   62.
   64.   65.   67.   72.   73.   73.   74.   77.   79.   80.   85.   89.
   98.   98.  100.  100.][-95. -95. -93. -93. -92. -88. -88. -86. -86. -85. -85. -84. -84. -84.
 -81. -78. -67. -66. -65. -64. -64. -61. -60. -59. -56. -55. -54. -53.
 -53. -53. -45. -43. -42. -42. -40. -38. -38. -38. -35. -33. -31. -31.
 -27. -27. -27. -26. -25. -21. -20. -19. -16. -15. -12.  -7.  -5.  -4.
  -4.  -2.  -2.   3.   5.   6.   9.  14.  15.  17.  23.  25.  30.  31.
  31.  32.  34.  37.  39.  41.  47.  47.  47.  51.  52.  52.  53.  54.
  54.  55.  59.  62.  64.  68.  74.  80.  80.  82.  86.  88.  89.  91.
  95.  98.][-98. -98. -93. -91. -91. -90. -89. -89. -88. -87. -84. -84. -82. -80.
 -78. -76. -76. -72. -68. -57. -56. -56. -55. -53. -52. -52. -50. -46.
 -43. -42. -41. -39. -35. -28. -28. -27. -26. -23. -23. -22. -21. -17.
 -10.  -9.  -6.  -2.   1.   2.   9.  12.  13.  16.  17.  20.  21.  21.
  23.  25.  27.  30.  36.  37.  38.  42.  42.  46.  47.  48.  50.  50.
  53.  57.  57.  57.  57.  58.  58.  61.  63.  65.  66.  72.  74.  74.
  75.  77.  78.  82.  82.  83.  84.  85.  87.  88.  89.  89.  89.  90.
  93.  95.][-98. -97. -97. -96. -94. -93. -92. -92. -90. -89. -87. -87. -83. -79.
 -79. -76. -73. -69. -68. -68. -64. -63. -62. -60. -57. -52. -52. -50.
 -48. -45. -45. -44. -40. -38. -36. -34. -32. -25. -23. -21. -21. -16.
 -14. -13.  -8.  -6.  -4.  -4.  -4.  -1.  -1.   0.   1.   2.   3.   4.
   4.   6.   6.  10.  12.  12.  14.  14.  16.  18.  21.  28.  30.  35.
  37.  38.  39.  39.  53.  54.  57.  58.  60.  60.  62.  62.  63.  66.
  69.  69.  71.  74.  78.  79.  84.  84.  88.  89.  91.  92.  97.  97.
  98. 100.][-99. -95. -95. -94. -90. -88. -86. -85. -82. -79. -79. -77. -75. -67.
 -65. -65. -64. -57. -57. -55. -54. -53. -53. -53. -51. -50. -49. -48.
 -46. -46. -46. -45. -45. -41. -40. -37. -34. -31. -28. -25. -19. -18.
 -18. -16. -10. -10. -10.  -8.  -5.  -4.  -3.   1.   4.   4.   6.   6.
   9.  10.  11.  16.  21.  22.  23.  23.  25.  25.  27.  31.  32.  32.
  32.  37.  40.  44.  45.  46.  47.  51.  51.  57.  58.  58.  60.  63.
  64.  70.  73.  76.  76.  77.  77.  80.  87.  87.  88.  89.  90.  92.
  96.  98.][-99. -98. -91. -88. -88. -87. -87. -86. -83. -79. -77. -76. -76. -70.
 -70. -67. -63. -63. -62. -60. -60. -58. -58. -56. -53. -50. -48. -42.
 -42. -41. -39. -38. -33. -31. -22. -22. -20. -19. -17. -14. -14. -11.
  -5.   0.   3.   6.   7.   7.   8.   8.   9.  12.  12.  13.  16.  16.
  19.  24.  25.  26.  26.  28.  32.  32.  33.  34.  34.  42.  42.  43.
  45.  46.  46.  48.  56.  56.  57.  59.  60.  60.  65.  68.  68.  70.
  72.  73.  73.  73.  75.  75.  78.  78.  78.  81.  82.  86.  86.  90.
  93.  97.][-93. -92. -91. -90. -87. -86. -82. -82. -81. -78. -78. -75. -72. -69.
 -67. -67. -65. -62. -62. -61. -60. -59. -57. -57. -54. -53. -49. -49.
 -48. -48. -47. -45. -42. -39. -38. -38. -36. -36. -35. -34. -33. -33.
 -31. -29. -22. -22. -20. -20. -19. -18. -17. -16. -12. -10.  -8.  -8.
  -7.  -2.   5.   5.   7.  15.  15.  17.  19.  21.  22.  26.  29.  39.
  40.  40.  41.  45.  49.  51.  58.  62.  64.  65.  69.  70.  72.  73.
  76.  77.  78.  79.  79.  87.  87.  88.  88.  89.  90.  90.  92.  92.
  97.  98.][-97. -94. -92. -91. -89. -84. -83. -81. -80. -75. -74. -72. -72. -72.
 -66. -65. -64. -62. -61. -60. -54. -53. -51. -50. -50. -50. -49. -49.
 -44. -43. -42. -41. -36. -32. -31. -30. -30. -30. -28. -25. -24. -22.
 -21. -17. -17. -14. -10.  -4.  -2.   0.   1.   3.   6.   8.   8.  10.
  13.  16.  22.  24.  26.  31.  32.  34.  37.  38.  40.  43.  45.  46.
  48.  51.  52.  53.  54.  55.  56.  56.  57.  61.  62.  63.  63.  63.
  68.  74.  76.  77.  78.  79.  79.  81.  85.  87.  92.  93.  94.  97.
 100. 100.][-97. -96. -94. -94. -93. -92. -90. -89. -89. -87. -85. -83. -78. -78.
 -76. -71. -70. -68. -65. -65. -64. -63. -58. -56. -55. -55. -55. -49.
 -48. -48. -46. -39. -36. -36. -35. -34. -34. -32. -30. -17. -17. -15.
 -14. -13. -10. -10.  -9.  -7.  -6.  -6.  -4.  -3.  -3.   0.   3.   4.
   8.   8.  10.  14.  14.  14.  18.  18.  22.  22.  26.  28.  28.  28.
  32.  39.  40.  43.  44.  44.  45.  46.  47.  48.  48.  49.  50.  51.
  60.  61.  63.  63.  63.  68.  70.  72.  82.  82.  83.  84.  91.  92.
  93.  93.]