[-100.  -99.  -95.  -93.  -92.  -92.  -86.  -86.  -83.  -83.  -82.  -82.
  -82.  -81.  -76.  -75.  -67.  -62.  -62.  -62.  -60.  -58.  -57.  -56.
  -54.  -53.  -47.  -46.  -45.  -41.  -38.  -38.  -38.  -38.  -38.  -36.
  -35.  -35.  -35.  -32.  -31.  -30.  -30.  -30.  -29.  -23.  -18.  -16.
  -15.  -13.  -12.   -8.   -2.    1.    2.   16.   16.   22.   22.   24.
   28.   33.   34.   36.   36.   37.   37.   37.   38.   38.   43.   43.
   47.   49.   50.   50.   52.   58.   59.   60.   63.   64.   65.   66.
   68.   70.   75.   77.   83.   84.   85.   88.   89.   90.   93.   95.
   97.   99.   99.  100.][-100.  -99.  -99.  -99.  -91.  -86.  -86.  -85.  -84.  -83.  -75.  -75.
  -74.  -73.  -72.  -72.  -70.  -62.  -62.  -59.  -58.  -55.  -54.  -54.
  -54.  -49.  -49.  -48.  -46.  -46.  -45.  -45.  -44.  -41.  -38.  -37.
  -36.  -35.  -33.  -26.  -26.  -25.  -20.  -20.  -19.  -15.  -10.   -9.
   -6.   -5.   -5.   -4.    0.    1.    1.    2.    5.    7.    7.   10.
   10.   16.   17.   18.   18.   18.   19.   19.   21.   24.   25.   27.
   28.   35.   37.   41.   44.   45.   47.   51.   55.   58.   59.   68.
   70.   74.   75.   81.   82.   83.   83.   83.   83.   83.   84.   86.
   90.   93.   93.   98.][-98. -95. -95. -94. -91. -90. -90. -86. -85. -84. -81. -80. -79. -78.
 -78. -77. -76. -76. -75. -70. -63. -62. -61. -60. -60. -50. -45. -45.
 -39. -38. -38. -34. -33. -30. -30. -29. -29. -26. -20. -19. -15. -13.
 -10.  -9.  -6.  -6.  -5.  -3.  -2.   7.   9.  10.  12.  13.  16.  16.
  17.  18.  22.  28.  28.  28.  29.  30.  31.  33.  34.  36.  37.  38.
  41.  42.  43.  45.  49.  53.  54.  58.  59.  63.  65.  66.  67.  68.
  68.  72.  73.  75.  79.  80.  83.  83.  88.  90.  91.  91.  91.  97.
  97.  98.][-100.  -99.  -98.  -95.  -94.  -93.  -91.  -90.  -87.  -86.  -86.  -82.
  -80.  -79.  -78.  -78.  -72.  -71.  -67.  -66.  -64.  -62.  -60.  -59.
  -59.  -57.  -52.  -51.  -50.  -49.  -49.  -48.  -47.  -45.  -44.  -43.
  -42.  -41.  -38.  -38.  -37.  -34.  -27.  -25.  -18.  -18.  -16.  -16.
  -15.  -13.  -12.  -11.   -7.   -7.   -6.   -5.   -5.    0.    1.    2.
    3.   10.   13.   18.   19.   20.   20.   22.   24.   25.   27.   27.
   28.   29.   29.   30.   31.   32.   40.   46.   50.   53.   54.   54.
   56.   56.   56.   57.   61.   65.   66.   70.   79.   83.   87.   89.
   90.   96.   97.  100.][-99. -92. -91. -89. -87. -87. -86. -83. -82. -81. -80. -77. -76. -75.
 -74. -73. -69. -69. -69. -64. -64. -59. -59. -58. -57. -54. -52. -52.
 -47. -40. -39. -33. -32. -30. -30. -29. -27. -25. -25. -25. -25. -23.
 -22. -21. -21. -19. -17. -14.  -8.  -7.  -5.  -4.  -3.  -1.   1.   8.
   8.   8.  17.  18.  18.  19.  22.  23.  23.  25.  27.  32.  35.  36.
  40.  41.  41.  42.  43.  51.  51.  55.  60.  60.  61.  64.  66.  66.
  68.  72.  72.  74.  76.  78.  78.  80.  81.  82.  84.  86.  86.  86.
  96.  97.][-98. -97. -86. -84. -84. -83. -82. -80. -77. -76. -76. -75. -72. -71.
 -71. -69. -65. -64. -64. -64. -61. -60. -59. -58. -58. -58. -54. -50.
 -49. -48. -47. -47. -43. -43. -42. -40. -38. -38. -32. -32. -27. -13.
  -9.  -9.  -8.  -5.  -4.  -3.  -2.   2.   2.   5.   8.   9.  12.  14.
  17.  29.  29.  29.  30.  30.  30.  31.  33.  35.  36.  36.  38.  38.
  38.  43.  45.  48.  49.  50.  54.  54.  54.  56.  56.  58.  59.  61.
  61.  64.  69.  72.  73.  73.  74.  75.  78.  79.  85.  87.  88.  93.
  95.  98.][-95. -95. -94. -87. -87. -84. -84. -82. -76. -74. -74. -74. -70. -65.
 -60. -59. -55. -53. -52. -49. -48. -48. -47. -46. -43. -43. -42. -37.
 -37. -35. -34. -27. -24. -24. -20. -17. -16. -15. -11. -11. -10.  -9.
  -5.   0.   1.   2.   3.   3.   7.   8.   8.  10.  11.  15.  24.  29.
  37.  38.  41.  43.  46.  47.  49.  50.  51.  52.  52.  54.  54.  57.
  61.  65.  68.  68.  68.  70.  70.  70.  71.  72.  73.  76.  76.  77.
  79.  80.  82.  83.  85.  85.  85.  86.  87.  90.  91.  93.  95.  98.
  99. 100.][-98. -97. -95. -93. -92. -90. -90. -90. -87. -86. -84. -83. -78. -77.
 -76. -72. -71. -70. -69. -66. -63. -63. -62. -56. -53. -52. -49. -44.
 -40. -39. -37. -34. -34. -27. -26. -26. -19. -18. -16. -13. -12.  -9.
  -9.  -7.  -5.  -4.  -4.  -1.   1.   2.   2.   3.   5.   8.  12.  13.
  16.  21.  22.  23.  25.  27.  32.  33.  34.  39.  40.  41.  42.  43.
  46.  46.  46.  47.  48.  51.  66.  66.  66.  71.  73.  73.  84.  84.
  84.  84.  87.  87.  88.  89.  92.  93.  94.  95.  95.  96.  99.  99.
 100. 100.][-97. -96. -88. -86. -85. -85. -84. -84. -84. -83. -78. -77. -77. -75.
 -74. -72. -71. -70. -69. -68. -67. -65. -65. -64. -64. -61. -58. -56.
 -55. -54. -52. -50. -50. -49. -35. -33. -32. -32. -29. -27. -27. -26.
 -23. -20. -19. -18. -15. -14. -10.  -6.  -3.  -1.   9.  11.  12.  14.
  14.  15.  19.  20.  25.  25.  26.  31.  32.  33.  34.  34.  35.  38.
  40.  48.  54.  54.  57.  58.  67.  68.  69.  69.  71.  71.  72.  73.
  76.  76.  77.  79.  80.  82.  82.  83.  83.  85.  91.  93.  96.  96.
  98.  99.][-97. -96. -94. -92. -91. -90. -90. -89. -87. -85. -84. -84. -83. -82.
 -75. -74. -70. -65. -62. -61. -58. -49. -44. -44. -43. -43. -42. -40.
 -36. -34. -33. -30. -30. -29. -26. -26. -25. -25. -17. -12. -10.  -5.
   3.   3.   6.   9.  12.  12.  13.  15.  19.  20.  26.  27.  29.  30.
  34.  34.  35.  36.  37.  39.  41.  44.  45.  46.  48.  50.  56.  58.
  59.  59.  61.  64.  65.  67.  67.  70.  71.  71.  71.  72.  72.  74.
  74.  75.  79.  80.  81.  81.  82.  87.  87.  87.  94.  95.  95.  98.
 100. 100.][-93. -93. -92. -91. -90. -87. -84. -83. -75. -74. -71. -67. -66. -64.
 -60. -59. -57. -47. -45. -44. -43. -43. -42. -42. -41. -39. -38. -38.
 -38. -35. -35. -30. -26. -26. -24. -22. -18.  -9.  -7.  -7.  -1.   0.
   5.   6.   6.   8.   9.  10.  11.  12.  15.  15.  16.  18.  18.  18.
  20.  20.  22.  22.  23.  24.  29.  33.  34.  36.  42.  44.  44.  47.
  48.  49.  49.  51.  51.  52.  53.  56.  57.  59.  59.  60.  70.  70.
  71.  71.  79.  80.  81.  82.  83.  83.  83.  84.  90.  90.  92.  96.
  96.  99.][-100.  -98.  -95.  -91.  -89.  -87.  -85.  -85.  -78.  -76.  -74.  -74.
  -73.  -65.  -63.  -62.  -61.  -60.  -60.  -59.  -54.  -51.  -50.  -49.
  -46.  -44.  -40.  -39.  -38.  -38.  -37.  -34.  -31.  -30.  -22.  -20.
  -19.  -18.  -17.  -16.  -16.  -11.  -10.   -1.    0.    0.    1.    1.
    3.    5.   10.   12.   14.   14.   15.   16.   18.   19.   19.   20.
   28.   37.   37.   38.   39.   40.   42.   42.   44.   44.   49.   55.
   55.   58.   59.   62.   68.   70.   72.   75.   75.   75.   76.   78.
   80.   81.   82.   84.   85.   85.   86.   86.   87.   88.   93.   94.
   96.   97.   98.   99.][-97. -96. -95. -94. -90. -85. -83. -80. -80. -79. -79. -72. -71. -71.
 -66. -64. -63. -63. -62. -60. -60. -59. -59. -54. -53. -52. -50. -50.
 -49. -46. -43. -36. -33. -32. -31. -30. -29. -29. -26. -26. -24. -22.
 -17. -17. -16. -15. -15.  -1.   0.   0.   1.   2.   6.  13.  14.  16.
  18.  22.  23.  23.  26.  27.  31.  32.  32.  32.  33.  36.  40.  40.
  48.  49.  51.  51.  53.  54.  58.  58.  60.  61.  63.  63.  68.  71.
  72.  76.  82.  83.  84.  86.  88.  89.  90.  92.  93.  94.  95.  96.
  99. 100.][-99. -99. -96. -93. -91. -90. -88. -87. -83. -80. -75. -75. -71. -67.
 -64. -63. -59. -53. -52. -51. -47. -44. -43. -43. -40. -39. -38. -35.
 -35. -32. -29. -26. -22. -22. -20. -20. -19. -15. -14.  -8.  -6.  -6.
  -1.   1.   2.   2.   6.   6.   6.   8.   9.   9.  11.  11.  12.  14.
  15.  19.  20.  21.  22.  24.  26.  27.  29.  31.  31.  35.  36.  37.
  38.  46.  47.  50.  53.  54.  63.  66.  66.  67.  69.  70.  70.  70.
  70.  72.  74.  75.  75.  75.  76.  77.  81.  84.  84.  88.  94.  95.
 100. 100.][-91. -82. -80. -80. -76. -74. -73. -73. -71. -69. -67. -66. -66. -63.
 -62. -61. -60. -60. -59. -58. -53. -50. -43. -42. -40. -37. -33. -26.
 -24. -24. -23. -21. -19. -19. -17. -15. -15. -13. -13. -10.  -9.  -6.
  -6.  -6.  -6.  -5.  -2.   1.   3.   5.   8.  10.  10.  11.  11.  14.
  15.  16.  16.  17.  23.  24.  28.  30.  30.  34.  35.  35.  36.  36.
  37.  39.  46.  47.  48.  49.  50.  54.  55.  60.  62.  64.  65.  65.
  68.  72.  73.  74.  76.  79.  83.  85.  90.  91.  92.  93.  94.  96.
  97. 100.][-99. -97. -93. -92. -90. -89. -86. -83. -82. -81. -81. -77. -74. -69.
 -69. -68. -66. -66. -65. -63. -62. -61. -60. -60. -57. -53. -49. -48.
 -48. -47. -46. -45. -41. -39. -38. -38. -28. -25. -24. -23. -23. -21.
 -18. -17. -16. -16. -13. -13. -12.  -7.  -6.  -2.  -2.   0.   3.   6.
   7.  10.  11.  18.  20.  21.  26.  39.  40.  44.  44.  46.  48.  49.
  51.  52.  52.  55.  57.  57.  57.  59.  59.  63.  64.  66.  67.  69.
  70.  71.  74.  78.  81.  81.  84.  86.  87.  87.  90.  92.  96.  98.
  99.  99.][-99. -98. -96. -95. -93. -86. -86. -86. -73. -73. -73. -65. -63. -63.
 -60. -60. -59. -59. -58. -53. -50. -48. -46. -42. -42. -40. -36. -36.
 -32. -25. -25. -22. -22. -18. -17. -16. -15. -15. -10.   0.   4.   8.
   9.  11.  14.  14.  14.  16.  16.  18.  20.  24.  25.  31.  33.  34.
  35.  38.  42.  43.  44.  44.  45.  45.  45.  45.  47.  49.  53.  54.
  56.  56.  56.  57.  58.  60.  61.  64.  66.  66.  67.  67.  70.  71.
  73.  73.  75.  76.  78.  80.  82.  84.  85.  86.  92.  92.  92.  93.
  97.  97.][-98. -96. -95. -88. -87. -87. -85. -82. -82. -81. -79. -75. -74. -72.
 -69. -68. -68. -65. -64. -62. -61. -59. -57. -55. -54. -53. -51. -51.
 -47. -44. -43. -38. -38. -38. -37. -34. -33. -33. -33. -33. -32. -26.
 -26. -22. -18. -17.  -7.  -6.  -3.  -3.   1.   5.   7.   8.  15.  18.
  19.  19.  23.  23.  25.  26.  30.  30.  31.  32.  34.  34.  36.  43.
  45.  45.  45.  46.  49.  54.  56.  61.  61.  62.  63.  65.  67.  67.
  68.  69.  75.  75.  79.  80.  81.  84.  87.  87.  88.  91.  94.  95.
  95.  97.][-98. -97. -96. -94. -87. -83. -82. -82. -80. -79. -79. -75. -74. -74.
 -72. -67. -63. -62. -59. -54. -53. -50. -49. -46. -45. -41. -36. -35.
 -35. -33. -33. -33. -31. -31. -30. -30. -30. -30. -29. -28. -27. -24.
 -17. -13.  -3.  -3.  -2.   0.   0.   1.   2.   4.   4.   8.   9.   9.
  10.  11.  13.  13.  17.  19.  21.  24.  26.  28.  29.  37.  38.  40.
  41.  43.  44.  50.  51.  52.  52.  52.  52.  53.  55.  55.  56.  60.
  61.  64.  64.  69.  70.  74.  76.  76.  78.  78.  82.  87.  91.  97.
  98.  99.][-98. -92. -88. -88. -86. -84. -83. -81. -80. -80. -78. -74. -73. -69.
 -67. -67. -66. -64. -62. -59. -55. -53. -49. -47. -46. -44. -34. -33.
 -31. -29. -27. -19. -19. -18. -18. -17. -15. -14.  -8.  -7.  -3.  -1.
  -1.   1.   1.   1.   2.   2.   2.   3.   3.   3.   7.  10.  12.  15.
  16.  18.  18.  19.  20.  20.  22.  25.  33.  34.  39.  39.  41.  44.
  45.  46.  49.  50.  54.  55.  55.  63.  64.  68.  68.  68.  68.  68.
  69.  69.  72.  74.  79.  79.  80.  84.  85.  88.  89.  89.  91.  95.
  95.  99.][-100.  -99.  -99.  -93.  -93.  -90.  -80.  -79.  -78.  -71.  -70.  -70.
  -69.  -69.  -65.  -64.  -63.  -62.  -60.  -59.  -58.  -50.  -50.  -46.
  -41.  -41.  -33.  -31.  -30.  -28.  -28.  -25.  -25.  -24.  -22.  -22.
  -20.  -14.  -13.  -13.  -13.  -11.   -8.   -7.   -6.   -6.   -5.   -3.
   -3.    1.    6.   10.   10.   12.   15.   16.   16.   23.   23.   23.
   24.   25.   27.   29.   29.   30.   31.   32.   33.   33.   37.   45.
   46.   49.   50.   51.   52.   58.   59.   60.   61.   62.   62.   63.
   64.   70.   72.   72.   79.   83.   84.   84.   85.   85.   86.   87.
   87.   87.   93.   99.][-100.  -98.  -98.  -93.  -90.  -87.  -83.  -83.  -83.  -81.  -78.  -78.
  -76.  -75.  -75.  -75.  -72.  -72.  -70.  -69.  -69.  -64.  -61.  -59.
  -58.  -57.  -52.  -49.  -48.  -41.  -39.  -39.  -38.  -37.  -34.  -33.
  -32.  -30.  -30.  -30.  -28.  -26.  -22.  -17.  -14.  -12.  -10.   -9.
   -7.    7.   10.   11.   11.   13.   14.   16.   16.   23.   26.   27.
   27.   29.   32.   35.   35.   36.   40.   41.   42.   42.   43.   50.
   51.   53.   53.   55.   59.   64.   64.   68.   72.   72.   75.   77.
   78.   78.   81.   81.   81.   82.   84.   84.   86.   89.   90.   93.
   94.   94.   95.   96.][-99. -98. -96. -95. -87. -87. -85. -85. -83. -83. -82. -79. -78. -76.
 -76. -74. -72. -70. -68. -68. -68. -67. -65. -63. -56. -51. -51. -50.
 -50. -48. -46. -42. -41. -40. -38. -35. -35. -34. -34. -34. -34. -31.
 -29. -25. -19. -13. -13. -11. -10.  -8.  -4.  -1.   0.   1.   1.   5.
   5.   8.  12.  14.  15.  16.  18.  19.  20.  22.  24.  26.  30.  31.
  32.  33.  41.  42.  46.  50.  51.  51.  51.  53.  55.  58.  60.  61.
  64.  66.  70.  75.  79.  79.  80.  84.  86.  87.  89.  91.  92.  97.
  97.  99.][-99. -98. -97. -97. -96. -94. -94. -91. -80. -78. -74. -74. -70. -64.
 -62. -59. -58. -58. -56. -55. -55. -52. -51. -51. -50. -49. -48. -46.
 -44. -43. -39. -38. -38. -35. -34. -34. -34. -33. -33. -31. -27. -26.
 -25. -21. -21. -21. -19. -18. -17. -10.  -5.  -3.  -3.  -2.   0.   2.
   3.   6.   6.  12.  16.  18.  19.  23.  24.  24.  24.  26.  28.  28.
  32.  35.  36.  36.  37.  45.  47.  48.  48.  49.  55.  55.  56.  56.
  56.  56.  59.  63.  64.  66.  68.  69.  70.  72.  77.  82.  87.  92.
  95.  98.][-99. -97. -93. -90. -89. -83. -81. -80. -79. -77. -64. -64. -63. -60.
 -59. -58. -58. -57. -54. -53. -52. -50. -46. -44. -44. -44. -42. -36.
 -35. -34. -27. -26. -26. -25. -25. -18. -15. -14. -11. -11.  -7.  -3.
  -2.  -2.  -1.   0.   0.   2.   2.   3.   3.   4.   4.   9.  12.  14.
  15.  18.  19.  20.  21.  22.  23.  29.  32.  35.  35.  36.  36.  37.
  39.  39.  40.  43.  43.  44.  45.  49.  50.  50.  54.  57.  58.  61.
  67.  67.  71.  73.  75.  78.  78.  79.  82.  82.  85.  91.  92.  96.
  96.  97.][-100.  -99.  -97.  -96.  -93.  -92.  -92.  -91.  -90.  -89.  -84.  -83.
  -82.  -81.  -75.  -73.  -72.  -71.  -71.  -70.  -65.  -61.  -60.  -58.
  -57.  -51.  -49.  -49.  -45.  -43.  -42.  -42.  -39.  -39.  -38.  -36.
  -34.  -33.  -32.  -30.  -23.  -20.  -17.  -17.  -14.  -14.  -13.  -13.
  -12.  -12.   -9.   -9.   -1.    0.    1.    2.    7.    8.   12.   12.
   17.   19.   20.   21.   30.   33.   34.   36.   41.   41.   45.   45.
   49.   51.   51.   52.   53.   55.   56.   58.   59.   63.   64.   66.
   68.   72.   73.   74.   75.   75.   78.   79.   89.   90.   92.   93.
   96.   97.   98.   99.][-100.  -99.  -99.  -98.  -97.  -90.  -89.  -89.  -88.  -84.  -84.  -80.
  -78.  -72.  -71.  -69.  -68.  -62.  -62.  -60.  -57.  -55.  -52.  -46.
  -44.  -40.  -39.  -38.  -36.  -32.  -30.  -29.  -24.  -23.  -18.  -18.
  -18.  -17.  -17.  -15.  -13.  -11.  -11.  -10.   -9.   -9.   -8.   -7.
   -6.   -5.   -3.   -3.   -3.    0.    0.    1.    7.   10.   14.   19.
   20.   22.   22.   22.   26.   26.   27.   30.   30.   31.   32.   33.
   33.   36.   36.   44.   44.   45.   55.   57.   58.   58.   59.   60.
   62.   64.   68.   76.   78.   79.   83.   84.   86.   88.   88.   92.
   94.   96.   96.   99.][-100. -100. -100.  -95.  -92.  -87.  -87.  -83.  -81.  -77.  -76.  -71.
  -71.  -70.  -65.  -62.  -57.  -55.  -54.  -52.  -52.  -51.  -45.  -45.
  -45.  -39.  -33.  -32.  -31.  -28.  -26.  -26.  -21.  -13.  -12.  -11.
   -9.   -8.   -8.   -7.   -6.   -5.   -3.    3.    9.   14.   14.   22.
   22.   23.   24.   24.   25.   26.   27.   28.   29.   30.   32.   32.
   33.   33.   33.   35.   35.   44.   47.   47.   49.   51.   54.   54.
   57.   57.   57.   61.   64.   66.   66.   69.   70.   72.   72.   74.
   77.   81.   81.   84.   84.   85.   86.   89.   91.   93.   95.   97.
  100.  100.  100.  100.][-99. -99. -98. -97. -97. -95. -89. -84. -81. -76. -76. -75. -70. -68.
 -66. -64. -61. -57. -57. -56. -52. -42. -39. -33. -33. -32. -31. -29.
 -26. -23. -23. -23. -16. -16. -16. -15. -15. -11.  -8.  -2.  -1.   2.
   3.   3.   4.   5.   6.   7.   7.  12.  13.  15.  18.  18.  20.  21.
  22.  27.  27.  28.  32.  33.  35.  37.  37.  38.  40.  43.  43.  44.
  46.  50.  53.  54.  54.  56.  59.  63.  63.  66.  68.  68.  69.  71.
  74.  76.  76.  77.  78.  78.  79.  80.  83.  85.  85.  90.  91.  93.
  96.  98.][-100.  -98.  -94.  -91.  -89.  -87.  -84.  -84.  -82.  -78.  -77.  -75.
  -74.  -71.  -71.  -65.  -64.  -60.  -59.  -58.  -55.  -53.  -52.  -48.
  -47.  -47.  -45.  -44.  -44.  -37.  -37.  -36.  -32.  -30.  -29.  -26.
  -24.  -22.  -21.  -19.  -17.  -16.  -11.   -8.   -7.   -2.   -2.   -2.
    5.    8.    9.   12.   15.   15.   16.   18.   18.   19.   22.   25.
   27.   27.   37.   41.   42.   42.   44.   47.   47.   50.   50.   52.
   55.   58.   63.   66.   66.   67.   68.   69.   71.   72.   75.   76.
   76.   76.   79.   83.   83.   84.   85.   86.   86.   86.   87.   88.
   88.   96.   97.   99.][-99. -99. -98. -95. -90. -90. -86. -82. -79. -76. -73. -72. -71. -71.
 -68. -67. -67. -65. -64. -64. -61. -60. -60. -54. -54. -54. -51. -48.
 -45. -43. -43. -41. -41. -40. -37. -33. -32. -32. -32. -30. -30. -26.
 -24. -22. -15. -15. -12. -11. -11. -10. -10.  -6.  -5.  -4.   1.   2.
   3.   3.   6.  10.  14.  14.  17.  19.  20.  24.  25.  26.  27.  28.
  36.  37.  38.  38.  39.  43.  44.  48.  50.  60.  61.  61.  65.  65.
  68.  70.  70.  76.  78.  80.  86.  87.  88.  89.  90.  90.  92.  95.
  96. 100.][-96. -95. -93. -92. -87. -82. -81. -80. -80. -79. -79. -77. -76. -73.
 -71. -68. -67. -66. -65. -60. -60. -59. -55. -55. -55. -52. -51. -51.
 -49. -48. -46. -44. -36. -36. -36. -35. -35. -33. -33. -32. -32. -31.
 -29. -28. -25. -25. -24. -22. -14. -12. -11.  -9.  -9.  -8.  -7.  -6.
  -3.  -2.   0.   1.   2.   3.   5.  11.  16.  21.  22.  25.  27.  28.
  28.  35.  44.  45.  46.  49.  53.  54.  55.  56.  57.  59.  64.  65.
  65.  65.  70.  74.  76.  79.  79.  79.  79.  83.  88.  94.  96.  97.
  98. 100.][-98. -96. -95. -94. -89. -87. -83. -82. -79. -75. -73. -72. -72. -72.
 -71. -66. -65. -62. -57. -57. -56. -41. -37. -36. -35. -34. -34. -32.
 -28. -28. -26. -22. -21. -20. -18. -16. -14. -11.  -7.  -5.  -5.  -2.
   0.   2.   3.   5.   5.   8.  11.  11.  17.  17.  18.  19.  19.  23.
  29.  30.  30.  31.  32.  34.  34.  36.  38.  41.  43.  44.  44.  45.
  49.  50.  51.  52.  55.  56.  59.  66.  67.  68.  70.  73.  73.  74.
  75.  76.  78.  79.  80.  80.  84.  84.  87.  89.  91.  92.  93.  96.
  99. 100.][-94. -90. -88. -86. -84. -83. -82. -81. -78. -78. -76. -75. -70. -69.
 -68. -66. -64. -62. -61. -59. -56. -55. -51. -49. -49. -46. -45. -44.
 -43. -39. -38. -37. -36. -34. -34. -33. -32. -32. -30. -30. -26. -25.
 -24. -24. -23. -22. -22. -21. -21. -18. -16. -12. -10.  -8.  -7.  -3.
  -2.  -2.  -1.   1.   1.   2.   3.   8.   9.  16.  16.  16.  17.  18.
  19.  25.  26.  29.  38.  39.  40.  42.  45.  47.  47.  50.  57.  58.
  67.  75.  77.  79.  81.  86.  89.  89.  92.  92.  94.  95.  99. 100.
 100. 100.][-99. -98. -98. -94. -92. -91. -88. -84. -82. -81. -79. -79. -77. -77.
 -75. -75. -73. -69. -64. -64. -64. -63. -59. -58. -56. -52. -50. -46.
 -42. -40. -40. -39. -38. -36. -35. -35. -34. -34. -32. -30. -30. -27.
 -27. -26. -24. -23. -22. -22. -22. -15. -14. -11. -10.  -7.  -7.  -7.
   1.   2.   3.   4.   8.  10.  12.  16.  17.  19.  20.  21.  27.  34.
  36.  43.  46.  46.  47.  47.  52.  53.  54.  55.  58.  58.  63.  64.
  66.  67.  71.  72.  75.  76.  81.  84.  85.  85.  86.  86.  88.  88.
  91.  97.][-100.  -98.  -98.  -98.  -97.  -96.  -96.  -93.  -92.  -91.  -87.  -86.
  -85.  -85.  -78.  -77.  -68.  -68.  -67.  -66.  -65.  -65.  -65.  -60.
  -59.  -58.  -56.  -53.  -52.  -52.  -50.  -47.  -46.  -34.  -34.  -32.
  -26.  -26.  -25.  -25.  -24.  -24.  -22.  -19.  -17.  -15.  -15.  -14.
  -10.   -8.   -6.   -6.   -5.   -4.   -3.   -2.    1.    8.   11.   16.
   19.   20.   25.   26.   27.   28.   30.   30.   31.   33.   36.   37.
   37.   37.   38.   42.   43.   44.   47.   53.   55.   56.   59.   61.
   61.   62.   62.   73.   80.   84.   89.   89.   92.   93.   96.   96.
   97.   97.   98.   98.][-99. -95. -95. -94. -90. -90. -90. -88. -84. -84. -83. -79. -79. -78.
 -77. -75. -69. -68. -67. -67. -63. -61. -61. -57. -51. -49. -47. -41.
 -41. -39. -35. -34. -34. -31. -27. -26. -22. -19. -18. -17. -17. -16.
 -13. -12. -12. -12.  -4.  -2.  -1.   0.   1.   3.   4.   5.   7.   7.
   9.   9.  11.  11.  12.  13.  16.  18.  19.  22.  22.  23.  29.  30.
  31.  32.  32.  43.  43.  48.  49.  60.  60.  63.  63.  67.  68.  69.
  69.  69.  77.  85.  85.  87.  88.  89.  90.  94.  95.  95.  96.  97.
  97. 100.][-96. -94. -88. -85. -81. -78. -78. -77. -77. -77. -76. -75. -73. -68.
 -68. -66. -63. -62. -61. -56. -55. -51. -44. -38. -37. -35. -34. -32.
 -30. -28. -26. -26. -25. -23. -23. -22. -22. -19. -17. -15. -15. -15.
 -13. -12.  -7.  -3.   3.   6.   8.   8.   9.  10.  11.  13.  14.  15.
  16.  18.  19.  22.  25.  25.  28.  28.  29.  30.  32.  34.  34.  35.
  39.  41.  41.  42.  45.  46.  50.  51.  51.  52.  55.  59.  61.  63.
  65.  66.  68.  69.  71.  72.  73.  73.  80.  84.  89.  91.  92.  93.
  95.  96.][-100.  -98.  -97.  -95.  -94.  -93.  -92.  -90.  -89.  -89.  -84.  -82.
  -81.  -79.  -78.  -76.  -72.  -70.  -70.  -67.  -64.  -61.  -60.  -60.
  -53.  -51.  -50.  -48.  -46.  -44.  -40.  -40.  -39.  -36.  -31.  -29.
  -24.  -15.   -4.   -3.    2.    2.    3.    6.    6.    7.    7.   11.
   11.   13.   14.   15.   16.   20.   20.   21.   27.   28.   29.   31.
   32.   32.   32.   33.   36.   39.   40.   41.   42.   43.   45.   46.
   49.   50.   50.   52.   54.   58.   58.   59.   62.   63.   64.   67.
   68.   70.   78.   79.   82.   82.   83.   85.   89.   89.   90.   91.
   92.   93.   96.   96.][-100.  -95.  -94.  -92.  -91.  -90.  -89.  -89.  -88.  -86.  -86.  -85.
  -85.  -81.  -80.  -74.  -72.  -68.  -66.  -63.  -62.  -56.  -55.  -54.
  -54.  -52.  -50.  -50.  -49.  -48.  -31.  -30.  -23.  -22.  -19.  -18.
  -16.  -16.  -14.  -14.  -13.  -11.  -11.   -7.    1.    1.    2.    2.
    2.    4.    5.    5.    6.    6.    6.    6.    6.    9.   10.   12.
   12.   19.   19.   26.   27.   29.   30.   31.   32.   32.   33.   33.
   36.   42.   45.   45.   46.   52.   55.   59.   60.   64.   65.   65.
   71.   71.   74.   76.   78.   79.   80.   86.   88.   88.   92.   95.
   95.   98.   99.   99.][-100.  -99.  -99.  -96.  -91.  -89.  -85.  -84.  -84.  -84.  -84.  -81.
  -75.  -72.  -72.  -66.  -65.  -63.  -60.  -59.  -58.  -57.  -54.  -53.
  -52.  -50.  -49.  -49.  -47.  -46.  -44.  -41.  -40.  -40.  -36.  -29.
  -29.  -28.  -27.  -27.  -27.  -25.  -20.  -20.  -16.   -8.   -8.   -6.
   -1.   -1.    1.    1.    2.    3.    6.    6.   10.   11.   15.   18.
   20.   20.   27.   28.   28.   32.   32.   32.   33.   34.   35.   37.
   39.   40.   40.   41.   41.   48.   48.   54.   54.   59.   59.   65.
   66.   68.   71.   71.   73.   75.   76.   76.   82.   91.   92.   94.
   96.   97.   98.   98.][-100.  -98.  -96.  -90.  -89.  -89.  -84.  -84.  -83.  -79.  -79.  -77.
  -74.  -71.  -70.  -67.  -66.  -64.  -64.  -63.  -60.  -60.  -59.  -59.
  -57.  -54.  -51.  -51.  -50.  -49.  -49.  -49.  -48.  -45.  -43.  -41.
  -36.  -33.  -28.  -27.  -26.  -20.  -20.  -19.  -16.  -15.  -15.  -15.
  -12.   -6.    2.    3.    5.    7.    7.   16.   22.   24.   26.   29.
   29.   31.   33.   35.   35.   37.   38.   45.   46.   49.   52.   56.
   60.   64.   64.   65.   66.   71.   75.   76.   76.   77.   78.   80.
   80.   81.   81.   84.   86.   86.   91.   93.   95.   96.   97.   97.
   98.   98.   99.  100.][-100. -100.  -98.  -95.  -92.  -91.  -91.  -90.  -87.  -83.  -74.  -72.
  -71.  -69.  -68.  -67.  -66.  -65.  -65.  -61.  -55.  -55.  -54.  -54.
  -53.  -53.  -51.  -50.  -50.  -49.  -47.  -46.  -45.  -43.  -42.  -41.
  -41.  -38.  -38.  -37.  -37.  -34.  -34.  -30.  -25.  -25.  -25.  -25.
  -21.  -17.  -17.  -13.   -7.   -6.   -2.    0.    1.    1.    2.    3.
    6.    7.    8.   10.   11.   12.   13.   19.   21.   22.   24.   24.
   29.   31.   32.   34.   36.   38.   40.   42.   51.   51.   53.   54.
   58.   59.   64.   65.   66.   67.   69.   71.   72.   74.   79.   82.
   82.   90.   92.   95.][-98. -96. -96. -95. -87. -85. -83. -82. -74. -71. -70. -69. -68. -68.
 -66. -63. -62. -58. -58. -55. -53. -52. -49. -44. -44. -43. -43. -43.
 -43. -42. -42. -40. -38. -38. -37. -36. -36. -30. -30. -21. -16. -15.
 -14. -13. -12.  -9.  -4.  -4.   0.   1.   1.   2.   3.   9.   9.  12.
  13.  14.  18.  18.  18.  19.  23.  26.  27.  28.  30.  34.  35.  37.
  44.  44.  46.  46.  48.  50.  52.  56.  57.  61.  62.  67.  67.  68.
  68.  74.  75.  80.  84.  88.  90.  90.  90.  91.  92.  92.  93.  94.
  97.  99.][-100.  -97.  -92.  -91.  -88.  -88.  -87.  -85.  -84.  -83.  -82.  -82.
  -77.  -77.  -77.  -75.  -72.  -70.  -69.  -68.  -66.  -61.  -60.  -53.
  -53.  -53.  -53.  -53.  -49.  -49.  -47.  -47.  -41.  -39.  -38.  -36.
  -35.  -33.  -31.  -28.  -27.  -25.  -24.  -24.  -21.  -20.  -19.  -17.
  -16.  -11.  -10.   -2.   -1.    4.    6.   11.   15.   15.   16.   17.
   20.   23.   26.   29.   29.   32.   36.   37.   37.   40.   46.   47.
   47.   48.   48.   50.   51.   51.   53.   60.   61.   61.   63.   63.
   68.   69.   72.   75.   76.   77.   79.   81.   84.   85.   87.   87.
   94.   95.   96.   96.][-98. -96. -96. -94. -83. -82. -78. -78. -77. -77. -75. -74. -74. -73.
 -73. -73. -67. -66. -66. -65. -65. -65. -64. -63. -62. -60. -58. -55.
 -55. -52. -50. -49. -47. -46. -45. -45. -45. -45. -42. -37. -34. -31.
 -27. -24. -21. -21. -20. -20. -18. -12. -10.  -9.  -8.  -6.   1.   6.
   6.  10.  11.  12.  16.  19.  22.  26.  27.  35.  40.  42.  50.  51.
  52.  52.  53.  54.  54.  58.  58.  60.  62.  64.  68.  69.  70.  71.
  75.  78.  80.  80.  80.  83.  84.  86.  86.  90.  90.  92.  94.  95.
  95.  96.][-100.  -91.  -91.  -90.  -86.  -85.  -84.  -84.  -82.  -82.  -79.  -71.
  -69.  -68.  -67.  -65.  -64.  -64.  -64.  -62.  -57.  -55.  -52.  -51.
  -47.  -46.  -42.  -34.  -33.  -31.  -31.  -30.  -30.  -27.  -22.  -21.
  -19.  -17.  -15.  -13.  -12.  -11.  -11.  -11.  -10.   -9.   -9.   -4.
   -2.   -2.   -1.    5.    8.   10.   12.   17.   18.   18.   22.   24.
   26.   27.   30.   35.   36.   36.   37.   38.   38.   40.   44.   45.
   46.   50.   51.   57.   57.   58.   59.   60.   61.   62.   65.   72.
   73.   75.   79.   80.   81.   88.   89.   90.   91.   92.   92.   93.
   95.   97.  100.  100.][-100.  -99.  -99.  -98.  -98.  -97.  -97.  -96.  -88.  -87.  -84.  -82.
  -79.  -71.  -69.  -63.  -61.  -57.  -57.  -55.  -54.  -54.  -53.  -52.
  -49.  -49.  -48.  -45.  -43.  -39.  -37.  -32.  -31.  -29.  -28.  -28.
  -28.  -23.  -20.  -18.  -16.  -13.  -10.   -8.   -7.   -5.   -4.   -1.
   -1.    1.    2.    2.    4.    4.    5.    7.    8.   11.   12.   12.
   15.   20.   21.   22.   22.   26.   28.   29.   30.   31.   41.   42.
   42.   44.   47.   52.   54.   55.   56.   57.   61.   61.   65.   67.
   67.   68.   68.   69.   75.   80.   81.   83.   85.   87.   87.   87.
   94.   96.   98.  100.][-98. -95. -92. -92. -92. -91. -91. -90. -87. -84. -84. -80. -78. -70.
 -68. -67. -66. -62. -58. -56. -53. -52. -48. -46. -45. -45. -42. -42.
 -34. -33. -33. -30. -30. -29. -28. -28. -26. -22. -22. -20. -19. -17.
 -14. -13. -11.  -9.  -7.  -6.  -5.   3.   5.   9.  12.  16.  16.  18.
  18.  21.  22.  24.  24.  25.  26.  27.  29.  32.  41.  43.  46.  48.
  49.  53.  54.  54.  56.  58.  60.  62.  65.  66.  67.  68.  69.  70.
  71.  72.  72.  78.  82.  84.  87.  88.  88.  89.  91.  92.  96.  96.
  97. 100.][-95. -94. -94. -93. -92. -90. -90. -88. -88. -85. -83. -83. -80. -74.
 -74. -70. -68. -61. -58. -57. -57. -51. -42. -42. -38. -37. -35. -34.
 -34. -33. -33. -31. -31. -28. -24. -24. -23. -19. -18. -18. -17. -17.
 -16.  -7.  -5.  -2.   2.   4.   6.  10.  15.  16.  23.  26.  27.  27.
  27.  28.  28.  28.  30.  30.  30.  34.  35.  36.  40.  41.  43.  44.
  45.  46.  46.  47.  50.  51.  52.  54.  55.  58.  59.  61.  62.  65.
  66.  70.  71.  71.  72.  73.  77.  77.  78.  80.  82.  85.  87.  90.
  92. 100.][-99. -98. -97. -96. -86. -83. -81. -81. -79. -75. -75. -72. -72. -71.
 -69. -67. -67. -66. -66. -65. -65. -64. -57. -56. -54. -50. -49. -49.
 -47. -42. -40. -40. -40. -39. -38. -34. -34. -32. -25. -23. -22. -21.
 -20. -20. -19. -18. -16. -16. -15. -15. -12. -11. -11.  -8.  -6.  -3.
  -2.   1.   1.   4.  10.  13.  14.  17.  21.  27.  28.  30.  32.  34.
  35.  36.  42.  46.  47.  48.  51.  52.  54.  54.  57.  58.  58.  60.
  64.  64.  66.  75.  78.  81.  84.  86.  89.  89.  90.  91.  92.  92.
  96.  98.][-94. -93. -88. -85. -82. -80. -78. -78. -78. -77. -76. -75. -75. -75.
 -74. -74. -72. -70. -69. -69. -64. -64. -63. -59. -45. -44. -44. -35.
 -35. -32. -30. -27. -24. -22. -21. -21. -20. -17. -13. -10.  -7.  -5.
  -4.  -3.  -3.  -1.  -1.   1.   1.   1.   1.   7.  11.  12.  14.  14.
  17.  21.  21.  22.  24.  24.  25.  26.  29.  35.  39.  41.  47.  48.
  49.  53.  53.  56.  58.  61.  68.  74.  74.  75.  76.  76.  77.  77.
  81.  81.  81.  82.  84.  86.  86.  87.  87.  89.  90.  93.  95.  95.
  99. 100.][-97. -91. -91. -89. -86. -86. -83. -83. -82. -82. -76. -72. -71. -71.
 -69. -65. -61. -61. -58. -56. -55. -55. -54. -51. -45. -42. -41. -36.
 -36. -35. -34. -33. -32. -32. -31. -23. -16. -15. -12.  -9.  -7.  -6.
  -5.  -3.  -2.  -2.  -1.   1.   1.   1.   3.   4.   6.   8.  10.  10.
  13.  16.  18.  19.  23.  23.  27.  29.  29.  31.  32.  33.  33.  34.
  34.  36.  36.  43.  45.  48.  51.  53.  59.  61.  65.  66.  66.  69.
  70.  73.  74.  75.  78.  80.  81.  82.  86.  88.  92.  92.  95.  96.
  99. 100.][-93. -89. -88. -88. -87. -87. -86. -86. -82. -80. -79. -77. -76. -76.
 -75. -74. -64. -59. -56. -54. -53. -50. -47. -44. -44. -37. -35. -32.
 -30. -29. -28. -22. -20. -20. -19. -18. -17. -16. -14. -14. -13. -11.
 -11.  -3.   0.   0.   4.   7.  11.  12.  13.  14.  19.  20.  21.  21.
  22.  22.  24.  25.  25.  28.  28.  30.  31.  32.  32.  32.  34.  36.
  40.  41.  46.  48.  49.  49.  51.  52.  53.  54.  55.  56.  57.  57.
  57.  58.  61.  63.  64.  67.  73.  75.  80.  84.  85.  90.  91.  94.
  95.  96.][-100.  -98.  -97.  -96.  -95.  -92.  -92.  -90.  -89.  -89.  -88.  -85.
  -83.  -82.  -79.  -77.  -74.  -73.  -73.  -72.  -71.  -70.  -68.  -67.
  -67.  -63.  -62.  -62.  -53.  -52.  -51.  -50.  -45.  -43.  -39.  -37.
  -37.  -36.  -34.  -34.  -33.  -29.  -29.  -29.  -24.  -23.  -20.  -18.
  -13.   -9.   -9.   -4.   -3.   -2.   -2.    6.    7.   17.   18.   20.
   24.   26.   26.   28.   29.   30.   34.   40.   40.   42.   46.   48.
   48.   51.   51.   54.   57.   58.   59.   61.   62.   63.   63.   68.
   69.   69.   70.   75.   82.   84.   84.   86.   87.   88.   90.   91.
   93.   97.   99.  100.][-94. -94. -91. -91. -86. -86. -86. -85. -85. -80. -78. -75. -75. -74.
 -74. -73. -73. -72. -70. -70. -69. -65. -62. -54. -53. -53. -49. -47.
 -47. -44. -43. -43. -41. -35. -28. -26. -26. -23. -19. -16. -11. -10.
 -10.  -9.  -7.  -5.  -4.  -3.  -3.  -3.  -2.  -2.  -2.   0.   1.   2.
   4.  10.  11.  13.  16.  18.  20.  20.  23.  34.  38.  40.  43.  45.
  47.  51.  51.  52.  54.  57.  57.  58.  61.  61.  65.  67.  68.  70.
  78.  81.  81.  83.  86.  88.  94.  94.  95.  95.  97.  97.  98.  99.
 100. 100.][-99. -98. -96. -95. -95. -95. -93. -91. -88. -88. -87. -87. -86. -86.
 -85. -83. -80. -80. -80. -79. -78. -74. -73. -69. -67. -60. -59. -58.
 -54. -53. -51. -49. -46. -42. -42. -42. -38. -37. -37. -31. -26. -23.
 -21. -19. -15. -15. -13. -12. -12. -11. -10. -10. -10.  -7.  -3.  -3.
  -2.  -1.   4.   7.   7.  10.  10.  11.  12.  24.  26.  27.  29.  32.
  32.  32.  33.  33.  35.  37.  39.  41.  43.  44.  45.  47.  48.  53.
  59.  60.  62.  63.  65.  67.  69.  72.  73.  76.  81.  88.  89.  93.
  95.  98.][-100.  -99.  -92.  -91.  -89.  -85.  -82.  -80.  -79.  -78.  -74.  -72.
  -72.  -71.  -67.  -65.  -64.  -64.  -64.  -59.  -58.  -58.  -57.  -56.
  -53.  -53.  -52.  -51.  -51.  -43.  -41.  -38.  -35.  -28.  -26.  -24.
  -23.  -23.  -22.  -22.  -16.  -13.  -13.  -11.   -8.   -7.   -6.   -5.
   -3.    0.    8.   10.   10.   14.   18.   20.   21.   25.   29.   30.
   31.   32.   32.   36.   36.   37.   40.   42.   43.   44.   48.   49.
   51.   52.   52.   54.   56.   57.   66.   66.   67.   75.   75.   76.
   77.   77.   79.   80.   82.   84.   84.   87.   87.   88.   89.   89.
   91.   91.   92.   93.][-100.  -98.  -97.  -96.  -92.  -90.  -85.  -84.  -83.  -83.  -83.  -78.
  -72.  -70.  -70.  -68.  -65.  -59.  -53.  -51.  -47.  -46.  -44.  -44.
  -43.  -42.  -38.  -37.  -35.  -33.  -32.  -29.  -28.  -27.  -26.  -26.
  -25.  -24.  -24.  -24.  -24.  -18.  -13.  -13.  -10.   -4.   -1.    2.
    4.    4.    6.    6.    8.    9.    9.    9.   12.   12.   14.   14.
   17.   19.   19.   26.   29.   30.   38.   42.   43.   49.   49.   50.
   50.   51.   52.   54.   57.   58.   65.   66.   67.   71.   73.   74.
   76.   76.   78.   82.   84.   85.   87.   88.   90.   93.   95.   95.
   95.   98.   99.   99.][-100.  -99.  -96.  -96.  -90.  -89.  -88.  -87.  -86.  -86.  -81.  -79.
  -79.  -78.  -77.  -76.  -76.  -75.  -69.  -64.  -62.  -61.  -61.  -52.
  -49.  -49.  -49.  -47.  -46.  -46.  -46.  -45.  -43.  -41.  -40.  -39.
  -37.  -36.  -34.  -31.  -28.  -28.  -28.  -27.  -18.  -18.  -18.  -13.
  -12.   -6.   -4.   -2.    7.   10.   12.   12.   15.   18.   21.   25.
   29.   30.   31.   32.   33.   35.   38.   39.   39.   44.   45.   46.
   49.   52.   52.   52.   57.   58.   58.   59.   60.   61.   61.   63.
   63.   65.   68.   69.   73.   75.   76.   79.   80.   82.   86.   88.
   91.   98.   99.  100.][-99. -99. -98. -98. -97. -95. -94. -90. -90. -89. -86. -84. -83. -83.
 -81. -79. -76. -73. -71. -69. -69. -69. -68. -64. -61. -59. -56. -51.
 -50. -48. -44. -41. -41. -40. -35. -32. -30. -29. -25. -23. -20. -20.
 -18. -16. -12. -10. -10.  -8.  -5.  -4.  -3.   3.   5.  11.  12.  14.
  17.  18.  20.  24.  24.  26.  28.  28.  30.  35.  35.  36.  37.  37.
  40.  42.  44.  47.  48.  51.  54.  55.  58.  60.  63.  64.  67.  68.
  69.  72.  74.  74.  78.  82.  83.  88.  88.  88.  90.  90.  91.  96.
  98.  99.][-98. -92. -91. -89. -89. -87. -84. -84. -79. -77. -76. -76. -74. -74.
 -73. -72. -70. -64. -62. -60. -53. -49. -42. -41. -38. -34. -34. -33.
 -32. -23. -20. -19. -16. -14. -13. -13.  -7.  -4.  -2.  -1.  -1.   0.
   0.   3.   4.   5.  12.  13.  13.  15.  15.  15.  15.  16.  21.  22.
  26.  27.  30.  31.  34.  34.  38.  41.  45.  46.  46.  46.  47.  47.
  47.  48.  50.  51.  58.  62.  62.  64.  64.  66.  66.  70.  72.  76.
  76.  79.  80.  80.  81.  84.  87.  92.  92.  93.  94.  95.  98.  99.
  99. 100.][-100.  -97.  -96.  -93.  -92.  -91.  -91.  -88.  -85.  -83.  -82.  -81.
  -80.  -77.  -76.  -76.  -75.  -74.  -74.  -73.  -73.  -73.  -71.  -70.
  -68.  -67.  -67.  -61.  -60.  -60.  -60.  -59.  -58.  -56.  -56.  -55.
  -46.  -44.  -36.  -36.  -33.  -33.  -31.  -31.  -29.  -29.  -22.  -15.
  -15.  -14.   -7.   -7.   -7.   -5.   -3.   -2.    0.    1.    2.    8.
   10.   11.   14.   14.   15.   18.   22.   26.   27.   28.   28.   29.
   30.   34.   35.   42.   44.   47.   47.   48.   48.   49.   49.   51.
   53.   59.   61.   62.   71.   73.   75.   81.   85.   86.   91.   91.
   95.   97.   97.  100.][-100. -100.  -95.  -92.  -90.  -87.  -86.  -82.  -82.  -79.  -77.  -75.
  -73.  -71.  -63.  -62.  -59.  -59.  -59.  -54.  -52.  -49.  -44.  -44.
  -40.  -40.  -40.  -39.  -37.  -35.  -34.  -34.  -34.  -31.  -27.  -26.
  -25.  -18.  -18.  -17.  -15.  -14.  -13.   -7.   -2.    4.    5.    5.
    5.    6.    7.    7.    8.   11.   12.   13.   13.   13.   14.   15.
   15.   16.   20.   28.   30.   30.   34.   34.   35.   36.   37.   40.
   41.   41.   44.   45.   48.   51.   55.   55.   56.   62.   65.   66.
   67.   67.   67.   68.   72.   73.   82.   84.   85.   85.   87.   88.
   91.   91.   92.   94.][-100.  -96.  -94.  -94.  -93.  -91.  -89.  -84.  -83.  -81.  -79.  -79.
  -77.  -76.  -75.  -73.  -64.  -62.  -60.  -57.  -56.  -54.  -53.  -52.
  -51.  -51.  -47.  -47.  -45.  -44.  -42.  -34.  -32.  -30.  -24.  -23.
  -21.  -21.  -20.  -19.  -19.  -18.  -18.  -13.  -11.   -7.   -6.   -3.
    0.    3.    4.    7.   10.   10.   11.   12.   13.   20.   24.   25.
   26.   26.   27.   27.   28.   31.   35.   35.   36.   38.   40.   40.
   48.   54.   54.   55.   56.   56.   56.   57.   57.   58.   61.   65.
   66.   68.   69.   72.   73.   74.   75.   82.   82.   83.   84.   91.
   93.   94.   95.   99.][-98. -95. -94. -87. -87. -86. -78. -75. -74. -73. -68. -67. -66. -65.
 -63. -63. -62. -59. -57. -56. -55. -50. -50. -49. -45. -45. -43. -38.
 -35. -34. -28. -25. -23. -23. -18. -15. -15. -13. -12.  -8.  -6.  -4.
  -2.  -1.  -1.   3.   3.   8.   8.  10.  10.  11.  13.  15.  18.  21.
  22.  23.  23.  25.  25.  28.  31.  32.  33.  34.  35.  37.  38.  38.
  39.  43.  43.  44.  51.  51.  54.  54.  55.  56.  63.  64.  68.  68.
  69.  69.  72.  72.  74.  74.  79.  81.  82.  84.  87.  92.  92.  97.
  98.  99.][-98. -96. -94. -93. -91. -90. -90. -88. -86. -86. -86. -85. -84. -84.
 -83. -83. -82. -82. -76. -74. -74. -72. -72. -68. -66. -65. -60. -56.
 -55. -54. -54. -53. -50. -49. -49. -48. -47. -43. -42. -39. -33. -31.
 -30. -29. -28. -27. -26. -26. -18. -17. -16. -16. -13.  -9.  -3.   0.
   1.   5.   6.   8.   8.   8.   9.  17.  29.  29.  30.  31.  31.  32.
  33.  35.  36.  39.  42.  42.  42.  44.  46.  55.  58.  59.  60.  61.
  61.  63.  64.  64.  68.  69.  71.  78.  81.  81.  82.  83.  85.  87.
  93.  98.][-99. -99. -95. -94. -92. -91. -90. -89. -88. -88. -87. -87. -86. -85.
 -83. -82. -81. -80. -77. -74. -70. -68. -60. -58. -54. -53. -49. -49.
 -49. -47. -46. -46. -44. -39. -36. -32. -32. -30. -30. -28. -26. -25.
 -25. -24. -22. -22. -17. -16. -14. -14. -13. -11. -11.  -8.  -8.  -5.
  -4.   6.   9.  11.  12.  12.  12.  13.  14.  15.  15.  15.  18.  24.
  26.  31.  35.  38.  38.  40.  41.  41.  42.  42.  45.  48.  49.  49.
  57.  58.  59.  65.  65.  65.  69.  77.  79.  79.  80.  90.  91.  91.
  98.  98.][-96. -94. -91. -89. -88. -85. -83. -82. -79. -78. -78. -74. -73. -73.
 -73. -71. -70. -70. -69. -68. -68. -66. -65. -65. -63. -61. -61. -53.
 -53. -52. -50. -48. -47. -42. -41. -35. -34. -32. -31. -29. -29. -26.
 -25. -23. -23. -23. -21. -18. -12. -11. -10.  -9.  -7.  -7.  -2.   2.
   5.   7.  11.  11.  21.  24.  28.  29.  31.  32.  32.  39.  42.  44.
  44.  45.  47.  54.  55.  55.  56.  57.  58.  59.  63.  64.  67.  67.
  68.  71.  72.  72.  75.  81.  85.  85.  89.  92.  94.  96.  97.  98.
  98.  99.][-100.  -92.  -79.  -79.  -79.  -79.  -78.  -76.  -76.  -75.  -73.  -70.
  -69.  -66.  -65.  -62.  -57.  -57.  -51.  -49.  -48.  -47.  -44.  -43.
  -42.  -42.  -42.  -41.  -40.  -38.  -34.  -34.  -34.  -30.  -30.  -26.
  -22.  -21.  -17.  -13.  -13.  -12.    1.    3.    3.    5.   10.   11.
   11.   12.   15.   16.   16.   17.   22.   22.   23.   24.   24.   31.
   33.   35.   37.   38.   39.   41.   42.   45.   49.   52.   52.   54.
   54.   57.   57.   58.   59.   60.   60.   64.   69.   70.   71.   73.
   73.   73.   75.   78.   79.   81.   81.   85.   87.   88.   89.   89.
   93.   97.   97.   99.][-99. -99. -97. -95. -92. -91. -90. -90. -90. -90. -89. -89. -88. -83.
 -83. -81. -77. -76. -76. -75. -73. -72. -69. -64. -59. -55. -53. -53.
 -48. -48. -47. -44. -43. -41. -34. -32. -30. -22. -19. -18. -17. -13.
 -11. -10.  -8.  -5.  -4.  -1.   3.   5.   5.   5.   6.   9.  12.  12.
  14.  18.  18.  20.  27.  27.  29.  30.  30.  31.  34.  37.  39.  40.
  40.  42.  42.  44.  45.  46.  51.  51.  52.  53.  53.  55.  56.  56.
  58.  59.  61.  62.  66.  66.  68.  69.  73.  73.  74.  85.  85.  93.
  97.  97.][-100.  -98.  -97.  -95.  -95.  -91.  -90.  -89.  -89.  -87.  -86.  -85.
  -81.  -80.  -79.  -77.  -75.  -72.  -69.  -69.  -68.  -68.  -66.  -64.
  -64.  -61.  -60.  -57.  -56.  -53.  -50.  -49.  -48.  -46.  -43.  -42.
  -42.  -41.  -40.  -40.  -36.  -33.  -29.  -27.  -22.  -18.  -15.  -14.
  -11.   -9.   -9.   -8.   -3.    0.    2.    4.    4.    6.    9.   13.
   15.   20.   21.   22.   24.   25.   26.   31.   31.   33.   35.   35.
   37.   37.   45.   45.   46.   56.   58.   65.   65.   66.   66.   71.
   74.   75.   77.   81.   82.   86.   88.   89.   89.   92.   93.   94.
   95.   98.   98.   99.][-100.  -93.  -92.  -91.  -86.  -85.  -83.  -82.  -82.  -79.  -78.  -78.
  -74.  -74.  -74.  -73.  -73.  -72.  -72.  -65.  -63.  -63.  -61.  -60.
  -59.  -56.  -54.  -54.  -54.  -53.  -51.  -51.  -45.  -43.  -39.  -34.
  -32.  -28.  -27.  -27.  -22.  -20.  -19.  -12.   -9.   -5.    3.    5.
    6.    7.    7.    8.    8.   14.   15.   16.   18.   19.   20.   21.
   23.   26.   27.   32.   33.   36.   38.   39.   41.   41.   44.   45.
   46.   54.   54.   59.   60.   62.   62.   63.   67.   67.   69.   71.
   72.   78.   78.   79.   79.   80.   81.   82.   82.   83.   85.   90.
   97.   98.   99.   99.][-99. -96. -91. -86. -84. -81. -79. -78. -78. -75. -75. -74. -71. -71.
 -67. -67. -61. -60. -58. -58. -58. -51. -48. -48. -48. -47. -46. -43.
 -42. -37. -32. -31. -31. -31. -30. -28. -26. -25. -20. -17. -14. -10.
  -8.  -6.  -6.  -4.  -3.  -3.   0.   0.   1.   1.   3.   3.   4.   7.
   8.  12.  17.  31.  32.  36.  37.  40.  42.  47.  47.  47.  47.  49.
  51.  51.  52.  54.  54.  55.  55.  58.  60.  61.  63.  64.  66.  66.
  68.  70.  72.  73.  74.  75.  78.  85.  86.  87.  89.  91.  91.  93.
  94.  97.][-98. -97. -94. -93. -93. -90. -83. -79. -77. -75. -74. -73. -73. -71.
 -69. -65. -65. -61. -61. -56. -55. -52. -51. -44. -42. -40. -39. -35.
 -30. -26. -25. -24. -22. -20. -20. -20. -13. -12.  -7.  -6.  -4.   0.
   3.   4.   7.   7.   9.  10.  13.  14.  17.  19.  19.  24.  26.  28.
  30.  30.  31.  32.  36.  37.  39.  41.  42.  43.  43.  44.  45.  48.
  51.  51.  51.  52.  57.  60.  60.  63.  65.  69.  74.  74.  77.  78.
  80.  83.  84.  88.  88.  89.  89.  89.  90.  91.  91.  92.  92.  94.
  97.  99.][-100.  -96.  -96.  -93.  -89.  -86.  -81.  -80.  -80.  -78.  -78.  -76.
  -73.  -70.  -68.  -65.  -63.  -62.  -62.  -59.  -58.  -58.  -53.  -51.
  -51.  -49.  -47.  -46.  -43.  -42.  -40.  -38.  -34.  -33.  -31.  -29.
  -29.  -28.  -27.  -24.  -19.  -19.  -17.  -17.  -16.   -7.   -6.   -5.
    3.    3.    7.    9.    9.    9.   10.   10.   16.   16.   16.   18.
   18.   21.   21.   24.   24.   26.   28.   29.   29.   32.   33.   34.
   35.   35.   35.   36.   41.   42.   45.   45.   48.   51.   51.   67.
   76.   77.   77.   77.   86.   86.   87.   87.   90.   91.   92.   95.
   95.   96.   99.  100.][-100.  -98.  -98.  -97.  -96.  -96.  -94.  -92.  -88.  -83.  -78.  -78.
  -77.  -76.  -72.  -72.  -68.  -66.  -61.  -58.  -57.  -56.  -52.  -45.
  -44.  -43.  -43.  -42.  -34.  -33.  -32.  -30.  -30.  -30.  -29.  -28.
  -28.  -19.  -19.  -18.  -16.  -16.  -15.  -11.   -8.   -7.   -5.   -2.
   -2.   -1.   -1.    0.    0.    3.    6.   13.   14.   16.   18.   18.
   23.   24.   24.   27.   28.   30.   31.   33.   34.   34.   34.   37.
   39.   39.   39.   43.   44.   45.   54.   60.   66.   70.   73.   75.
   77.   77.   78.   80.   80.   81.   84.   86.   89.   91.   94.   95.
   96.   98.   99.   99.][-100.  -97.  -97.  -94.  -94.  -93.  -90.  -89.  -86.  -84.  -84.  -84.
  -80.  -79.  -75.  -74.  -74.  -73.  -71.  -71.  -70.  -66.  -65.  -62.
  -60.  -56.  -52.  -50.  -49.  -45.  -44.  -42.  -42.  -40.  -37.  -37.
  -36.  -35.  -33.  -32.  -32.  -30.  -28.  -27.  -26.  -25.  -25.  -22.
  -20.  -19.  -17.  -14.  -12.  -10.   -5.   -4.   -3.   -2.   -1.    2.
    3.    4.   10.   10.   10.   13.   21.   25.   36.   37.   38.   39.
   44.   45.   48.   49.   49.   51.   56.   57.   57.   58.   60.   60.
   64.   65.   67.   69.   71.   73.   74.   75.   76.   76.   86.   86.
   87.   89.   94.   99.][-100. -100. -100.  -97.  -96.  -92.  -91.  -73.  -71.  -71.  -70.  -65.
  -58.  -56.  -54.  -52.  -52.  -50.  -49.  -44.  -43.  -41.  -41.  -37.
  -36.  -36.  -35.  -32.  -29.  -29.  -22.  -19.  -16.  -13.   -9.   -8.
   -5.   -5.   -1.    1.    3.    4.    5.    6.    8.   10.   12.   13.
   17.   18.   19.   19.   19.   20.   22.   24.   26.   26.   26.   28.
   28.   29.   32.   32.   35.   36.   38.   41.   43.   44.   46.   47.
   47.   50.   51.   51.   52.   53.   55.   56.   57.   59.   60.   62.
   66.   67.   70.   72.   73.   78.   81.   84.   85.   87.   88.   88.
   88.   98.   99.   99.][-100.  -96.  -92.  -90.  -90.  -88.  -86.  -86.  -85.  -84.  -80.  -79.
  -78.  -74.  -67.  -66.  -64.  -61.  -60.  -59.  -58.  -57.  -57.  -50.
  -50.  -45.  -43.  -43.  -41.  -41.  -41.  -38.  -36.  -33.  -25.  -22.
  -20.  -16.  -14.  -14.  -12.  -12.   -9.   -9.   -6.   -5.   -4.   -1.
    3.    5.   13.   13.   17.   17.   18.   26.   26.   27.   28.   33.
   34.   37.   38.   38.   41.   42.   43.   46.   46.   48.   51.   51.
   53.   55.   56.   58.   58.   60.   64.   70.   71.   72.   73.   75.
   75.   77.   77.   79.   79.   81.   81.   85.   86.   90.   95.   97.
   97.   99.   99.   99.][-98. -97. -95. -94. -94. -92. -89. -86. -84. -83. -80. -77. -67. -66.
 -65. -60. -56. -56. -55. -54. -53. -51. -51. -50. -49. -47. -46. -46.
 -40. -39. -38. -36. -33. -32. -31. -26. -22. -22. -19. -15. -12. -10.
 -10.  -8.  -7.  -6.  -5.  -4.  -2.  -1.  -1.  -1.   1.   7.   9.  10.
  12.  15.  15.  17.  19.  26.  27.  27.  28.  33.  35.  35.  37.  40.
  41.  42.  43.  44.  47.  48.  49.  52.  52.  52.  54.  59.  61.  66.
  66.  66.  68.  71.  72.  72.  76.  77.  79.  80.  89.  93.  94.  98.
 100. 100.][-100. -100. -100.  -99.  -98.  -93.  -90.  -89.  -88.  -87.  -83.  -81.
  -77.  -77.  -76.  -71.  -67.  -66.  -65.  -63.  -62.  -59.  -59.  -56.
  -56.  -54.  -53.  -53.  -51.  -49.  -48.  -48.  -46.  -45.  -45.  -42.
  -41.  -41.  -38.  -35.  -31.  -31.  -30.  -28.  -27.  -25.  -20.  -20.
  -19.  -18.  -15.  -13.  -12.  -11.   -7.   -5.   -4.   -2.    0.    6.
    7.    7.    7.    8.    8.   12.   12.   13.   13.   14.   16.   17.
   22.   22.   30.   30.   32.   35.   36.   36.   39.   52.   52.   56.
   56.   58.   63.   65.   67.   69.   75.   77.   81.   83.   83.   86.
   87.   89.   91.   99.][-93. -93. -92. -91. -88. -84. -82. -71. -65. -65. -61. -61. -57. -57.
 -54. -51. -49. -45. -42. -41. -40. -38. -38. -34. -33. -28. -27. -26.
 -24. -22. -21. -21. -20. -14. -14.  -9.  -9.  -6.  -2.   1.   1.   1.
   2.   2.   5.   6.   8.   8.   9.  10.  11.  16.  22.  23.  23.  26.
  26.  27.  27.  29.  33.  38.  40.  43.  46.  46.  49.  50.  52.  55.
  56.  58.  59.  59.  61.  61.  62.  63.  64.  66.  66.  68.  70.  72.
  72.  76.  77.  78.  80.  82.  82.  84.  85.  89.  89.  90.  92.  98.
  99. 100.][-92. -89. -89. -88. -88. -88. -88. -85. -82. -82. -81. -80. -77. -75.
 -73. -72. -69. -67. -67. -64. -55. -51. -50. -49. -46. -45. -42. -36.
 -35. -34. -33. -33. -28. -28. -27. -25. -21. -16. -15. -14. -12.  -9.
  -8.  -6.   1.   2.   6.   7.   7.   8.  13.  13.  14.  15.  17.  19.
  21.  21.  23.  26.  28.  30.  35.  38.  42.  42.  42.  45.  46.  53.
  55.  58.  59.  59.  60.  64.  65.  65.  67.  68.  72.  73.  74.  77.
  80.  81.  82.  85.  88.  90.  90.  91.  92.  92.  93.  93.  95.  96.
  96.  98.][-97. -96. -94. -93. -93. -91. -90. -89. -89. -88. -88. -84. -71. -71.
 -70. -70. -68. -66. -65. -64. -64. -63. -60. -55. -46. -40. -40. -37.
 -31. -30. -30. -30. -28. -24. -24. -24. -23. -23. -20. -17. -17. -12.
 -11.  -9.  -4.  -2.   0.   5.   5.   7.  11.  12.  14.  18.  19.  20.
  21.  22.  26.  27.  27.  28.  30.  32.  33.  35.  36.  42.  43.  44.
  45.  48.  49.  50.  50.  52.  53.  55.  58.  59.  60.  61.  65.  74.
  76.  76.  78.  81.  83.  83.  86.  87.  88.  89.  89.  89.  96.  98.
  98. 100.][-100.  -96.  -96.  -94.  -94.  -86.  -84.  -83.  -79.  -74.  -74.  -72.
  -69.  -68.  -68.  -66.  -64.  -64.  -60.  -56.  -53.  -52.  -49.  -44.
  -43.  -40.  -40.  -37.  -31.  -31.  -29.  -28.  -27.  -27.  -27.  -26.
  -26.  -25.  -25.  -20.  -19.  -14.  -11.  -11.  -11.   -8.   -8.   -7.
   -3.   -3.   -1.    0.    0.    1.    4.    4.    5.    9.    9.    9.
   11.   12.   15.   15.   16.   19.   20.   22.   23.   26.   32.   32.
   35.   35.   39.   40.   41.   45.   47.   53.   57.   58.   58.   59.
   60.   61.   67.   70.   71.   72.   74.   77.   78.   78.   84.   86.
   87.   89.   89.  100.][-100. -100.  -89.  -88.  -86.  -83.  -83.  -82.  -80.  -78.  -77.  -75.
  -74.  -73.  -72.  -72.  -71.  -63.  -62.  -60.  -59.  -59.  -56.  -55.
  -53.  -50.  -50.  -48.  -46.  -40.  -40.  -39.  -27.  -27.  -24.  -23.
  -20.  -18.  -14.  -11.  -11.   -9.   -8.   -7.   -3.   -3.   -1.    1.
    2.    3.    4.    9.   11.   12.   13.   14.   19.   20.   25.   25.
   26.   26.   27.   29.   31.   31.   32.   32.   34.   37.   37.   39.
   39.   45.   46.   46.   49.   51.   51.   53.   54.   56.   57.   58.
   59.   63.   63.   72.   73.   73.   74.   74.   75.   75.   78.   81.
   82.   83.   88.   91.][-100.  -99.  -96.  -94.  -87.  -86.  -86.  -86.  -84.  -82.  -81.  -81.
  -79.  -72.  -72.  -71.  -70.  -69.  -61.  -61.  -60.  -59.  -59.  -58.
  -56.  -56.  -54.  -53.  -52.  -50.  -49.  -46.  -45.  -39.  -39.  -39.
  -37.  -36.  -34.  -34.  -31.  -30.  -29.  -27.  -27.  -26.  -25.  -23.
  -23.  -22.  -21.  -20.  -18.  -16.  -14.  -13.   -6.   -2.    1.    1.
    7.    9.    9.   10.   16.   18.   26.   29.   32.   32.   34.   35.
   37.   41.   45.   46.   49.   55.   55.   57.   57.   57.   58.   60.
   64.   64.   65.   67.   70.   74.   74.   75.   79.   84.   88.   89.
   90.   91.   95.   97.][-94. -91. -86. -85. -84. -79. -79. -76. -75. -71. -70. -69. -68. -64.
 -63. -60. -60. -56. -55. -55. -55. -53. -51. -50. -50. -49. -49. -47.
 -43. -38. -38. -37. -36. -31. -30. -30. -29. -29. -27. -27. -26. -25.
 -21. -21. -19. -10.  -9.  -6.   3.   6.   7.   8.   8.  11.  11.  15.
  20.  22.  22.  23.  24.  25.  28.  31.  31.  32.  34.  36.  38.  41.
  42.  44.  45.  46.  47.  50.  55.  56.  64.  68.  74.  75.  75.  75.
  75.  77.  78.  78.  79.  89.  89.  90.  91.  94.  94.  95.  95.  95.
  97. 100.][-100.  -95.  -95.  -95.  -94.  -92.  -85.  -84.  -82.  -81.  -72.  -72.
  -71.  -66.  -64.  -62.  -57.  -55.  -53.  -49.  -49.  -49.  -48.  -45.
  -39.  -33.  -32.  -31.  -28.  -28.  -26.  -26.  -25.  -24.  -22.  -22.
  -20.  -19.  -17.  -15.  -13.  -10.   -9.   -8.   -7.   -6.   -5.   -2.
   -1.   -1.    0.    0.    1.    3.    5.   11.   12.   14.   14.   15.
   16.   17.   21.   22.   23.   24.   25.   26.   26.   27.   29.   33.
   35.   35.   37.   37.   41.   42.   49.   51.   52.   54.   60.   61.
   63.   70.   72.   75.   75.   78.   78.   82.   84.   84.   86.   88.
   89.   94.   95.   98.][-97. -95. -94. -93. -88. -86. -85. -85. -85. -82. -78. -78. -75. -73.
 -68. -62. -61. -60. -59. -57. -56. -47. -44. -42. -41. -41. -39. -34.
 -32. -32. -32. -30. -30. -30. -28. -23. -22. -22. -17. -12. -12.  -9.
  -8.  -7.  -7.  -7.  -7.  -6.  -3.   1.   2.   2.   8.   9.   9.   9.
  10.  12.  12.  17.  25.  25.  27.  30.  30.  31.  32.  34.  38.  39.
  41.  41.  42.  42.  46.  51.  51.  52.  52.  54.  57.  59.  68.  68.
  69.  71.  72.  75.  75.  80.  82.  82.  82.  85.  86.  90.  90.  91.
  97. 100.][-99. -96. -89. -87. -87. -87. -87. -81. -81. -80. -80. -75. -72. -69.
 -67. -61. -61. -60. -60. -59. -59. -55. -54. -53. -50. -48. -46. -43.
 -37. -36. -32. -31. -31. -29. -26. -18. -16. -15. -13. -11.  -8.  -4.
  -3.  -2.  -2.  -1.   1.   2.   3.   5.   5.   9.   9.  10.  12.  16.
  16.  21.  22.  24.  33.  33.  34.  34.  39.  41.  41.  42.  43.  43.
  44.  44.  45.  47.  48.  48.  49.  49.  52.  53.  55.  60.  67.  71.
  72.  72.  73.  73.  75.  75.  77.  78.  78.  78.  82.  91.  91.  92.
  94. 100.][-98. -85. -83. -82. -80. -76. -75. -74. -70. -69. -67. -65. -64. -64.
 -61. -56. -55. -54. -54. -49. -47. -41. -40. -39. -37. -36. -32. -31.
 -17. -16. -14. -14. -13. -13. -13. -11.  -9.  -8.  -5.  -2.  -1.   0.
   0.   4.   6.   7.   8.  10.  12.  15.  18.  18.  18.  20.  21.  23.
  24.  24.  28.  32.  33.  36.  37.  40.  40.  41.  41.  41.  45.  48.
  48.  51.  53.  53.  54.  55.  58.  61.  64.  64.  65.  65.  67.  67.
  67.  67.  67.  68.  71.  71.  75.  79.  80.  83.  84.  85.  87.  90.
  91.  96.][-98. -97. -95. -94. -91. -85. -82. -78. -78. -72. -72. -72. -68. -68.
 -66. -63. -62. -60. -58. -58. -56. -54. -52. -47. -46. -42. -41. -40.
 -39. -37. -35. -30. -30. -28. -27. -26. -25. -23. -22. -21. -19. -17.
 -17. -16. -14. -14. -13.  -7.  -5.  -4.   0.   0.   6.   7.   8.   9.
  10.  12.  12.  14.  15.  15.  20.  28.  30.  31.  35.  37.  38.  43.
  45.  45.  47.  49.  52.  54.  54.  54.  58.  60.  62.  62.  63.  66.
  66.  67.  71.  75.  76.  84.  84.  86.  88.  89.  90.  90.  91.  92.
  94.  97.][-97. -97. -97. -96. -94. -93. -93. -91. -89. -88. -85. -83. -73. -68.
 -68. -64. -62. -59. -57. -52. -52. -51. -51. -49. -49. -47. -43. -40.
 -40. -40. -38. -38. -33. -32. -30. -30. -28. -26. -26. -26. -25. -22.
 -21. -20. -19. -16. -10.  -8.  -7.  -6.  -5.  -4.   0.   0.   4.  10.
  10.  12.  18.  22.  24.  25.  25.  27.  28.  29.  29.  33.  33.  35.
  39.  42.  49.  51.  51.  53.  54.  56.  57.  60.  61.  63.  64.  69.
  70.  71.  72.  73.  75.  80.  81.  82.  91.  93.  94.  95.  96.  96.
  96. 100.][-100.  -99.  -98.  -92.  -88.  -87.  -87.  -86.  -79.  -79.  -77.  -74.
  -67.  -66.  -64.  -59.  -59.  -59.  -56.  -55.  -54.  -52.  -51.  -49.
  -47.  -46.  -46.  -45.  -43.  -39.  -38.  -37.  -34.  -30.  -27.  -27.
  -25.  -21.  -21.  -19.  -17.  -15.  -13.  -12.  -11.   -9.   -8.   -4.
    1.    2.    3.    4.    6.    8.    8.    9.   11.   11.   14.   17.
   20.   22.   23.   25.   27.   27.   27.   28.   40.   40.   42.   46.
   47.   47.   49.   49.   50.   53.   57.   60.   61.   61.   63.   66.
   67.   68.   69.   69.   73.   74.   77.   78.   80.   81.   82.   83.
   88.   97.   99.  100.][-100.  -98.  -95.  -94.  -94.  -94.  -93.  -92.  -91.  -88.  -87.  -86.
  -86.  -86.  -85.  -84.  -83.  -82.  -82.  -78.  -77.  -69.  -63.  -57.
  -55.  -52.  -52.  -51.  -51.  -47.  -44.  -43.  -40.  -38.  -38.  -33.
  -29.  -26.  -21.  -21.  -19.  -16.  -12.   -8.   -6.   -5.    0.    1.
    1.    2.    4.    6.    9.    9.   11.   14.   16.   19.   20.   25.
   25.   25.   32.   32.   35.   35.   36.   37.   42.   47.   48.   49.
   50.   52.   53.   53.   57.   57.   59.   62.   65.   66.   67.   70.
   75.   78.   79.   79.   79.   80.   81.   83.   85.   85.   86.   86.
   93.   93.   94.   95.][-97. -93. -93. -91. -90. -90. -83. -82. -81. -80. -79. -78. -77. -77.
 -75. -70. -67. -58. -57. -55. -55. -53. -53. -49. -48. -48. -47. -46.
 -43. -43. -41. -40. -38. -38. -35. -31. -30. -29. -25. -21. -18. -16.
 -15. -14.  -9.  -8.  -5.  -2.  -1.  -1.   0.   1.   1.   1.   3.   7.
  12.  13.  15.  21.  21.  22.  23.  29.  30.  31.  35.  37.  37.  41.
  43.  43.  45.  46.  50.  52.  52.  53.  53.  57.  62.  67.  68.  70.
  74.  75.  76.  77.  78.  83.  84.  86.  90.  92.  93.  94.  97.  97.
  99. 100.][-100.  -99.  -96.  -96.  -94.  -94.  -90.  -89.  -86.  -85.  -83.  -77.
  -74.  -73.  -70.  -60.  -60.  -57.  -51.  -49.  -49.  -40.  -39.  -39.
  -34.  -34.  -34.  -34.  -34.  -31.  -30.  -28.  -28.  -27.  -26.  -26.
  -25.  -24.  -24.  -23.  -20.  -19.  -19.  -17.  -17.  -15.  -14.  -14.
  -12.   -9.   -5.   -3.    0.    2.    6.    9.   12.   13.   13.   14.
   15.   16.   19.   25.   26.   26.   26.   27.   29.   29.   32.   34.
   38.   40.   42.   46.   58.   59.   61.   62.   62.   63.   63.   67.
   67.   68.   75.   77.   81.   85.   89.   93.   94.   94.   95.   96.
   97.   97.   99.  100.][-98. -97. -97. -96. -96. -96. -95. -95. -92. -89. -87. -86. -82. -80.
 -78. -76. -76. -69. -68. -64. -61. -57. -55. -52. -50. -50. -47. -40.
 -36. -34. -32. -32. -32. -31. -30. -30. -30. -30. -28. -28. -19. -18.
 -18. -14. -14.  -5.  -5.  -4.  -2.   1.   1.   6.   8.  10.  12.  12.
  14.  15.  16.  16.  17.  18.  20.  23.  26.  27.  32.  34.  37.  38.
  39.  40.  41.  42.  42.  43.  44.  44.  45.  48.  53.  53.  55.  55.
  57.  57.  57.  59.  65.  66.  68.  72.  74.  79.  80.  82.  91.  96.
  97. 100.]