[-100.  -95.  -95.  -87.  -86.  -83.  -78.  -78.  -78.  -78.  -76.  -73.
  -70.  -70.  -70.  -69.  -67.  -66.  -63.  -62.  -58.  -54.  -53.  -52.
  -51.  -48.  -45.  -44.  -40.  -38.  -37.  -35.  -34.  -34.  -32.  -31.
  -22.  -22.  -21.  -19.  -17.  -17.  -13.  -11.  -10.   -9.   -8.   -7.
   -5.    5.    5.    6.    6.    8.   10.   11.   12.   15.   15.   25.
   26.   32.   33.   33.   35.   36.   39.   40.   42.   43.   47.   49.
   51.   53.   56.   62.   62.   63.   63.   66.   68.   69.   71.   72.
   72.   74.   74.   77.   77.   77.   80.   82.   87.   89.   92.   94.
   96.   96.   97.   98.][-95. -94. -93. -91. -90. -86. -86. -84. -83. -82. -82. -79. -78. -78.
 -75. -67. -65. -60. -59. -58. -57. -57. -55. -53. -53. -48. -43. -39.
 -38. -37. -32. -31. -30. -26. -25. -22. -17. -16. -12. -11. -10.  -9.
  -9.  -8.  -8.  -3.  -2.   1.   2.   4.   4.   5.   8.   8.   8.  10.
  16.  19.  23.  24.  27.  28.  35.  36.  36.  37.  39.  40.  41.  42.
  43.  44.  46.  46.  47.  47.  48.  55.  55.  55.  56.  58.  61.  63.
  64.  64.  66.  69.  71.  75.  85.  86.  88.  90.  91.  92.  94.  94.
  98. 100.][-99. -96. -96. -95. -95. -95. -93. -92. -92. -89. -87. -87. -84. -83.
 -79. -76. -73. -72. -70. -67. -66. -65. -63. -62. -61. -61. -58. -57.
 -55. -52. -45. -40. -38. -38. -34. -32. -32. -32. -31. -31. -30. -30.
 -28. -28. -28. -26. -26. -26. -21.  -9.  -8.  -6.  -5.  -2.  -2.  -1.
   3.   8.  10.  10.  10.  18.  19.  20.  21.  22.  23.  24.  27.  32.
  32.  33.  33.  37.  40.  44.  44.  47.  50.  53.  54.  56.  63.  67.
  69.  69.  71.  73.  73.  76.  79.  80.  83.  84.  85.  90.  91.  94.
  95.  96.][-96. -93. -89. -88. -83. -75. -73. -72. -72. -68. -66. -65. -64. -62.
 -60. -58. -58. -57. -56. -54. -53. -51. -50. -47. -47. -43. -40. -38.
 -36. -35. -33. -30. -29. -23. -22. -21. -21. -20. -18. -15. -15. -11.
 -10.  -5.   3.   4.   5.   7.   8.   8.   8.  11.  11.  15.  15.  17.
  18.  23.  24.  26.  39.  39.  40.  48.  48.  50.  52.  52.  54.  57.
  57.  60.  63.  64.  65.  66.  69.  70.  71.  74.  78.  79.  79.  79.
  80.  81.  82.  82.  82.  84.  85.  93.  94.  94.  95.  95.  95.  97.
  97.  99.][-99. -95. -92. -88. -87. -87. -83. -80. -79. -78. -77. -76. -74. -73.
 -71. -70. -68. -65. -59. -57. -56. -54. -53. -49. -47. -46. -44. -41.
 -40. -38. -38. -38. -37. -37. -35. -32. -30. -26. -25. -23. -22. -22.
 -19. -18. -16. -14.  -9.  -8.  -7.  -6.  -5.  -4.  -1.   2.   5.  10.
  10.  13.  16.  17.  25.  26.  27.  28.  28.  31.  35.  38.  40.  41.
  42.  43.  43.  44.  44.  45.  49.  51.  52.  56.  56.  58.  60.  61.
  63.  63.  66.  66.  69.  71.  73.  74.  75.  77.  78.  82.  87.  88.
  94. 100.][-100.  -99.  -97.  -97.  -96.  -96.  -93.  -86.  -86.  -86.  -79.  -74.
  -72.  -71.  -71.  -70.  -70.  -69.  -67.  -64.  -61.  -55.  -53.  -52.
  -47.  -43.  -42.  -42.  -40.  -37.  -36.  -35.  -33.  -26.  -25.  -24.
  -19.  -16.  -12.  -12.  -11.   -9.   -9.   -7.   -6.   -4.   -2.    0.
    2.    5.    6.    7.    7.   15.   16.   21.   24.   28.   30.   32.
   33.   33.   37.   41.   42.   43.   46.   46.   46.   47.   48.   51.
   53.   54.   55.   62.   62.   62.   70.   71.   71.   73.   73.   75.
   77.   79.   81.   82.   84.   85.   86.   86.   88.   88.   90.   92.
   92.   94.   94.   99.][-99. -97. -97. -96. -95. -91. -90. -89. -84. -84. -83. -82. -81. -79.
 -72. -71. -71. -67. -64. -61. -61. -54. -51. -50. -46. -46. -44. -43.
 -40. -40. -40. -34. -33. -31. -31. -30. -29. -27. -26. -22. -21. -21.
 -19. -13.  -8.  -1.   0.   0.   1.   2.   2.   4.   8.   9.  10.  12.
  18.  20.  21.  22.  23.  24.  28.  31.  32.  33.  36.  39.  41.  42.
  43.  43.  48.  50.  52.  55.  59.  60.  60.  61.  61.  62.  64.  67.
  69.  73.  76.  78.  80.  81.  86.  86.  87.  87.  89.  91.  93.  96.
  98.  99.][-100. -100.  -92.  -89.  -87.  -84.  -81.  -80.  -78.  -70.  -67.  -65.
  -65.  -64.  -62.  -58.  -57.  -53.  -53.  -51.  -46.  -45.  -44.  -43.
  -43.  -42.  -42.  -41.  -40.  -40.  -38.  -38.  -37.  -36.  -30.  -30.
  -27.  -26.  -24.  -23.  -23.  -21.  -18.  -16.  -16.  -16.  -14.  -14.
  -11.  -11.   -8.   -7.   -6.   -6.   -5.    0.    5.    6.    7.    7.
    8.    8.   10.   15.   16.   17.   20.   21.   22.   23.   24.   26.
   27.   28.   29.   30.   38.   42.   47.   51.   51.   53.   54.   56.
   59.   64.   64.   66.   67.   68.   69.   70.   71.   74.   76.   77.
   81.   82.   93.   99.][-100.  -99.  -99.  -98.  -96.  -87.  -85.  -81.  -77.  -76.  -75.  -74.
  -73.  -72.  -70.  -70.  -70.  -65.  -63.  -60.  -57.  -56.  -55.  -54.
  -52.  -51.  -50.  -44.  -43.  -43.  -42.  -39.  -38.  -36.  -34.  -34.
  -30.  -29.  -28.  -27.  -23.  -21.  -21.  -20.  -18.  -16.  -15.   -9.
   -9.   -1.    4.    6.    7.   11.   12.   13.   16.   19.   21.   23.
   24.   27.   32.   36.   38.   41.   46.   47.   54.   56.   57.   58.
   60.   61.   63.   65.   66.   68.   72.   76.   77.   80.   81.   81.
   81.   82.   82.   82.   83.   87.   87.   88.   91.   91.   92.   93.
   95.   97.   98.   99.][-100. -100.  -99.  -96.  -90.  -82.  -82.  -80.  -77.  -73.  -70.  -69.
  -68.  -67.  -67.  -66.  -63.  -61.  -60.  -60.  -58.  -55.  -52.  -51.
  -45.  -44.  -40.  -39.  -36.  -35.  -32.  -31.  -29.  -26.  -26.  -23.
  -23.  -21.  -20.  -20.  -19.  -18.  -17.  -16.  -16.  -12.  -12.   -9.
   -6.   -2.   -2.   -1.    1.    3.    5.   12.   13.   15.   16.   17.
   20.   24.   25.   26.   27.   27.   27.   29.   30.   30.   30.   33.
   37.   37.   39.   39.   39.   45.   49.   51.   56.   56.   62.   67.
   69.   69.   74.   75.   75.   77.   78.   83.   85.   88.   93.   93.
   97.   98.   99.  100.][-98. -97. -96. -91. -90. -89. -89. -88. -86. -86. -85. -83. -83. -80.
 -79. -76. -72. -67. -64. -63. -61. -59. -58. -57. -57. -56. -43. -43.
 -42. -41. -38. -38. -35. -33. -29. -27. -25. -25. -22. -22. -20. -19.
 -13. -11.  -8.  -6.  -4.  -4.  -2.  -1.   2.   3.   5.   6.   6.   7.
   8.   8.  13.  16.  16.  21.  21.  23.  23.  24.  25.  27.  30.  33.
  34.  35.  38.  40.  40.  43.  47.  51.  51.  53.  58.  59.  61.  64.
  65.  65.  69.  75.  76.  76.  78.  83.  83.  83.  84.  84.  88.  89.
  96.  97.][-100.  -95.  -93.  -92.  -91.  -90.  -89.  -88.  -86.  -84.  -83.  -79.
  -78.  -76.  -73.  -62.  -59.  -58.  -58.  -56.  -55.  -47.  -45.  -45.
  -42.  -37.  -36.  -36.  -35.  -31.  -27.  -27.  -26.  -25.  -25.  -18.
  -17.  -16.  -15.  -15.  -12.  -12.  -10.  -10.   -8.   -8.   -1.   -1.
    0.    1.    2.    5.    5.    6.    9.   10.   13.   13.   14.   15.
   19.   19.   19.   26.   27.   27.   27.   28.   29.   33.   34.   35.
   35.   36.   39.   41.   44.   45.   48.   53.   54.   55.   55.   57.
   59.   60.   62.   68.   73.   73.   76.   77.   77.   80.   83.   86.
   86.   89.   91.   91.][-100.  -96.  -86.  -82.  -79.  -76.  -74.  -72.  -70.  -69.  -68.  -67.
  -67.  -67.  -65.  -64.  -63.  -62.  -60.  -53.  -53.  -49.  -47.  -45.
  -44.  -43.  -42.  -41.  -38.  -38.  -37.  -34.  -34.  -32.  -32.  -32.
  -31.  -29.  -27.  -25.  -23.  -20.  -19.  -19.  -17.  -16.  -12.  -10.
   -9.   -4.    0.    3.    4.    5.    6.    6.    7.    8.   11.   17.
   17.   17.   21.   21.   22.   24.   29.   30.   31.   33.   36.   40.
   40.   40.   41.   43.   48.   48.   50.   50.   52.   55.   62.   65.
   67.   67.   72.   72.   72.   72.   74.   77.   81.   82.   85.   86.
   86.   90.   92.   98.][-100.  -98.  -97.  -91.  -90.  -86.  -84.  -79.  -77.  -77.  -75.  -72.
  -65.  -64.  -62.  -59.  -58.  -57.  -56.  -55.  -54.  -52.  -50.  -50.
  -49.  -48.  -47.  -45.  -39.  -38.  -37.  -36.  -35.  -35.  -33.  -32.
  -30.  -30.  -30.  -30.  -29.  -27.  -26.  -24.  -21.  -21.  -21.  -18.
  -17.  -15.  -14.  -14.  -14.  -10.  -10.   -7.   -3.   -3.   -1.    0.
    0.    1.    5.    5.    5.   13.   14.   16.   21.   26.   26.   32.
   37.   38.   40.   41.   42.   48.   48.   55.   58.   60.   61.   62.
   63.   64.   71.   73.   79.   80.   80.   81.   84.   87.   88.   91.
   91.   92.   92.   94.][-97. -95. -94. -94. -92. -92. -90. -86. -82. -82. -81. -80. -79. -78.
 -77. -74. -73. -68. -65. -61. -57. -48. -48. -48. -47. -43. -43. -42.
 -42. -42. -40. -37. -36. -36. -33. -33. -33. -32. -30. -29. -29. -27.
 -26. -25. -25. -23. -23. -16. -15. -14. -12. -11. -10.  -9.  -7.  -7.
  -5.  -5.  -2.  -1.  -1.   0.   0.   7.   7.   8.   8.   9.   9.  10.
  10.  13.  14.  16.  18.  23.  26.  38.  38.  38.  43.  43.  47.  50.
  51.  52.  54.  60.  61.  61.  65.  69.  70.  73.  79.  81.  88.  93.
  95.  97.][-100.  -99.  -98.  -97.  -94.  -93.  -90.  -90.  -87.  -81.  -76.  -76.
  -72.  -72.  -71.  -67.  -65.  -64.  -63.  -62.  -62.  -62.  -61.  -60.
  -59.  -57.  -55.  -53.  -50.  -45.  -40.  -40.  -37.  -31.  -27.  -27.
  -26.  -25.  -22.  -21.  -20.  -17.  -11.   -8.   -5.   -3.    0.    0.
    2.    3.    8.    8.   14.   16.   22.   23.   25.   25.   30.   35.
   37.   38.   39.   39.   41.   44.   45.   45.   46.   50.   50.   51.
   52.   52.   53.   53.   55.   56.   57.   58.   60.   63.   63.   63.
   70.   71.   71.   75.   77.   78.   78.   81.   82.   86.   89.   89.
   92.   93.   97.   97.][-100.  -96.  -95.  -94.  -93.  -92.  -90.  -89.  -89.  -89.  -84.  -75.
  -74.  -65.  -65.  -64.  -62.  -62.  -60.  -59.  -58.  -57.  -52.  -47.
  -43.  -43.  -37.  -33.  -33.  -33.  -31.  -30.  -29.  -26.  -23.  -22.
  -20.  -19.  -15.  -14.  -11.   -7.   -4.   -4.   -3.   -2.   -1.    0.
    1.    3.    8.   13.   13.   13.   13.   14.   15.   19.   19.   21.
   23.   25.   30.   35.   36.   38.   39.   41.   43.   44.   45.   46.
   47.   50.   53.   55.   55.   56.   56.   59.   61.   61.   62.   62.
   64.   64.   67.   69.   72.   75.   77.   78.   79.   80.   82.   86.
   89.   89.   90.   94.][-100.  -97.  -96.  -92.  -91.  -84.  -82.  -81.  -81.  -80.  -77.  -70.
  -69.  -65.  -58.  -55.  -54.  -51.  -50.  -50.  -47.  -45.  -43.  -40.
  -39.  -36.  -36.  -35.  -35.  -34.  -33.  -30.  -29.  -25.  -23.  -18.
  -17.  -17.  -14.  -14.  -14.  -12.  -10.   -9.   -7.   -6.   -5.   -4.
   -4.   -2.    2.    3.    3.    4.    7.    9.   14.   18.   18.   22.
   22.   23.   24.   26.   32.   32.   35.   36.   39.   43.   43.   47.
   48.   48.   49.   52.   53.   59.   60.   66.   69.   69.   71.   71.
   72.   72.   74.   75.   78.   78.   80.   85.   88.   92.   92.   94.
   95.   98.   98.  100.][-100.  -98.  -98.  -97.  -94.  -93.  -92.  -92.  -87.  -84.  -83.  -80.
  -78.  -74.  -71.  -70.  -64.  -62.  -61.  -59.  -55.  -53.  -51.  -47.
  -46.  -44.  -42.  -42.  -41.  -41.  -38.  -37.  -37.  -36.  -34.  -33.
  -32.  -32.  -30.  -29.  -27.  -25.  -22.  -15.  -12.  -12.   -9.   -9.
   -8.   -7.   -7.   -5.   -1.    2.    2.    5.    8.   10.   11.   15.
   17.   18.   19.   20.   21.   24.   24.   29.   32.   34.   34.   36.
   37.   40.   41.   41.   48.   49.   54.   55.   59.   62.   63.   67.
   68.   70.   72.   75.   76.   80.   81.   81.   81.   85.   89.   90.
   95.   97.   98.  100.][-100. -100.  -97.  -96.  -96.  -93.  -93.  -91.  -88.  -82.  -81.  -81.
  -78.  -77.  -76.  -76.  -74.  -71.  -69.  -54.  -51.  -50.  -49.  -47.
  -46.  -46.  -43.  -37.  -36.  -36.  -34.  -33.  -31.  -31.  -29.  -27.
  -26.  -21.  -20.  -18.  -17.  -12.  -11.  -10.   -8.   -4.   -4.   -3.
   -1.    2.    2.    2.    5.   18.   19.   24.   24.   24.   26.   26.
   27.   28.   33.   37.   38.   38.   39.   39.   46.   48.   48.   49.
   49.   49.   54.   54.   56.   61.   64.   66.   66.   66.   66.   68.
   69.   69.   71.   72.   72.   75.   75.   76.   81.   83.   87.   89.
   92.   96.   97.   98.][-99. -98. -97. -96. -90. -86. -82. -76. -69. -67. -64. -62. -61. -59.
 -59. -57. -55. -55. -50. -49. -47. -47. -45. -45. -44. -43. -40. -38.
 -35. -33. -30. -28. -26. -24. -22. -21. -21. -20. -12. -11.  -8.  -5.
  -2.   0.   2.   3.   5.   8.   8.  12.  13.  13.  15.  18.  19.  20.
  20.  20.  27.  27.  28.  29.  42.  43.  47.  51.  54.  55.  56.  57.
  60.  61.  61.  62.  62.  63.  64.  64.  65.  66.  67.  70.  71.  71.
  72.  74.  75.  77.  77.  79.  81.  84.  85.  90.  92.  97.  97.  99.
 100. 100.][-99. -99. -97. -96. -95. -93. -82. -77. -76. -68. -66. -65. -65. -63.
 -63. -62. -55. -50. -49. -48. -47. -44. -44. -44. -43. -42. -42. -41.
 -40. -38. -37. -35. -33. -28. -26. -24. -23. -21. -18. -14. -14. -12.
 -12. -11.  -6.  -5.   4.   7.  11.  14.  14.  16.  19.  22.  24.  24.
  31.  31.  32.  37.  37.  46.  47.  47.  52.  54.  55.  56.  56.  58.
  58.  58.  61.  61.  63.  64.  65.  69.  70.  72.  72.  75.  78.  79.
  80.  82.  83.  84.  86.  86.  87.  91.  92.  94.  95.  97.  98.  98.
 100. 100.][-98. -98. -95. -94. -90. -86. -84. -83. -82. -79. -77. -76. -71. -71.
 -70. -69. -67. -65. -64. -61. -56. -50. -44. -43. -39. -38. -38. -38.
 -36. -36. -33. -30. -29. -27. -27. -23. -21. -17. -15. -10.  -6.   0.
   0.   1.   2.   4.   5.   8.   9.  10.  12.  13.  13.  16.  17.  18.
  22.  23.  23.  24.  25.  28.  32.  32.  33.  34.  35.  36.  37.  37.
  38.  41.  45.  45.  49.  54.  54.  56.  58.  60.  61.  63.  65.  69.
  72.  74.  74.  78.  78.  78.  79.  79.  82.  83.  84.  91.  92.  95.
  99. 100.][-94. -94. -92. -91. -90. -88. -84. -82. -82. -81. -79. -77. -76. -74.
 -73. -71. -68. -66. -64. -60. -60. -59. -57. -55. -51. -49. -47. -42.
 -41. -41. -38. -37. -36. -36. -35. -35. -35. -34. -29. -29. -29. -28.
 -28. -26. -25. -22. -21. -20. -16. -11. -11. -11.  -3.  -2.  -1.   2.
   7.   9.  10.  13.  13.  14.  14.  18.  18.  20.  20.  20.  21.  21.
  21.  25.  28.  31.  37.  38.  38.  41.  41.  42.  45.  47.  49.  57.
  58.  59.  68.  70.  74.  75.  78.  81.  82.  86.  87.  90.  90.  94.
  95. 100.][-99. -99. -98. -96. -92. -91. -88. -86. -84. -80. -72. -71. -70. -65.
 -64. -60. -56. -54. -53. -53. -52. -51. -51. -48. -48. -45. -42. -42.
 -41. -40. -38. -30. -29. -28. -28. -26. -24. -24. -23. -23. -22. -19.
 -18. -17. -14. -12. -10.  -9.  -6.  -3.  -1.  -1.   0.   1.   4.   5.
   8.   9.   9.  11.  14.  19.  19.  20.  25.  27.  29.  30.  31.  31.
  31.  34.  34.  35.  37.  41.  42.  43.  44.  44.  47.  48.  50.  50.
  52.  57.  60.  63.  66.  67.  73.  74.  74.  75.  75.  76.  80.  86.
  89.  99.][-97. -93. -91. -88. -87. -87. -87. -86. -85. -85. -84. -79. -78. -77.
 -75. -70. -68. -67. -60. -59. -59. -53. -51. -39. -36. -35. -34. -30.
 -29. -29. -28. -25. -21. -16. -15. -15. -15. -12. -11. -11.  -8.  -7.
  -4.  -3.  -1.   1.   3.   4.   7.   7.   7.   8.   9.  15.  16.  19.
  20.  21.  22.  23.  27.  27.  29.  30.  35.  35.  37.  37.  38.  39.
  41.  41.  43.  44.  45.  47.  48.  53.  53.  54.  55.  60.  61.  62.
  63.  67.  67.  67.  71.  77.  86.  88.  89.  90.  91.  96.  96.  96.
  97. 100.][-100.  -99.  -98.  -96.  -95.  -94.  -89.  -87.  -87.  -83.  -82.  -77.
  -73.  -72.  -69.  -67.  -64.  -64.  -63.  -62.  -58.  -51.  -48.  -47.
  -45.  -44.  -43.  -42.  -41.  -39.  -36.  -35.  -30.  -29.  -26.  -25.
  -23.  -22.  -22.  -21.  -21.  -20.  -19.  -19.  -18.  -16.  -14.  -13.
  -10.   -7.   -3.   -3.   -2.    1.    3.    5.    7.   12.   13.   16.
   16.   23.   26.   30.   30.   33.   35.   37.   39.   39.   40.   41.
   50.   52.   53.   54.   57.   57.   58.   59.   62.   63.   64.   66.
   67.   69.   69.   73.   75.   76.   77.   78.   81.   82.   85.   86.
   88.   91.   94.   98.][-98. -94. -92. -90. -85. -84. -83. -82. -81. -79. -79. -77. -68. -68.
 -63. -53. -52. -50. -50. -45. -44. -42. -37. -33. -33. -31. -31. -29.
 -29. -29. -29. -28. -27. -17. -15. -14. -14.  -9.  -8.  -6.  -5.  -4.
  -4.  -3.  -1.   2.   4.   4.   8.   8.   9.  11.  12.  12.  16.  16.
  17.  19.  20.  22.  23.  24.  28.  28.  37.  39.  40.  43.  44.  48.
  49.  49.  51.  51.  54.  57.  57.  59.  63.  65.  66.  68.  69.  72.
  73.  73.  75.  75.  78.  80.  80.  83.  83.  85.  87.  89.  91.  94.
  99.  99.][-94. -90. -87. -85. -85. -85. -83. -70. -68. -64. -62. -61. -60. -57.
 -56. -55. -54. -54. -54. -51. -51. -48. -48. -47. -47. -46. -45. -45.
 -43. -42. -38. -36. -23. -22. -20. -19. -17. -17. -17. -15. -14. -13.
 -13. -11. -11.  -9.  -9.  -8.  -8.  -5.  -4.  -4.   0.   5.   5.   8.
   9.  10.  11.  12.  16.  25.  29.  29.  30.  31.  31.  32.  36.  37.
  37.  44.  45.  46.  48.  48.  48.  49.  57.  58.  59.  59.  60.  61.
  64.  70.  77.  78.  78.  81.  83.  85.  87.  88.  91.  92.  93.  95.
  96.  99.][-99. -98. -94. -94. -94. -93. -93. -89. -87. -85. -85. -84. -83. -82.
 -80. -79. -76. -76. -75. -72. -70. -67. -62. -60. -59. -57. -55. -52.
 -51. -51. -51. -50. -48. -44. -43. -39. -39. -39. -39. -34. -30. -23.
 -22. -22. -21. -17. -16. -12.  -9.  -6.  -2.   1.   4.   5.   6.   7.
   8.  10.  11.  12.  15.  20.  24.  24.  25.  28.  37.  51.  52.  54.
  55.  56.  59.  63.  63.  64.  64.  68.  69.  69.  70.  71.  71.  72.
  75.  76.  78.  78.  78.  81.  83.  84.  85.  87.  92.  94.  95.  97.
  99.  99.][-96. -91. -91. -87. -84. -80. -75. -71. -71. -71. -68. -68. -67. -66.
 -64. -59. -58. -57. -56. -54. -54. -52. -52. -47. -46. -46. -45. -41.
 -39. -32. -26. -22. -19. -18. -17. -14. -13. -12. -11. -11.  -9.  -9.
  -9.  -2.  -2.   2.   4.   6.   8.  13.  15.  18.  18.  19.  19.  20.
  22.  23.  25.  31.  31.  33.  33.  34.  43.  45.  46.  50.  53.  54.
  57.  57.  59.  59.  60.  62.  66.  70.  71.  73.  73.  75.  77.  80.
  81.  86.  88.  91.  92.  92.  92.  92.  93.  94.  96.  97.  98.  99.
 100. 100.][-99. -99. -97. -96. -91. -89. -87. -86. -81. -80. -78. -78. -78. -74.
 -73. -73. -67. -66. -64. -59. -57. -56. -53. -51. -51. -47. -46. -43.
 -43. -39. -35. -30. -26. -20. -19. -19. -19. -18. -17. -17. -14. -11.
  -9.  -8.  -5.  -4.  -4.  -2.   1.   2.   4.  11.  11.  12.  14.  15.
  16.  20.  21.  21.  22.  26.  29.  30.  34.  36.  39.  40.  45.  46.
  47.  48.  50.  54.  61.  65.  67.  67.  67.  69.  70.  74.  75.  78.
  79.  80.  80.  81.  82.  84.  84.  86.  87.  88.  89.  90.  92.  93.
  96.  99.][-96. -94. -89. -87. -85. -84. -82. -82. -81. -81. -80. -78. -78. -77.
 -71. -69. -69. -67. -66. -64. -63. -62. -62. -62. -61. -60. -59. -58.
 -58. -55. -52. -48. -43. -41. -35. -28. -23. -20. -19. -17. -16. -14.
 -14. -11.  -8.  -6.  -4.  -2.   0.   0.   2.   8.   9.  10.  11.  11.
  12.  13.  14.  17.  18.  20.  22.  23.  28.  30.  30.  35.  35.  36.
  39.  40.  41.  42.  43.  46.  47.  51.  53.  53.  57.  58.  61.  62.
  73.  76.  77.  79.  81.  82.  83.  83.  84.  90.  91.  95.  97.  98.
  99.  99.][-100. -100.  -99.  -97.  -93.  -93.  -93.  -91.  -89.  -87.  -83.  -82.
  -81.  -81.  -78.  -74.  -72.  -72.  -69.  -69.  -68.  -64.  -62.  -60.
  -59.  -58.  -57.  -57.  -56.  -56.  -55.  -51.  -51.  -48.  -47.  -46.
  -42.  -42.  -42.  -39.  -33.  -29.  -29.  -24.  -24.  -23.  -20.  -20.
  -11.  -10.  -10.   -8.   -7.   -6.   -4.    2.    2.    2.    4.    5.
    8.   13.   14.   20.   20.   22.   22.   22.   24.   28.   33.   34.
   34.   34.   41.   41.   45.   45.   46.   49.   53.   55.   56.   58.
   58.   59.   62.   69.   70.   72.   75.   81.   83.   84.   90.   92.
   95.   95.   96.   98.][-100.  -99.  -96.  -94.  -90.  -88.  -87.  -85.  -83.  -80.  -79.  -78.
  -76.  -75.  -74.  -71.  -69.  -64.  -63.  -57.  -49.  -49.  -47.  -46.
  -46.  -44.  -44.  -44.  -43.  -37.  -37.  -33.  -32.  -28.  -27.  -25.
  -20.  -17.  -17.  -16.  -15.  -12.  -11.   -9.   -9.   -7.   -6.   -5.
   -4.   -3.   -2.   -1.   -1.    0.    1.    1.    5.    5.    7.   13.
   14.   15.   17.   23.   23.   26.   26.   30.   33.   35.   36.   41.
   43.   47.   47.   48.   50.   55.   58.   60.   64.   65.   67.   68.
   72.   74.   74.   82.   82.   84.   84.   86.   87.   89.   90.   90.
   94.   98.   98.  100.][-98. -96. -93. -91. -91. -91. -90. -89. -79. -77. -76. -75. -74. -74.
 -71. -61. -58. -56. -55. -54. -52. -51. -50. -50. -49. -47. -44. -44.
 -39. -38. -37. -34. -29. -23. -22. -21. -20. -18. -18. -18. -17. -17.
 -14. -14. -13. -10. -10. -10.  -8.  -4.  -4.  -4.  -4.  -1.   2.   5.
   5.   6.   6.   9.  10.  11.  19.  20.  20.  21.  24.  25.  31.  34.
  35.  35.  35.  42.  46.  59.  59.  60.  61.  63.  63.  65.  65.  65.
  66.  67.  69.  69.  70.  73.  74.  75.  78.  78.  78.  79.  89.  97.
  98.  99.][-98. -96. -95. -95. -92. -90. -89. -85. -84. -82. -79. -77. -70. -66.
 -64. -63. -60. -59. -55. -52. -49. -48. -45. -44. -43. -40. -38. -38.
 -38. -36. -34. -33. -25. -17. -17. -17. -17. -14. -14. -13. -11.  -6.
  -4.  -1.   2.   5.   7.  10.  11.  11.  11.  14.  16.  17.  25.  28.
  28.  29.  34.  34.  36.  37.  40.  43.  46.  46.  47.  48.  49.  52.
  54.  56.  57.  57.  58.  62.  63.  65.  67.  68.  69.  70.  72.  74.
  76.  77.  82.  82.  84.  89.  90.  92.  93.  94.  97.  98.  98.  98.
  99. 100.][-100.  -99.  -99.  -96.  -93.  -92.  -90.  -90.  -87.  -86.  -85.  -83.
  -82.  -79.  -78.  -76.  -76.  -75.  -75.  -61.  -59.  -59.  -57.  -56.
  -56.  -50.  -46.  -45.  -44.  -38.  -38.  -32.  -30.  -26.  -25.  -24.
  -24.  -23.  -18.  -17.  -16.  -15.  -14.  -11.  -10.   -6.   -3.    1.
    2.    3.    7.   10.   10.   12.   12.   14.   14.   16.   17.   20.
   22.   23.   24.   26.   29.   30.   31.   34.   37.   41.   45.   47.
   48.   48.   50.   50.   57.   58.   62.   62.   64.   69.   70.   70.
   71.   73.   75.   78.   79.   80.   82.   82.   83.   86.   86.   87.
   90.   92.   98.  100.][-99. -91. -89. -89. -86. -83. -81. -80. -77. -76. -76. -72. -71. -70.
 -70. -68. -67. -64. -64. -59. -58. -57. -56. -56. -56. -50. -49. -47.
 -41. -39. -36. -36. -36. -35. -35. -33. -31. -24. -22. -21. -17. -15.
 -14.  -8.  -2.  -1.   0.  12.  14.  15.  15.  16.  18.  19.  22.  23.
  24.  26.  27.  29.  33.  34.  35.  36.  39.  41.  42.  42.  42.  44.
  45.  49.  51.  52.  54.  56.  59.  60.  62.  63.  68.  72.  74.  81.
  82.  82.  84.  86.  90.  90.  92.  92.  93.  95.  95.  96.  97.  98.
 100. 100.][-96. -91. -90. -88. -85. -84. -84. -83. -82. -80. -73. -72. -70. -68.
 -67. -65. -64. -64. -61. -58. -58. -57. -55. -54. -54. -53. -47. -45.
 -39. -34. -34. -33. -30. -29. -28. -27. -26. -24. -23. -23. -18. -16.
 -14. -11. -10. -10.  -8.  -8.  -8.  -6.  -5.  -4.  -3.   0.   1.   4.
   4.   7.  12.  13.  14.  15.  16.  19.  19.  22.  25.  26.  27.  28.
  31.  32.  36.  41.  48.  49.  51.  54.  55.  58.  58.  61.  62.  64.
  65.  67.  68.  68.  69.  75.  76.  79.  84.  84.  86.  86.  87.  87.
  87. 100.][-99. -99. -99. -98. -98. -97. -97. -97. -96. -95. -95. -91. -90. -89.
 -88. -82. -81. -78. -77. -76. -76. -76. -76. -71. -65. -64. -63. -62.
 -62. -60. -58. -56. -55. -54. -52. -52. -50. -49. -48. -46. -44. -41.
 -39. -36. -34. -31. -27. -27. -26. -26. -24. -22. -19. -19. -18. -14.
 -12. -11.  -7.  -5.  -4.  -3.   0.   4.   4.   5.  11.  13.  26.  26.
  26.  26.  28.  30.  31.  32.  41.  50.  53.  63.  64.  70.  71.  74.
  74.  75.  75.  77.  83.  84.  86.  87.  89.  90.  95.  96.  97.  97.
  98.  99.][-100.  -94.  -93.  -90.  -79.  -79.  -78.  -77.  -76.  -76.  -72.  -72.
  -70.  -67.  -65.  -65.  -63.  -60.  -57.  -54.  -53.  -52.  -47.  -44.
  -42.  -42.  -40.  -38.  -37.  -36.  -36.  -35.  -35.  -33.  -33.  -32.
  -32.  -29.  -28.  -26.  -18.  -17.  -17.  -15.  -14.  -10.   -7.   -2.
    3.    6.    7.    7.    8.    9.   20.   21.   27.   29.   33.   34.
   38.   39.   39.   41.   41.   44.   44.   49.   53.   53.   54.   56.
   57.   59.   62.   67.   67.   68.   68.   71.   71.   72.   78.   78.
   80.   81.   82.   82.   83.   85.   86.   89.   89.   89.   92.   92.
   93.   93.   93.   99.][-97. -97. -93. -91. -87. -84. -83. -82. -80. -80. -78. -78. -76. -75.
 -68. -63. -63. -61. -58. -57. -56. -56. -55. -54. -49. -48. -48. -43.
 -41. -41. -40. -37. -35. -32. -29. -29. -29. -24. -23. -21. -21. -21.
 -19. -18. -17. -12. -11. -10. -10.  -9.  -7.  -3.   1.   2.   3.   4.
  11.  14.  14.  14.  21.  22.  23.  23.  26.  28.  35.  35.  35.  39.
  39.  41.  42.  44.  47.  52.  55.  57.  58.  66.  67.  71.  72.  75.
  75.  76.  77.  79.  80.  81.  81.  85.  87.  91.  92.  93.  94.  95.
  98.  98.][-100.  -98.  -98.  -97.  -95.  -95.  -95.  -95.  -93.  -89.  -88.  -88.
  -87.  -78.  -78.  -72.  -71.  -71.  -60.  -59.  -56.  -56.  -54.  -53.
  -52.  -48.  -42.  -41.  -36.  -34.  -30.  -29.  -29.  -26.  -26.  -24.
  -22.  -21.  -21.  -21.  -16.  -13.  -10.  -10.   -8.   -8.   -5.   -5.
   -3.    3.    5.    6.    9.   15.   18.   18.   19.   25.   25.   29.
   31.   36.   38.   38.   39.   39.   41.   41.   44.   46.   48.   49.
   51.   51.   56.   56.   56.   57.   58.   59.   59.   60.   64.   67.
   69.   70.   72.   75.   76.   78.   79.   79.   79.   79.   83.   84.
   87.   96.   98.  100.][-100.  -99.  -94.  -94.  -91.  -85.  -83.  -82.  -82.  -80.  -78.  -76.
  -71.  -71.  -70.  -68.  -68.  -66.  -62.  -61.  -60.  -59.  -58.  -57.
  -57.  -55.  -54.  -49.  -49.  -48.  -46.  -43.  -42.  -37.  -37.  -32.
  -29.  -25.  -22.  -22.  -18.  -18.  -16.  -16.  -15.  -13.  -12.  -12.
   -9.   -8.   -5.   -4.   -2.   -1.    2.    4.    5.    8.    9.   10.
   10.   10.   14.   14.   16.   24.   25.   27.   32.   33.   33.   35.
   39.   42.   44.   45.   46.   46.   46.   48.   52.   55.   55.   56.
   57.   57.   59.   59.   59.   63.   70.   72.   80.   86.   88.   88.
   91.   94.   96.   97.][-95. -94. -94. -93. -92. -89. -83. -82. -78. -78. -76. -73. -69. -68.
 -64. -64. -64. -60. -55. -53. -53. -51. -50. -49. -47. -47. -46. -43.
 -43. -42. -31. -27. -26. -18. -17. -11. -11. -10.  -7.  -7.  -2.  -1.
   3.   3.   4.   5.   6.   6.   7.   8.  13.  14.  16.  20.  25.  31.
  32.  32.  33.  33.  41.  42.  42.  43.  45.  46.  50.  50.  51.  54.
  54.  54.  54.  55.  56.  58.  62.  63.  63.  64.  66.  67.  69.  70.
  70.  72.  73.  75.  76.  77.  79.  81.  84.  84.  85.  86.  90.  92.
  98. 100.][-99. -97. -96. -92. -91. -85. -84. -84. -82. -80. -77. -74. -67. -67.
 -65. -55. -53. -53. -46. -46. -43. -41. -39. -39. -38. -36. -33. -31.
 -29. -29. -28. -24. -24. -24. -23. -22. -22. -21. -19. -18. -17. -17.
 -16. -13. -11. -11. -11. -10.  -8.  -8.  -8.  -7.  -4.  -4.  -4.  -2.
  -1.   1.   6.   6.  11.  13.  18.  19.  26.  27.  27.  32.  35.  35.
  36.  41.  43.  44.  44.  47.  49.  51.  54.  54.  60.  62.  64.  67.
  71.  72.  73.  75.  75.  79.  81.  85.  85.  88.  88.  88.  91.  96.
  97.  98.][-99. -97. -95. -94. -93. -92. -91. -90. -84. -83. -82. -80. -80. -79.
 -79. -78. -77. -76. -75. -71. -70. -68. -67. -62. -61. -58. -56. -55.
 -53. -51. -49. -47. -46. -44. -41. -41. -40. -35. -35. -31. -30. -28.
 -27. -25. -25. -25. -24. -22. -19. -14. -13. -13. -12. -10.  -9.  -8.
  -5.  -1.   0.   2.   9.  12.  14.  15.  18.  18.  23.  23.  24.  25.
  34.  35.  37.  40.  45.  47.  47.  49.  51.  54.  56.  56.  57.  59.
  60.  61.  63.  65.  70.  72.  76.  78.  83.  84.  90.  90.  91.  94.
  97.  98.][-98. -97. -94. -92. -92. -91. -90. -86. -86. -79. -79. -74. -74. -70.
 -67. -66. -64. -64. -62. -61. -59. -58. -58. -56. -54. -54. -49. -47.
 -45. -43. -39. -36. -34. -33. -33. -23. -23. -21. -20. -18. -14. -14.
 -13. -13. -13. -10.  -5.  -1.   0.   0.   2.   2.   3.   4.   4.   6.
   7.   9.  17.  19.  20.  20.  20.  23.  24.  25.  26.  28.  29.  30.
  30.  32.  36.  36.  39.  39.  43.  45.  46.  50.  52.  54.  58.  60.
  63.  66.  70.  72.  74.  74.  74.  75.  75.  77.  78.  85.  87.  90.
  90.  91.][-97. -95. -92. -90. -87. -86. -81. -80. -78. -78. -76. -76. -74. -73.
 -70. -70. -68. -67. -67. -64. -64. -61. -60. -58. -54. -49. -47. -47.
 -46. -43. -41. -38. -37. -33. -27. -23. -23. -20. -18. -17. -16. -13.
  -9.  -7.  -5.  -3.  -2.  -2.  -2.  -2.  -1.   0.   3.   4.   6.  11.
  17.  20.  22.  24.  25.  28.  28.  29.  30.  34.  35.  37.  37.  38.
  41.  44.  47.  53.  55.  56.  57.  58.  59.  62.  63.  63.  66.  68.
  70.  72.  74.  79.  81.  84.  87.  88.  89.  89.  89.  93.  95.  97.
  98.  99.][-98. -98. -97. -95. -95. -95. -94. -91. -90. -89. -88. -84. -84. -80.
 -77. -76. -65. -64. -64. -63. -55. -52. -51. -49. -48. -46. -43. -43.
 -41. -40. -39. -38. -33. -32. -31. -28. -27. -26. -24. -23. -21. -19.
 -18. -16. -13.  -8.  -5.  -1.   3.   6.  10.  11.  13.  17.  18.  18.
  21.  22.  22.  23.  23.  24.  24.  26.  32.  32.  35.  39.  40.  41.
  42.  43.  43.  43.  48.  49.  50.  54.  55.  60.  61.  61.  61.  61.
  66.  72.  74.  74.  75.  78.  82.  85.  85.  88.  89.  94.  94.  95.
  99. 100.][-100.  -99.  -94.  -93.  -92.  -87.  -86.  -85.  -83.  -82.  -80.  -79.
  -75.  -72.  -71.  -70.  -69.  -68.  -68.  -68.  -66.  -63.  -63.  -58.
  -56.  -54.  -53.  -50.  -48.  -46.  -45.  -44.  -42.  -40.  -38.  -37.
  -30.  -30.  -27.  -26.  -22.  -19.  -17.  -16.  -13.  -11.   -9.   -6.
   -5.    0.    7.    7.    8.   13.   14.   16.   17.   21.   25.   25.
   28.   32.   37.   37.   40.   42.   43.   43.   44.   48.   48.   48.
   48.   49.   56.   58.   59.   61.   63.   64.   66.   67.   68.   73.
   73.   74.   77.   80.   82.   83.   84.   86.   86.   89.   90.   92.
   94.   94.   96.   97.][-99. -98. -98. -97. -97. -96. -96. -94. -89. -88. -80. -73. -73. -70.
 -66. -66. -64. -63. -63. -61. -60. -59. -57. -56. -54. -51. -45. -42.
 -40. -39. -35. -30. -29. -29. -25. -23. -23. -22. -22. -20. -20. -20.
 -18. -16. -13. -12.  -9.  -6.  -6.  -4.  -3.   7.   8.  16.  18.  19.
  19.  21.  22.  26.  28.  31.  31.  32.  35.  36.  38.  39.  41.  42.
  46.  46.  46.  47.  48.  49.  50.  51.  51.  53.  62.  64.  64.  66.
  66.  68.  69.  69.  70.  74.  76.  76.  78.  79.  83.  89.  90.  96.
  99.  99.][-98. -97. -95. -90. -90. -88. -81. -80. -72. -69. -66. -66. -62. -62.
 -61. -56. -54. -54. -53. -50. -50. -49. -49. -48. -47. -46. -46. -44.
 -44. -44. -43. -38. -38. -37. -33. -29. -28. -28. -26. -22. -19. -18.
 -18. -18. -17. -16. -16. -13.  -9.  -6.  -4.  -4.  -2.  -2.   1.   3.
   4.   5.   6.   8.   9.  11.  13.  23.  33.  36.  36.  38.  38.  40.
  41.  45.  46.  51.  51.  53.  54.  57.  59.  60.  65.  68.  71.  71.
  73.  74.  74.  75.  75.  80.  82.  82.  85.  86.  89.  89.  92.  96.
  99. 100.][-98. -97. -97. -97. -95. -94. -92. -91. -79. -78. -76. -76. -73. -71.
 -70. -69. -68. -67. -64. -64. -62. -62. -61. -57. -57. -55. -51. -50.
 -49. -46. -46. -40. -38. -38. -35. -31. -30. -29. -28. -27. -20. -19.
 -18. -18. -12.  -5.  -1.   1.   5.   5.   7.   7.   9.  13.  14.  17.
  18.  19.  20.  21.  22.  23.  23.  25.  31.  33.  33.  33.  34.  40.
  41.  41.  42.  42.  44.  45.  47.  48.  51.  53.  54.  59.  61.  65.
  71.  71.  72.  73.  74.  74.  76.  79.  79.  82.  84.  84.  93.  97.
  98. 100.][-95. -90. -89. -88. -87. -85. -84. -83. -82. -77. -76. -68. -66. -66.
 -63. -63. -61. -59. -59. -55. -51. -49. -42. -40. -37. -36. -35. -34.
 -31. -31. -29. -29. -27. -26. -23. -23. -20. -18. -17. -17. -16. -12.
 -11. -10.  -7.  -6.  -6.  -2.  -1.   2.   3.   3.  11.  13.  14.  18.
  18.  19.  24.  26.  28.  29.  32.  33.  34.  35.  36.  36.  43.  43.
  43.  46.  46.  47.  53.  62.  65.  67.  67.  71.  72.  74.  75.  75.
  76.  78.  79.  81.  82.  83.  85.  85.  88.  90.  90.  93.  94.  94.
  96.  99.][-100.  -98.  -97.  -93.  -88.  -87.  -87.  -85.  -82.  -80.  -75.  -74.
  -71.  -67.  -66.  -62.  -62.  -60.  -57.  -54.  -53.  -52.  -51.  -51.
  -51.  -48.  -47.  -46.  -44.  -33.  -32.  -31.  -27.  -26.  -23.  -23.
  -23.  -21.  -18.  -16.  -14.  -14.  -13.  -13.  -10.   -7.   -5.   -3.
   -3.   -2.    1.    2.    3.    4.    4.    6.    8.   10.   10.   10.
   13.   15.   18.   19.   25.   25.   29.   32.   36.   39.   41.   47.
   47.   50.   51.   54.   60.   64.   65.   66.   66.   67.   71.   72.
   72.   75.   78.   81.   85.   86.   86.   87.   87.   89.   90.   93.
   93.   98.   99.  100.][-98. -97. -95. -95. -90. -90. -89. -88. -86. -83. -81. -80. -75. -73.
 -72. -71. -69. -67. -65. -54. -52. -48. -44. -44. -43. -40. -38. -37.
 -35. -32. -32. -28. -28. -28. -27. -24. -22. -20. -19. -13. -11. -10.
 -10.  -9.  -5.  -5.  -4.  -3.  -2.   2.   3.   6.   8.   8.   9.  10.
  12.  19.  22.  22.  23.  23.  28.  28.  30.  30.  30.  31.  31.  36.
  39.  39.  40.  41.  47.  51.  52.  57.  59.  60.  62.  64.  64.  65.
  73.  76.  77.  78.  79.  83.  83.  86.  86.  86.  91.  92.  96.  96.
  97. 100.][-100. -100.  -96.  -95.  -84.  -84.  -83.  -82.  -81.  -79.  -77.  -76.
  -73.  -72.  -69.  -68.  -67.  -66.  -64.  -63.  -62.  -62.  -55.  -55.
  -55.  -54.  -48.  -47.  -42.  -41.  -41.  -40.  -40.  -39.  -38.  -38.
  -36.  -32.  -30.  -29.  -28.  -27.  -27.  -25.  -25.  -22.  -21.  -21.
  -18.   -4.   -1.    1.    3.   11.   11.   12.   13.   14.   14.   17.
   19.   22.   24.   24.   25.   30.   31.   32.   33.   36.   37.   39.
   39.   40.   42.   43.   46.   47.   48.   48.   49.   52.   53.   54.
   57.   59.   64.   65.   68.   70.   70.   72.   76.   80.   82.   85.
   87.   88.   89.  100.][-100.  -98.  -98.  -93.  -93.  -90.  -88.  -87.  -85.  -83.  -81.  -77.
  -69.  -65.  -64.  -61.  -49.  -49.  -47.  -45.  -44.  -39.  -39.  -39.
  -38.  -38.  -35.  -33.  -32.  -27.  -26.  -24.  -23.  -21.  -20.  -20.
  -19.  -16.  -14.  -12.  -10.   -4.   -3.   -3.   -2.    2.    4.    5.
    9.    9.   10.   16.   20.   21.   21.   23.   24.   25.   28.   28.
   28.   33.   38.   38.   43.   44.   45.   45.   47.   48.   51.   53.
   54.   56.   57.   57.   60.   61.   62.   65.   66.   69.   74.   75.
   75.   77.   78.   80.   82.   89.   91.   92.   92.   93.   94.   97.
   97.   98.   99.   99.][-99. -98. -97. -94. -93. -89. -89. -87. -86. -84. -82. -80. -79. -78.
 -76. -72. -72. -72. -69. -69. -67. -67. -63. -60. -60. -57. -56. -49.
 -46. -46. -44. -42. -40. -40. -40. -40. -37. -32. -26. -20. -19. -18.
 -17. -15. -14. -12. -10.  -7.  -6.  -4.  -3.  -2.  -1.   5.   6.   7.
   7.  10.  13.  13.  17.  18.  22.  22.  24.  27.  27.  30.  30.  34.
  34.  37.  38.  41.  43.  47.  48.  50.  51.  51.  52.  52.  55.  58.
  59.  63.  69.  72.  74.  74.  77.  80.  82.  86.  86.  92.  93.  93.
  94.  95.][-98. -97. -93. -90. -90. -90. -88. -86. -85. -85. -82. -82. -80. -77.
 -77. -76. -71. -69. -67. -65. -63. -63. -62. -60. -51. -50. -48. -48.
 -47. -45. -40. -39. -35. -30. -27. -25. -25. -22. -20. -19. -14. -13.
 -13. -12. -12. -10.  -8.  -6.  -4.  -2.  -2.   1.   1.   2.   4.   6.
  12.  13.  13.  16.  16.  22.  22.  26.  27.  35.  36.  39.  40.  41.
  41.  46.  50.  53.  55.  60.  60.  63.  67.  70.  72.  72.  73.  77.
  77.  80.  83.  84.  84.  85.  85.  86.  87.  89.  90.  92.  93.  98.
 100. 100.][-100.  -96.  -96.  -89.  -89.  -88.  -87.  -86.  -85.  -84.  -81.  -77.
  -71.  -71.  -71.  -65.  -64.  -63.  -63.  -60.  -57.  -56.  -49.  -45.
  -44.  -37.  -33.  -33.  -31.  -30.  -27.  -26.  -25.  -23.  -21.  -21.
  -19.  -15.  -14.  -11.  -10.   -9.   -8.   -7.   -6.   -5.   -3.   -3.
   -1.   -1.    0.    3.    3.    7.    7.    9.   10.   12.   12.   15.
   15.   15.   18.   19.   20.   24.   26.   26.   32.   32.   34.   35.
   46.   46.   48.   51.   52.   54.   56.   58.   60.   61.   62.   67.
   67.   70.   71.   73.   74.   74.   74.   75.   80.   81.   83.   84.
   84.   86.   93.   98.][-99. -99. -97. -96. -96. -95. -91. -91. -91. -87. -81. -76. -75. -71.
 -69. -69. -67. -64. -63. -60. -58. -55. -51. -49. -45. -42. -42. -37.
 -36. -34. -33. -33. -31. -31. -31. -30. -30. -28. -28. -28. -27. -23.
 -22. -22. -19. -17. -12. -12. -12. -10.  -9.  -5.  -3.   4.  13.  13.
  18.  27.  27.  30.  31.  33.  35.  36.  37.  39.  41.  44.  46.  49.
  54.  54.  55.  58.  60.  60.  62.  67.  68.  70.  71.  71.  73.  75.
  76.  76.  77.  78.  78.  79.  80.  81.  83.  86.  91.  91.  93.  95.
  96. 100.][-97. -93. -92. -92. -91. -90. -89. -88. -87. -87. -86. -84. -81. -81.
 -79. -79. -74. -73. -68. -67. -66. -57. -56. -55. -54. -54. -50. -48.
 -47. -44. -44. -39. -37. -33. -33. -32. -28. -26. -25. -24. -24. -20.
 -19. -18. -12.  -6.  -4.  -3.  -2.  -2.  -2.  -1.   1.   2.   7.  11.
  13.  15.  16.  18.  22.  24.  25.  26.  33.  33.  35.  35.  36.  36.
  38.  42.  47.  52.  54.  57.  58.  63.  68.  68.  68.  69.  72.  74.
  74.  74.  75.  77.  80.  80.  81.  82.  85.  88.  93.  95.  97.  97.
  98.  99.][-99. -95. -94. -92. -91. -86. -82. -81. -79. -74. -73. -71. -68. -67.
 -65. -62. -61. -60. -57. -52. -51. -50. -49. -48. -45. -43. -31. -29.
 -28. -26. -26. -24. -22. -20. -19. -17. -13. -12. -10.  -8.  -6.  -5.
  -2.  -1.   4.  10.  11.  12.  13.  15.  15.  16.  18.  20.  23.  24.
  24.  25.  26.  29.  29.  33.  35.  37.  42.  42.  42.  45.  47.  50.
  51.  54.  55.  55.  56.  57.  57.  59.  64.  65.  65.  67.  70.  70.
  76.  76.  76.  76.  81.  82.  84.  85.  86.  87.  89.  89.  90.  92.
  96.  97.][-98. -92. -88. -88. -87. -86. -85. -85. -84. -83. -79. -78. -76. -75.
 -73. -72. -72. -71. -71. -69. -68. -67. -67. -64. -64. -63. -58. -54.
 -53. -51. -47. -47. -46. -44. -43. -42. -42. -37. -36. -36. -33. -32.
 -30. -25. -23. -23. -20. -18. -16. -15. -10.  -6.  -5.  -3.  -3.  -2.
   1.   1.   3.   7.  10.  14.  18.  20.  20.  22.  22.  22.  22.  22.
  29.  31.  43.  48.  48.  49.  53.  55.  57.  61.  64.  65.  70.  71.
  71.  74.  75.  76.  82.  82.  83.  83.  86.  87.  91.  93.  95.  96.
  97.  97.][-93. -91. -89. -89. -87. -85. -81. -80. -80. -79. -76. -75. -74. -73.
 -70. -69. -68. -68. -65. -55. -46. -45. -45. -44. -40. -39. -37. -35.
 -33. -31. -25. -22. -22. -21. -19. -18. -17. -16. -15. -13. -13.  -2.
  -1.   1.   1.   3.   4.   4.   5.  10.  13.  14.  17.  22.  24.  27.
  28.  34.  34.  37.  38.  39.  42.  47.  47.  48.  48.  49.  49.  50.
  52.  53.  54.  61.  62.  62.  62.  63.  64.  67.  69.  71.  71.  73.
  74.  74.  75.  80.  80.  81.  81.  81.  83.  84.  88.  89.  90.  96.
  96. 100.][-100. -100.  -98.  -97.  -94.  -93.  -93.  -90.  -86.  -82.  -81.  -74.
  -74.  -72.  -72.  -69.  -65.  -64.  -63.  -58.  -53.  -52.  -52.  -49.
  -47.  -47.  -45.  -43.  -40.  -40.  -39.  -39.  -35.  -33.  -32.  -31.
  -26.  -26.  -18.  -16.  -15.  -11.   -9.   -8.    2.    5.    7.   10.
   10.   11.   11.   14.   15.   16.   17.   18.   20.   22.   23.   25.
   26.   27.   30.   31.   34.   34.   35.   36.   37.   37.   39.   39.
   41.   41.   49.   50.   50.   56.   57.   59.   61.   61.   63.   66.
   67.   70.   71.   75.   76.   80.   81.   81.   83.   92.   94.   95.
   96.   97.   99.   99.][-98. -93. -92. -92. -89. -85. -83. -82. -82. -80. -79. -79. -78. -75.
 -72. -72. -69. -69. -68. -68. -67. -67. -64. -60. -60. -58. -58. -56.
 -54. -49. -48. -48. -44. -43. -42. -41. -41. -35. -35. -29. -28. -24.
 -24. -22. -20. -19. -18. -18. -15. -13.  -9.  -9.  -3.  -2.   1.   3.
   3.   3.   7.   8.  10.  11.  11.  13.  19.  19.  20.  21.  22.  24.
  25.  29.  31.  31.  33.  37.  37.  38.  38.  40.  42.  45.  48.  53.
  53.  54.  57.  63.  65.  66.  72.  78.  78.  80.  83.  87.  96.  98.
  99.  99.][-99. -98. -90. -82. -81. -80. -79. -74. -70. -61. -56. -55. -50. -45.
 -45. -43. -42. -42. -41. -39. -33. -32. -30. -29. -28. -24. -24. -23.
 -19. -15. -13. -12. -12. -10.  -9.  -3.  -3.  -2.  -2.  -1.  -1.   2.
   3.   6.   7.  10.  14.  14.  15.  17.  18.  20.  20.  20.  21.  21.
  22.  22.  24.  24.  27.  27.  29.  32.  33.  33.  35.  41.  41.  41.
  42.  45.  46.  48.  51.  55.  56.  56.  58.  58.  60.  61.  61.  62.
  65.  68.  68.  77.  78.  79.  79.  83.  87.  89.  94.  94.  94.  96.
  97.  99.][-96. -94. -90. -86. -84. -82. -78. -78. -76. -70. -67. -66. -64. -62.
 -62. -60. -60. -57. -56. -47. -32. -32. -31. -28. -25. -25. -23. -22.
 -21. -20. -16. -14. -12. -10.  -7.  -6.  -5.  -2.   2.   2.   5.   8.
   9.  10.  10.  12.  13.  14.  14.  15.  15.  17.  19.  21.  24.  29.
  29.  32.  36.  37.  38.  39.  40.  42.  43.  44.  44.  45.  45.  52.
  54.  54.  56.  58.  59.  60.  61.  61.  62.  63.  64.  66.  68.  72.
  73.  74.  76.  77.  81.  82.  83.  87.  89.  90.  90.  92.  93.  94.
  94.  96.][-100. -100.  -99.  -96.  -96.  -96.  -87.  -86.  -83.  -77.  -77.  -75.
  -74.  -74.  -73.  -73.  -71.  -71.  -70.  -67.  -62.  -56.  -55.  -54.
  -54.  -53.  -52.  -52.  -46.  -45.  -43.  -41.  -41.  -35.  -34.  -32.
  -31.  -29.  -26.  -24.  -15.  -15.  -14.  -12.   -4.   -2.    0.    0.
    1.    3.    4.    6.    7.    8.    8.   10.   13.   17.   20.   21.
   21.   22.   22.   25.   27.   29.   32.   35.   36.   37.   39.   39.
   44.   44.   48.   50.   51.   55.   55.   57.   57.   57.   63.   65.
   66.   66.   72.   73.   73.   74.   75.   76.   78.   79.   82.   84.
   89.   91.   92.   96.][-98. -98. -98. -97. -94. -94. -94. -93. -91. -90. -90. -86. -84. -82.
 -80. -80. -80. -76. -74. -74. -72. -72. -71. -71. -68. -65. -64. -63.
 -57. -52. -48. -47. -46. -45. -43. -42. -40. -34. -29. -27. -22. -17.
 -14. -13. -10.  -9.  -9.  -8.  -6.  -6.  -5.  -5.  -3.  -2.   2.   3.
  12.  14.  16.  16.  19.  19.  20.  21.  23.  26.  26.  29.  30.  31.
  34.  38.  42.  44.  46.  47.  49.  52.  54.  54.  55.  56.  58.  60.
  61.  61.  64.  66.  68.  68.  72.  72.  78.  80.  82.  84.  85.  86.
  95.  97.][-100.  -99.  -98.  -98.  -97.  -95.  -93.  -93.  -92.  -91.  -91.  -90.
  -88.  -79.  -78.  -75.  -74.  -72.  -70.  -69.  -68.  -67.  -67.  -66.
  -66.  -60.  -59.  -58.  -56.  -55.  -51.  -51.  -47.  -44.  -39.  -37.
  -36.  -35.  -34.  -34.  -32.  -31.  -26.  -23.  -22.  -21.  -20.  -19.
  -15.   -8.   -1.    3.    4.    5.    6.    7.   12.   14.   15.   16.
   17.   17.   19.   19.   21.   22.   28.   31.   32.   33.   34.   38.
   39.   40.   55.   58.   59.   63.   64.   66.   68.   71.   72.   73.
   80.   85.   88.   89.   89.   90.   90.   90.   91.   92.   93.   94.
   94.   95.   99.   99.][-100.  -98.  -97.  -96.  -94.  -93.  -92.  -86.  -86.  -82.  -82.  -82.
  -80.  -79.  -77.  -72.  -71.  -69.  -67.  -67.  -64.  -60.  -59.  -58.
  -53.  -51.  -50.  -47.  -47.  -47.  -46.  -45.  -43.  -39.  -38.  -31.
  -31.  -28.  -26.  -25.  -22.  -17.  -16.  -14.  -11.  -11.  -10.   -9.
   -9.   -7.   -7.   -6.   -6.   -4.    2.    5.    6.    7.    7.    9.
   12.   12.   12.   16.   17.   17.   17.   20.   23.   26.   28.   32.
   33.   34.   35.   38.   39.   49.   50.   53.   54.   57.   58.   59.
   59.   60.   62.   64.   69.   70.   71.   81.   85.   85.   86.   87.
   88.   91.   94.   98.][-94. -92. -91. -90. -86. -84. -83. -82. -82. -82. -81. -78. -78. -74.
 -69. -63. -61. -60. -58. -57. -56. -56. -55. -55. -51. -50. -50. -50.
 -36. -35. -32. -31. -31. -30. -29. -29. -22. -20. -16. -16. -15. -14.
 -13. -10.  -8.  -8.  -6.  -3.  -2.   4.   4.   5.   6.   6.  12.  17.
  17.  23.  27.  32.  33.  35.  37.  37.  41.  42.  47.  47.  48.  48.
  48.  49.  50.  50.  56.  57.  57.  58.  62.  66.  66.  69.  69.  69.
  70.  70.  72.  73.  78.  80.  80.  86.  87.  87.  88.  89.  89.  93.
  99. 100.][-99. -98. -98. -96. -95. -94. -94. -84. -84. -81. -81. -80. -77. -77.
 -74. -67. -65. -65. -63. -60. -57. -51. -48. -43. -42. -41. -41. -36.
 -26. -23. -22. -17. -16. -13. -11. -11.  -8.  -7.   2.   2.   3.   4.
   5.   7.   9.  14.  17.  19.  19.  20.  21.  22.  23.  24.  32.  33.
  33.  34.  36.  37.  40.  40.  43.  46.  47.  48.  49.  53.  53.  56.
  57.  58.  60.  64.  65.  66.  67.  69.  72.  73.  75.  76.  76.  76.
  77.  78.  79.  80.  81.  84.  85.  87.  89.  94.  95.  96.  99.  99.
 100. 100.][-100.  -96.  -86.  -84.  -83.  -83.  -83.  -82.  -75.  -72.  -70.  -68.
  -66.  -63.  -61.  -61.  -60.  -56.  -56.  -53.  -52.  -50.  -49.  -48.
  -40.  -33.  -31.  -31.  -28.  -28.  -26.  -20.  -19.  -18.  -16.  -13.
  -13.  -12.   -9.   -8.   -7.   -3.    4.    5.    6.    9.    9.   10.
   10.   13.   14.   15.   15.   15.   15.   16.   17.   18.   20.   23.
   24.   24.   25.   33.   36.   38.   38.   38.   39.   42.   44.   44.
   50.   53.   54.   54.   59.   59.   59.   61.   62.   67.   67.   69.
   71.   73.   75.   77.   83.   83.   85.   89.   91.   94.   95.   96.
   98.   98.   99.  100.][-100. -100.  -95.  -94.  -92.  -90.  -89.  -86.  -86.  -83.  -80.  -79.
  -78.  -75.  -74.  -72.  -71.  -65.  -65.  -64.  -63.  -59.  -59.  -57.
  -56.  -56.  -53.  -51.  -50.  -48.  -46.  -40.  -39.  -38.  -36.  -35.
  -35.  -34.  -32.  -32.  -30.  -30.  -28.  -22.  -20.  -16.  -13.  -12.
  -11.   -7.   -4.   -3.   -1.   -1.    3.    3.    8.   10.   10.   15.
   22.   24.   24.   26.   30.   32.   38.   39.   40.   51.   51.   51.
   53.   55.   56.   58.   67.   67.   67.   68.   68.   69.   72.   73.
   75.   78.   82.   83.   83.   83.   83.   84.   84.   85.   94.   94.
   98.   99.  100.  100.][-93. -88. -88. -88. -88. -87. -85. -82. -74. -72. -72. -72. -70. -69.
 -68. -67. -64. -63. -61. -57. -55. -53. -52. -50. -48. -47. -44. -43.
 -42. -42. -42. -41. -37. -35. -29. -27. -26. -21. -20. -14. -12.  -8.
  -6.  -6.  -6.  -6.  -5.  -5.  -2.   2.   3.   4.   5.   6.   6.   9.
  12.  14.  17.  17.  20.  23.  25.  26.  26.  27.  27.  27.  33.  37.
  45.  45.  45.  45.  48.  50.  51.  58.  58.  60.  61.  63.  69.  70.
  72.  72.  72.  76.  78.  78.  82.  82.  86.  86.  87.  89.  92.  93.
  94.  94.][-98. -98. -98. -97. -95. -95. -95. -94. -93. -90. -89. -89. -88. -86.
 -82. -80. -78. -76. -68. -62. -61. -60. -55. -55. -53. -51. -46. -45.
 -43. -42. -42. -39. -34. -33. -31. -30. -30. -28. -21. -21. -21. -17.
 -14. -11.  -8.  -3.  -3.  -2.  -2.   0.   2.   3.   5.   8.  10.  18.
  22.  23.  24.  25.  28.  35.  36.  40.  42.  42.  44.  46.  48.  50.
  51.  54.  55.  56.  58.  58.  58.  59.  59.  59.  60.  63.  64.  66.
  70.  76.  79.  80.  80.  81.  81.  82.  83.  83.  84.  95.  95.  97.
  98.  98.][-100.  -99.  -98.  -97.  -94.  -94.  -93.  -92.  -91.  -90.  -89.  -87.
  -82.  -80.  -75.  -68.  -67.  -67.  -67.  -66.  -65.  -65.  -63.  -62.
  -61.  -59.  -58.  -57.  -53.  -53.  -50.  -49.  -45.  -44.  -41.  -40.
  -35.  -30.  -29.  -29.  -27.  -26.  -22.  -16.   -9.   -8.   -6.   -5.
   -1.    8.    9.   10.   12.   12.   12.   15.   18.   23.   24.   25.
   27.   27.   28.   34.   35.   36.   40.   40.   45.   48.   49.   50.
   51.   51.   51.   57.   57.   58.   60.   62.   64.   66.   69.   72.
   73.   77.   77.   79.   82.   82.   87.   88.   90.   90.   91.   94.
   95.   95.   98.   98.][-100.  -96.  -96.  -94.  -93.  -90.  -90.  -90.  -90.  -88.  -79.  -78.
  -75.  -74.  -71.  -70.  -63.  -56.  -54.  -52.  -52.  -51.  -51.  -51.
  -42.  -41.  -40.  -36.  -35.  -34.  -32.  -31.  -30.  -28.  -27.  -24.
  -20.  -18.  -13.  -12.   -8.   -5.   -5.   -5.    1.    3.    4.    4.
    5.   11.   14.   16.   16.   16.   21.   22.   24.   25.   25.   27.
   30.   31.   31.   31.   32.   32.   33.   34.   36.   38.   41.   43.
   43.   44.   45.   46.   47.   48.   49.   49.   51.   55.   57.   61.
   68.   74.   74.   76.   76.   79.   81.   82.   83.   86.   87.   92.
   93.   94.   95.   97.][-99. -98. -98. -98. -97. -96. -95. -95. -94. -93. -91. -90. -84. -82.
 -77. -72. -68. -68. -67. -66. -64. -64. -61. -61. -54. -54. -52. -49.
 -46. -43. -42. -41. -33. -33. -30. -28. -26. -25. -19. -19. -18. -15.
 -11.  -9.  -7.  -5.   4.   4.   8.  10.  10.  14.  17.  19.  22.  24.
  28.  29.  32.  32.  33.  34.  34.  37.  37.  39.  41.  44.  47.  49.
  50.  52.  60.  60.  62.  63.  63.  67.  67.  68.  69.  73.  77.  77.
  78.  82.  83.  83.  84.  88.  89.  92.  93.  93.  94.  95.  97.  99.
  99. 100.][-100.  -99.  -96.  -95.  -94.  -91.  -89.  -88.  -88.  -85.  -82.  -79.
  -76.  -76.  -75.  -73.  -70.  -67.  -65.  -63.  -63.  -62.  -59.  -58.
  -58.  -54.  -41.  -41.  -41.  -39.  -36.  -35.  -34.  -33.  -32.  -31.
  -31.  -30.  -29.  -25.  -13.  -12.  -10.   -7.   -6.   -5.   -5.   -4.
   -1.    4.    9.   11.   15.   17.   17.   21.   22.   24.   24.   25.
   26.   27.   30.   31.   32.   34.   39.   40.   56.   59.   60.   61.
   62.   64.   65.   65.   66.   66.   66.   69.   70.   75.   76.   76.
   77.   81.   81.   82.   82.   84.   85.   89.   89.   90.   91.   92.
   94.   94.   96.   96.][-100.  -97.  -92.  -92.  -91.  -88.  -84.  -71.  -70.  -69.  -69.  -68.
  -66.  -61.  -61.  -58.  -54.  -50.  -50.  -46.  -42.  -39.  -39.  -37.
  -36.  -33.  -33.  -32.  -30.  -26.  -26.  -25.  -22.  -21.  -20.  -17.
  -15.  -13.  -11.  -10.   -7.   -7.   -6.   -6.    7.    8.   10.   11.
   13.   14.   16.   17.   17.   18.   18.   20.   22.   27.   29.   31.
   31.   33.   35.   39.   42.   43.   43.   43.   45.   45.   51.   54.
   54.   56.   56.   60.   62.   64.   65.   68.   71.   73.   74.   76.
   80.   81.   82.   82.   83.   90.   91.   91.   91.   93.   93.   94.
   95.   98.   98.  100.][-99. -99. -97. -96. -93. -91. -85. -79. -77. -74. -72. -72. -71. -65.
 -63. -58. -57. -56. -51. -50. -50. -49. -43. -43. -42. -31. -28. -28.
 -27. -24. -22. -21. -21. -21. -17. -17. -14. -13. -11. -11. -10.  -8.
  -7.  -6.  -1.  -1.   1.   2.   2.   2.   2.   3.   6.   7.   9.  11.
  17.  18.  20.  24.  27.  29.  29.  30.  31.  31.  32.  33.  33.  34.
  40.  41.  42.  45.  45.  48.  49.  51.  51.  54.  60.  61.  61.  62.
  65.  67.  68.  68.  68.  73.  74.  77.  78.  79.  82.  89.  89.  90.
  96.  98.][-99. -96. -94. -88. -88. -84. -80. -79. -79. -79. -78. -74. -72. -69.
 -68. -67. -66. -65. -60. -58. -57. -56. -54. -53. -51. -49. -48. -47.
 -43. -40. -40. -40. -39. -35. -35. -32. -31. -30. -29. -23. -19. -17.
 -13. -10.  -9.  -9.  -9.  -8.  -3.  -1.   1.   1.   1.   4.   4.   7.
   9.  14.  16.  23.  28.  30.  31.  31.  33.  36.  37.  37.  40.  41.
  53.  54.  56.  57.  58.  61.  63.  66.  67.  68.  69.  71.  72.  74.
  76.  77.  78.  80.  82.  83.  84.  85.  85.  86.  86.  87.  89.  99.
 100. 100.][-96. -90. -90. -84. -80. -79. -78. -78. -72. -65. -64. -60. -59. -58.
 -56. -53. -53. -49. -45. -42. -42. -41. -40. -39. -38. -37. -35. -35.
 -34. -33. -32. -30. -28. -27. -27. -23. -22. -21. -20. -19. -17. -16.
 -15. -14. -13. -11. -10.  -1.   3.   3.   4.  11.  12.  13.  19.  22.
  32.  35.  38.  45.  45.  45.  47.  47.  47.  50.  52.  55.  56.  57.
  57.  58.  58.  59.  59.  60.  61.  61.  62.  63.  64.  64.  64.  70.
  75.  75.  76.  82.  82.  86.  87.  89.  89.  91.  91.  91.  93.  94.
  99.  99.][-100. -100.  -98.  -97.  -94.  -93.  -91.  -88.  -87.  -86.  -80.  -79.
  -79.  -77.  -76.  -73.  -65.  -64.  -56.  -54.  -52.  -51.  -51.  -46.
  -45.  -42.  -38.  -37.  -31.  -30.  -30.  -29.  -27.  -20.  -16.  -15.
  -12.  -12.   -6.   -1.    4.    6.    9.   10.   12.   14.   15.   15.
   16.   17.   18.   18.   22.   24.   27.   27.   27.   28.   32.   32.
   32.   34.   35.   35.   35.   37.   37.   43.   43.   43.   44.   44.
   47.   48.   48.   49.   53.   57.   57.   61.   62.   62.   65.   67.
   69.   70.   71.   72.   75.   80.   80.   82.   82.   84.   86.   88.
   94.   95.   95.  100.][-98. -95. -95. -92. -91. -90. -88. -85. -84. -84. -84. -83. -81. -74.
 -74. -72. -72. -71. -67. -61. -58. -57. -55. -53. -49. -46. -46. -45.
 -43. -40. -35. -35. -33. -33. -30. -28. -22. -19. -19. -18. -16. -14.
 -14. -11.  -8.  -5.   0.   4.   9.   9.  11.  13.  18.  21.  21.  27.
  28.  29.  29.  31.  31.  34.  39.  40.  42.  49.  49.  50.  51.  52.
  53.  53.  59.  60.  61.  62.  62.  64.  64.  64.  64.  65.  66.  67.
  68.  71.  72.  72.  72.  72.  87.  88.  89.  92.  94.  95.  96.  96.
  97.  98.][-97. -97. -96. -95. -92. -92. -91. -91. -85. -76. -75. -73. -58. -56.
 -54. -54. -54. -52. -51. -50. -49. -47. -46. -46. -45. -43. -41. -41.
 -40. -39. -34. -30. -30. -26. -25. -24. -23. -22. -18. -13.  -4.  -2.
  -1.   1.   2.   3.   4.   4.   5.   6.   7.   7.  13.  13.  14.  15.
  17.  18.  19.  19.  19.  20.  20.  27.  28.  30.  33.  34.  37.  38.
  38.  39.  41.  42.  42.  44.  47.  49.  50.  52.  53.  55.  57.  57.
  60.  60.  61.  62.  64.  65.  67.  74.  76.  80.  84.  86.  94.  94.
  96.  98.][-98. -97. -96. -95. -95. -94. -94. -92. -91. -90. -90. -90. -90. -87.
 -86. -85. -85. -83. -80. -78. -76. -73. -71. -70. -65. -62. -61. -60.
 -59. -56. -56. -53. -52. -51. -49. -49. -43. -38. -37. -36. -34. -33.
 -32. -25. -21. -18. -16. -15. -14. -13. -13. -13. -11.  -8.  -6.  -6.
  -5.  -4.   3.   4.   5.   5.   8.   8.  14.  15.  16.  17.  17.  31.
  31.  33.  35.  36.  40.  43.  43.  44.  44.  46.  47.  48.  52.  54.
  57.  61.  62.  63.  63.  67.  71.  74.  76.  79.  84.  84.  91.  98.
  98. 100.][-98. -97. -95. -95. -94. -93. -93. -91. -84. -83. -78. -77. -75. -75.
 -74. -72. -69. -68. -65. -64. -62. -61. -60. -59. -57. -55. -53. -50.
 -49. -47. -47. -45. -44. -43. -41. -41. -40. -38. -38. -37. -37. -35.
 -28. -26. -26. -26. -25. -24. -22. -21. -16. -12.  -8.  -4.  -4.  -2.
  -2.   1.   2.   3.   3.  10.  15.  26.  27.  30.  31.  33.  36.  37.
  39.  39.  42.  45.  50.  53.  55.  56.  57.  57.  59.  61.  70.  70.
  73.  75.  75.  76.  77.  82.  82.  83.  84.  88.  89.  90.  94.  99.
  99. 100.][-100.  -97.  -97.  -97.  -91.  -89.  -89.  -89.  -86.  -86.  -85.  -81.
  -79.  -78.  -74.  -73.  -73.  -68.  -66.  -65.  -64.  -64.  -63.  -61.
  -59.  -54.  -51.  -51.  -50.  -47.  -46.  -45.  -44.  -42.  -42.  -38.
  -37.  -37.  -35.  -35.  -35.  -30.  -29.  -29.  -26.  -20.  -20.   -6.
   -5.   -4.   -2.   -1.    1.    3.    6.    9.   10.   11.   12.   12.
   13.   14.   15.   17.   17.   22.   23.   23.   28.   28.   28.   29.
   32.   33.   35.   39.   40.   41.   53.   54.   60.   62.   65.   66.
   67.   67.   71.   72.   77.   78.   80.   81.   85.   87.   87.   90.
   92.   92.   97.  100.][-100.  -99.  -96.  -94.  -94.  -90.  -89.  -87.  -86.  -85.  -78.  -78.
  -78.  -77.  -77.  -73.  -68.  -64.  -60.  -58.  -54.  -53.  -52.  -49.
  -46.  -46.  -45.  -44.  -42.  -41.  -34.  -29.  -28.  -28.  -27.  -20.
  -18.  -15.  -15.  -15.  -15.  -14.  -14.  -12.  -10.   -6.   -3.   -3.
    6.   10.   15.   18.   18.   19.   19.   21.   24.   25.   25.   31.
   33.   35.   37.   38.   41.   44.   45.   46.   47.   47.   49.   49.
   55.   58.   58.   60.   61.   61.   62.   64.   65.   68.   68.   73.
   76.   76.   80.   80.   81.   84.   86.   88.   90.   91.   94.   94.
   96.   96.   97.   98.][-100. -100.  -99.  -97.  -96.  -93.  -93.  -93.  -88.  -87.  -86.  -86.
  -85.  -80.  -79.  -74.  -72.  -72.  -71.  -70.  -69.  -67.  -63.  -61.
  -61.  -59.  -59.  -57.  -56.  -55.  -55.  -54.  -45.  -44.  -44.  -43.
  -37.  -36.  -36.  -27.  -27.  -26.  -26.  -25.  -23.  -19.  -19.  -15.
  -13.  -13.   -9.   -6.   -4.   -4.    0.    6.   10.   11.   12.   15.
   17.   18.   18.   24.   24.   28.   33.   36.   39.   41.   43.   45.
   46.   52.   52.   52.   53.   55.   55.   57.   57.   58.   59.   60.
   65.   70.   70.   70.   71.   72.   80.   80.   81.   88.   92.   92.
   97.   98.   99.  100.][-93. -93. -90. -88. -83. -82. -77. -77. -77. -73. -70. -70. -69. -69.
 -63. -63. -62. -60. -56. -56. -55. -54. -54. -50. -46. -44. -41. -36.
 -34. -34. -25. -25. -25. -24. -21. -21. -19. -15. -14.  -9.  -6.  -5.
  -4.  -2.   2.   5.   5.   7.   8.   9.  10.  10.  11.  12.  15.  17.
  17.  20.  27.  31.  34.  35.  35.  35.  35.  36.  41.  43.  45.  52.
  52.  53.  54.  58.  59.  59.  62.  63.  63.  64.  67.  67.  72.  73.
  75.  75.  76.  76.  78.  79.  80.  82.  85.  88.  89.  89.  93.  93.
  93.  96.][-100.  -98.  -97.  -93.  -93.  -92.  -87.  -84.  -80.  -78.  -76.  -76.
  -75.  -71.  -70.  -68.  -66.  -65.  -65.  -64.  -60.  -59.  -57.  -56.
  -52.  -49.  -46.  -45.  -44.  -37.  -36.  -36.  -34.  -32.  -32.  -30.
  -27.  -27.  -26.  -20.  -18.  -17.  -16.  -16.  -11.   -6.   -3.   -3.
    0.    1.    3.    7.   11.   13.   14.   16.   16.   18.   22.   22.
   27.   27.   28.   29.   31.   34.   37.   37.   38.   39.   39.   43.
   45.   47.   47.   51.   51.   53.   53.   55.   55.   56.   59.   59.
   62.   64.   66.   66.   73.   75.   77.   80.   83.   89.   90.   92.
   96.   97.   98.  100.]