[-100.  -99.  -97.  -97.  -94.  -91.  -89.  -82.  -81.  -80.  -79.  -76.
  -76.  -76.  -74.  -74.  -74.  -69.  -68.  -68.  -59.  -54.  -54.  -54.
  -49.  -46.  -42.  -38.  -34.  -32.  -32.  -30.  -29.  -28.  -27.  -27.
  -25.  -22.  -21.  -19.  -18.  -15.  -14.  -13.   -9.   -8.   -7.   -5.
    1.    1.   11.   13.   13.   14.   14.   16.   16.   18.   20.   22.
   22.   27.   32.   38.   39.   42.   43.   45.   46.   52.   54.   55.
   57.   62.   63.   63.   65.   70.   71.   72.   72.   73.   75.   77.
   79.   80.   81.   82.   82.   83.   83.   88.   88.   90.   90.   92.
   94.   95.   97.   99.][-99. -98. -98. -94. -93. -88. -88. -85. -85. -83. -81. -80. -78. -76.
 -73. -70. -66. -64. -64. -62. -62. -61. -59. -57. -50. -47. -44. -44.
 -43. -42. -40. -38. -37. -36. -35. -34. -31. -28. -22. -20. -12. -12.
 -11.  -9.  -6.  -6.  -2.   2.   5.  10.  11.  13.  16.  19.  22.  23.
  24.  27.  28.  32.  33.  33.  34.  35.  36.  39.  40.  40.  41.  42.
  42.  44.  50.  50.  52.  55.  59.  61.  62.  63.  65.  66.  73.  77.
  83.  84.  84.  86.  88.  89.  89.  90.  91.  91.  93.  94.  96.  96.
  97.  98.][-98. -98. -97. -96. -94. -93. -89. -88. -87. -83. -80. -77. -76. -75.
 -75. -67. -65. -63. -60. -58. -42. -42. -39. -37. -34. -34. -34. -32.
 -31. -31. -31. -29. -28. -26. -24. -23. -23. -19. -18. -15.  -9.  -7.
  -5.   0.   2.   2.   4.   5.   5.   7.   8.   8.  12.  15.  19.  20.
  20.  23.  24.  27.  28.  29.  30.  31.  32.  32.  35.  36.  37.  37.
  37.  38.  39.  39.  40.  41.  41.  46.  47.  48.  51.  52.  57.  58.
  59.  62.  63.  65.  65.  70.  70.  76.  78.  79.  80.  81.  81.  82.
  97.  98.][-99. -95. -92. -92. -92. -92. -91. -91. -86. -82. -78. -74. -72. -71.
 -71. -71. -70. -69. -65. -65. -65. -64. -62. -58. -57. -56. -53. -51.
 -51. -51. -50. -50. -45. -43. -41. -40. -39. -39. -36. -35. -35. -33.
 -33. -25. -22. -22. -18. -15. -10.  -8.  -5.  -4.  -3.  -3.   3.   4.
   5.   5.   5.  17.  20.  21.  22.  25.  28.  29.  30.  31.  31.  31.
  35.  36.  36.  37.  40.  40.  48.  49.  54.  57.  58.  58.  60.  62.
  64.  64.  65.  65.  74.  79.  81.  83.  85.  85.  87.  90.  91.  94.
  96.  97.][-100.  -99.  -98.  -97.  -95.  -94.  -93.  -90.  -89.  -86.  -83.  -82.
  -82.  -81.  -81.  -78.  -77.  -73.  -70.  -68.  -68.  -66.  -64.  -63.
  -63.  -62.  -61.  -61.  -59.  -57.  -56.  -56.  -51.  -50.  -50.  -50.
  -47.  -46.  -44.  -42.  -37.  -33.  -31.  -30.  -23.  -22.  -21.  -20.
  -20.  -15.  -15.  -15.   -9.   -9.   -9.   -8.   -5.   -1.    0.    0.
    8.    9.    9.   13.   14.   18.   18.   19.   21.   23.   23.   25.
   25.   28.   28.   30.   34.   37.   38.   42.   44.   47.   51.   52.
   56.   60.   61.   61.   65.   66.   68.   69.   81.   82.   87.   90.
   91.   91.   94.   98.][-98. -98. -96. -95. -95. -95. -93. -92. -89. -89. -88. -85. -82. -78.
 -76. -74. -66. -66. -66. -65. -65. -62. -62. -62. -61. -56. -54. -52.
 -48. -46. -43. -42. -39. -33. -31. -29. -29. -28. -25. -25. -24. -22.
 -19. -18. -16. -15. -14. -12.  -8.  -7.  -7.  -5.  -4.  -4.  -3.  -1.
   0.   5.   8.  10.  12.  14.  14.  18.  22.  27.  31.  33.  34.  37.
  43.  46.  47.  49.  50.  52.  57.  58.  61.  64.  65.  66.  67.  68.
  69.  72.  73.  75.  77.  77.  79.  85.  85.  85.  86.  92.  95.  96.
  96.  98.][-98. -95. -93. -92. -87. -84. -84. -80. -77. -77. -71. -70. -64. -63.
 -60. -53. -52. -52. -51. -48. -43. -42. -40. -38. -37. -34. -33. -31.
 -30. -29. -28. -27. -21. -17. -17. -16. -15. -11. -10. -10.  -9.  -6.
  -6.  -4.  -3.  -2.  -1.   0.   4.   8.  10.  13.  15.  19.  22.  28.
  29.  41.  41.  44.  45.  45.  45.  47.  49.  50.  51.  51.  54.  56.
  57.  58.  62.  65.  67.  67.  68.  68.  69.  71.  71.  71.  72.  77.
  79.  84.  84.  84.  87.  87.  87.  88.  89.  94.  95.  95.  99.  99.
 100. 100.][-100.  -97.  -95.  -93.  -91.  -88.  -86.  -85.  -85.  -84.  -81.  -80.
  -78.  -78.  -77.  -74.  -71.  -71.  -66.  -65.  -64.  -63.  -62.  -61.
  -61.  -60.  -60.  -58.  -54.  -51.  -48.  -47.  -46.  -42.  -41.  -40.
  -35.  -35.  -33.  -27.  -26.  -24.  -22.  -21.  -19.  -10.  -10.   -9.
   -8.   -6.   -5.   -4.   -3.   -2.    2.    4.    6.    6.    6.    8.
    9.   10.   13.   13.   16.   22.   26.   27.   27.   28.   28.   34.
   36.   39.   40.   40.   40.   41.   48.   49.   49.   49.   59.   59.
   61.   62.   65.   66.   67.   68.   77.   81.   83.   87.   88.   88.
   90.   99.   99.   99.][-100.  -99.  -97.  -97.  -92.  -89.  -88.  -81.  -80.  -78.  -71.  -69.
  -67.  -67.  -61.  -61.  -58.  -57.  -57.  -53.  -51.  -49.  -49.  -47.
  -45.  -43.  -43.  -40.  -38.  -36.  -34.  -30.  -25.  -25.  -25.  -24.
  -20.  -16.  -14.  -13.  -12.  -10.  -10.   -9.   -8.   -7.   -5.   -3.
   -3.   -2.    2.    4.    4.    4.   11.   11.   14.   16.   16.   17.
   18.   19.   19.   20.   22.   24.   25.   27.   29.   29.   30.   36.
   38.   38.   39.   40.   40.   43.   46.   47.   52.   53.   53.   53.
   54.   57.   57.   61.   67.   70.   70.   70.   70.   71.   77.   78.
   81.   81.   90.   91.][-99. -98. -98. -88. -88. -87. -87. -86. -86. -84. -81. -79. -79. -78.
 -78. -72. -69. -69. -68. -67. -67. -63. -62. -62. -60. -59. -58. -55.
 -54. -47. -46. -45. -43. -38. -38. -35. -34. -33. -31. -29. -25. -25.
 -23. -22. -22. -21. -20. -16. -15. -14. -14. -11. -11. -10.  -9.  -9.
  -1.   0.   1.   4.   5.   5.   7.   8.   8.  12.  12.  18.  23.  25.
  25.  28.  32.  42.  45.  46.  51.  52.  52.  54.  60.  66.  66.  68.
  68.  68.  71.  72.  73.  78.  82.  82.  84.  84.  89.  90.  90.  94.
  96.  99.][-95. -81. -79. -78. -77. -76. -72. -69. -66. -64. -63. -60. -60. -58.
 -58. -54. -54. -51. -50. -49. -48. -48. -45. -45. -44. -43. -43. -39.
 -25. -25. -20. -16. -13. -11. -10.  -5.  -5.  -4.  -2.  -1.   1.   5.
   7.   9.   9.  10.  12.  12.  13.  18.  19.  21.  22.  23.  25.  26.
  29.  33.  33.  37.  38.  39.  42.  43.  44.  46.  46.  48.  51.  55.
  55.  55.  56.  57.  62.  64.  67.  73.  73.  73.  74.  75.  75.  77.
  78.  80.  82.  83.  84.  85.  87.  92.  92.  94.  95.  95.  96. 100.
 100. 100.][-97. -95. -94. -94. -92. -91. -90. -88. -85. -84. -82. -82. -81. -79.
 -79. -78. -78. -78. -77. -77. -76. -76. -71. -69. -65. -65. -62. -58.
 -56. -53. -48. -48. -47. -44. -41. -40. -38. -37. -35. -32. -25. -25.
 -23. -20. -19. -17. -12. -11. -11.  -8.  -8.  -8.  -7.  -5.  -4.  -3.
   0.   0.   0.   7.  14.  19.  20.  22.  27.  32.  33.  34.  38.  40.
  40.  41.  46.  47.  48.  51.  53.  53.  56.  59.  60.  60.  60.  63.
  64.  69.  72.  72.  74.  80.  83.  84.  85.  92.  92.  93.  94.  95.
  96.  98.][-99. -97. -95. -94. -93. -93. -92. -92. -92. -91. -90. -89. -89. -86.
 -85. -84. -82. -82. -79. -78. -72. -72. -70. -69. -68. -63. -63. -62.
 -61. -59. -55. -48. -47. -45. -44. -42. -37. -36. -36. -35. -35. -35.
 -33. -32. -24. -22. -21. -17. -15.  -3.  -3.  -2.   2.   3.   3.   4.
   6.   7.   7.   7.   8.   9.   9.  10.  12.  14.  16.  17.  17.  19.
  19.  22.  24.  26.  27.  27.  33.  35.  38.  39.  45.  45.  45.  46.
  50.  51.  51.  52.  52.  58.  61.  61.  66.  69.  77.  84.  88.  91.
  92.  99.][-99. -97. -92. -90. -89. -86. -85. -82. -78. -77. -77. -75. -73. -71.
 -71. -66. -65. -65. -64. -62. -62. -60. -58. -57. -55. -47. -43. -42.
 -39. -36. -32. -30. -30. -29. -29. -29. -28. -27. -26. -23. -22. -20.
 -19. -18. -14. -10.  -7.  -7.  -6.  -5.  -5.  -5.  -5.  -5.  -2.   4.
   8.  14.  16.  18.  23.  23.  25.  26.  29.  35.  35.  36.  38.  40.
  41.  42.  42.  43.  43.  46.  49.  49.  53.  55.  58.  61.  62.  63.
  63.  67.  69.  69.  74.  75.  75.  77.  79.  79.  81.  82.  90.  91.
  99. 100.][-99. -98. -98. -96. -96. -95. -95. -94. -94. -93. -93. -90. -89. -88.
 -82. -81. -78. -78. -75. -74. -73. -72. -70. -69. -69. -67. -64. -58.
 -54. -51. -51. -49. -45. -45. -42. -40. -38. -35. -30. -28. -25. -25.
 -22. -21. -19. -19. -15. -12. -10.  -8.  -5.  -4.  -4.  -2.   3.   5.
   6.   9.   9.  10.  11.  12.  13.  15.  24.  24.  26.  27.  28.  32.
  33.  34.  35.  39.  40.  41.  44.  46.  48.  48.  50.  58.  60.  60.
  60.  61.  67.  74.  76.  76.  82.  86.  87.  90.  93.  94.  95.  96.
  97.  99.][-96. -94. -91. -88. -87. -85. -85. -83. -81. -80. -78. -76. -76. -71.
 -70. -61. -60. -58. -58. -56. -49. -48. -43. -42. -39. -38. -37. -35.
 -33. -30. -29. -26. -25. -25. -21. -20. -19. -18. -17. -13.  -8.  -4.
  -2.  -2.   0.   0.   4.   5.   6.   6.   9.  11.  12.  13.  13.  14.
  16.  18.  20.  24.  32.  33.  36.  39.  39.  44.  46.  48.  49.  51.
  53.  53.  54.  55.  56.  56.  59.  61.  61.  62.  70.  71.  71.  72.
  74.  74.  75.  75.  77.  78.  79.  79.  80.  81.  87.  91.  92.  93.
  93.  99.][-100.  -98.  -95.  -92.  -86.  -86.  -82.  -79.  -78.  -76.  -76.  -75.
  -71.  -67.  -67.  -67.  -65.  -57.  -54.  -53.  -50.  -47.  -45.  -41.
  -40.  -34.  -33.  -32.  -30.  -27.  -26.  -25.  -24.  -23.  -21.  -19.
  -19.  -15.  -12.  -11.   -9.   -9.   -6.   -2.   -1.    1.    3.    4.
    5.    9.   10.   11.   11.   12.   14.   14.   15.   24.   25.   27.
   27.   28.   30.   31.   33.   33.   34.   34.   43.   45.   46.   47.
   47.   47.   49.   50.   50.   53.   54.   58.   59.   60.   60.   63.
   64.   67.   73.   74.   75.   85.   86.   87.   89.   89.   90.   92.
   94.   95.   99.   99.][-98. -95. -94. -93. -92. -86. -85. -85. -85. -84. -82. -82. -79. -74.
 -70. -70. -70. -70. -69. -67. -67. -62. -61. -60. -60. -58. -57. -56.
 -56. -52. -51. -41. -40. -40. -39. -37. -31. -27. -21. -20. -18. -17.
 -17. -16. -16.  -8.  -8.  -6.  -2.  -1.   2.   5.   6.   6.  10.  15.
  20.  20.  22.  23.  25.  27.  27.  32.  32.  34.  37.  40.  41.  41.
  43.  43.  43.  46.  48.  49.  52.  53.  55.  55.  58.  58.  64.  65.
  66.  66.  68.  69.  72.  72.  77.  78.  79.  80.  84.  87.  90.  95.
  96.  99.][-100.  -98.  -96.  -95.  -94.  -93.  -91.  -90.  -88.  -87.  -86.  -82.
  -82.  -80.  -72.  -69.  -63.  -63.  -61.  -59.  -52.  -50.  -48.  -46.
  -42.  -40.  -40.  -39.  -38.  -37.  -37.  -35.  -29.  -29.  -28.  -24.
  -22.  -21.  -17.  -17.  -16.  -15.   -7.   -5.   -1.    0.    2.    3.
    4.    5.    7.   12.   12.   14.   15.   17.   17.   20.   20.   21.
   23.   26.   26.   28.   35.   37.   41.   42.   43.   47.   50.   51.
   54.   55.   59.   59.   61.   66.   67.   67.   69.   71.   72.   73.
   73.   79.   79.   81.   82.   83.   83.   85.   85.   85.   90.   90.
   90.   91.   97.  100.][-98. -97. -95. -93. -93. -90. -89. -86. -86. -85. -84. -82. -82. -77.
 -74. -73. -66. -65. -62. -60. -58. -57. -52. -52. -51. -49. -45. -37.
 -35. -32. -31. -30. -30. -29. -29. -27. -26. -25. -24. -22. -19. -14.
 -14. -13. -10.  -9.  -9.  -8.  -8.  -7.  -5.  -5.  -3.  -3.  -1.   0.
   0.   4.   6.   8.   9.  11.  17.  19.  22.  23.  24.  29.  29.  34.
  37.  41.  42.  46.  48.  48.  48.  49.  50.  51.  52.  56.  60.  60.
  62.  63.  66.  69.  71.  73.  73.  80.  84.  84.  89.  90.  92.  93.
  94. 100.][-100. -100.  -99.  -95.  -92.  -87.  -87.  -84.  -82.  -79.  -66.  -66.
  -61.  -61.  -59.  -56.  -54.  -53.  -52.  -47.  -43.  -40.  -39.  -35.
  -35.  -30.  -26.  -25.  -24.  -20.  -14.  -12.  -10.   -9.   -9.   -7.
   -6.   -6.   -6.   -6.   -4.   -3.   -1.    2.    4.    5.    5.    6.
   11.   14.   17.   21.   23.   25.   25.   28.   31.   34.   41.   41.
   42.   42.   43.   44.   45.   46.   46.   46.   46.   52.   54.   55.
   55.   57.   58.   60.   60.   61.   62.   63.   64.   68.   68.   70.
   72.   73.   77.   79.   80.   80.   80.   81.   89.   89.   90.   95.
   95.   96.  100.  100.][-100. -100. -100.  -99.  -98.  -96.  -96.  -92.  -89.  -86.  -82.  -81.
  -76.  -74.  -74.  -73.  -71.  -67.  -67.  -63.  -63.  -61.  -55.  -52.
  -50.  -49.  -49.  -48.  -47.  -46.  -45.  -39.  -37.  -37.  -33.  -33.
  -29.  -24.  -21.  -20.  -17.  -17.  -12.  -10.   -9.   -5.   -3.   -1.
    0.    3.    5.    7.    7.    9.   10.   13.   13.   14.   15.   18.
   18.   22.   22.   23.   27.   29.   30.   32.   34.   34.   37.   40.
   43.   44.   45.   45.   45.   47.   51.   52.   55.   56.   60.   63.
   64.   64.   65.   66.   71.   75.   80.   81.   87.   87.   91.   91.
   96.   97.   98.   99.][-100.  -99.  -96.  -92.  -89.  -87.  -86.  -86.  -85.  -81.  -81.  -80.
  -80.  -78.  -75.  -75.  -73.  -69.  -67.  -66.  -63.  -63.  -60.  -60.
  -59.  -59.  -58.  -58.  -57.  -56.  -50.  -48.  -46.  -38.  -36.  -32.
  -32.  -32.  -31.  -25.  -25.  -23.  -20.  -18.  -16.  -13.  -10.   -8.
   -6.   -4.   -3.   -2.   -1.    1.    9.    9.    9.   10.   14.   16.
   23.   23.   24.   24.   29.   34.   35.   36.   36.   37.   41.   42.
   42.   47.   48.   51.   51.   53.   54.   54.   57.   58.   60.   61.
   62.   65.   66.   67.   69.   72.   74.   77.   81.   88.   90.   92.
   93.   97.   98.   98.][-100.  -97.  -95.  -93.  -93.  -89.  -88.  -87.  -87.  -86.  -85.  -83.
  -82.  -81.  -76.  -69.  -67.  -66.  -64.  -63.  -61.  -58.  -58.  -57.
  -55.  -54.  -53.  -52.  -50.  -49.  -47.  -44.  -44.  -44.  -44.  -43.
  -39.  -37.  -37.  -36.  -36.  -35.  -32.  -29.  -29.  -28.  -28.  -27.
  -23.  -22.  -21.  -21.  -13.  -12.  -11.   -7.   -7.   -7.   -4.    5.
   11.   14.   17.   19.   20.   20.   26.   30.   34.   34.   35.   36.
   37.   38.   40.   41.   42.   43.   44.   44.   47.   53.   55.   56.
   63.   63.   71.   73.   73.   76.   81.   83.   86.   88.   88.   89.
   91.   95.   99.  100.][-99. -97. -96. -95. -93. -91. -90. -89. -86. -83. -80. -79. -78. -77.
 -76. -74. -74. -71. -68. -65. -65. -63. -61. -58. -51. -51. -50. -48.
 -47. -41. -41. -39. -39. -37. -35. -34. -34. -34. -34. -29. -28. -27.
 -23. -21. -16. -15. -13. -11. -11. -10.  -8.  -2.   2.   4.   9.   9.
  10.  14.  15.  17.  17.  21.  23.  24.  24.  25.  25.  27.  28.  31.
  32.  41.  43.  43.  44.  45.  47.  49.  50.  53.  54.  57.  58.  60.
  61.  64.  66.  66.  67.  74.  74.  78.  79.  81.  81.  83.  85.  92.
  96. 100.][-98. -97. -96. -96. -95. -92. -91. -91. -85. -84. -84. -82. -78. -77.
 -77. -76. -73. -70. -65. -64. -63. -62. -59. -57. -53. -52. -51. -50.
 -50. -49. -47. -46. -44. -42. -40. -37. -33. -32. -32. -29. -22. -20.
 -19. -16. -12. -10.  -9.  -7.  -2.   0.   2.   4.   5.   6.  10.  12.
  13.  16.  17.  19.  20.  20.  25.  28.  31.  31.  33.  36.  37.  37.
  39.  40.  41.  41.  42.  49.  50.  51.  51.  54.  55.  56.  64.  65.
  67.  67.  74.  74.  76.  78.  79.  80.  83.  85.  87.  93.  97.  98.
  98.  98.][-100.  -99.  -96.  -94.  -92.  -90.  -87.  -81.  -80.  -79.  -79.  -77.
  -73.  -72.  -71.  -69.  -68.  -65.  -59.  -57.  -57.  -56.  -55.  -47.
  -46.  -45.  -39.  -32.  -30.  -24.  -21.  -16.  -16.  -14.  -13.  -11.
   -9.   -5.    1.    6.    6.    6.    6.    8.    9.   11.   12.   14.
   15.   17.   18.   19.   20.   21.   22.   22.   23.   23.   29.   29.
   30.   31.   35.   35.   35.   38.   38.   41.   43.   44.   44.   49.
   50.   52.   52.   58.   60.   61.   62.   63.   64.   68.   71.   76.
   77.   77.   79.   80.   81.   83.   87.   89.   93.   94.   95.   95.
   97.   98.   99.   99.][-100.  -96.  -93.  -90.  -86.  -85.  -84.  -83.  -83.  -78.  -74.  -71.
  -69.  -68.  -65.  -59.  -58.  -56.  -55.  -55.  -53.  -51.  -49.  -49.
  -49.  -47.  -47.  -46.  -42.  -41.  -34.  -34.  -27.  -25.  -24.  -23.
  -22.  -19.  -19.  -18.  -17.  -16.  -15.  -15.  -10.   -9.   -1.   -1.
   -1.    0.    1.    3.    4.    8.    8.    9.    9.   11.   11.   12.
   13.   15.   18.   27.   30.   31.   33.   34.   35.   38.   39.   39.
   41.   41.   43.   49.   50.   52.   55.   55.   56.   56.   57.   57.
   58.   60.   63.   66.   69.   73.   79.   80.   80.   83.   84.   85.
   87.   94.   96.   99.][-100.  -98.  -97.  -89.  -88.  -87.  -87.  -85.  -85.  -80.  -79.  -71.
  -70.  -69.  -64.  -59.  -58.  -57.  -54.  -53.  -48.  -42.  -37.  -28.
  -28.  -25.  -24.  -21.  -18.  -17.  -16.  -12.   -9.   -6.   -3.   -1.
    0.    1.    2.    3.    4.    7.    7.    7.    9.    9.   14.   18.
   19.   25.   30.   31.   32.   33.   35.   36.   37.   38.   39.   39.
   40.   41.   44.   47.   50.   56.   57.   57.   59.   60.   61.   65.
   66.   66.   66.   68.   69.   69.   71.   73.   77.   78.   81.   82.
   84.   85.   85.   87.   87.   88.   88.   91.   92.   94.   95.   95.
   98.   99.  100.  100.][-99. -99. -98. -95. -94. -91. -90. -89. -87. -85. -84. -81. -77. -71.
 -66. -65. -62. -60. -60. -59. -58. -58. -58. -55. -52. -47. -46. -45.
 -44. -43. -38. -35. -34. -30. -26. -24. -23. -19. -17. -16. -14.  -9.
  -6.  -1.   0.   1.   2.   3.   3.   4.   5.   6.   7.   8.  12.  15.
  16.  17.  17.  20.  25.  27.  28.  30.  34.  35.  37.  39.  41.  43.
  45.  47.  48.  53.  54.  56.  58.  60.  61.  62.  64.  65.  67.  67.
  68.  70.  71.  72.  73.  74.  75.  79.  79.  80.  85.  86.  87.  88.
  95.  95.][-100. -100.  -98.  -95.  -90.  -87.  -86.  -82.  -81.  -77.  -76.  -75.
  -74.  -74.  -73.  -69.  -69.  -61.  -60.  -60.  -55.  -55.  -53.  -52.
  -52.  -52.  -49.  -42.  -41.  -41.  -38.  -38.  -35.  -35.  -35.  -30.
  -27.  -25.  -19.  -17.  -14.  -13.  -12.   -9.   -8.   -7.    0.    3.
    3.    6.    6.   10.   11.   14.   15.   15.   16.   16.   20.   23.
   27.   27.   28.   30.   31.   32.   39.   40.   43.   44.   44.   46.
   48.   49.   52.   52.   52.   52.   55.   55.   56.   57.   62.   62.
   63.   63.   69.   79.   82.   86.   86.   87.   89.   89.   93.   93.
   94.   95.  100.  100.][-99. -96. -92. -91. -88. -84. -82. -81. -80. -76. -76. -76. -76. -75.
 -73. -73. -66. -62. -58. -57. -53. -51. -50. -49. -49. -47. -45. -44.
 -43. -39. -33. -31. -27. -23. -21. -21. -21. -18. -16. -16. -16. -16.
 -15. -12.  -4.  -1.  -1.   3.   8.   8.   8.  12.  13.  17.  19.  21.
  27.  28.  30.  31.  32.  33.  33.  35.  38.  42.  43.  46.  46.  47.
  48.  48.  48.  50.  53.  53.  53.  54.  56.  58.  63.  65.  66.  70.
  71.  74.  74.  75.  77.  79.  82.  83.  90.  91.  92.  95.  95.  95.
  95.  96.][-98. -95. -95. -92. -91. -87. -83. -78. -78. -70. -69. -68. -67. -65.
 -65. -65. -63. -59. -52. -46. -46. -46. -45. -44. -44. -44. -43. -41.
 -41. -36. -33. -31. -30. -29. -29. -28. -28. -26. -23. -21. -20. -18.
 -17. -17. -14. -14. -10.  -1.   0.   0.   1.   3.   5.   7.   7.   7.
  10.  12.  14.  15.  17.  19.  22.  23.  24.  25.  26.  26.  27.  29.
  31.  33.  33.  37.  40.  41.  44.  47.  47.  48.  57.  57.  59.  59.
  63.  64.  66.  69.  70.  70.  72.  74.  74.  77.  85.  90.  92.  96.
  97.  98.][-100.  -98.  -97.  -83.  -81.  -78.  -76.  -69.  -66.  -61.  -61.  -56.
  -55.  -55.  -53.  -51.  -50.  -46.  -45.  -41.  -41.  -38.  -37.  -37.
  -36.  -32.  -28.  -24.  -24.  -19.  -17.  -16.  -15.  -11.  -11.   -9.
   -9.   -7.   -5.   -3.    0.    1.    2.    5.    6.    8.    9.   10.
   15.   16.   17.   19.   19.   21.   21.   24.   26.   33.   33.   35.
   38.   38.   39.   39.   41.   43.   43.   44.   45.   46.   46.   47.
   48.   49.   51.   52.   55.   57.   57.   61.   62.   65.   65.   67.
   76.   76.   77.   77.   77.   78.   78.   79.   81.   90.   90.   96.
   97.   99.   99.  100.][-98. -93. -92. -84. -82. -81. -80. -79. -76. -75. -74. -74. -70. -70.
 -69. -69. -69. -67. -67. -64. -63. -62. -59. -53. -48. -46. -46. -44.
 -44. -37. -32. -30. -20. -20. -20. -19. -18. -17. -15. -10.  -9.  -8.
  -6.  -4.  -3.  -3.   2.   4.   5.   5.   6.   6.  11.  11.  12.  13.
  13.  15.  18.  29.  30.  31.  34.  34.  36.  38.  40.  44.  49.  49.
  49.  51.  57.  59.  60.  61.  61.  61.  62.  62.  64.  66.  72.  73.
  76.  78.  81.  81.  82.  85.  88.  88.  89.  90.  94.  95.  96.  96.
  97.  99.][-99. -99. -98. -97. -93. -90. -90. -83. -82. -81. -80. -74. -71. -71.
 -70. -65. -62. -61. -59. -55. -52. -50. -50. -42. -34. -29. -29. -26.
 -26. -26. -25. -24. -20. -20. -17. -13. -11.  -9.  -9.  -9.  -8.  -8.
  -6.  -5.  -3.  -1.   7.   8.  11.  12.  12.  17.  21.  21.  26.  27.
  27.  31.  34.  36.  38.  40.  43.  45.  45.  48.  55.  55.  56.  57.
  57.  59.  63.  64.  65.  65.  68.  69.  70.  70.  70.  71.  73.  77.
  77.  79.  80.  83.  84.  84.  84.  85.  85.  85.  86.  87.  90.  91.
  98.  98.][-97. -96. -95. -91. -91. -83. -83. -79. -79. -79. -77. -77. -76. -76.
 -74. -73. -66. -64. -62. -60. -58. -58. -55. -54. -53. -51. -50. -49.
 -49. -46. -44. -43. -41. -41. -39. -38. -37. -37. -36. -36. -35. -23.
 -23. -18. -14. -10.  -4.  -4.  -2.  -1.   0.   1.   3.   8.  13.  15.
  17.  19.  20.  23.  23.  23.  23.  24.  25.  29.  31.  32.  33.  35.
  36.  45.  50.  52.  53.  53.  53.  54.  57.  58.  58.  58.  61.  61.
  64.  67.  68.  70.  71.  73.  82.  83.  85.  85.  87.  88.  90.  91.
  95.  96.][-100. -100.  -99.  -97.  -95.  -89.  -86.  -85.  -84.  -84.  -81.  -80.
  -78.  -77.  -74.  -71.  -69.  -66.  -66.  -65.  -65.  -63.  -63.  -59.
  -57.  -56.  -55.  -53.  -53.  -48.  -47.  -47.  -46.  -44.  -38.  -35.
  -31.  -31.  -31.  -28.  -25.  -25.  -19.  -19.  -15.  -13.  -12.  -12.
  -12.  -11.   -9.   -8.   -8.   -5.   -4.   -3.    0.    4.    5.    9.
   11.   11.   16.   19.   21.   23.   24.   25.   29.   29.   31.   31.
   35.   37.   38.   38.   39.   41.   46.   46.   48.   48.   53.   54.
   56.   57.   63.   63.   64.   69.   73.   74.   78.   80.   81.   82.
   89.   98.   99.  100.][-98. -97. -97. -94. -93. -92. -91. -90. -89. -86. -86. -83. -76. -76.
 -76. -64. -64. -64. -63. -63. -62. -61. -60. -60. -57. -54. -52. -51.
 -50. -48. -47. -45. -44. -40. -39. -36. -33. -30. -27. -26. -22. -20.
 -19. -13. -12. -10.  -8.  -4.  -4.  -3.  -2.   1.   3.   8.   8.  11.
  13.  15.  16.  16.  17.  19.  19.  22.  24.  29.  32.  33.  33.  33.
  38.  38.  41.  46.  51.  53.  54.  57.  59.  59.  60.  61.  63.  65.
  69.  73.  75.  78.  79.  79.  83.  84.  87.  87.  88.  89.  91.  95.
  99. 100.][-97. -97. -94. -94. -93. -88. -86. -83. -79. -77. -77. -66. -65. -64.
 -64. -63. -62. -62. -61. -56. -54. -52. -52. -51. -50. -49. -48. -46.
 -43. -39. -37. -35. -35. -34. -31. -31. -30. -27. -20. -20. -19. -16.
 -16. -14. -10. -10.  -9.  -8.  -6.  -3.   1.   1.   2.   3.   6.   7.
   7.  13.  14.  17.  18.  19.  20.  20.  24.  30.  31.  33.  34.  35.
  36.  36.  38.  42.  46.  46.  46.  48.  55.  59.  65.  66.  68.  70.
  74.  74.  75.  76.  78.  78.  80.  81.  81.  82.  83.  85.  86.  96.
  97.  99.][-100.  -93.  -93.  -92.  -91.  -89.  -87.  -84.  -78.  -77.  -77.  -75.
  -71.  -71.  -70.  -69.  -68.  -67.  -61.  -60.  -53.  -53.  -52.  -51.
  -51.  -51.  -47.  -47.  -46.  -44.  -44.  -38.  -37.  -35.  -34.  -33.
  -30.  -26.  -23.  -23.  -23.  -20.   -9.   -8.   -7.   -6.   -6.   -5.
   -3.   -2.   -1.    0.    4.    4.    6.    7.   11.   13.   13.   15.
   18.   18.   23.   25.   28.   29.   40.   42.   43.   43.   51.   52.
   54.   58.   62.   64.   64.   65.   65.   68.   68.   72.   74.   74.
   75.   77.   79.   80.   82.   83.   84.   85.   86.   88.   89.   92.
   93.   94.   94.   99.][-100.  -99.  -95.  -92.  -88.  -88.  -87.  -85.  -83.  -80.  -77.  -72.
  -63.  -63.  -61.  -59.  -58.  -55.  -54.  -52.  -45.  -42.  -40.  -39.
  -37.  -35.  -34.  -34.  -29.  -28.  -24.  -23.  -21.  -20.  -18.  -18.
  -17.  -16.  -14.  -14.  -13.   -7.   -5.   -4.   -3.   -2.    0.    6.
    8.   11.   13.   13.   13.   15.   16.   16.   16.   21.   24.   25.
   28.   33.   34.   35.   37.   38.   39.   40.   41.   41.   42.   47.
   48.   49.   57.   62.   62.   65.   65.   68.   69.   74.   76.   82.
   82.   84.   85.   86.   88.   89.   89.   90.   90.   94.   94.   95.
   96.   97.   97.   99.][-100.  -97.  -96.  -93.  -92.  -91.  -88.  -87.  -87.  -84.  -84.  -83.
  -83.  -82.  -80.  -79.  -77.  -76.  -74.  -67.  -66.  -65.  -65.  -65.
  -65.  -64.  -63.  -61.  -59.  -58.  -58.  -56.  -55.  -54.  -49.  -49.
  -47.  -42.  -42.  -39.  -39.  -36.  -33.  -30.  -29.  -29.  -27.  -26.
  -25.  -23.  -23.  -15.  -11.  -11.    0.    0.    3.    6.    7.    9.
   14.   15.   16.   18.   19.   21.   25.   26.   27.   27.   28.   31.
   31.   37.   42.   52.   54.   55.   55.   56.   57.   58.   59.   59.
   62.   67.   70.   75.   75.   79.   79.   87.   89.   90.   94.   95.
   96.   96.   97.   99.][-93. -92. -91. -91. -89. -89. -88. -86. -85. -81. -79. -76. -74. -74.
 -73. -71. -66. -60. -58. -57. -53. -53. -52. -51. -45. -43. -42. -41.
 -40. -36. -35. -34. -34. -33. -31. -26. -25. -22. -21. -21. -19. -18.
 -16. -15. -15. -12. -10.  -9.  -8.  -7.  -6.  -3.  -3.  -1.  -1.   0.
   1.   2.  12.  12.  20.  21.  22.  25.  27.  27.  28.  30.  32.  33.
  37.  37.  44.  45.  46.  47.  51.  53.  53.  59.  61.  63.  63.  63.
  65.  65.  65.  66.  67.  70.  76.  77.  81.  82.  87.  91.  92.  92.
  95.  99.][-92. -92. -92. -90. -89. -88. -88. -85. -83. -79. -77. -77. -75. -75.
 -73. -71. -68. -67. -67. -63. -60. -51. -50. -45. -45. -41. -39. -39.
 -39. -37. -32. -28. -24. -23. -20. -18. -16. -15. -13. -12. -11. -11.
  -9.  -9.  -7.  -5.  -4.  -4.  -3.  -3.  -1.   4.   7.  12.  13.  16.
  17.  17.  18.  18.  21.  30.  34.  35.  37.  38.  40.  41.  43.  44.
  47.  47.  47.  51.  51.  55.  57.  59.  65.  66.  72.  73.  73.  73.
  75.  76.  76.  78.  78.  79.  82.  85.  86.  87.  87.  94.  96.  98.
  98. 100.][-100.  -98.  -95.  -95.  -95.  -93.  -88.  -88.  -81.  -79.  -79.  -79.
  -76.  -73.  -71.  -70.  -69.  -68.  -67.  -67.  -66.  -64.  -59.  -59.
  -56.  -55.  -53.  -52.  -51.  -49.  -49.  -48.  -42.  -41.  -39.  -39.
  -38.  -36.  -30.  -25.  -24.  -20.  -19.  -17.  -17.  -15.  -14.  -14.
   -9.   -8.   -8.   -6.   -5.   -4.    0.    3.    3.    4.    7.    8.
   11.   13.   13.   13.   18.   18.   24.   25.   29.   33.   33.   34.
   39.   41.   41.   44.   46.   48.   50.   54.   56.   56.   61.   63.
   63.   65.   66.   67.   71.   73.   73.   77.   81.   83.   86.   87.
   89.   94.   96.   98.][-99. -96. -95. -92. -88. -88. -87. -86. -85. -77. -74. -73. -73. -70.
 -67. -66. -64. -64. -60. -55. -54. -50. -46. -45. -42. -42. -36. -35.
 -31. -29. -27. -21. -20. -20. -18. -18. -16. -16. -15. -11. -10.  -8.
  -7.  -3.  -1.   0.   0.   1.   1.   3.   3.   4.   5.   7.   7.  11.
  14.  15.  22.  24.  28.  31.  32.  32.  33.  35.  41.  43.  44.  44.
  46.  52.  52.  53.  54.  55.  55.  56.  58.  58.  61.  65.  66.  67.
  67.  69.  69.  70.  72.  77.  80.  80.  85.  86.  87.  89.  90.  92.
  95.  98.][-97. -95. -91. -90. -88. -87. -84. -76. -76. -75. -73. -71. -70. -69.
 -67. -62. -61. -60. -56. -53. -53. -51. -49. -48. -42. -41. -41. -41.
 -38. -38. -35. -33. -33. -32. -32. -31. -29. -28. -26. -23. -22. -12.
 -11. -11. -10.  -1.   0.   2.   2.   3.   6.  11.  12.  13.  14.  15.
  16.  19.  20.  20.  21.  22.  23.  24.  25.  30.  31.  34.  34.  39.
  39.  42.  45.  46.  46.  46.  50.  51.  53.  53.  62.  63.  68.  69.
  71.  71.  72.  73.  73.  74.  77.  77.  80.  81.  83.  85.  85.  90.
  92.  97.][-100.  -99.  -98.  -97.  -95.  -95.  -95.  -94.  -94.  -90.  -87.  -83.
  -82.  -79.  -77.  -74.  -74.  -72.  -70.  -69.  -68.  -68.  -66.  -66.
  -65.  -61.  -60.  -58.  -51.  -44.  -43.  -42.  -39.  -39.  -38.  -36.
  -35.  -33.  -33.  -32.  -30.  -28.  -24.  -23.  -22.  -18.  -18.  -17.
  -16.  -15.  -15.  -11.   -9.   -9.   -2.    6.    6.    9.   13.   14.
   14.   18.   24.   26.   30.   38.   39.   40.   41.   41.   42.   45.
   46.   49.   50.   52.   56.   56.   57.   57.   59.   61.   62.   62.
   62.   68.   72.   73.   73.   73.   78.   80.   83.   85.   88.   89.
   89.   94.   97.   99.][-100. -100. -100.  -98.  -93.  -92.  -92.  -92.  -85.  -84.  -81.  -80.
  -78.  -78.  -78.  -73.  -71.  -69.  -61.  -60.  -58.  -57.  -56.  -49.
  -45.  -45.  -44.  -43.  -43.  -41.  -41.  -40.  -39.  -38.  -33.  -28.
  -27.  -27.  -26.  -26.  -23.  -18.  -13.  -10.  -10.  -10.    0.    5.
    5.   10.   11.   12.   13.   14.   18.   19.   19.   21.   22.   23.
   28.   28.   31.   32.   33.   35.   38.   40.   41.   41.   46.   49.
   50.   52.   57.   59.   59.   62.   62.   64.   67.   69.   73.   74.
   77.   78.   82.   83.   87.   88.   91.   91.   92.   92.   93.   93.
   94.   96.   99.  100.][-99. -98. -97. -97. -96. -94. -90. -88. -85. -83. -83. -82. -81. -79.
 -78. -75. -72. -71. -70. -69. -65. -62. -47. -47. -46. -43. -37. -36.
 -36. -36. -35. -33. -27. -17. -16. -15. -15. -14. -13. -13. -12. -12.
 -11. -10.  -6.  -5.  -3.   0.   3.   5.   8.   9.  12.  12.  12.  16.
  17.  17.  17.  18.  22.  25.  26.  28.  28.  30.  34.  40.  40.  40.
  40.  40.  43.  43.  48.  52.  53.  54.  54.  55.  56.  58.  59.  59.
  62.  63.  67.  71.  71.  71.  76.  76.  77.  78.  84.  89.  91.  97.
  97.  98.][-100. -100.  -99.  -98.  -98.  -98.  -91.  -87.  -85.  -82.  -81.  -78.
  -75.  -70.  -69.  -63.  -62.  -61.  -61.  -60.  -60.  -56.  -52.  -52.
  -51.  -50.  -48.  -46.  -44.  -41.  -39.  -36.  -34.  -34.  -32.  -30.
  -29.  -18.  -16.  -16.  -11.  -10.  -10.   -9.   -5.   -5.   -4.    0.
    1.    2.    5.    6.    7.    9.   10.   10.   17.   18.   18.   20.
   21.   22.   27.   30.   31.   32.   33.   34.   36.   36.   39.   42.
   42.   44.   46.   46.   46.   49.   49.   51.   53.   54.   55.   57.
   63.   64.   66.   67.   70.   75.   76.   77.   77.   82.   84.   89.
   94.   96.   97.   98.][-99. -93. -92. -90. -90. -89. -85. -83. -76. -76. -75. -73. -70. -69.
 -69. -66. -65. -59. -58. -56. -53. -43. -39. -38. -33. -31. -30. -27.
 -27. -26. -25. -20. -18. -18. -15. -11. -10.  -9.  -7.  -5.  -5.  -4.
  -3.  -3.  -2.   0.   1.   2.   4.   5.  12.  13.  14.  16.  16.  18.
  21.  21.  24.  29.  30.  31.  33.  35.  39.  40.  41.  41.  47.  47.
  52.  52.  52.  53.  55.  56.  57.  62.  62.  65.  68.  69.  70.  71.
  72.  77.  78.  80.  81.  82.  84.  86.  86.  87.  89.  90.  92.  92.
  95. 100.][-100.  -97.  -92.  -90.  -87.  -85.  -85.  -84.  -81.  -78.  -78.  -77.
  -77.  -70.  -70.  -69.  -67.  -66.  -63.  -62.  -62.  -60.  -60.  -59.
  -57.  -57.  -54.  -49.  -49.  -38.  -36.  -35.  -33.  -33.  -29.  -28.
  -28.  -25.  -24.  -23.  -17.  -15.  -15.  -14.  -11.  -11.  -10.   -8.
   -1.    3.    4.   11.   12.   12.   12.   14.   15.   21.   26.   30.
   33.   33.   33.   39.   43.   43.   47.   51.   51.   51.   54.   54.
   56.   57.   58.   58.   59.   61.   62.   62.   65.   65.   71.   71.
   71.   72.   76.   76.   77.   79.   79.   82.   83.   84.   86.   92.
   96.   97.   98.   98.][-94. -90. -90. -89. -87. -87. -84. -83. -82. -79. -75. -73. -70. -69.
 -67. -66. -65. -64. -64. -62. -61. -58. -57. -57. -50. -39. -39. -38.
 -37. -37. -32. -30. -28. -26. -22. -21. -21. -18. -15.  -7.  -5.  -4.
   0.   1.   3.   7.   9.  10.  12.  13.  13.  14.  16.  17.  21.  22.
  25.  27.  28.  29.  31.  33.  35.  37.  37.  38.  41.  42.  47.  48.
  48.  48.  55.  57.  60.  64.  69.  72.  72.  73.  73.  73.  75.  77.
  80.  81.  83.  86.  86.  87.  88.  89.  90.  90.  90.  94.  94.  95.
  96. 100.][-100.  -97.  -96.  -90.  -88.  -84.  -82.  -81.  -80.  -80.  -79.  -76.
  -72.  -72.  -69.  -69.  -63.  -61.  -58.  -55.  -55.  -53.  -50.  -46.
  -44.  -42.  -40.  -37.  -35.  -35.  -34.  -34.  -29.  -26.  -23.  -23.
  -23.  -14.  -10.   -8.   -7.   -1.    1.    6.    7.    7.   10.   12.
   14.   16.   18.   21.   22.   23.   23.   28.   30.   32.   33.   34.
   35.   37.   37.   38.   38.   39.   40.   42.   42.   43.   44.   46.
   49.   53.   55.   58.   65.   66.   66.   68.   68.   70.   71.   72.
   75.   76.   78.   80.   80.   80.   82.   82.   82.   84.   88.   89.
   95.   97.   97.  100.][-99. -98. -97. -94. -93. -92. -89. -88. -88. -84. -83. -72. -69. -69.
 -68. -65. -64. -63. -63. -61. -56. -55. -54. -52. -51. -49. -47. -47.
 -46. -45. -43. -43. -43. -42. -42. -42. -39. -38. -36. -34. -31. -30.
 -29. -22. -20. -19. -17. -15. -15. -14. -14. -13. -11.  -9.  -4.  -3.
  -2.   0.   0.   1.   8.   9.  10.  12.  13.  15.  18.  19.  20.  21.
  22.  22.  23.  36.  36.  37.  42.  42.  44.  46.  46.  46.  48.  48.
  54.  56.  59.  60.  61.  65.  68.  69.  70.  78.  85.  91.  92.  93.
  95. 100.][-100.  -99.  -97.  -95.  -94.  -94.  -93.  -93.  -92.  -91.  -88.  -81.
  -81.  -76.  -74.  -71.  -70.  -69.  -69.  -66.  -66.  -65.  -65.  -62.
  -61.  -59.  -58.  -58.  -57.  -53.  -53.  -52.  -52.  -48.  -47.  -42.
  -42.  -42.  -39.  -38.  -37.  -36.  -35.  -34.  -33.  -32.  -30.  -29.
  -27.  -27.  -25.  -25.  -25.  -13.   -8.   -8.   -7.   -6.   -3.   -2.
   -1.   -1.   -1.    3.    4.    6.    6.    8.    8.    9.   13.   13.
   14.   16.   18.   22.   24.   26.   26.   31.   40.   40.   47.   48.
   49.   51.   60.   68.   69.   71.   73.   79.   79.   81.   83.   84.
   90.   90.   93.  100.][-97. -97. -94. -93. -93. -91. -91. -90. -89. -88. -88. -86. -83. -82.
 -81. -81. -79. -77. -76. -73. -73. -72. -70. -68. -67. -66. -65. -61.
 -60. -59. -58. -49. -47. -46. -46. -44. -39. -37. -37. -35. -35. -28.
 -27. -27. -24. -21. -18. -16. -14. -11.  -7.  -3.  -1.   1.   7.  18.
  21.  24.  24.  25.  25.  26.  28.  28.  29.  29.  30.  32.  33.  38.
  38.  42.  45.  46.  46.  48.  51.  52.  57.  58.  58.  58.  58.  59.
  60.  67.  67.  69.  72.  72.  74.  74.  78.  80.  85.  88.  89.  90.
 100. 100.][-100.  -99.  -95.  -93.  -92.  -89.  -89.  -86.  -80.  -80.  -79.  -77.
  -77.  -72.  -68.  -67.  -65.  -65.  -64.  -62.  -61.  -61.  -60.  -57.
  -54.  -53.  -53.  -47.  -46.  -42.  -39.  -32.  -32.  -31.  -28.  -28.
  -26.  -22.  -19.  -18.  -18.  -16.  -15.   -9.   -9.   -8.   -6.   -4.
    1.    3.    3.    5.    8.    9.    9.    9.   11.   19.   23.   25.
   26.   26.   28.   29.   34.   39.   40.   40.   41.   41.   42.   46.
   52.   53.   54.   54.   56.   57.   58.   59.   59.   67.   69.   70.
   73.   76.   76.   78.   79.   84.   87.   88.   88.   89.   91.   92.
   93.   93.   97.   97.][-99. -99. -96. -96. -95. -89. -87. -84. -84. -78. -78. -76. -76. -65.
 -60. -60. -57. -56. -55. -52. -51. -50. -48. -43. -42. -37. -36. -34.
 -32. -30. -26. -22. -22. -22. -21. -20. -19. -13. -11.  -6.  -5.  -4.
  -3.  -2.   4.   8.  11.  11.  12.  12.  15.  15.  17.  19.  20.  20.
  20.  22.  22.  25.  25.  27.  29.  30.  30.  31.  33.  35.  36.  36.
  38.  40.  42.  44.  46.  48.  50.  56.  57.  58.  62.  64.  66.  66.
  67.  69.  70.  73.  73.  75.  77.  77.  82.  86.  88.  89.  90.  94.
  95.  98.][-96. -96. -95. -87. -85. -83. -81. -75. -75. -74. -73. -71. -66. -65.
 -64. -64. -64. -62. -60. -60. -56. -54. -52. -52. -51. -47. -46. -43.
 -43. -42. -41. -37. -36. -36. -32. -32. -28. -20. -16. -16. -13.  -9.
  -5.  -4.  -4.  -2.   0.   3.  12.  15.  18.  18.  18.  18.  19.  20.
  21.  22.  24.  24.  29.  29.  29.  30.  30.  33.  34.  34.  34.  35.
  38.  38.  39.  40.  47.  47.  52.  54.  55.  56.  60.  62.  63.  65.
  65.  66.  71.  74.  77.  83.  84.  84.  86.  87.  91.  92.  93.  93.
  96.  99.][-100.  -98.  -97.  -96.  -96.  -93.  -89.  -86.  -82.  -82.  -81.  -79.
  -79.  -75.  -75.  -75.  -73.  -72.  -69.  -69.  -68.  -67.  -65.  -65.
  -64.  -64.  -63.  -61.  -61.  -59.  -57.  -54.  -53.  -52.  -50.  -45.
  -43.  -43.  -42.  -41.  -39.  -34.  -34.  -32.  -30.  -30.  -29.  -28.
  -27.  -26.  -22.  -16.  -14.  -13.  -11.   -8.   -7.   -6.   -4.   -2.
   -2.    0.    3.    3.    3.    6.    8.   12.   15.   15.   20.   23.
   26.   28.   30.   31.   36.   41.   42.   48.   58.   60.   61.   65.
   66.   67.   67.   71.   71.   77.   81.   81.   83.   87.   88.   88.
   89.   94.   97.   98.][-100.  -99.  -97.  -97.  -97.  -95.  -94.  -92.  -90.  -86.  -84.  -82.
  -79.  -78.  -76.  -76.  -74.  -70.  -68.  -62.  -49.  -48.  -47.  -47.
  -44.  -44.  -36.  -32.  -28.  -25.  -23.  -21.  -20.  -19.  -19.  -18.
  -14.  -12.  -10.   -9.   -7.   -4.    0.    0.    2.    4.    9.    9.
   12.   15.   20.   20.   20.   22.   24.   24.   25.   30.   33.   35.
   40.   41.   42.   43.   45.   46.   46.   46.   47.   49.   49.   50.
   52.   52.   53.   54.   54.   57.   59.   61.   63.   63.   69.   70.
   71.   73.   73.   75.   75.   77.   79.   80.   82.   84.   86.   94.
   98.   98.   99.  100.][-100.  -99.  -99.  -99.  -96.  -96.  -96.  -94.  -91.  -89.  -88.  -87.
  -86.  -83.  -83.  -82.  -80.  -79.  -79.  -76.  -75.  -73.  -71.  -70.
  -69.  -67.  -65.  -64.  -64.  -63.  -63.  -61.  -51.  -50.  -49.  -46.
  -44.  -35.  -34.  -29.  -28.  -27.  -24.  -24.  -23.  -20.  -19.  -14.
   -9.   -6.   -4.   -3.    3.    3.    7.    8.    9.    9.   10.   10.
   10.   11.   17.   17.   17.   18.   22.   23.   36.   36.   38.   40.
   40.   49.   49.   53.   53.   53.   55.   57.   58.   58.   60.   64.
   67.   69.   70.   73.   73.   74.   83.   84.   85.   88.   88.   91.
   93.   94.   97.  100.][-100.  -99.  -99.  -98.  -95.  -95.  -94.  -94.  -93.  -92.  -91.  -91.
  -88.  -84.  -84.  -83.  -83.  -82.  -77.  -74.  -74.  -69.  -68.  -62.
  -62.  -60.  -56.  -55.  -52.  -49.  -40.  -40.  -39.  -35.  -35.  -34.
  -33.  -28.  -26.  -26.  -25.  -23.  -22.  -21.  -19.  -18.  -16.  -11.
  -10.   -9.   -4.   -1.   -1.    0.    2.    5.   10.   12.   18.   19.
   21.   23.   24.   26.   30.   31.   33.   33.   34.   36.   39.   40.
   40.   44.   45.   47.   53.   54.   55.   56.   61.   62.   62.   67.
   70.   70.   70.   71.   74.   75.   75.   79.   83.   83.   84.   84.
   87.   94.   95.   97.][-100. -100.  -95.  -95.  -93.  -87.  -87.  -86.  -85.  -84.  -84.  -83.
  -80.  -80.  -77.  -77.  -77.  -76.  -72.  -70.  -67.  -66.  -64.  -59.
  -58.  -56.  -54.  -50.  -44.  -42.  -40.  -32.  -26.  -25.  -23.  -18.
  -16.  -14.  -14.  -13.  -13.  -10.   -9.   -5.   -3.    1.    1.    4.
    5.    7.    8.   10.   11.   11.   12.   13.   13.   15.   16.   17.
   22.   25.   27.   29.   31.   34.   35.   39.   47.   53.   54.   61.
   65.   68.   71.   74.   74.   77.   79.   79.   81.   81.   82.   82.
   84.   84.   85.   85.   86.   90.   90.   91.   92.   94.   94.   95.
   95.   96.   97.  100.][-100. -100.  -96.  -96.  -96.  -96.  -94.  -94.  -93.  -92.  -92.  -91.
  -87.  -85.  -85.  -85.  -83.  -83.  -83.  -80.  -74.  -73.  -65.  -63.
  -61.  -55.  -49.  -48.  -45.  -43.  -42.  -38.  -33.  -30.  -29.  -27.
  -26.  -22.  -18.  -12.   -5.    3.    3.    4.    4.    4.   11.   14.
   14.   17.   18.   19.   24.   26.   26.   26.   29.   29.   31.   32.
   32.   34.   35.   35.   35.   37.   38.   39.   44.   45.   48.   50.
   52.   53.   53.   55.   55.   56.   57.   59.   59.   62.   63.   68.
   72.   72.   72.   73.   77.   78.   79.   80.   83.   84.   87.   90.
   92.   95.   98.  100.][-98. -95. -95. -94. -90. -87. -85. -81. -78. -78. -76. -71. -70. -68.
 -64. -62. -62. -60. -59. -59. -57. -56. -55. -55. -53. -52. -46. -45.
 -45. -43. -43. -43. -41. -41. -40. -37. -34. -27. -19. -19. -19. -18.
 -15. -13.  -5.  -2.   1.   6.   8.   9.  10.  11.  13.  13.  14.  18.
  18.  19.  22.  26.  27.  28.  29.  32.  34.  37.  38.  38.  39.  39.
  40.  42.  43.  46.  49.  50.  50.  54.  58.  62.  63.  63.  65.  67.
  71.  74.  75.  76.  76.  78.  79.  80.  81.  88.  88.  91.  92.  95.
  98.  99.][-99. -98. -98. -97. -97. -96. -96. -92. -92. -91. -90. -89. -88. -87.
 -86. -84. -82. -77. -71. -68. -63. -61. -60. -60. -57. -54. -52. -49.
 -47. -44. -38. -33. -28. -28. -26. -21. -19. -18. -17. -17. -14. -13.
 -10.  -8.  -6.  -4.   1.   1.   3.   6.   9.   9.  11.  13.  15.  18.
  24.  29.  35.  37.  38.  39.  39.  41.  41.  41.  46.  47.  48.  52.
  53.  55.  58.  62.  64.  65.  65.  68.  69.  69.  72.  72.  73.  73.
  75.  77.  78.  82.  84.  86.  86.  87.  87.  88.  89.  92.  95.  97.
  99. 100.][-100. -100. -100.  -96.  -95.  -89.  -88.  -87.  -85.  -83.  -82.  -82.
  -78.  -77.  -75.  -73.  -73.  -72.  -67.  -67.  -65.  -64.  -61.  -56.
  -56.  -52.  -51.  -50.  -45.  -44.  -44.  -43.  -39.  -36.  -34.  -33.
  -29.  -29.  -27.  -26.  -26.  -25.  -21.  -14.  -10.  -10.   -7.    1.
    2.    2.    2.    6.    7.    7.    7.    8.    8.    8.   11.   13.
   13.   16.   17.   17.   18.   21.   23.   25.   25.   28.   28.   28.
   38.   42.   42.   43.   48.   51.   58.   59.   59.   60.   61.   64.
   67.   69.   71.   73.   73.   74.   76.   77.   80.   86.   89.   89.
   90.   91.   93.   99.][-95. -93. -91. -86. -85. -83. -83. -81. -81. -81. -80. -78. -75. -75.
 -74. -73. -73. -68. -65. -65. -65. -63. -62. -62. -61. -57. -55. -53.
 -46. -45. -38. -36. -35. -30. -29. -29. -23. -23. -19. -19. -16. -13.
 -10.  -8.  -6.  -5.  -4.   3.  11.  11.  13.  13.  14.  19.  20.  20.
  20.  22.  24.  25.  25.  25.  28.  28.  30.  31.  33.  34.  41.  44.
  52.  53.  59.  59.  60.  63.  67.  69.  69.  69.  71.  72.  76.  77.
  78.  80.  82.  83.  84.  85.  85.  86.  88.  90.  90.  91.  92.  94.
  94.  96.][-99. -98. -98. -93. -93. -90. -90. -90. -86. -82. -82. -79. -75. -74.
 -74. -72. -72. -71. -68. -60. -60. -57. -56. -55. -49. -48. -43. -42.
 -35. -35. -27. -25. -25. -24. -23. -21. -18. -15. -13. -13. -13. -12.
 -12. -12. -10.  -8.  -5.  -3.  -2.  -1.  -1.   4.   7.   9.   9.   9.
  11.  12.  13.  13.  14.  16.  17.  22.  22.  24.  26.  34.  38.  41.
  45.  48.  51.  54.  56.  57.  61.  62.  63.  64.  70.  70.  74.  82.
  82.  83.  85.  85.  85.  85.  88.  89.  90.  92.  94.  96.  98.  98.
  99. 100.][-98. -98. -95. -91. -89. -86. -81. -81. -77. -76. -75. -74. -71. -65.
 -65. -64. -63. -63. -62. -60. -60. -58. -57. -56. -56. -54. -53. -52.
 -52. -49. -48. -47. -43. -35. -31. -31. -30. -29. -29. -28. -28. -28.
 -27. -15. -12.  -7.  -4.  -4.  -3.  -1.  -1.  -1.   5.   7.  11.  13.
  13.  19.  22.  24.  26.  27.  29.  32.  33.  37.  42.  45.  45.  46.
  46.  46.  47.  49.  52.  52.  61.  62.  64.  66.  66.  70.  71.  71.
  72.  72.  72.  73.  74.  75.  84.  87.  89.  89.  91.  92.  94.  94.
  96.  98.][-100.  -97.  -96.  -93.  -90.  -85.  -85.  -82.  -81.  -80.  -78.  -76.
  -75.  -74.  -73.  -72.  -68.  -67.  -67.  -66.  -65.  -60.  -60.  -59.
  -59.  -54.  -53.  -46.  -44.  -42.  -40.  -39.  -39.  -37.  -33.  -32.
  -29.  -28.  -27.  -25.  -22.  -17.  -17.  -16.  -15.  -15.  -14.  -10.
   -8.   -5.   -3.    0.    7.    9.   11.   12.   20.   24.   25.   25.
   28.   37.   43.   44.   51.   51.   52.   53.   56.   56.   58.   59.
   63.   64.   66.   67.   72.   75.   77.   77.   77.   79.   79.   80.
   81.   81.   82.   85.   86.   87.   89.   89.   89.   92.   94.   94.
   94.   95.   96.   98.][-98. -97. -94. -92. -85. -84. -82. -81. -81. -75. -74. -72. -72. -71.
 -70. -68. -66. -62. -60. -58. -57. -50. -50. -49. -44. -43. -42. -40.
 -38. -35. -34. -32. -31. -29. -27. -25. -24. -23. -20. -19. -19. -18.
 -16. -16. -13. -11.  -8.  -8.  -5.  -3.  -2.  -1.   0.   3.   6.   8.
   8.  11.  17.  19.  19.  20.  20.  23.  25.  26.  33.  34.  38.  39.
  41.  42.  44.  49.  51.  52.  54.  57.  58.  64.  65.  67.  67.  67.
  67.  68.  69.  71.  72.  76.  77.  78.  80.  82.  85.  87.  92.  98.
 100. 100.][-99. -98. -96. -94. -94. -91. -88. -88. -88. -85. -83. -80. -77. -76.
 -75. -68. -64. -62. -60. -58. -51. -49. -48. -43. -42. -42. -42. -41.
 -39. -35. -33. -26. -23. -23. -22. -22. -21. -20. -18. -13. -11.  -9.
  -9.  -5.  -4.  -4.   6.   9.  11.  15.  16.  19.  20.  21.  21.  22.
  23.  26.  27.  29.  31.  32.  34.  35.  35.  39.  40.  41.  42.  44.
  45.  49.  49.  52.  54.  57.  60.  62.  65.  66.  66.  66.  68.  68.
  69.  70.  72.  76.  79.  79.  81.  82.  82.  83.  89.  92.  94.  95.
  95.  98.][-99. -97. -96. -93. -91. -91. -91. -90. -87. -87. -86. -85. -83. -83.
 -81. -80. -80. -76. -72. -71. -69. -66. -64. -61. -54. -53. -53. -51.
 -50. -41. -37. -31. -29. -27. -24. -24. -23. -21. -20. -19. -19. -17.
 -16. -15. -14. -14. -14. -14.  -9.  -9.  -8.   1.   1.   4.   5.   8.
  10.  15.  19.  22.  27.  28.  28.  29.  31.  32.  35.  37.  38.  41.
  43.  49.  49.  50.  51.  53.  54.  55.  59.  63.  69.  70.  72.  73.
  74.  74.  79.  81.  81.  85.  86.  86.  88.  89.  90.  90.  91.  92.
  97.  99.][-100.  -99.  -95.  -95.  -90.  -88.  -82.  -82.  -80.  -79.  -76.  -76.
  -69.  -65.  -64.  -63.  -62.  -62.  -61.  -59.  -54.  -53.  -50.  -48.
  -47.  -46.  -44.  -44.  -43.  -42.  -36.  -33.  -32.  -29.  -28.  -27.
  -24.  -23.  -23.  -22.  -20.  -20.  -16.  -13.  -12.  -12.  -10.  -10.
   -9.   -3.   -1.    5.    5.    5.   10.   11.   11.   11.   12.   18.
   19.   26.   28.   29.   33.   38.   39.   42.   43.   43.   44.   44.
   48.   50.   51.   59.   61.   61.   62.   62.   67.   68.   71.   72.
   73.   74.   78.   82.   85.   88.   88.   90.   92.   93.   93.   94.
   97.   97.   99.  100.][-99. -96. -94. -93. -93. -87. -86. -82. -82. -74. -74. -74. -73. -67.
 -67. -65. -64. -59. -58. -57. -54. -53. -53. -48. -45. -45. -44. -44.
 -44. -41. -40. -39. -39. -33. -31. -30. -24. -24. -24. -23. -22. -21.
 -20. -19. -16. -13.  -9.  -3.  -3.  -3.  -1.   0.   2.   4.   5.   8.
   9.  10.  14.  14.  15.  17.  18.  19.  22.  23.  24.  33.  35.  39.
  44.  45.  45.  53.  53.  55.  57.  58.  59.  61.  66.  68.  69.  69.
  70.  71.  72.  74.  75.  80.  85.  88.  88.  89.  90.  92.  96.  97.
  98.  99.][-99. -97. -97. -95. -95. -92. -92. -91. -88. -88. -88. -84. -80. -77.
 -75. -71. -69. -69. -66. -64. -59. -58. -55. -55. -53. -52. -49. -48.
 -45. -43. -41. -37. -36. -36. -33. -26. -24. -23. -23. -21. -21. -20.
 -18. -16. -15. -11.  -9.  -8.   0.   3.   5.   6.   9.  10.  10.  10.
  11.  11.  12.  15.  18.  21.  21.  21.  28.  30.  34.  34.  36.  38.
  40.  41.  42.  43.  48.  49.  50.  54.  56.  57.  58.  58.  59.  60.
  62.  64.  65.  70.  72.  75.  82.  83.  85.  90.  91.  94.  94.  95.
  95.  97.][-100.  -95.  -93.  -92.  -92.  -90.  -88.  -88.  -86.  -86.  -85.  -85.
  -84.  -83.  -82.  -82.  -80.  -71.  -70.  -69.  -65.  -64.  -62.  -61.
  -57.  -56.  -54.  -53.  -50.  -44.  -42.  -40.  -38.  -37.  -37.  -36.
  -36.  -35.  -29.  -28.  -27.  -26.  -23.  -22.  -21.  -19.  -17.  -16.
  -12.   -9.   -7.   -2.   -1.   -1.    0.    5.    7.    7.    8.   17.
   18.   21.   25.   27.   32.   32.   35.   36.   38.   38.   38.   39.
   40.   44.   45.   48.   50.   57.   60.   64.   66.   68.   70.   71.
   71.   72.   75.   77.   79.   79.   81.   82.   83.   84.   85.   85.
   87.   89.   91.   95.][-98. -95. -93. -91. -91. -80. -78. -76. -70. -67. -67. -67. -67. -66.
 -64. -63. -61. -60. -60. -59. -57. -55. -53. -52. -51. -48. -48. -48.
 -47. -46. -42. -41. -41. -41. -40. -39. -37. -36. -32. -29. -29. -25.
 -24. -22. -22. -18. -17. -17. -16.  -6.  -4.  -2.   2.   2.   6.   9.
  11.  12.  17.  23.  24.  24.  30.  33.  36.  39.  40.  40.  41.  43.
  43.  45.  45.  47.  49.  50.  52.  54.  55.  56.  58.  59.  60.  62.
  63.  64.  72.  76.  78.  78.  78.  80.  81.  81.  87.  87.  94.  95.
  96. 100.][-97. -97. -96. -96. -95. -94. -86. -82. -80. -79. -79. -74. -69. -68.
 -67. -65. -65. -63. -63. -61. -60. -60. -59. -56. -51. -48. -48. -47.
 -42. -33. -32. -27. -23. -19. -18. -16. -13. -13. -11.  -8.  -6.   1.
   1.   5.   6.  10.  10.  10.  11.  11.  14.  15.  15.  15.  16.  18.
  18.  19.  21.  21.  24.  25.  27.  28.  29.  32.  35.  37.  38.  47.
  48.  50.  53.  59.  60.  61.  62.  63.  64.  65.  66.  68.  69.  73.
  74.  74.  76.  81.  82.  82.  83.  85.  87.  87.  90.  93.  97.  99.
  99. 100.][-97. -96. -92. -87. -87. -86. -86. -83. -83. -82. -75. -73. -72. -71.
 -64. -61. -60. -60. -60. -59. -58. -58. -56. -55. -50. -47. -45. -45.
 -40. -40. -35. -35. -31. -29. -24. -24. -24. -22. -21. -19. -19. -16.
  -8.  -2.   0.   0.   4.   5.   5.   5.   6.   7.  10.  12.  16.  17.
  21.  21.  23.  24.  30.  31.  31.  34.  36.  37.  37.  38.  39.  39.
  41.  45.  46.  49.  49.  50.  54.  55.  57.  57.  57.  57.  60.  61.
  65.  69.  72.  72.  76.  77.  82.  83.  86.  89.  90.  91.  94.  95.
  96.  96.][-99. -97. -96. -96. -89. -87. -87. -87. -82. -76. -67. -63. -62. -59.
 -56. -55. -55. -52. -52. -50. -49. -48. -47. -47. -45. -43. -39. -38.
 -37. -36. -35. -34. -32. -32. -31. -30. -23. -23. -19. -19. -18. -17.
 -12. -12. -11. -11. -10.  -9.  -1.   1.   1.   2.   6.   6.   7.   7.
   8.  13.  13.  14.  21.  22.  24.  26.  27.  28.  29.  32.  33.  34.
  35.  37.  39.  42.  43.  47.  53.  61.  62.  63.  64.  64.  67.  70.
  71.  72.  74.  75.  75.  76.  78.  80.  82.  83.  85.  89.  93.  97.
  98.  98.][-97. -96. -94. -94. -94. -91. -86. -86. -85. -84. -81. -75. -75. -72.
 -71. -70. -64. -63. -62. -58. -57. -57. -54. -53. -52. -49. -48. -48.
 -47. -41. -40. -39. -35. -35. -35. -33. -32. -30. -24. -23. -22. -21.
 -17. -17. -16. -15. -12. -12.  -6.  -5.   2.   2.   3.   5.   5.   6.
   8.   9.   9.  12.  12.  14.  16.  16.  17.  21.  28.  29.  31.  35.
  35.  40.  41.  41.  42.  50.  51.  52.  52.  56.  57.  65.  65.  68.
  69.  72.  74.  78.  79.  84.  86.  89.  90.  91.  91.  92.  92.  92.
  96.  97.][-100.  -95.  -94.  -85.  -83.  -81.  -79.  -77.  -73.  -69.  -68.  -65.
  -63.  -63.  -61.  -57.  -53.  -49.  -48.  -46.  -45.  -42.  -39.  -38.
  -37.  -34.  -29.  -28.  -28.  -27.  -27.  -24.  -23.  -21.  -21.  -21.
  -17.  -12.  -12.  -10.   -6.   -5.   -5.   -2.   -2.   -1.    0.    3.
    6.    7.    9.    9.    9.   12.   13.   13.   14.   16.   17.   21.
   24.   25.   26.   31.   33.   34.   35.   37.   43.   44.   47.   48.
   48.   55.   55.   59.   59.   61.   62.   62.   66.   66.   67.   67.
   69.   71.   72.   74.   75.   78.   78.   79.   79.   81.   84.   90.
   97.   98.   99.  100.][-98. -97. -97. -88. -87. -86. -84. -83. -82. -82. -82. -79. -78. -77.
 -74. -69. -67. -63. -62. -62. -60. -60. -60. -58. -57. -48. -44. -42.
 -42. -38. -35. -29. -25. -23. -16. -14.  -8.  -7.  -7.  -6.  -3.  -1.
  -1.  -1.   0.   2.   3.   4.   8.   8.   9.  11.  13.  16.  18.  19.
  20.  21.  24.  25.  27.  27.  29.  29.  30.  31.  36.  36.  39.  39.
  40.  41.  42.  42.  43.  45.  47.  53.  54.  59.  62.  62.  64.  65.
  66.  66.  67.  73.  73.  76.  79.  80.  87.  89.  92.  94.  94.  96.
  98. 100.][-96. -95. -93. -92. -91. -89. -86. -85. -84. -82. -80. -79. -78. -77.
 -77. -76. -74. -72. -72. -72. -65. -63. -57. -57. -55. -54. -52. -51.
 -46. -46. -45. -44. -42. -40. -39. -38. -36. -33. -32. -27. -22. -19.
 -17. -15. -13. -11. -11. -10. -10.  -7.  -3.  -1.   2.   3.   5.   5.
   7.   7.   8.  14.  17.  18.  21.  22.  22.  22.  22.  30.  31.  31.
  36.  39.  43.  49.  50.  52.  57.  57.  60.  60.  62.  63.  65.  66.
  66.  70.  72.  73.  74.  75.  81.  82.  82.  82.  86.  88.  91.  93.
  96.  98.][-100.  -99.  -96.  -95.  -95.  -93.  -93.  -91.  -87.  -86.  -82.  -81.
  -81.  -81.  -77.  -77.  -76.  -76.  -75.  -75.  -74.  -67.  -67.  -66.
  -64.  -62.  -60.  -59.  -58.  -56.  -54.  -54.  -51.  -50.  -48.  -45.
  -42.  -40.  -39.  -34.  -33.  -31.  -30.  -21.  -20.  -18.  -16.  -16.
  -15.   -8.   -7.   -6.   -5.   -2.    0.    5.    9.   11.   13.   14.
   15.   18.   19.   21.   21.   26.   27.   30.   30.   32.   40.   40.
   42.   43.   45.   46.   47.   49.   50.   54.   55.   56.   57.   59.
   59.   62.   66.   66.   67.   68.   68.   77.   82.   86.   89.   91.
   95.   96.   98.  100.][-96. -96. -95. -90. -84. -81. -74. -70. -69. -66. -66. -64. -58. -54.
 -53. -51. -46. -42. -39. -38. -37. -37. -33. -32. -31. -31. -30. -26.
 -24. -23. -22. -22. -19. -18. -18. -18. -14. -12. -10.  -8.  -8.  -5.
   6.   7.  11.  12.  12.  15.  16.  19.  19.  21.  22.  25.  26.  33.
  34.  36.  38.  43.  43.  43.  43.  46.  46.  47.  49.  51.  52.  55.
  55.  58.  60.  61.  61.  62.  62.  63.  66.  66.  69.  70.  72.  73.
  73.  76.  76.  82.  84.  84.  91.  91.  92.  92.  93.  94.  95.  97.
  99.  99.][-98. -94. -93. -93. -91. -90. -88. -85. -83. -79. -75. -70. -69. -66.
 -65. -65. -60. -56. -54. -52. -51. -50. -48. -42. -42. -40. -35. -34.
 -33. -33. -32. -27. -23. -23. -23. -22. -22. -21. -18. -16. -15. -15.
 -11.  -7.  -6.   0.   2.   3.   3.   4.   5.   7.  10.  13.  15.  20.
  20.  26.  26.  31.  31.  35.  37.  42.  42.  43.  46.  47.  48.  49.
  51.  60.  60.  62.  62.  62.  63.  63.  64.  68.  75.  76.  80.  82.
  83.  84.  84.  84.  85.  85.  87.  87.  89.  94.  96.  97.  97.  97.
  98.  99.][-100.  -98.  -95.  -93.  -92.  -90.  -89.  -89.  -88.  -87.  -86.  -83.
  -82.  -80.  -80.  -80.  -79.  -78.  -77.  -75.  -71.  -71.  -70.  -69.
  -64.  -61.  -59.  -59.  -57.  -56.  -52.  -45.  -42.  -37.  -35.  -32.
  -30.  -30.  -30.  -28.  -27.  -22.  -19.  -16.  -13.  -13.  -10.   -9.
   -8.   -6.   -3.    0.    3.    5.    9.    9.    9.   12.   12.   14.
   14.   16.   18.   19.   20.   20.   22.   23.   25.   28.   28.   30.
   34.   37.   39.   39.   40.   41.   41.   42.   55.   56.   57.   60.
   65.   65.   65.   66.   69.   70.   74.   74.   83.   90.   91.   91.
   92.   94.   95.   99.][-100.  -97.  -96.  -93.  -92.  -88.  -87.  -86.  -85.  -84.  -84.  -83.
  -82.  -79.  -76.  -75.  -74.  -73.  -68.  -68.  -66.  -63.  -61.  -61.
  -59.  -57.  -52.  -50.  -48.  -46.  -46.  -39.  -39.  -38.  -36.  -31.
  -30.  -27.  -25.  -22.  -20.  -20.  -15.  -14.  -13.  -11.   -9.   -2.
    0.    3.    3.    4.    4.    8.    9.   11.   15.   16.   18.   18.
   19.   19.   20.   20.   22.   26.   28.   30.   39.   39.   40.   41.
   41.   41.   43.   44.   48.   49.   52.   53.   53.   56.   57.   59.
   61.   64.   65.   71.   71.   79.   82.   84.   88.   96.   96.   97.
   97.  100.  100.  100.][-99. -98. -97. -97. -93. -89. -85. -85. -84. -82. -81. -77. -75. -75.
 -75. -73. -69. -65. -59. -57. -51. -51. -46. -44. -43. -38. -37. -35.
 -34. -33. -32. -32. -30. -30. -29. -29. -22. -12. -11.  -9.  -8.  -7.
  -6.  -5.  -5.  -2.  -2.   1.   4.   4.   4.   8.  11.  14.  15.  15.
  15.  19.  22.  23.  23.  26.  28.  32.  33.  36.  37.  38.  41.  45.
  46.  49.  51.  54.  54.  56.  57.  59.  61.  61.  67.  70.  71.  75.
  75.  76.  77.  79.  80.  85.  89.  90.  91.  92.  92.  93.  95.  96.
  98.  99.][-100.  -97.  -94.  -89.  -85.  -79.  -76.  -75.  -75.  -74.  -73.  -70.
  -63.  -63.  -59.  -56.  -56.  -55.  -54.  -49.  -49.  -46.  -40.  -40.
  -39.  -39.  -38.  -33.  -33.  -31.  -30.  -27.  -23.  -22.  -20.  -20.
  -16.  -16.  -15.  -13.  -13.  -10.   -9.   -7.   -7.   -6.   -5.   -3.
    1.    1.    6.    8.   11.   13.   15.   15.   16.   17.   22.   23.
   24.   25.   28.   29.   31.   31.   33.   34.   36.   39.   40.   47.
   50.   56.   57.   62.   64.   64.   65.   66.   67.   70.   75.   79.
   80.   81.   83.   83.   85.   86.   88.   89.   90.   91.   92.   92.
   98.   98.   98.   99.][-97. -94. -93. -91. -88. -84. -84. -81. -79. -70. -69. -67. -65. -64.
 -61. -61. -55. -54. -53. -51. -49. -49. -45. -45. -33. -28. -27. -22.
 -18. -15. -14. -11. -10.  -9.  -8.  -6.  -3.   2.   4.   5.   6.   6.
   6.   7.   8.   9.  12.  13.  15.  15.  16.  16.  16.  17.  18.  20.
  21.  26.  31.  31.  32.  34.  35.  35.  39.  39.  40.  41.  43.  45.
  48.  49.  50.  53.  54.  54.  55.  55.  60.  61.  61.  61.  64.  75.
  76.  76.  79.  84.  86.  87.  88.  89.  90.  91.  93.  93.  93.  93.
  96.  97.][-100.  -98.  -98.  -96.  -94.  -94.  -89.  -88.  -86.  -79.  -78.  -71.
  -70.  -67.  -66.  -66.  -66.  -63.  -60.  -57.  -54.  -53.  -52.  -51.
  -49.  -47.  -46.  -45.  -43.  -39.  -38.  -36.  -35.  -33.  -28.  -26.
  -25.  -21.  -21.  -18.  -16.  -15.  -14.  -13.  -11.   -7.   -6.   -6.
   -2.   -1.    0.    0.    1.    2.    5.    8.   10.   17.   18.   18.
   21.   22.   24.   27.   27.   28.   29.   30.   34.   34.   38.   39.
   43.   48.   53.   53.   56.   59.   61.   63.   67.   68.   69.   70.
   71.   72.   75.   75.   76.   81.   82.   83.   86.   87.   93.   93.
   94.   99.  100.  100.][-93. -91. -90. -88. -84. -84. -80. -72. -71. -70. -69. -61. -60. -57.
 -53. -52. -52. -50. -49. -46. -45. -44. -40. -39. -39. -38. -38. -37.
 -36. -35. -32. -30. -30. -30. -30. -28. -28. -21. -19. -18. -16. -16.
 -15. -14.   0.   1.   6.  12.  13.  14.  14.  15.  15.  16.  16.  21.
  21.  21.  27.  27.  29.  30.  30.  31.  31.  33.  34.  40.  40.  46.
  47.  48.  50.  50.  57.  57.  61.  62.  62.  66.  67.  69.  69.  75.
  76.  79.  85.  86.  88.  91.  94.  94.  96.  98.  98.  98.  99.  99.
 100. 100.]