[-97. -95. -92. -90. -88. -87. -82. -82. -80. -70. -70. -67. -67. -65.
 -64. -57. -56. -56. -56. -55. -55. -52. -47. -46. -44. -42. -34. -33.
 -33. -31. -27. -19. -18. -14. -14. -13. -13. -12. -11.  -9.  -8.  -4.
  -3.  -2.   1.   4.   4.   6.   8.  13.  17.  19.  21.  24.  25.  26.
  27.  27.  27.  29.  33.  34.  35.  36.  36.  36.  36.  36.  37.  39.
  39.  42.  43.  46.  46.  48.  52.  52.  53.  53.  56.  57.  59.  65.
  66.  67.  67.  70.  71.  73.  76.  77.  79.  84.  88.  89.  92.  92.
  95.  98.][-96. -92. -91. -89. -87. -79. -79. -78. -78. -74. -74. -74. -73. -69.
 -67. -67. -66. -62. -61. -60. -59. -58. -57. -55. -49. -48. -48. -46.
 -46. -43. -43. -40. -37. -37. -33. -32. -22. -17. -13. -10.  -9.  -4.
  -1.   0.   0.   0.   4.   7.  13.  18.  19.  19.  19.  23.  23.  24.
  24.  26.  28.  29.  29.  30.  31.  34.  40.  40.  44.  44.  44.  48.
  50.  52.  53.  56.  56.  56.  57.  57.  59.  59.  60.  63.  65.  67.
  69.  75.  78.  78.  79.  79.  81.  81.  83.  85.  90.  91.  92.  94.
  95.  96.][-99. -94. -91. -88. -83. -83. -82. -81. -76. -74. -66. -60. -54. -53.
 -52. -51. -51. -50. -49. -47. -46. -44. -43. -41. -41. -39. -39. -38.
 -35. -32. -31. -24. -24. -21. -16. -13. -12.  -7.  -5.  -2.   1.   2.
   5.   6.   7.   7.  13.  17.  17.  18.  22.  25.  26.  26.  28.  33.
  34.  36.  38.  39.  41.  41.  42.  45.  50.  50.  53.  54.  56.  57.
  58.  60.  60.  60.  64.  67.  67.  69.  70.  72.  74.  74.  75.  77.
  77.  77.  78.  78.  82.  82.  83.  83.  84.  84.  84.  84.  86.  89.
  96.  97.][-100.  -99.  -98.  -98.  -97.  -95.  -95.  -95.  -92.  -91.  -88.  -87.
  -87.  -85.  -83.  -80.  -76.  -75.  -70.  -68.  -67.  -64.  -62.  -60.
  -55.  -55.  -51.  -44.  -40.  -39.  -38.  -38.  -36.  -36.  -33.  -29.
  -25.  -25.  -24.  -21.  -14.  -11.   -9.   -9.   -8.   -6.   -4.   -2.
    1.    3.    4.    5.    8.    8.   13.   15.   15.   15.   19.   24.
   25.   27.   29.   31.   33.   35.   37.   43.   44.   46.   48.   48.
   49.   49.   51.   52.   54.   54.   61.   63.   64.   66.   71.   72.
   74.   76.   77.   78.   80.   86.   87.   88.   90.   91.   93.   93.
   93.   95.   96.   99.][-100.  -99.  -97.  -95.  -94.  -93.  -92.  -92.  -91.  -91.  -89.  -87.
  -86.  -85.  -78.  -71.  -69.  -68.  -66.  -66.  -65.  -64.  -62.  -49.
  -49.  -48.  -46.  -45.  -41.  -39.  -39.  -36.  -30.  -24.  -22.  -21.
  -21.  -20.  -16.  -16.  -14.  -13.  -12.  -12.  -11.  -10.  -10.   -8.
   -6.   -4.   -3.   -1.   -1.   -1.    3.    8.    8.   12.   14.   14.
   15.   24.   26.   26.   28.   31.   32.   33.   34.   34.   35.   36.
   37.   38.   39.   40.   50.   50.   50.   50.   55.   55.   56.   56.
   58.   58.   60.   64.   66.   71.   72.   75.   83.   84.   85.   88.
   89.   90.   91.   96.][-97. -97. -95. -94. -93. -85. -82. -79. -78. -78. -78. -76. -74. -72.
 -71. -67. -66. -63. -61. -60. -59. -59. -57. -55. -54. -53. -51. -47.
 -46. -46. -43. -42. -42. -41. -38. -36. -35. -35. -35. -33. -29. -28.
 -27. -21. -19. -19. -16. -15. -14.  -9.   2.   7.   9.  10.  12.  14.
  17.  18.  20.  20.  24.  24.  26.  28.  28.  32.  33.  39.  39.  46.
  47.  49.  52.  53.  53.  55.  59.  59.  59.  62.  66.  66.  66.  67.
  68.  72.  84.  85.  87.  88.  88.  90.  90.  91.  93.  95.  95.  95.
  95. 100.][-100. -100.  -99.  -98.  -95.  -95.  -94.  -93.  -92.  -90.  -87.  -86.
  -82.  -82.  -81.  -78.  -67.  -67.  -66.  -66.  -65.  -63.  -63.  -60.
  -59.  -59.  -55.  -55.  -54.  -48.  -48.  -46.  -45.  -39.  -38.  -33.
  -32.  -31.  -31.  -31.  -30.  -27.  -23.  -21.  -16.  -15.  -12.  -12.
   -6.   -4.   -3.    2.    2.    3.    6.    8.   10.   11.   15.   15.
   17.   18.   18.   19.   27.   29.   33.   33.   37.   38.   40.   41.
   41.   43.   45.   45.   46.   47.   48.   55.   56.   65.   65.   68.
   69.   71.   72.   73.   73.   76.   77.   77.   87.   89.   91.   94.
   96.   99.   99.  100.][-93. -92. -91. -90. -89. -88. -88. -85. -83. -82. -81. -78. -78. -77.
 -73. -73. -73. -73. -71. -70. -68. -66. -64. -62. -59. -58. -58. -56.
 -51. -51. -48. -47. -46. -39. -38. -38. -37. -37. -34. -32. -31. -29.
 -28. -28. -25. -25. -24. -10. -10.  -9.  -9.  -8.  -6.  -1.   0.   2.
   3.   5.  10.  11.  12.  17.  17.  19.  19.  21.  23.  23.  24.  26.
  28.  30.  31.  34.  34.  34.  36.  42.  45.  48.  53.  59.  59.  62.
  62.  63.  65.  68.  68.  69.  69.  72.  72.  76.  77.  88.  90.  94.
  96.  99.][-99. -97. -91. -88. -84. -84. -78. -78. -78. -77. -75. -72. -70. -67.
 -67. -65. -64. -63. -61. -60. -60. -57. -56. -56. -52. -52. -49. -47.
 -47. -44. -39. -35. -34. -33. -32. -30. -28. -26. -25. -25. -24. -23.
 -22. -18. -12.  -8.  -6.  -3.  -1.  -1.   1.   5.   5.   5.   7.   9.
  11.  14.  16.  16.  18.  19.  21.  27.  28.  30.  30.  34.  35.  36.
  41.  43.  44.  44.  53.  58.  60.  60.  60.  63.  64.  66.  66.  67.
  67.  74.  77.  77.  78.  82.  82.  82.  85.  85.  87.  88.  92.  95.
  96.  98.][-99. -99. -98. -98. -98. -97. -95. -95. -92. -91. -88. -86. -80. -76.
 -74. -73. -70. -68. -67. -61. -59. -55. -55. -54. -48. -46. -46. -43.
 -40. -39. -38. -36. -34. -32. -31. -30. -30. -27. -25. -24. -23. -22.
 -21. -19. -18. -17. -13. -12.  -9.  -8.  -8.  -8.  -7.  -5.  -4.   2.
   5.   8.   9.  12.  17.  19.  19.  22.  23.  23.  23.  27.  28.  31.
  32.  32.  35.  36.  37.  37.  37.  37.  39.  43.  44.  48.  50.  50.
  53.  54.  57.  58.  58.  59.  63.  65.  66.  77.  79.  80.  82.  90.
  96.  97.][-99. -98. -98. -95. -95. -93. -91. -90. -89. -89. -86. -85. -82. -80.
 -77. -76. -72. -72. -70. -69. -68. -67. -67. -65. -61. -57. -55. -54.
 -53. -52. -49. -48. -45. -44. -43. -43. -41. -41. -40. -39. -35. -33.
 -32. -22. -21. -20. -13.  -7.  -5.  -4.  -3.  -3.  -1.   3.   4.   4.
   5.   6.   8.   8.  15.  16.  18.  20.  21.  23.  25.  26.  27.  33.
  38.  40.  40.  44.  51.  57.  57.  59.  67.  67.  68.  68.  69.  69.
  72.  75.  78.  78.  80.  81.  83.  86.  95.  96.  96.  96.  97.  98.
 100. 100.][-100. -100.  -99.  -97.  -95.  -91.  -89.  -87.  -87.  -84.  -84.  -80.
  -80.  -79.  -76.  -73.  -72.  -67.  -67.  -67.  -63.  -61.  -60.  -60.
  -58.  -54.  -52.  -49.  -48.  -43.  -42.  -41.  -39.  -36.  -34.  -32.
  -31.  -30.  -29.  -29.  -26.  -25.  -23.  -23.  -22.  -19.  -18.  -17.
  -15.  -14.  -13.  -13.  -12.   -6.   -6.   -5.   -4.   -4.    4.    8.
   18.   21.   23.   23.   24.   30.   31.   36.   36.   37.   37.   40.
   48.   48.   50.   50.   52.   53.   53.   54.   57.   57.   58.   59.
   62.   66.   68.   68.   76.   79.   83.   86.   87.   90.   92.   92.
   93.   93.   97.   98.][-100.  -97.  -87.  -78.  -76.  -76.  -75.  -74.  -71.  -68.  -64.  -63.
  -61.  -60.  -60.  -58.  -57.  -56.  -56.  -56.  -54.  -54.  -47.  -47.
  -45.  -43.  -40.  -36.  -34.  -31.  -23.  -22.  -18.  -16.  -16.  -15.
  -14.  -12.   -8.   -7.   -7.   -4.   -3.    0.    0.    2.    3.    4.
    8.   10.   10.   13.   13.   17.   18.   18.   19.   20.   23.   24.
   25.   31.   32.   32.   33.   33.   41.   43.   44.   45.   46.   49.
   53.   54.   55.   62.   62.   62.   63.   64.   67.   69.   71.   72.
   74.   76.   77.   78.   78.   79.   80.   81.   82.   84.   84.   86.
   90.   93.   96.   98.][-99. -99. -95. -92. -91. -89. -88. -87. -84. -81. -80. -78. -77. -74.
 -73. -73. -72. -72. -70. -69. -67. -67. -65. -63. -63. -53. -50. -48.
 -48. -47. -43. -41. -41. -39. -29. -27. -24. -21. -20. -17. -17. -15.
 -14. -13. -12. -10. -10. -10. -10.  -9.  -8.  -4.  -2.  -1.   3.   7.
  11.  15.  16.  17.  19.  20.  21.  21.  22.  25.  26.  27.  27.  34.
  36.  36.  39.  40.  46.  48.  51.  53.  54.  55.  61.  62.  68.  69.
  71.  78.  81.  86.  86.  87.  88.  90.  92.  93.  96.  97.  97.  99.
 100. 100.][-99. -98. -97. -97. -92. -90. -80. -77. -75. -73. -68. -67. -66. -62.
 -61. -59. -58. -48. -47. -42. -40. -39. -38. -32. -31. -30. -30. -29.
 -25. -23. -21. -17. -12. -10.  -9.  -6.  -5.  -5.  -2.  -1.   2.   4.
   4.   8.  10.  10.  10.  11.  14.  15.  19.  21.  23.  24.  26.  30.
  30.  32.  32.  34.  36.  38.  38.  39.  41.  42.  43.  46.  46.  47.
  47.  53.  55.  58.  60.  62.  63.  63.  64.  66.  68.  68.  69.  69.
  69.  71.  72.  72.  73.  78.  79.  80.  86.  89.  90.  92.  94.  97.
 100. 100.][-98. -98. -95. -94. -93. -93. -92. -88. -88. -87. -86. -84. -81. -81.
 -79. -78. -77. -76. -73. -68. -66. -64. -64. -63. -62. -62. -62. -60.
 -57. -55. -51. -50. -49. -48. -47. -46. -43. -41. -30. -29. -28. -24.
 -22. -20. -18.  -9.  -9.  -7.  -2.   1.   3.   6.  11.  11.  11.  12.
  14.  14.  14.  15.  17.  18.  20.  22.  28.  30.  31.  33.  37.  38.
  38.  39.  39.  42.  43.  43.  43.  48.  55.  62.  66.  67.  68.  69.
  69.  73.  77.  78.  79.  82.  88.  88.  89.  92.  92.  93.  95.  96.
  97.  99.][-99. -99. -98. -98. -95. -92. -91. -89. -88. -79. -79. -78. -77. -72.
 -69. -66. -62. -61. -60. -58. -56. -55. -54. -52. -51. -46. -39. -38.
 -38. -37. -37. -26. -25. -25. -25. -24. -18. -18. -16. -14.  -9.  -5.
  -2.   2.   2.   3.   6.   7.  10.  12.  13.  18.  20.  20.  20.  24.
  25.  26.  27.  27.  29.  29.  30.  31.  36.  37.  44.  45.  46.  46.
  51.  51.  52.  53.  54.  55.  61.  62.  63.  64.  64.  68.  69.  72.
  74.  76.  78.  78.  79.  81.  83.  85.  85.  86.  92.  95.  95.  95.
  98.  98.][-99. -99. -98. -98. -95. -95. -91. -90. -88. -87. -84. -83. -82. -81.
 -80. -79. -74. -74. -69. -67. -60. -59. -48. -48. -47. -45. -41. -39.
 -38. -36. -32. -31. -31. -31. -30. -30. -28. -26. -25. -21. -20. -18.
 -17. -14. -14. -11.  -9.  -8.  -8.  -6.  -4.  -3.   0.   1.   7.  10.
  10.  13.  15.  19.  21.  23.  23.  24.  24.  26.  31.  33.  34.  35.
  35.  46.  52.  55.  56.  60.  61.  62.  63.  63.  68.  69.  69.  70.
  71.  71.  75.  77.  79.  79.  82.  87.  87.  88.  89.  93.  94.  97.
  98. 100.][-99. -99. -99. -98. -98. -91. -84. -78. -77. -74. -73. -73. -73. -73.
 -69. -64. -63. -59. -58. -57. -56. -56. -55. -49. -49. -48. -47. -44.
 -42. -34. -33. -32. -32. -31. -30. -29. -29. -27. -26. -24. -23. -21.
 -20. -18. -17. -15. -12. -11. -11. -11. -10.  -3.  -1.   0.   1.   1.
   3.   3.   4.   6.   8.  14.  18.  21.  28.  30.  30.  31.  31.  35.
  37.  39.  42.  47.  48.  51.  52.  55.  56.  56.  62.  63.  64.  64.
  65.  67.  67.  71.  75.  77.  79.  80.  85.  85.  87.  87.  89.  91.
  97.  99.][-99. -99. -98. -98. -96. -95. -93. -92. -91. -88. -86. -85. -82. -79.
 -78. -77. -74. -71. -70. -69. -68. -67. -67. -67. -66. -62. -53. -53.
 -49. -45. -42. -38. -26. -17. -17. -16. -14. -12.  -7.  -2.   0.   3.
   6.   6.   8.   9.  10.  10.  11.  12.  13.  13.  14.  14.  16.  16.
  17.  18.  20.  21.  23.  24.  25.  29.  29.  30.  31.  32.  33.  35.
  37.  37.  41.  44.  46.  49.  54.  59.  63.  65.  69.  69.  73.  75.
  76.  78.  81.  81.  83.  87.  89.  90.  90.  92.  92.  94.  94.  94.
  96.  97.][-99. -98. -98. -97. -97. -96. -95. -94. -81. -78. -77. -72. -69. -68.
 -63. -61. -59. -57. -50. -50. -48. -47. -45. -44. -44. -41. -38. -37.
 -37. -37. -34. -30. -28. -27. -17. -16. -16. -15. -12. -10.  -9.  -7.
  -5.  -2.   0.   2.   7.   7.   9.   9.  10.  13.  14.  15.  16.  19.
  20.  21.  21.  26.  29.  29.  30.  34.  35.  44.  45.  46.  48.  50.
  51.  51.  52.  54.  55.  55.  57.  59.  59.  61.  63.  63.  64.  64.
  64.  68.  71.  72.  72.  76.  78.  81.  81.  82.  84.  92.  93.  93.
  94.  99.][-98. -97. -97. -97. -93. -92. -91. -81. -81. -79. -75. -74. -72. -70.
 -69. -64. -62. -60. -60. -53. -53. -51. -49. -48. -47. -43. -42. -40.
 -40. -35. -34. -33. -31. -31. -29. -28. -22. -22. -21. -19. -17. -16.
 -13. -12. -10.  -9.  -9.  -8.   0.   3.   4.   6.   6.   7.   7.   8.
   8.  11.  11.  12.  14.  15.  17.  17.  20.  21.  22.  22.  25.  25.
  30.  39.  39.  40.  40.  44.  45.  46.  48.  51.  54.  56.  58.  60.
  66.  68.  69.  73.  77.  79.  80.  81.  83.  83.  84.  86.  87.  88.
 100. 100.][-99. -98. -98. -93. -90. -88. -86. -83. -81. -77. -76. -72. -71. -67.
 -66. -65. -63. -63. -60. -56. -52. -50. -50. -47. -46. -44. -43. -43.
 -38. -38. -38. -38. -37. -36. -34. -29. -28. -28. -28. -25. -21. -14.
 -10.  -8.  -8.  -8.  -6.  -4.  -3.  -1.   1.   2.   3.   6.   7.   8.
  10.  10.  15.  17.  20.  23.  24.  27.  29.  31.  31.  31.  31.  32.
  36.  37.  37.  38.  40.  41.  43.  45.  46.  47.  48.  50.  52.  60.
  60.  62.  65.  67.  71.  72.  72.  74.  74.  75.  77.  78.  85.  86.
  91.  92.][-98. -97. -93. -92. -91. -90. -89. -87. -86. -85. -83. -81. -80. -80.
 -80. -78. -77. -76. -74. -72. -70. -69. -68. -67. -64. -62. -61. -57.
 -56. -54. -53. -53. -50. -42. -41. -40. -39. -35. -35. -34. -34. -32.
 -24. -21. -20. -19. -19. -16. -14. -12.  -8.  -8.  -7.  -2.  -1.   1.
   2.   7.  11.  11.  12.  16.  21.  21.  30.  36.  37.  38.  41.  44.
  44.  46.  48.  49.  51.  52.  54.  54.  56.  59.  63.  68.  68.  69.
  70.  70.  71.  72.  72.  77.  79.  82.  84.  86.  89.  90.  97.  98.
  99. 100.][-96. -94. -94. -93. -91. -87. -85. -85. -82. -81. -80. -80. -77. -74.
 -72. -70. -65. -62. -61. -61. -61. -57. -56. -55. -52. -51. -51. -50.
 -49. -49. -46. -46. -46. -41. -39. -39. -38. -34. -30. -30. -28. -26.
 -23. -20. -20. -12. -12. -12. -10.  -5.  -3.  -3.  -2.  -1.   1.   1.
   2.   4.   7.   7.  11.  11.  16.  17.  19.  21.  22.  22.  27.  33.
  34.  38.  39.  42.  43.  45.  46.  48.  55.  60.  62.  65.  66.  67.
  68.  69.  70.  74.  76.  79.  80.  86.  86.  87.  88.  91.  94.  98.
 100. 100.][-97. -96. -96. -94. -94. -91. -91. -91. -89. -88. -86. -82. -81. -81.
 -80. -78. -75. -71. -70. -68. -68. -68. -64. -64. -64. -61. -61. -61.
 -57. -54. -54. -52. -51. -44. -44. -39. -39. -33. -31. -23. -23. -21.
 -17. -16. -14. -13. -12. -12.  -8.  -6.  -5.   2.   3.   8.  11.  11.
  13.  16.  17.  19.  21.  24.  25.  26.  28.  38.  42.  44.  47.  48.
  48.  48.  56.  57.  58.  58.  61.  67.  68.  68.  69.  70.  72.  72.
  75.  76.  76.  77.  77.  77.  81.  81.  82.  83.  84.  88.  92.  92.
  94.  98.][-95. -90. -88. -84. -84. -83. -82. -81. -77. -77. -76. -74. -73. -70.
 -70. -66. -57. -55. -55. -50. -49. -46. -43. -43. -42. -42. -39. -38.
 -38. -36. -33. -30. -27. -24. -23. -23. -21. -20. -19. -18. -17. -16.
 -15.  -9.  -5.  -1.   2.   5.   8.  10.  11.  12.  16.  16.  19.  24.
  26.  26.  27.  28.  28.  28.  29.  32.  37.  43.  43.  43.  47.  48.
  49.  49.  51.  52.  55.  57.  60.  61.  63.  66.  71.  76.  76.  76.
  77.  79.  81.  81.  83.  86.  86.  91.  92.  94.  95.  99.  99.  99.
 100. 100.][-100. -100.  -96.  -93.  -92.  -89.  -87.  -86.  -86.  -86.  -81.  -81.
  -81.  -79.  -77.  -75.  -74.  -68.  -67.  -63.  -60.  -56.  -56.  -53.
  -50.  -49.  -48.  -37.  -36.  -33.  -32.  -32.  -20.  -18.  -16.  -15.
  -14.  -11.  -11.   -8.   -8.   -7.   -7.   -4.   -1.    8.    9.   13.
   13.   13.   21.   23.   23.   28.   28.   31.   35.   36.   41.   43.
   44.   44.   47.   47.   49.   51.   53.   57.   58.   58.   60.   61.
   61.   61.   63.   64.   64.   66.   69.   72.   75.   76.   77.   78.
   78.   78.   78.   79.   79.   80.   80.   81.   82.   85.   87.   88.
   90.   91.   99.  100.][-97. -96. -95. -94. -94. -92. -89. -89. -88. -85. -84. -80. -77. -76.
 -75. -74. -73. -65. -64. -61. -59. -57. -54. -51. -49. -44. -41. -41.
 -37. -32. -30. -29. -27. -27. -26. -26. -23. -22. -21. -21. -15. -10.
 -10.  -8.  -4.  -4.  -3.  -2.  -1.  -1.   3.   3.   7.   7.   7.   7.
  11.  12.  18.  24.  24.  26.  27.  28.  28.  29.  31.  31.  34.  40.
  41.  43.  44.  46.  47.  48.  51.  52.  61.  65.  66.  66.  73.  76.
  79.  79.  83.  84.  84.  86.  88.  90.  92.  92.  93.  94.  94.  96.
  96.  97.][-97. -90. -88. -85. -85. -81. -79. -72. -70. -68. -65. -64. -57. -54.
 -54. -52. -51. -48. -48. -47. -46. -44. -43. -43. -42. -37. -37. -35.
 -34. -28. -28. -28. -26. -23. -22. -22. -19. -18. -14. -13. -12. -10.
 -10. -10. -10.  -7.  -4.  -3.  -2.  -1.  -1.   0.   1.   3.   4.   6.
   6.  10.  11.  12.  15.  19.  20.  22.  22.  32.  32.  34.  34.  35.
  37.  39.  40.  42.  43.  46.  47.  48.  49.  51.  54.  56.  63.  63.
  66.  67.  67.  73.  74.  74.  74.  76.  77.  79.  80.  81.  89.  94.
  95.  96.][-99. -97. -94. -94. -93. -92. -90. -89. -88. -84. -82. -80. -80. -78.
 -78. -75. -74. -64. -63. -60. -57. -56. -55. -55. -52. -51. -43. -42.
 -40. -34. -33. -32. -29. -28. -28. -28. -26. -23. -23. -23. -22. -17.
 -17. -10.  -5.  -4.   0.   1.   1.   3.   4.   8.   9.  13.  17.  18.
  19.  21.  22.  22.  25.  27.  27.  29.  29.  30.  31.  32.  35.  41.
  41.  43.  45.  47.  47.  48.  50.  55.  58.  60.  60.  61.  62.  64.
  65.  65.  75.  78.  80.  80.  84.  85.  85.  87.  92.  92.  96.  97.
 100. 100.][-96. -95. -95. -95. -93. -92. -92. -90. -89. -87. -86. -85. -82. -80.
 -77. -73. -73. -72. -72. -72. -72. -68. -66. -63. -63. -63. -62. -58.
 -56. -50. -46. -42. -41. -40. -40. -36. -31. -29. -27. -16. -16. -15.
 -13. -12. -11. -11. -10.  -9.  -4.  -4.  -3.   3.   4.   5.   5.   6.
   6.   8.  10.  12.  14.  15.  19.  21.  22.  23.  27.  28.  28.  34.
  36.  36.  41.  41.  43.  45.  45.  51.  52.  53.  54.  54.  55.  60.
  62.  63.  69.  73.  77.  83.  84.  86.  87.  88.  90.  92.  93.  93.
 100. 100.][-100.  -97.  -94.  -93.  -93.  -92.  -92.  -92.  -89.  -88.  -88.  -87.
  -84.  -76.  -74.  -71.  -67.  -65.  -63.  -59.  -57.  -52.  -52.  -50.
  -49.  -44.  -42.  -42.  -40.  -40.  -40.  -39.  -37.  -36.  -36.  -35.
  -35.  -33.  -32.  -31.  -22.  -21.  -16.  -14.   -9.   -6.   -4.   -3.
   -3.   -3.   -1.    0.    2.    3.    4.    5.    8.   10.   12.   13.
   15.   17.   21.   23.   25.   26.   26.   26.   28.   28.   32.   33.
   44.   45.   45.   47.   51.   56.   57.   59.   65.   67.   69.   70.
   71.   71.   75.   76.   77.   78.   85.   86.   86.   87.   87.   88.
   89.   89.   93.   98.][-100.  -99.  -97.  -97.  -95.  -95.  -94.  -90.  -86.  -86.  -85.  -85.
  -81.  -77.  -77.  -72.  -71.  -65.  -65.  -61.  -60.  -56.  -55.  -53.
  -45.  -43.  -42.  -39.  -38.  -37.  -35.  -33.  -31.  -30.  -30.  -27.
  -27.  -26.  -23.  -17.  -15.  -14.  -14.  -10.   -8.   -6.   -4.   -1.
    0.    0.    0.    0.    7.    7.    7.   12.   21.   21.   22.   27.
   27.   28.   29.   30.   35.   36.   37.   39.   41.   43.   43.   43.
   45.   45.   46.   48.   50.   52.   54.   54.   54.   55.   56.   56.
   57.   58.   58.   60.   63.   67.   67.   71.   74.   79.   82.   91.
   93.   95.   95.   98.][-97. -97. -93. -93. -91. -89. -88. -88. -87. -84. -79. -78. -74. -73.
 -72. -71. -69. -63. -61. -59. -57. -57. -49. -47. -46. -45. -37. -34.
 -34. -32. -31. -29. -26. -26. -15. -14. -13. -13. -12. -11. -10. -10.
  -8.  -6.  -5.  -5.  -5.  -2.  -1.   0.   2.   5.   7.   9.  12.  14.
  15.  15.  16.  21.  29.  30.  46.  48.  48.  49.  51.  52.  53.  54.
  55.  58.  58.  62.  62.  63.  65.  65.  68.  69.  73.  74.  74.  76.
  77.  77.  79.  79.  80.  81.  86.  87.  87.  90.  91.  91.  92.  98.
  98. 100.][-98. -98. -97. -96. -95. -94. -93. -92. -91. -86. -83. -82. -80. -79.
 -79. -77. -76. -72. -66. -65. -62. -57. -56. -53. -53. -53. -52. -52.
 -50. -48. -47. -45. -41. -40. -40. -34. -33. -32. -30. -29. -29. -26.
 -25. -24. -23. -22. -18. -17. -16. -16. -14.  -8.  -7.  -7.  -5.  -4.
  -3.  -2.   0.   1.   3.   3.   5.   6.  11.  12.  13.  16.  16.  18.
  22.  23.  23.  27.  30.  37.  37.  38.  40.  41.  41.  41.  46.  48.
  49.  53.  68.  68.  70.  70.  72.  73.  82.  83.  87.  89.  96.  97.
  98.  98.][-98. -95. -94. -94. -92. -91. -89. -88. -88. -88. -86. -86. -86. -86.
 -85. -79. -78. -77. -76. -74. -71. -68. -64. -64. -62. -61. -55. -52.
 -51. -44. -42. -41. -40. -38. -34. -32. -32. -30. -30. -27. -26. -23.
 -20. -18. -16. -13. -11. -11.  -9.  -3.   3.   4.   7.   9.  14.  15.
  16.  20.  20.  21.  22.  22.  25.  26.  29.  32.  34.  35.  36.  36.
  39.  41.  44.  45.  50.  50.  50.  54.  57.  59.  60.  65.  71.  73.
  76.  77.  77.  80.  83.  83.  87.  87.  91.  92.  92.  96.  96.  98.
  98. 100.][-95. -95. -95. -93. -91. -87. -87. -85. -78. -75. -72. -70. -68. -66.
 -66. -65. -65. -62. -59. -58. -58. -52. -50. -50. -48. -45. -37. -34.
 -32. -32. -30. -29. -24. -23. -21. -18. -17. -12.  -7.  -7.  -5.  -4.
  -3.  -2.  -1.   1.   2.   4.  12.  12.  14.  16.  17.  24.  25.  30.
  31.  31.  32.  36.  36.  37.  38.  39.  39.  40.  41.  49.  53.  57.
  57.  60.  66.  67.  68.  69.  70.  72.  73.  75.  75.  76.  76.  81.
  82.  84.  88.  88.  90.  91.  92.  92.  93.  93.  94.  95.  98.  98.
  98.  99.][-86. -85. -85. -83. -82. -78. -76. -73. -72. -71. -70. -67. -66. -64.
 -63. -61. -60. -59. -59. -56. -51. -50. -46. -44. -42. -40. -39. -37.
 -37. -35. -34. -33. -33. -33. -31. -31. -29. -29. -25. -25. -21. -16.
 -15. -13. -10.  -9.  -8.  -7.  -6.   4.  13.  14.  20.  21.  22.  22.
  24.  26.  28.  31.  32.  32.  32.  37.  41.  44.  46.  47.  48.  48.
  51.  52.  52.  52.  54.  55.  55.  56.  57.  59.  59.  60.  61.  66.
  67.  67.  69.  70.  71.  74.  77.  82.  86.  87.  88.  89.  93.  94.
  99. 100.][-100.  -92.  -91.  -88.  -88.  -84.  -84.  -81.  -80.  -80.  -76.  -76.
  -70.  -70.  -68.  -66.  -58.  -58.  -58.  -50.  -47.  -45.  -44.  -40.
  -40.  -37.  -37.  -34.  -33.  -32.  -31.  -23.  -22.  -19.  -18.  -15.
  -15.  -15.  -14.  -14.  -14.  -13.  -10.   -9.   -9.   -6.   -5.   -4.
   -2.   -2.   -1.    0.    4.    9.   12.   12.   13.   14.   18.   18.
   20.   21.   22.   22.   28.   31.   31.   33.   34.   38.   39.   41.
   41.   43.   43.   46.   49.   54.   56.   57.   60.   62.   65.   66.
   67.   70.   71.   72.   77.   77.   79.   87.   88.   90.   91.   91.
   94.   95.   96.   96.][-100.  -99.  -98.  -98.  -97.  -97.  -96.  -96.  -95.  -94.  -94.  -90.
  -90.  -86.  -80.  -77.  -77.  -76.  -76.  -76.  -68.  -67.  -64.  -61.
  -58.  -57.  -57.  -55.  -55.  -50.  -50.  -44.  -41.  -40.  -39.  -39.
  -36.  -34.  -33.  -32.  -32.  -31.  -31.  -29.  -27.  -25.  -23.  -21.
  -20.  -18.  -17.  -15.  -14.  -12.  -10.   -7.   -6.   -5.   -3.   -2.
    0.    4.    6.    9.    9.   16.   16.   18.   18.   20.   21.   25.
   29.   29.   30.   30.   30.   35.   36.   36.   39.   47.   60.   60.
   61.   67.   68.   72.   76.   84.   86.   88.   92.   94.   94.   97.
   99.  100.  100.  100.][-99. -97. -92. -90. -90. -86. -85. -84. -75. -74. -72. -70. -70. -68.
 -68. -68. -64. -64. -64. -64. -64. -61. -61. -54. -53. -53. -51. -49.
 -47. -47. -45. -43. -43. -37. -36. -36. -36. -35. -34. -34. -32. -26.
 -20. -20. -18. -16. -15. -13. -10.  -6.  -5.  -3.  -3.   3.   7.   8.
  10.  15.  20.  20.  21.  24.  25.  25.  26.  27.  28.  29.  30.  35.
  36.  37.  37.  39.  39.  40.  44.  45.  48.  48.  50.  52.  53.  57.
  61.  65.  69.  72.  73.  74.  75.  79.  80.  82.  83.  84.  89.  93.
  93.  93.][-100.  -99.  -99.  -98.  -98.  -95.  -95.  -94.  -93.  -92.  -80.  -79.
  -76.  -72.  -71.  -71.  -66.  -66.  -66.  -65.  -62.  -62.  -61.  -60.
  -60.  -58.  -57.  -54.  -51.  -50.  -50.  -48.  -44.  -40.  -38.  -36.
  -35.  -34.  -30.  -30.  -28.  -26.  -26.  -24.  -21.  -20.  -17.  -15.
  -14.  -10.   -1.   -1.    2.    4.    4.    7.   15.   17.   18.   18.
   25.   26.   27.   27.   29.   30.   31.   31.   32.   32.   33.   36.
   37.   38.   38.   46.   48.   51.   54.   57.   57.   61.   62.   63.
   63.   63.   68.   69.   70.   70.   71.   74.   75.   81.   84.   86.
   91.   95.   99.  100.][-98. -98. -95. -93. -85. -84. -82. -82. -81. -79. -76. -75. -75. -75.
 -72. -72. -71. -69. -67. -66. -65. -61. -59. -59. -54. -54. -52. -50.
 -49. -43. -43. -41. -39. -34. -33. -30. -29. -27. -26. -22. -22. -20.
 -18. -15. -13. -12.  -8.  -5.  -4.  -1.  -1.   0.   1.   2.   2.  11.
  12.  13.  13.  23.  24.  25.  27.  29.  30.  30.  32.  34.  35.  40.
  43.  44.  45.  47.  51.  53.  53.  54.  55.  56.  56.  57.  60.  63.
  64.  67.  76.  79.  81.  82.  86.  86.  86.  88.  88.  88.  89.  94.
  94.  98.][-100.  -99.  -98.  -95.  -93.  -92.  -90.  -85.  -82.  -79.  -77.  -73.
  -73.  -72.  -70.  -69.  -63.  -59.  -57.  -55.  -54.  -53.  -51.  -50.
  -48.  -45.  -39.  -39.  -39.  -39.  -37.  -36.  -34.  -34.  -32.  -31.
  -30.  -28.  -26.  -22.  -15.  -13.  -12.  -11.  -10.   -7.   -4.   -3.
   -2.   -2.    2.    3.    3.    4.   13.   14.   15.   15.   16.   19.
   19.   21.   22.   24.   28.   28.   28.   29.   30.   30.   31.   32.
   38.   40.   40.   41.   42.   46.   46.   49.   51.   55.   56.   59.
   60.   69.   70.   71.   74.   77.   82.   86.   89.   90.   93.   94.
   96.   99.   99.  100.][-98. -97. -96. -91. -91. -90. -89. -88. -84. -76. -74. -73. -72. -70.
 -69. -68. -66. -66. -58. -57. -56. -56. -54. -52. -50. -49. -47. -46.
 -45. -44. -43. -39. -37. -37. -36. -35. -34. -33. -33. -31. -30. -27.
 -25. -20. -12. -12. -12. -10.  -6.  -6.  -5.  -3.  -2.  -2.   6.   6.
   7.   7.   8.   8.  10.  12.  14.  16.  20.  23.  23.  24.  26.  27.
  28.  31.  31.  33.  39.  41.  41.  43.  49.  56.  58.  60.  63.  63.
  65.  65.  73.  75.  75.  78.  79.  83.  88.  90.  91.  91.  91.  92.
  95.  95.][-99. -99. -98. -97. -96. -94. -90. -88. -87. -85. -83. -81. -78. -78.
 -78. -77. -76. -75. -74. -73. -73. -71. -69. -66. -64. -60. -59. -59.
 -56. -51. -51. -50. -49. -47. -44. -44. -43. -43. -43. -42. -42. -40.
 -39. -34. -25. -24. -24. -21. -20. -19. -18. -16. -15.  -9.  -7.  -6.
  -6.  -6.   7.   8.   8.  13.  15.  16.  17.  28.  29.  37.  37.  37.
  38.  47.  48.  50.  51.  52.  54.  54.  54.  55.  55.  59.  60.  64.
  64.  65.  66.  69.  69.  70.  71.  75.  82.  84.  86.  92.  92.  95.
  98.  99.][-98. -91. -90. -88. -87. -87. -86. -82. -79. -79. -75. -74. -72. -65.
 -63. -56. -56. -54. -53. -48. -43. -42. -38. -37. -34. -31. -31. -29.
 -26. -25. -23. -22. -20. -20. -18. -16. -16. -12. -12.  -8.  -7.  -6.
  -5.   0.   1.   5.   8.  10.  12.  13.  13.  16.  18.  22.  26.  27.
  29.  31.  31.  34.  35.  42.  42.  45.  45.  46.  47.  47.  48.  48.
  49.  55.  60.  62.  62.  65.  65.  66.  67.  68.  68.  69.  71.  73.
  75.  78.  79.  80.  82.  84.  88.  89.  93.  94.  94.  95.  97.  98.
  98.  99.][-100.  -98.  -97.  -97.  -94.  -92.  -91.  -89.  -89.  -85.  -84.  -83.
  -80.  -78.  -71.  -71.  -70.  -67.  -67.  -66.  -66.  -66.  -64.  -63.
  -63.  -63.  -60.  -58.  -55.  -55.  -54.  -53.  -48.  -46.  -46.  -45.
  -42.  -39.  -31.  -31.  -30.  -30.  -28.  -26.  -25.  -24.  -23.  -20.
  -18.  -17.  -14.  -12.   -7.   -5.   -4.   -2.    3.    7.   11.   11.
   12.   16.   17.   18.   21.   23.   24.   26.   27.   28.   29.   29.
   31.   32.   45.   49.   49.   52.   57.   58.   58.   60.   62.   63.
   66.   67.   69.   74.   76.   77.   78.   79.   82.   83.   84.   91.
   94.   95.   96.   98.][-98. -98. -96. -94. -93. -90. -86. -85. -82. -81. -80. -79. -77. -76.
 -74. -71. -70. -68. -67. -64. -61. -57. -50. -49. -38. -34. -33. -29.
 -28. -25. -25. -22. -20. -18. -17.  -6.  -6.  -4.   1.   3.   5.   5.
   7.   9.   9.  11.  13.  14.  15.  16.  16.  21.  23.  27.  27.  28.
  29.  30.  41.  43.  46.  47.  47.  52.  55.  57.  58.  58.  61.  65.
  68.  69.  69.  71.  72.  74.  74.  74.  75.  76.  77.  78.  80.  81.
  84.  84.  84.  85.  85.  88.  90.  90.  91.  92.  93.  94.  98.  99.
  99.  99.][-100. -100.  -97.  -94.  -93.  -92.  -92.  -90.  -84.  -82.  -82.  -79.
  -76.  -74.  -72.  -71.  -69.  -68.  -62.  -62.  -60.  -60.  -59.  -55.
  -54.  -52.  -51.  -49.  -45.  -42.  -39.  -39.  -38.  -38.  -35.  -34.
  -31.  -29.  -29.  -27.  -26.  -26.  -25.  -23.  -23.  -20.  -18.  -18.
  -12.  -11.  -11.   -9.   -7.   -7.   -4.   -4.   -3.   -1.    3.    4.
    6.    6.    8.   12.   13.   14.   16.   18.   19.   21.   21.   21.
   25.   34.   36.   37.   38.   39.   41.   43.   44.   45.   47.   48.
   48.   55.   61.   62.   62.   65.   67.   69.   81.   82.   86.   88.
   93.   93.   96.  100.][-100.  -99.  -98.  -98.  -96.  -93.  -90.  -89.  -87.  -87.  -83.  -76.
  -68.  -66.  -65.  -65.  -65.  -62.  -61.  -59.  -56.  -51.  -45.  -44.
  -44.  -40.  -36.  -34.  -33.  -29.  -28.  -23.  -16.  -14.  -13.  -12.
  -11.   -8.   -6.   -3.   -2.    0.    3.    4.    6.    6.    6.    8.
   11.   14.   15.   16.   18.   20.   21.   24.   26.   34.   41.   42.
   42.   42.   44.   46.   47.   50.   54.   54.   57.   58.   58.   61.
   61.   62.   63.   64.   64.   66.   72.   72.   74.   76.   76.   77.
   77.   78.   79.   81.   81.   81.   81.   85.   88.   90.   91.   94.
   95.   98.   98.  100.][-97. -96. -96. -94. -91. -91. -89. -89. -84. -83. -83. -79. -76. -76.
 -72. -72. -70. -70. -68. -68. -64. -58. -57. -55. -53. -53. -51. -50.
 -48. -46. -45. -44. -43. -43. -42. -41. -41. -36. -34. -33. -33. -30.
 -29. -28. -25. -22. -18. -15. -11. -11. -11. -10.  -9.  -8.  -5.  -2.
   5.   9.  10.  11.  12.  15.  18.  18.  19.  20.  21.  26.  27.  27.
  31.  32.  35.  35.  36.  37.  39.  43.  53.  55.  59.  60.  60.  61.
  61.  64.  65.  66.  68.  70.  72.  73.  75.  79.  80.  82.  86.  87.
  93.  96.][-99. -98. -98. -97. -95. -93. -90. -90. -88. -82. -82. -82. -82. -81.
 -80. -77. -75. -70. -59. -57. -57. -57. -56. -54. -54. -53. -52. -52.
 -51. -49. -47. -46. -45. -43. -40. -38. -34. -33. -33. -28. -23. -23.
 -21. -17. -16. -14.  -5.  -5.   1.   2.   2.   3.   4.   4.   5.   9.
  15.  17.  17.  18.  20.  20.  24.  24.  26.  27.  34.  35.  37.  38.
  38.  43.  49.  50.  52.  53.  65.  67.  68.  68.  68.  68.  69.  70.
  70.  70.  77.  78.  79.  85.  85.  86.  86.  89.  89.  91.  94.  94.
  95.  99.][-98. -94. -93. -89. -89. -85. -84. -79. -78. -77. -76. -70. -68. -67.
 -63. -62. -58. -55. -54. -54. -47. -46. -46. -45. -41. -38. -36. -36.
 -36. -30. -28. -26. -26. -21. -21. -21. -20. -19. -17. -16. -14. -14.
 -11.  -9.  -8.  -6.  -5.   1.   3.   5.   6.   7.   9.  12.  13.  13.
  15.  18.  18.  25.  32.  36.  37.  38.  41.  41.  43.  46.  48.  50.
  50.  52.  53.  59.  62.  63.  64.  65.  66.  66.  67.  67.  68.  70.
  71.  71.  73.  75.  76.  77.  78.  79.  80.  81.  82.  88.  89.  91.
  92.  93.][-100.  -99.  -88.  -87.  -82.  -82.  -82.  -81.  -78.  -77.  -77.  -72.
  -71.  -71.  -70.  -67.  -67.  -65.  -65.  -64.  -60.  -57.  -56.  -53.
  -52.  -52.  -49.  -47.  -47.  -35.  -34.  -33.  -26.  -25.  -24.  -20.
  -20.  -20.  -19.  -18.  -16.  -12.  -12.  -11.  -10.   -8.   -8.   -6.
   -4.   -3.   -1.    6.    6.    7.    8.   11.   12.   14.   14.   16.
   17.   20.   20.   24.   25.   30.   36.   36.   38.   41.   45.   46.
   46.   47.   51.   51.   58.   61.   62.   63.   64.   69.   70.   71.
   77.   78.   81.   81.   82.   84.   86.   87.   88.   91.   91.   94.
   96.   98.   99.   99.][-100.  -98.  -96.  -96.  -93.  -93.  -89.  -88.  -86.  -86.  -85.  -85.
  -84.  -84.  -84.  -81.  -81.  -79.  -77.  -77.  -74.  -71.  -68.  -64.
  -61.  -61.  -61.  -61.  -60.  -59.  -54.  -52.  -50.  -47.  -47.  -46.
  -43.  -40.  -38.  -37.  -31.  -29.  -21.  -20.  -19.  -18.  -17.  -16.
  -13.  -12.  -11.   -8.   -4.   -3.   -3.   -1.    1.    3.    3.    8.
   11.   11.   13.   21.   23.   28.   29.   29.   30.   30.   32.   35.
   36.   39.   43.   44.   46.   50.   50.   52.   64.   65.   65.   66.
   69.   70.   71.   74.   76.   78.   80.   83.   84.   85.   86.   88.
   92.   93.   94.   97.][-96. -93. -92. -89. -86. -85. -83. -83. -79. -78. -76. -72. -72. -69.
 -64. -59. -58. -58. -56. -53. -53. -50. -47. -47. -47. -46. -41. -40.
 -39. -32. -31. -29. -28. -26. -25. -25. -22. -22. -21. -17. -16. -15.
 -15. -12. -12.  -9.  -9.  -8.  -3.   0.   3.   5.   6.   6.   8.   8.
   9.   9.  12.  12.  16.  16.  16.  21.  22.  27.  29.  32.  33.  38.
  38.  39.  41.  42.  45.  49.  54.  56.  58.  58.  60.  62.  68.  69.
  70.  72.  72.  73.  73.  75.  81.  84.  88.  89.  91.  91.  93.  95.
  96.  99.][-98. -93. -93. -86. -86. -83. -82. -78. -77. -74. -71. -69. -62. -56.
 -55. -54. -53. -49. -47. -46. -45. -44. -44. -43. -37. -36. -34. -33.
 -26. -24. -22. -20. -17. -13. -11. -11. -11.  -8.  -8.  -1.   1.   3.
   4.   6.   8.   9.  10.  10.  10.  10.  11.  11.  13.  14.  16.  21.
  22.  24.  25.  29.  32.  36.  37.  40.  47.  50.  57.  60.  62.  62.
  64.  64.  64.  65.  66.  67.  69.  69.  71.  73.  74.  78.  78.  80.
  80.  83.  85.  86.  88.  89.  89.  90.  90.  92.  93.  94.  96.  98.
  98.  98.][-100.  -97.  -96.  -95.  -94.  -87.  -85.  -81.  -80.  -75.  -74.  -71.
  -70.  -68.  -67.  -65.  -64.  -61.  -59.  -58.  -56.  -54.  -51.  -49.
  -49.  -48.  -43.  -41.  -39.  -35.  -34.  -34.  -29.  -29.  -28.  -21.
  -19.  -18.  -13.  -10.  -10.   -6.   -6.   -5.   -5.   -1.    0.    0.
    5.   11.   15.   22.   23.   23.   26.   26.   26.   32.   35.   39.
   40.   41.   42.   43.   43.   43.   44.   47.   51.   52.   56.   58.
   60.   60.   61.   63.   64.   65.   65.   66.   67.   67.   69.   70.
   71.   75.   77.   77.   84.   84.   86.   86.   88.   88.   88.   91.
   92.   94.   97.  100.][-100.  -99.  -97.  -97.  -95.  -91.  -90.  -89.  -89.  -88.  -88.  -87.
  -86.  -83.  -82.  -82.  -82.  -81.  -80.  -74.  -73.  -72.  -71.  -71.
  -71.  -70.  -69.  -67.  -60.  -56.  -54.  -54.  -49.  -49.  -48.  -47.
  -45.  -44.  -44.  -43.  -41.  -40.  -39.  -36.  -34.  -33.  -33.  -32.
  -29.  -28.  -25.  -18.  -17.  -16.  -14.  -10.   -9.   -7.   -4.   -4.
    4.    9.   14.   15.   17.   17.   18.   24.   29.   29.   32.   33.
   34.   34.   34.   35.   37.   43.   44.   47.   48.   59.   62.   66.
   66.   68.   69.   70.   73.   81.   82.   83.   85.   86.   86.   87.
   88.   88.   97.   99.][-99. -98. -96. -94. -94. -91. -90. -89. -88. -88. -87. -85. -84. -84.
 -83. -83. -81. -77. -76. -70. -67. -66. -65. -58. -58. -57. -57. -54.
 -52. -51. -48. -46. -39. -32. -29. -27. -27. -26. -23. -22. -22. -20.
 -20. -19. -17. -14. -14. -13. -11.  -9.  -9.  -4.  10.  10.  12.  13.
  13.  15.  16.  19.  20.  21.  24.  27.  28.  29.  33.  35.  37.  38.
  38.  40.  41.  41.  41.  42.  44.  44.  48.  53.  56.  58.  61.  61.
  66.  66.  67.  70.  70.  73.  77.  78.  79.  79.  89.  90.  91.  92.
  95. 100.][-99. -99. -97. -96. -93. -89. -89. -88. -87. -82. -79. -74. -69. -68.
 -67. -66. -66. -65. -61. -61. -56. -51. -50. -42. -42. -36. -33. -33.
 -32. -32. -32. -31. -30. -30. -30. -30. -27. -24. -21. -20. -20. -19.
 -18. -17. -12.  -5.  -2.  -1.  -1.   0.   6.   7.   7.   7.   8.  12.
  17.  21.  22.  24.  25.  26.  27.  27.  30.  30.  34.  36.  36.  38.
  43.  51.  51.  53.  54.  54.  62.  63.  65.  68.  69.  69.  70.  70.
  73.  77.  78.  78.  79.  80.  86.  87.  87.  88.  89.  90.  90.  91.
  94.  99.][-100.  -98.  -95.  -93.  -91.  -86.  -80.  -79.  -79.  -77.  -75.  -70.
  -70.  -69.  -68.  -67.  -62.  -61.  -59.  -57.  -55.  -51.  -49.  -45.
  -44.  -44.  -35.  -32.  -31.  -30.  -28.  -28.  -28.  -24.  -17.  -17.
   -9.   -8.   -7.   -7.   -4.   -3.   -3.    0.    1.    3.    7.    7.
    8.   10.   13.   13.   15.   16.   23.   24.   26.   27.   28.   28.
   31.   31.   35.   36.   37.   37.   40.   43.   44.   45.   47.   48.
   50.   56.   58.   58.   59.   60.   61.   62.   63.   68.   72.   75.
   77.   77.   77.   79.   79.   80.   86.   90.   91.   92.   92.   92.
   92.   94.   98.   99.][-99. -98. -93. -92. -90. -89. -88. -83. -81. -80. -78. -77. -76. -72.
 -68. -67. -66. -66. -66. -63. -57. -53. -52. -49. -47. -42. -39. -35.
 -33. -32. -29. -27. -25. -23. -23. -22. -19. -18. -17. -16. -13. -10.
  -9.  -7.  -7.  -5.  -4.  -3.   0.   2.   2.   3.   6.   6.  10.  12.
  15.  17.  18.  21.  24.  27.  29.  31.  32.  32.  33.  33.  33.  34.
  35.  37.  38.  38.  40.  46.  48.  54.  58.  58.  61.  61.  63.  68.
  72.  73.  78.  78.  80.  80.  84.  88.  88.  89.  91.  93.  95.  95.
  97.  99.][-91. -91. -90. -89. -87. -87. -84. -83. -79. -78. -78. -77. -75. -73.
 -71. -69. -69. -69. -67. -64. -62. -61. -58. -58. -57. -57. -55. -54.
 -47. -47. -46. -42. -42. -38. -37. -34. -29. -26. -24. -24. -24. -23.
 -22. -21. -20. -18. -14. -13. -11. -11.  -5.  -3.  -3.  -2.  -1.   1.
   4.   5.   6.   7.   8.   9.  13.  16.  21.  23.  24.  24.  27.  34.
  36.  42.  42.  43.  44.  47.  54.  55.  55.  61.  62.  66.  68.  72.
  73.  76.  76.  77.  80.  83.  84.  85.  85.  87.  89.  90.  91.  91.
  95.  96.][-99. -97. -97. -95. -94. -90. -88. -86. -76. -74. -73. -72. -69. -68.
 -66. -65. -63. -63. -59. -58. -58. -58. -55. -55. -52. -50. -50. -50.
 -46. -44. -42. -41. -40. -37. -36. -35. -35. -33. -31. -31. -29. -27.
 -26. -25. -25. -24. -22. -19. -17. -16. -15. -15. -13. -13. -10.  -7.
  -4.  -4.  -1.   0.   0.   1.   3.   3.  11.  16.  24.  25.  27.  27.
  30.  39.  44.  50.  50.  51.  57.  59.  64.  65.  65.  65.  66.  67.
  70.  71.  73.  76.  77.  81.  81.  82.  82.  86.  86.  86.  87.  87.
  91. 100.][-100.  -99.  -98.  -97.  -94.  -87.  -83.  -83.  -82.  -82.  -81.  -81.
  -80.  -73.  -71.  -71.  -69.  -64.  -63.  -63.  -62.  -59.  -59.  -58.
  -56.  -53.  -51.  -51.  -43.  -42.  -40.  -34.  -33.  -29.  -28.  -25.
  -21.  -18.  -17.  -17.  -17.  -16.  -14.  -13.   -9.   -6.   -5.    1.
    5.   10.   10.   11.   11.   11.   11.   12.   15.   16.   17.   19.
   19.   22.   24.   28.   30.   32.   38.   38.   38.   39.   39.   40.
   41.   41.   42.   43.   53.   53.   56.   58.   63.   64.   65.   68.
   68.   70.   71.   71.   72.   74.   79.   79.   84.   84.   85.   89.
   89.   90.   95.   99.][-92. -91. -88. -88. -88. -87. -84. -78. -77. -74. -73. -73. -71. -68.
 -55. -53. -52. -50. -50. -48. -46. -41. -39. -37. -36. -36. -34. -34.
 -30. -30. -27. -26. -21. -19. -18. -16. -16. -15. -13.  -8.  -7.  -7.
  -6.  -5.  -5.  -4.  -3.   0.   0.   1.   4.   4.   5.   7.   8.   8.
  10.  14.  18.  18.  21.  22.  30.  30.  32.  34.  35.  38.  41.  41.
  41.  42.  43.  44.  44.  45.  50.  54.  54.  56.  56.  56.  58.  60.
  63.  65.  67.  68.  70.  70.  70.  72.  74.  80.  83.  87.  91.  93.
  94.  98.][-100. -100.  -92.  -91.  -91.  -90.  -88.  -86.  -86.  -85.  -83.  -78.
  -77.  -75.  -73.  -69.  -69.  -68.  -66.  -61.  -61.  -59.  -55.  -53.
  -52.  -51.  -50.  -48.  -48.  -47.  -40.  -40.  -39.  -36.  -34.  -33.
  -32.  -27.  -24.  -19.  -15.  -14.  -13.   -9.   -8.   -8.   -6.   -4.
   -3.   -3.    1.    8.    9.   12.   13.   19.   24.   25.   25.   27.
   30.   35.   35.   40.   43.   43.   44.   49.   49.   50.   52.   54.
   55.   55.   58.   58.   59.   61.   62.   62.   68.   71.   71.   72.
   74.   74.   75.   77.   78.   85.   85.   86.   86.   87.   91.   92.
   92.   93.   98.  100.][-100.  -99.  -93.  -91.  -89.  -88.  -84.  -81.  -81.  -80.  -77.  -76.
  -76.  -75.  -75.  -73.  -71.  -69.  -57.  -55.  -55.  -51.  -51.  -49.
  -46.  -46.  -45.  -44.  -44.  -35.  -35.  -33.  -30.  -24.  -24.  -20.
  -16.  -15.  -14.  -14.  -12.   -8.   -7.   -4.   -4.    0.    2.    3.
    9.   10.   12.   12.   16.   16.   17.   19.   22.   24.   25.   31.
   33.   34.   39.   41.   43.   43.   45.   48.   54.   56.   57.   61.
   64.   68.   69.   69.   70.   75.   75.   76.   76.   76.   77.   79.
   80.   82.   83.   85.   86.   86.   88.   89.   90.   91.   93.   93.
   94.   96.   98.  100.][-99. -98. -98. -94. -93. -91. -90. -88. -84. -82. -82. -78. -76. -74.
 -73. -70. -68. -68. -64. -61. -61. -58. -58. -56. -55. -53. -49. -48.
 -47. -45. -38. -37. -34. -32. -29. -27. -26. -24. -21. -15. -15.  -6.
  -4.  -4.  -3.  -1.  -1.  -1.   2.   2.   4.   6.   7.   9.   9.  10.
  15.  16.  18.  20.  24.  26.  28.  28.  31.  32.  33.  33.  34.  34.
  36.  38.  40.  49.  50.  51.  52.  54.  63.  64.  64.  65.  66.  66.
  67.  67.  69.  72.  72.  72.  74.  74.  77.  79.  79.  82.  89.  89.
  94.  97.][-98. -97. -96. -95. -90. -90. -88. -86. -85. -80. -77. -77. -74. -72.
 -67. -65. -64. -62. -62. -60. -58. -53. -52. -49. -49. -48. -47. -46.
 -45. -44. -43. -39. -39. -36. -35. -35. -32. -28. -22. -21. -17. -17.
 -16. -15. -11. -11. -10. -10.  -9.  -7.  -6.  -5.  -4.   4.   6.   6.
   8.   8.  14.  16.  19.  21.  21.  24.  27.  31.  32.  37.  37.  39.
  50.  51.  51.  55.  55.  56.  56.  58.  58.  61.  61.  69.  70.  70.
  73.  74.  74.  75.  75.  77.  78.  86.  87.  88.  92.  95.  96.  97.
  99. 100.][-99. -99. -96. -92. -91. -90. -88. -86. -85. -85. -82. -81. -79. -77.
 -75. -72. -72. -70. -67. -66. -65. -63. -60. -59. -58. -57. -57. -54.
 -44. -41. -40. -39. -38. -37. -36. -35. -32. -32. -30. -19. -17. -11.
 -10.  -6.  -5.  -4.  -3.  -2.   0.   1.   1.   3.   4.   6.   7.   7.
   9.   9.  12.  17.  18.  19.  24.  26.  26.  27.  27.  31.  31.  34.
  37.  39.  40.  40.  42.  45.  48.  49.  51.  52.  52.  54.  54.  55.
  62.  63.  64.  72.  73.  74.  78.  79.  79.  82.  85.  86.  86.  92.
  97.  98.][-100.  -99.  -96.  -91.  -90.  -89.  -88.  -87.  -86.  -86.  -84.  -84.
  -83.  -81.  -81.  -79.  -77.  -76.  -73.  -72.  -65.  -62.  -56.  -56.
  -54.  -54.  -54.  -52.  -47.  -46.  -43.  -42.  -41.  -36.  -35.  -32.
  -26.  -24.  -23.  -22.  -19.  -15.  -13.  -11.  -10.   -9.   -7.   -7.
   -5.   -5.   -3.   -3.    4.    8.    8.   12.   13.   18.   18.   20.
   20.   20.   22.   22.   25.   27.   29.   31.   34.   36.   37.   38.
   39.   40.   42.   44.   45.   47.   48.   49.   49.   50.   52.   52.
   53.   62.   64.   65.   68.   71.   74.   76.   80.   81.   82.   83.
   83.   92.   94.   96.][-100. -100.  -97.  -96.  -96.  -94.  -92.  -87.  -87.  -84.  -82.  -76.
  -67.  -67.  -66.  -66.  -65.  -58.  -57.  -57.  -51.  -50.  -50.  -48.
  -47.  -46.  -44.  -44.  -41.  -41.  -40.  -38.  -34.  -31.  -28.  -27.
  -26.  -26.  -20.  -17.  -16.  -16.  -14.  -12.  -10.  -10.   -7.   -7.
   -2.    1.    2.    3.    5.    7.    8.   11.   12.   13.   15.   16.
   16.   17.   17.   18.   19.   20.   25.   27.   29.   30.   36.   36.
   36.   39.   40.   41.   44.   47.   48.   50.   50.   53.   54.   55.
   59.   60.   61.   62.   62.   65.   69.   69.   73.   79.   83.   84.
   87.   88.   97.   98.][-100.  -99.  -99.  -97.  -96.  -94.  -88.  -86.  -86.  -85.  -84.  -79.
  -76.  -71.  -70.  -68.  -66.  -61.  -60.  -57.  -53.  -52.  -50.  -50.
  -49.  -49.  -49.  -42.  -42.  -39.  -38.  -36.  -32.  -32.  -30.  -29.
  -27.  -23.  -19.  -18.  -18.  -18.  -17.  -17.  -10.   -7.    0.    6.
    7.    8.    9.   12.   12.   15.   16.   17.   19.   20.   23.   23.
   36.   37.   39.   39.   39.   40.   40.   40.   43.   43.   43.   44.
   46.   52.   54.   55.   55.   55.   59.   59.   59.   60.   63.   66.
   67.   74.   78.   78.   79.   80.   84.   84.   87.   89.   89.   92.
   93.   95.   97.  100.][-99. -96. -94. -92. -91. -86. -85. -84. -75. -71. -66. -63. -61. -61.
 -57. -53. -52. -47. -45. -45. -44. -44. -43. -41. -41. -40. -38. -32.
 -30. -30. -25. -22. -21. -20. -20. -18. -18. -11. -11.  -8.  -6.  -5.
  -5.   0.   1.   4.  10.  12.  17.  19.  22.  22.  24.  25.  27.  29.
  31.  32.  34.  36.  36.  37.  40.  40.  40.  41.  41.  42.  45.  47.
  48.  51.  54.  56.  57.  57.  58.  62.  62.  62.  65.  66.  67.  71.
  71.  72.  77.  79.  88.  89.  89.  89.  90.  90.  93.  96.  97.  99.
  99. 100.][-99. -98. -98. -97. -93. -92. -92. -90. -89. -84. -82. -79. -79. -76.
 -70. -66. -65. -63. -62. -61. -61. -61. -61. -53. -51. -50. -43. -43.
 -40. -37. -37. -37. -30. -30. -29. -27. -24. -24. -23. -18. -16. -15.
 -15. -14. -11. -11. -10.  -9.  -8.  -7.  -7.  -4.  -3.  -1.   0.   2.
   2.   3.   4.   5.  13.  16.  17.  19.  20.  23.  26.  26.  30.  33.
  35.  37.  37.  39.  41.  43.  46.  50.  54.  55.  58.  60.  61.  67.
  69.  71.  74.  76.  77.  77.  80.  81.  87.  89.  91.  95.  97.  98.
  99. 100.][-100.  -98.  -97.  -93.  -91.  -87.  -84.  -82.  -82.  -80.  -74.  -73.
  -70.  -68.  -66.  -66.  -64.  -64.  -63.  -59.  -57.  -54.  -52.  -50.
  -48.  -48.  -46.  -46.  -44.  -43.  -43.  -40.  -40.  -38.  -36.  -34.
  -34.  -33.  -30.  -25.  -23.  -23.  -18.  -18.  -17.  -16.  -15.  -11.
   -9.   -5.    0.    5.    6.   10.   10.   12.   12.   12.   16.   16.
   20.   21.   29.   29.   32.   33.   35.   38.   39.   46.   48.   50.
   50.   51.   51.   52.   55.   58.   61.   62.   62.   70.   70.   70.
   72.   73.   73.   79.   82.   83.   85.   88.   92.   92.   93.   94.
   94.   95.   96.   96.][-99. -98. -97. -95. -93. -92. -90. -84. -81. -76. -71. -69. -68. -66.
 -65. -65. -64. -62. -60. -59. -56. -55. -54. -53. -51. -49. -43. -39.
 -39. -39. -29. -27. -25. -22. -19. -14. -10.  -9.  -9.  -9.  -9.  -9.
  -9.  -9.  -8.  -8.  -6.  -5.   0.   0.   0.   2.  10.  10.  11.  17.
  20.  23.  23.  23.  26.  31.  31.  33.  34.  34.  35.  36.  37.  38.
  42.  42.  44.  45.  49.  54.  55.  56.  59.  59.  60.  60.  63.  66.
  68.  73.  74.  77.  79.  80.  85.  86.  87.  88.  89.  90.  92.  93.
  96.  97.][-100.  -99.  -99.  -95.  -92.  -85.  -85.  -84.  -77.  -76.  -74.  -72.
  -70.  -67.  -67.  -66.  -65.  -64.  -63.  -61.  -61.  -61.  -61.  -56.
  -55.  -52.  -52.  -52.  -52.  -49.  -49.  -48.  -42.  -36.  -36.  -36.
  -30.  -29.  -29.  -29.  -28.  -24.  -24.  -22.  -17.  -16.  -12.  -10.
   -9.   -7.   -5.   -2.   -2.    1.   16.   17.   18.   21.   22.   23.
   25.   27.   28.   30.   31.   32.   33.   36.   36.   37.   38.   38.
   42.   44.   46.   56.   57.   58.   60.   61.   62.   62.   66.   68.
   68.   71.   74.   74.   76.   78.   80.   80.   83.   83.   89.   94.
   95.   97.   98.   99.][-99. -98. -97. -97. -97. -96. -95. -88. -82. -81. -79. -77. -76. -72.
 -72. -71. -70. -68. -68. -67. -66. -66. -61. -56. -48. -42. -41. -38.
 -35. -31. -28. -27. -26. -25. -24. -20. -20. -19. -19. -19. -16.  -8.
  -7.  -5.  -5.  -4.  -3.  -1.   3.  12.  15.  16.  16.  17.  17.  18.
  19.  21.  23.  25.  25.  26.  27.  28.  31.  35.  36.  37.  39.  50.
  52.  52.  59.  60.  67.  67.  70.  71.  72.  74.  74.  75.  76.  77.
  78.  78.  78.  78.  80.  81.  81.  85.  86.  88.  92.  96.  97.  97.
  98. 100.][-100. -100.  -97.  -97.  -96.  -95.  -92.  -91.  -89.  -83.  -77.  -75.
  -74.  -73.  -71.  -67.  -65.  -65.  -64.  -63.  -62.  -60.  -59.  -58.
  -58.  -55.  -53.  -49.  -49.  -46.  -45.  -44.  -37.  -34.  -32.  -31.
  -28.  -28.  -26.  -25.  -24.  -20.  -20.  -19.  -17.  -16.  -13.  -11.
  -11.  -11.   -9.   -6.   -3.   -2.    6.   12.   13.   13.   14.   17.
   18.   20.   22.   22.   24.   24.   29.   30.   31.   32.   35.   37.
   39.   39.   40.   41.   41.   44.   44.   45.   45.   46.   51.   51.
   51.   56.   57.   58.   71.   71.   78.   80.   81.   82.   83.   87.
   91.   98.   99.   99.][-99. -99. -98. -97. -97. -91. -91. -87. -82. -81. -77. -75. -75. -72.
 -70. -69. -68. -66. -58. -54. -50. -47. -45. -44. -44. -37. -32. -29.
 -27. -23. -18. -16. -14. -13. -13. -13. -12. -12. -11. -10. -10. -10.
  -4.  -3.  -3.  -1.   2.   5.  10.  14.  17.  18.  19.  21.  27.  29.
  29.  33.  34.  37.  39.  39.  44.  45.  47.  48.  50.  52.  54.  54.
  56.  56.  56.  56.  59.  60.  61.  61.  62.  63.  64.  65.  65.  69.
  69.  70.  71.  71.  75.  78.  79.  80.  83.  88.  89.  90.  91.  97.
  99.  99.][-99. -97. -97. -95. -94. -89. -89. -87. -84. -79. -75. -75. -74. -73.
 -72. -72. -69. -68. -65. -61. -60. -60. -59. -56. -54. -53. -52. -49.
 -44. -41. -40. -40. -37. -36. -35. -34. -33. -33. -32. -32. -30. -28.
 -18. -17. -16. -15. -15. -13. -11.  -9.  -8.  -6.  -4.  -3.  -3.  -1.
   7.   7.   8.   8.   8.   9.  15.  15.  17.  21.  23.  25.  26.  28.
  39.  42.  49.  51.  54.  57.  61.  63.  66.  66.  70.  71.  72.  74.
  76.  78.  78.  81.  82.  82.  83.  83.  87.  88.  89.  90.  93.  93.
  98. 100.][-100.  -98.  -97.  -97.  -96.  -91.  -91.  -91.  -89.  -84.  -83.  -82.
  -81.  -80.  -80.  -80.  -76.  -70.  -70.  -69.  -68.  -67.  -62.  -62.
  -57.  -56.  -54.  -48.  -45.  -45.  -45.  -45.  -44.  -39.  -37.  -34.
  -34.  -33.  -32.  -31.  -28.  -26.  -23.  -23.  -22.  -17.  -15.  -12.
  -11.   -9.   -7.   -5.   -4.   -2.    1.    8.   12.   23.   24.   24.
   25.   25.   26.   28.   29.   38.   39.   41.   43.   43.   43.   44.
   46.   48.   49.   50.   53.   56.   57.   58.   60.   73.   73.   74.
   77.   78.   79.   79.   79.   80.   84.   88.   89.   95.   95.   96.
   96.   99.   99.  100.][-98. -94. -94. -92. -89. -88. -80. -80. -77. -74. -73. -73. -73. -70.
 -70. -69. -69. -69. -65. -64. -64. -62. -62. -60. -59. -57. -56. -54.
 -54. -53. -51. -44. -42. -42. -40. -36. -36. -35. -31. -24. -18. -16.
 -15.  -9.  -6.  -3.  -1.   0.   5.  12.  13.  15.  16.  17.  17.  17.
  21.  21.  28.  29.  35.  36.  37.  38.  38.  41.  42.  43.  49.  52.
  53.  53.  58.  58.  63.  64.  65.  67.  67.  71.  71.  72.  75.  75.
  76.  80.  82.  82.  83.  84.  84.  84.  87.  87.  90.  91.  93.  97.
  99. 100.][-100.  -98.  -98.  -95.  -93.  -91.  -91.  -91.  -90.  -89.  -86.  -83.
  -83.  -82.  -81.  -81.  -80.  -78.  -76.  -72.  -72.  -70.  -66.  -59.
  -58.  -52.  -51.  -50.  -49.  -48.  -48.  -47.  -46.  -38.  -36.  -36.
  -30.  -30.  -29.  -28.  -26.  -22.  -19.  -13.  -11.   -8.   -8.   -6.
   -4.   -3.    5.    5.    7.    8.   10.   20.   22.   23.   23.   25.
   26.   27.   29.   30.   32.   33.   34.   36.   38.   44.   45.   46.
   49.   53.   54.   55.   57.   58.   58.   59.   61.   61.   61.   69.
   71.   75.   76.   76.   81.   82.   82.   87.   91.   92.   92.   96.
   97.   99.   99.  100.][-99. -93. -88. -87. -82. -82. -82. -80. -77. -75. -69. -66. -65. -65.
 -63. -61. -59. -59. -58. -58. -57. -55. -53. -52. -49. -47. -41. -36.
 -33. -33. -32. -31. -29. -29. -28. -25. -23. -23. -18. -13.  -9.  -8.
  -3.   0.   0.   4.   5.   6.   7.  10.  10.  11.  12.  14.  16.  16.
  16.  17.  21.  22.  23.  26.  26.  30.  30.  34.  40.  40.  41.  42.
  44.  45.  48.  49.  51.  53.  55.  56.  56.  58.  58.  60.  60.  62.
  63.  63.  70.  71.  76.  78.  81.  83.  83.  84.  85.  93.  95.  96.
  98. 100.][-100. -100.  -99.  -95.  -92.  -92.  -88.  -86.  -86.  -85.  -81.  -79.
  -78.  -78.  -77.  -76.  -76.  -67.  -66.  -63.  -60.  -59.  -59.  -58.
  -54.  -54.  -46.  -45.  -42.  -40.  -39.  -29.  -28.  -25.  -21.  -18.
  -17.  -15.  -15.  -14.  -13.   -7.   -6.   -3.   -3.    0.    3.    4.
    4.    5.    9.    9.    9.   10.   12.   17.   17.   22.   23.   24.
   25.   26.   26.   27.   29.   30.   31.   36.   36.   39.   42.   43.
   43.   46.   51.   56.   57.   61.   63.   63.   66.   67.   67.   69.
   69.   70.   70.   71.   73.   73.   78.   82.   82.   83.   83.   86.
   86.   89.   90.   93.][-100.  -98.  -95.  -94.  -89.  -89.  -87.  -87.  -84.  -80.  -79.  -79.
  -79.  -75.  -73.  -71.  -71.  -69.  -67.  -58.  -56.  -51.  -49.  -48.
  -45.  -43.  -42.  -41.  -40.  -39.  -37.  -37.  -32.  -31.  -24.  -22.
  -22.  -19.  -17.  -15.  -15.  -14.  -13.  -12.  -12.  -10.   -8.   -4.
   -2.    1.    2.    2.    3.    7.   10.   12.   13.   14.   15.   17.
   17.   17.   21.   22.   22.   23.   23.   23.   25.   25.   29.   30.
   31.   34.   34.   35.   38.   42.   43.   44.   46.   47.   47.   47.
   48.   57.   69.   71.   72.   72.   76.   80.   81.   83.   86.   87.
   88.   94.   96.   99.][-98. -96. -94. -90. -88. -88. -87. -86. -83. -82. -77. -75. -75. -74.
 -72. -69. -67. -67. -66. -60. -60. -58. -58. -58. -55. -54. -52. -49.
 -46. -46. -40. -36. -34. -30. -30. -29. -27. -24. -20. -20. -20. -20.
 -16. -14. -13. -12. -11. -11.  -7.  -6.  -5.  -5.  -4.  -3.  -3.   0.
   2.   3.   4.   5.   5.   6.   7.  12.  14.  15.  17.  17.  19.  21.
  24.  27.  29.  31.  32.  33.  35.  36.  41.  45.  50.  53.  54.  57.
  59.  65.  66.  69.  71.  72.  82.  86.  90.  91.  91.  91.  95.  96.
  98. 100.][-100.  -96.  -90.  -89.  -87.  -86.  -85.  -85.  -84.  -83.  -81.  -81.
  -81.  -79.  -78.  -78.  -78.  -75.  -70.  -69.  -63.  -62.  -62.  -61.
  -58.  -55.  -55.  -55.  -53.  -52.  -45.  -42.  -38.  -38.  -36.  -36.
  -35.  -34.  -33.  -31.  -26.  -25.  -23.  -20.  -20.  -20.  -20.  -16.
  -16.  -12.  -12.   -5.   -3.    1.    2.    7.   10.   10.   11.   12.
   16.   17.   17.   22.   22.   23.   25.   26.   28.   29.   33.   35.
   35.   42.   44.   46.   54.   54.   58.   59.   60.   62.   65.   66.
   68.   69.   70.   71.   72.   77.   77.   80.   82.   84.   84.   84.
   94.   94.   94.   98.][-100.  -99.  -99.  -97.  -97.  -97.  -90.  -90.  -87.  -86.  -80.  -79.
  -78.  -74.  -70.  -68.  -67.  -66.  -65.  -64.  -61.  -60.  -46.  -41.
  -40.  -36.  -34.  -30.  -22.  -19.  -19.  -17.  -15.  -14.  -12.  -11.
   -4.   -2.    0.    1.    2.   14.   17.   17.   18.   18.   19.   22.
   22.   23.   23.   27.   31.   32.   33.   35.   35.   36.   38.   38.
   39.   39.   39.   41.   43.   44.   44.   45.   45.   50.   52.   53.
   53.   56.   59.   60.   60.   61.   61.   63.   65.   70.   71.   75.
   78.   78.   82.   83.   83.   85.   87.   87.   89.   90.   90.   91.
   93.   93.   95.   98.][-97. -97. -95. -85. -84. -84. -83. -82. -80. -79. -79. -77. -73. -71.
 -67. -59. -58. -57. -49. -45. -44. -44. -40. -39. -37. -36. -36. -36.
 -32. -31. -31. -31. -28. -22. -20. -18. -14.  -7.  -6.  -4.  -2.  -2.
   0.   1.   1.   2.   2.   6.   6.   7.   8.   9.  12.  12.  14.  16.
  17.  18.  19.  20.  21.  21.  24.  29.  30.  33.  33.  35.  36.  37.
  40.  48.  50.  51.  52.  57.  61.  63.  64.  66.  67.  70.  71.  73.
  78.  80.  83.  86.  86.  89.  92.  92.  93.  93.  94.  95.  95.  98.
  99.  99.][-99. -99. -99. -95. -94. -94. -94. -92. -90. -88. -86. -86. -86. -82.
 -75. -75. -71. -69. -64. -64. -56. -55. -52. -52. -50. -49. -47. -46.
 -43. -42. -42. -41. -39. -37. -36. -36. -33. -32. -31. -30. -27. -25.
 -25. -24. -21. -19. -17. -15. -15. -11. -10. -10.  -8.  -6.  -3.   0.
   1.   6.   8.   9.  10.  21.  23.  24.  24.  25.  25.  25.  28.  30.
  33.  38.  39.  43.  43.  44.  46.  53.  53.  54.  55.  55.  56.  60.
  65.  67.  69.  69.  72.  74.  75.  77.  79.  81.  81.  82.  86.  87.
  88.  89.][-98. -95. -95. -90. -90. -90. -87. -85. -85. -80. -79. -79. -78. -71.
 -71. -70. -67. -66. -64. -61. -60. -58. -57. -56. -52. -52. -51. -51.
 -50. -41. -40. -39. -36. -36. -36. -30. -30. -28. -24. -18. -16. -12.
 -11. -10.  -8.  -7.  -6.  -4.  -3.  -3.  -2.   1.   1.   1.   2.   6.
   6.   9.  10.  11.  13.  14.  14.  14.  15.  16.  18.  18.  19.  19.
  22.  22.  24.  26.  34.  34.  38.  42.  43.  44.  48.  52.  52.  54.
  56.  56.  64.  64.  66.  67.  70.  74.  77.  80.  80.  81.  85.  87.
  87. 100.][-100. -100.  -98.  -95.  -95.  -87.  -85.  -82.  -74.  -71.  -63.  -63.
  -62.  -60.  -56.  -52.  -50.  -47.  -46.  -46.  -44.  -44.  -42.  -41.
  -37.  -36.  -33.  -33.  -33.  -33.  -30.  -28.  -26.  -22.  -21.  -18.
  -16.   -7.   -3.    0.    1.    1.    6.    8.    9.    9.    9.   10.
   11.   13.   15.   18.   18.   20.   21.   23.   26.   26.   28.   30.
   30.   31.   32.   36.   37.   39.   39.   40.   41.   42.   46.   46.
   50.   52.   52.   53.   56.   58.   62.   68.   70.   70.   71.   74.
   76.   80.   81.   82.   83.   84.   84.   84.   86.   89.   93.   93.
   93.   93.   97.  100.][-97. -95. -93. -92. -92. -92. -89. -88. -87. -85. -81. -79. -77. -74.
 -73. -70. -69. -69. -68. -64. -63. -63. -63. -62. -55. -54. -54. -51.
 -48. -47. -41. -41. -40. -38. -37. -37. -36. -34. -33. -33. -29. -27.
 -26. -25. -18. -18. -18. -17. -16. -15. -14. -14. -12.  -8.  -7.  -5.
  -4.  -3.   2.   5.   8.  12.  12.  14.  14.  14.  18.  19.  19.  26.
  30.  32.  36.  39.  42.  43.  46.  51.  58.  59.  61.  62.  64.  68.
  72.  75.  76.  77.  78.  82.  83.  83.  84.  85.  85.  89.  91.  93.
  95.  98.]