[-96. -95. -95. -95. -93. -90. -90. -88. -87. -86. -82. -80. -78. -78.
 -78. -76. -74. -74. -72. -72. -71. -69. -67. -66. -63. -61. -58. -58.
 -58. -53. -51. -51. -49. -44. -43. -42. -42. -39. -39. -36. -32. -26.
 -24. -20. -11. -10. -10.  -9.  -6.  -6.   0.   4.   9.   9.  10.  19.
  21.  22.  22.  24.  24.  29.  29.  30.  30.  32.  34.  37.  37.  39.
  42.  42.  46.  46.  47.  48.  49.  50.  51.  51.  51.  51.  52.  60.
  60.  61.  63.  67.  73.  73.  73.  74.  85.  86.  87.  92.  95.  96.
  96.  99.][-100.  -99.  -98.  -97.  -95.  -94.  -94.  -93.  -91.  -90.  -87.  -87.
  -86.  -84.  -83.  -80.  -80.  -76.  -74.  -69.  -69.  -68.  -65.  -65.
  -65.  -63.  -62.  -61.  -58.  -56.  -56.  -53.  -53.  -52.  -51.  -50.
  -48.  -46.  -41.  -39.  -39.  -38.  -38.  -36.  -32.  -31.  -28.  -25.
  -22.  -21.  -16.  -15.  -13.  -11.   -9.   -9.   -9.   -6.   -3.   -2.
   -1.    1.    3.    6.    9.   12.   13.   13.   17.   18.   19.   26.
   26.   27.   28.   38.   38.   38.   40.   41.   42.   43.   44.   46.
   50.   61.   61.   63.   65.   69.   69.   75.   77.   82.   84.   93.
   95.   95.   97.   98.][-98. -97. -97. -94. -93. -93. -89. -89. -88. -86. -85. -82. -80. -80.
 -79. -76. -75. -74. -74. -73. -69. -63. -60. -54. -49. -46. -40. -40.
 -35. -33. -33. -29. -29. -28. -28. -26. -23. -20. -19. -16. -16. -16.
 -14. -13. -11. -11. -11.  -4.  -1.   7.   8.  10.  11.  13.  15.  16.
  17.  17.  18.  22.  24.  26.  27.  28.  30.  32.  36.  36.  36.  38.
  38.  40.  42.  43.  45.  47.  52.  53.  54.  54.  56.  56.  57.  60.
  60.  63.  68.  68.  69.  71.  72.  72.  74.  75.  79.  80.  84.  95.
  97.  99.][-98. -96. -94. -93. -90. -89. -87. -87. -85. -84. -74. -74. -71. -69.
 -69. -69. -69. -68. -65. -65. -64. -63. -63. -61. -61. -59. -59. -58.
 -57. -48. -47. -47. -45. -43. -42. -40. -36. -35. -35. -30. -29. -27.
 -27. -25. -25. -24. -20. -18. -17. -15. -14. -14. -14. -13.  -9.  -7.
   1.   3.   5.   5.   6.   7.  11.  11.  11.  13.  15.  17.  17.  26.
  26.  29.  38.  41.  47.  50.  52.  54.  56.  56.  56.  56.  58.  60.
  61.  61.  63.  66.  67.  68.  68.  73.  73.  81.  85.  89.  90.  91.
 100. 100.][-99. -96. -96. -94. -90. -87. -86. -85. -85. -84. -82. -80. -79. -77.
 -71. -70. -69. -69. -68. -66. -63. -61. -58. -57. -57. -53. -52. -52.
 -52. -50. -49. -48. -44. -44. -42. -40. -39. -38. -30. -29. -28. -27.
 -27. -25. -23. -22. -20. -16.  -8.  -6.  -6.  -1.  -1.  -1.   0.   1.
   1.   2.   2.   3.   5.   8.  10.  10.  11.  12.  13.  13.  14.  18.
  19.  19.  22.  23.  24.  24.  27.  28.  31.  34.  34.  36.  37.  39.
  45.  57.  64.  64.  64.  66.  78.  79.  80.  80.  81.  81.  88.  89.
  94.  98.][-100.  -99.  -99.  -99.  -98.  -98.  -92.  -90.  -89.  -84.  -80.  -80.
  -79.  -79.  -78.  -73.  -71.  -69.  -67.  -67.  -64.  -63.  -60.  -59.
  -56.  -55.  -55.  -54.  -45.  -39.  -37.  -35.  -33.  -33.  -33.  -32.
  -32.  -28.  -21.  -20.  -19.  -18.  -18.  -16.  -15.  -10.   -6.   -3.
   -2.    0.    1.    3.    4.    5.    6.    7.   10.   11.   12.   19.
   21.   24.   24.   30.   31.   38.   38.   40.   40.   41.   42.   43.
   45.   48.   48.   51.   58.   61.   62.   63.   65.   74.   78.   79.
   80.   81.   83.   83.   84.   84.   86.   88.   88.   89.   89.   92.
   95.   97.   99.   99.][-100.  -93.  -92.  -91.  -90.  -89.  -86.  -85.  -81.  -77.  -76.  -74.
  -74.  -68.  -63.  -63.  -62.  -62.  -59.  -56.  -56.  -56.  -53.  -50.
  -47.  -42.  -42.  -42.  -42.  -41.  -40.  -39.  -38.  -36.  -30.  -29.
  -27.  -26.  -24.  -15.   -5.   -1.   -1.    2.    4.    4.    6.    7.
    9.    9.   11.   11.   12.   13.   13.   13.   14.   17.   17.   20.
   20.   22.   22.   27.   30.   32.   35.   40.   40.   40.   41.   43.
   44.   47.   48.   49.   49.   52.   55.   58.   62.   63.   64.   66.
   68.   70.   71.   72.   72.   74.   79.   79.   79.   88.   91.   96.
   96.   96.   98.   99.][-98. -96. -95. -95. -92. -90. -89. -82. -81. -79. -77. -71. -70. -69.
 -68. -64. -64. -62. -58. -54. -49. -48. -48. -46. -45. -44. -39. -35.
 -34. -34. -33. -31. -30. -30. -27. -16. -14. -14. -14. -13. -12.  -9.
  -8.  -7.  -7.  -6.   2.   3.   3.   6.   7.   7.  10.  11.  12.  20.
  21.  24.  26.  28.  31.  34.  35.  38.  38.  40.  41.  43.  44.  45.
  46.  46.  51.  60.  62.  63.  65.  69.  69.  70.  73.  75.  75.  78.
  80.  80.  80.  81.  81.  82.  84.  85.  88.  89.  91.  93.  95.  95.
  97. 100.][-99. -98. -95. -92. -92. -89. -88. -84. -82. -80. -79. -78. -76. -70.
 -70. -67. -66. -65. -65. -64. -63. -63. -62. -58. -57. -50. -48. -42.
 -42. -40. -30. -30. -29. -26. -26. -25. -23. -19. -19. -17. -15. -13.
  -8.  -4.  -3.  -3.  -1.   0.   0.   0.   4.   7.   9.   9.  11.  11.
  11.  15.  16.  20.  23.  23.  24.  26.  26.  27.  30.  32.  33.  35.
  36.  37.  37.  37.  39.  39.  46.  48.  48.  49.  53.  54.  55.  55.
  57.  59.  67.  69.  74.  78.  82.  82.  83.  83.  85.  86.  89.  93.
  99. 100.][-94. -94. -94. -93. -93. -93. -90. -90. -89. -88. -87. -84. -82. -81.
 -80. -75. -74. -73. -71. -69. -69. -66. -61. -61. -60. -59. -58. -58.
 -53. -50. -47. -47. -46. -45. -45. -41. -41. -41. -40. -40. -36. -35.
 -35. -30. -26. -23. -21. -21. -20. -19. -18. -17. -13.  -8.  -7.  -3.
   8.   8.   9.   9.   9.  11.  14.  18.  19.  29.  34.  38.  39.  42.
  44.  47.  50.  51.  51.  53.  54.  57.  62.  65.  67.  69.  69.  69.
  70.  70.  73.  76.  78.  86.  89.  90.  90.  91.  92.  94.  98.  99.
  99. 100.][-98. -95. -91. -87. -83. -82. -80. -73. -73. -72. -67. -66. -65. -62.
 -58. -57. -57. -56. -56. -54. -52. -46. -46. -44. -43. -42. -42. -38.
 -33. -33. -25. -25. -24. -23. -22. -21. -17. -17. -14. -12. -10. -10.
  -7.  -7.  -6.  -6.  -5.   5.  10.  10.  13.  15.  17.  17.  20.  20.
  23.  23.  24.  25.  25.  25.  27.  27.  27.  28.  28.  33.  34.  35.
  40.  42.  45.  46.  47.  47.  49.  50.  51.  52.  56.  56.  58.  59.
  60.  64.  64.  66.  70.  72.  85.  89.  89.  89.  92.  94.  94.  96.
  98.  99.][-100.  -98.  -96.  -95.  -94.  -93.  -91.  -90.  -89.  -88.  -80.  -77.
  -74.  -74.  -73.  -72.  -62.  -62.  -58.  -56.  -51.  -50.  -48.  -48.
  -47.  -47.  -47.  -44.  -38.  -33.  -30.  -28.  -27.  -26.  -16.  -14.
  -13.  -11.  -11.   -9.   -4.   -1.    0.    1.    2.    2.    3.    3.
    7.    8.    8.    9.   10.   11.   13.   14.   14.   14.   15.   17.
   17.   19.   21.   22.   24.   25.   28.   28.   29.   30.   30.   32.
   36.   37.   48.   50.   51.   54.   56.   62.   63.   63.   65.   69.
   70.   70.   78.   79.   81.   82.   83.   85.   85.   86.   89.   89.
   91.   98.   99.   99.][-97. -97. -91. -89. -88. -85. -83. -83. -81. -81. -78. -73. -66. -60.
 -59. -54. -52. -49. -47. -44. -43. -43. -41. -40. -40. -38. -37. -37.
 -36. -33. -32. -32. -31. -31. -31. -29. -27. -26. -25. -24. -23. -23.
 -21. -16. -12.  -7.  -6.  -5.  -3.  -3.  -2.   0.   1.   5.   5.   6.
  10.  10.  11.  13.  13.  13.  18.  18.  19.  19.  21.  21.  30.  33.
  35.  36.  42.  44.  44.  48.  49.  50.  51.  52.  52.  53.  57.  60.
  70.  71.  72.  72.  75.  76.  83.  83.  86.  87.  87.  90.  94.  95.
  96.  97.][-99. -98. -93. -92. -92. -89. -89. -88. -86. -84. -83. -80. -78. -78.
 -77. -75. -73. -70. -70. -70. -66. -64. -59. -58. -54. -54. -49. -48.
 -45. -44. -41. -40. -35. -35. -35. -34. -31. -30. -30. -30. -24. -24.
 -23. -19. -14. -14. -13.  -9.  -2.  -1.   4.  10.  11.  14.  14.  19.
  20.  21.  24.  25.  29.  29.  33.  37.  42.  43.  47.  49.  51.  52.
  59.  59.  60.  61.  61.  62.  65.  70.  70.  72.  73.  73.  75.  75.
  75.  78.  78.  78.  79.  79.  80.  82.  83.  84.  85.  88.  91.  92.
  99. 100.][-99. -99. -97. -93. -91. -86. -85. -84. -81. -72. -71. -69. -68. -68.
 -65. -65. -65. -64. -55. -55. -53. -45. -42. -41. -41. -33. -31. -30.
 -26. -24. -18. -18. -15. -14. -13. -13. -11. -10.  -6.  -5.  -4.  -4.
  -2.  -2.   0.   2.   2.   5.   6.  10.  13.  16.  17.  17.  18.  19.
  26.  27.  28.  31.  32.  33.  37.  38.  42.  42.  43.  47.  48.  50.
  54.  55.  57.  58.  63.  64.  64.  74.  75.  75.  76.  78.  82.  83.
  84.  85.  85.  86.  88.  88.  88.  88.  90.  92.  97.  97.  97.  98.
  99. 100.][-99. -98. -98. -96. -90. -89. -88. -87. -82. -82. -80. -78. -77. -75.
 -72. -69. -64. -61. -60. -57. -56. -53. -51. -49. -47. -47. -46. -45.
 -43. -42. -37. -32. -32. -31. -29. -29. -28. -25. -25. -24. -21. -20.
 -19. -18. -15. -12.  -9.  -5.   0.   8.  10.  21.  23.  23.  23.  24.
  27.  27.  28.  31.  33.  34.  37.  37.  38.  38.  42.  48.  48.  49.
  49.  52.  52.  53.  54.  56.  58.  60.  62.  67.  70.  70.  71.  71.
  72.  74.  74.  76.  77.  78.  79.  79.  81.  85.  86.  90.  93.  95.
  98.  99.][-95. -94. -94. -94. -93. -90. -89. -89. -82. -79. -78. -77. -76. -67.
 -66. -63. -60. -59. -58. -56. -56. -53. -52. -47. -45. -43. -38. -37.
 -36. -35. -32. -31. -28. -27. -25. -24. -23. -18. -18. -16. -16. -14.
 -13. -12. -12. -10.  -9.  -7.  -6.  -4.   4.   6.   7.   9.  12.  14.
  17.  20.  20.  24.  24.  29.  30.  31.  31.  32.  33.  36.  43.  47.
  49.  49.  49.  54.  55.  55.  56.  56.  57.  58.  58.  58.  67.  67.
  74.  77.  80.  80.  81.  83.  85.  88.  88.  89.  93.  93.  94.  96.
  98. 100.][-100.  -99.  -99.  -99.  -96.  -95.  -92.  -91.  -91.  -89.  -88.  -86.
  -85.  -85.  -85.  -83.  -80.  -77.  -77.  -76.  -74.  -74.  -70.  -69.
  -64.  -64.  -60.  -59.  -59.  -59.  -53.  -49.  -48.  -47.  -44.  -43.
  -43.  -41.  -41.  -38.  -38.  -36.  -31.  -30.  -30.  -28.  -27.  -24.
  -22.  -21.  -21.  -19.  -19.  -18.  -11.  -10.  -10.   -9.   -9.   -8.
   -2.    4.    7.   12.   12.   15.   16.   19.   25.   27.   30.   31.
   38.   39.   41.   41.   42.   44.   45.   50.   50.   52.   59.   60.
   64.   67.   70.   74.   76.   77.   79.   79.   79.   82.   83.   89.
   91.   92.   98.   98.][-100.  -99.  -98.  -97.  -94.  -92.  -92.  -90.  -85.  -85.  -85.  -83.
  -83.  -80.  -77.  -75.  -72.  -70.  -68.  -67.  -66.  -62.  -53.  -53.
  -51.  -51.  -49.  -46.  -46.  -45.  -42.  -42.  -41.  -40.  -39.  -34.
  -34.  -33.  -31.  -30.  -27.  -26.  -21.  -18.  -14.  -12.  -12.  -10.
  -10.   -9.   -7.   -5.   -5.   -4.   -4.    3.    8.   12.   13.   18.
   20.   22.   22.   23.   24.   25.   25.   31.   37.   39.   40.   41.
   43.   44.   46.   47.   47.   48.   51.   54.   60.   62.   64.   67.
   67.   69.   69.   73.   76.   76.   79.   81.   82.   82.   86.   86.
   89.   94.   94.   95.][-99. -97. -96. -94. -89. -88. -88. -78. -77. -73. -70. -68. -65. -64.
 -63. -62. -59. -58. -57. -56. -50. -47. -46. -46. -41. -40. -39. -39.
 -37. -37. -31. -30. -29. -27. -26. -24. -24. -24. -23. -21. -20. -19.
 -16. -15. -15. -15. -11.  -6.   6.   7.   7.   7.  11.  12.  13.  16.
  19.  19.  21.  22.  24.  25.  26.  29.  29.  31.  32.  33.  34.  34.
  35.  35.  37.  42.  43.  44.  45.  45.  46.  50.  51.  52.  54.  56.
  58.  60.  63.  65.  68.  74.  80.  83.  84.  84.  85.  88.  92.  93.
  99.  99.][-98. -91. -90. -86. -86. -83. -79. -78. -78. -75. -74. -73. -73. -72.
 -71. -71. -71. -69. -68. -61. -60. -59. -54. -53. -51. -51. -50. -48.
 -45. -42. -42. -42. -40. -38. -32. -32. -30. -28. -19. -17. -16. -16.
 -11. -10.  -7.  -2.  -1.   1.   2.   6.   8.   8.  10.  14.  15.  18.
  21.  22.  23.  23.  25.  25.  29.  32.  33.  34.  39.  39.  40.  41.
  41.  42.  49.  50.  55.  60.  61.  67.  67.  68.  69.  72.  72.  73.
  74.  76.  76.  76.  78.  78.  80.  81.  82.  86.  88.  91.  92.  93.
  96.  98.][-98. -91. -91. -91. -86. -86. -82. -81. -79. -76. -74. -73. -72. -71.
 -65. -64. -64. -62. -58. -56. -55. -52. -51. -49. -48. -47. -44. -41.
 -39. -38. -35. -34. -33. -33. -31. -30. -30. -30. -29. -29. -28. -27.
 -23. -21. -21. -17. -17. -15. -14. -13. -12.  -3.  -2.  -2.  -1.   1.
   1.   6.   8.   8.  16.  25.  26.  27.  28.  30.  32.  32.  32.  35.
  36.  37.  39.  40.  41.  42.  43.  45.  48.  51.  55.  56.  58.  58.
  61.  65.  70.  73.  74.  79.  79.  81.  82.  86.  88.  89.  97.  98.
  99. 100.][-100.  -99.  -96.  -94.  -92.  -86.  -86.  -79.  -76.  -75.  -75.  -73.
  -70.  -66.  -65.  -65.  -62.  -58.  -56.  -55.  -54.  -54.  -53.  -52.
  -50.  -50.  -50.  -46.  -42.  -42.  -39.  -36.  -26.  -26.  -22.  -21.
  -21.  -21.  -20.  -20.  -19.  -19.  -17.  -17.  -16.  -14.  -13.  -13.
   -9.   -4.   -3.    1.    2.    5.    6.    6.    7.    9.   11.   11.
   12.   12.   16.   20.   21.   23.   25.   27.   31.   31.   34.   34.
   37.   39.   41.   41.   43.   45.   46.   48.   49.   49.   50.   56.
   59.   61.   63.   64.   64.   68.   69.   72.   75.   77.   80.   82.
  100.  100.  100.  100.][-94. -83. -78. -76. -75. -75. -75. -69. -67. -64. -63. -59. -59. -56.
 -54. -48. -43. -37. -35. -35. -35. -29. -29. -26. -20. -19. -12. -12.
 -11.  -9.  -6.  -5.  -5.  -3.  -3.   2.   2.   5.   8.  10.  11.  12.
  14.  19.  21.  21.  25.  27.  27.  28.  29.  29.  30.  32.  33.  34.
  36.  39.  42.  43.  44.  44.  46.  46.  50.  53.  58.  58.  59.  60.
  60.  61.  62.  63.  65.  66.  66.  67.  68.  73.  74.  75.  77.  78.
  79.  80.  81.  83.  85.  85.  85.  86.  86.  88.  89.  89.  95.  96.
  99. 100.][-100.  -99.  -99.  -95.  -95.  -94.  -91.  -91.  -89.  -84.  -82.  -80.
  -80.  -78.  -76.  -70.  -69.  -68.  -66.  -63.  -61.  -57.  -54.  -54.
  -54.  -52.  -51.  -49.  -48.  -47.  -47.  -41.  -41.  -39.  -37.  -36.
  -34.  -31.  -28.  -28.  -28.  -26.  -25.  -25.  -24.  -23.  -19.  -17.
  -16.  -11.   -7.   -6.   -1.    3.    3.    4.    9.   11.   12.   12.
   17.   21.   21.   26.   30.   30.   34.   36.   36.   37.   38.   39.
   46.   46.   47.   48.   48.   50.   50.   51.   51.   51.   52.   52.
   56.   62.   63.   64.   66.   67.   71.   75.   76.   79.   81.   84.
   90.   93.   98.   99.][-97. -97. -95. -95. -95. -90. -84. -82. -81. -80. -80. -78. -77. -75.
 -75. -74. -73. -73. -71. -70. -69. -60. -58. -56. -55. -48. -47. -45.
 -43. -43. -41. -40. -37. -35. -33. -32. -30. -24. -24. -22. -22. -17.
 -15. -14. -13.  -8.  -7.  -7.  -1.  -1.   3.   9.  10.  13.  13.  15.
  20.  22.  25.  29.  31.  32.  32.  34.  36.  36.  38.  38.  39.  39.
  40.  42.  43.  44.  46.  47.  53.  54.  55.  56.  59.  59.  62.  62.
  64.  65.  66.  67.  69.  74.  76.  76.  80.  83.  85.  88.  88.  92.
  95.  96.][-100.  -98.  -97.  -93.  -90.  -89.  -89.  -88.  -86.  -85.  -79.  -78.
  -73.  -69.  -69.  -60.  -60.  -59.  -59.  -58.  -56.  -52.  -50.  -50.
  -46.  -41.  -40.  -38.  -37.  -36.  -36.  -31.  -30.  -30.  -29.  -28.
  -27.  -26.  -24.  -21.  -19.  -19.  -19.  -18.  -11.  -10.   -9.   -8.
   -7.   -6.   -3.    3.    5.    5.    6.    9.   12.   15.   21.   22.
   23.   24.   26.   27.   28.   28.   37.   38.   40.   42.   43.   43.
   45.   48.   49.   53.   54.   55.   57.   58.   60.   67.   68.   70.
   71.   74.   77.   78.   80.   81.   81.   85.   85.   85.   85.   86.
   89.   89.   91.  100.][-93. -92. -88. -87. -87. -86. -86. -85. -83. -82. -77. -70. -69. -69.
 -62. -61. -59. -58. -57. -57. -52. -51. -41. -41. -39. -38. -38. -38.
 -38. -37. -26. -22. -19. -18. -18. -17. -16. -14. -12.  -8.  -7.  -5.
  -2.   0.   2.   4.   5.   7.   9.   9.   9.  17.  20.  20.  22.  24.
  27.  28.  28.  32.  33.  33.  35.  35.  38.  42.  42.  42.  43.  48.
  50.  50.  51.  51.  54.  55.  56.  57.  58.  58.  59.  61.  62.  63.
  63.  64.  67.  71.  74.  77.  78.  79.  79.  79.  82.  83.  92.  92.
  95. 100.][-95. -90. -85. -84. -82. -76. -76. -75. -75. -74. -74. -66. -63. -62.
 -58. -52. -51. -49. -45. -42. -37. -36. -35. -31. -31. -30. -30. -29.
 -27. -27. -24. -21. -20. -19. -19. -18. -15. -14. -12. -11. -11.  -8.
  -7.  -6.  -5.  -3.   3.   6.   8.   9.  10.  12.  12.  13.  15.  15.
  18.  19.  19.  19.  25.  27.  28.  34.  39.  44.  45.  48.  51.  52.
  53.  53.  53.  57.  57.  57.  58.  59.  61.  63.  63.  64.  69.  70.
  71.  72.  73.  73.  76.  80.  81.  88.  89.  89.  93.  95.  98.  98.
  98.  99.][-98. -95. -92. -91. -89. -87. -85. -85. -84. -80. -77. -76. -76. -73.
 -71. -69. -69. -64. -53. -51. -48. -47. -44. -43. -43. -38. -36. -36.
 -34. -32. -24. -21. -19. -17. -15. -15. -13. -12. -10.  -9.  -5.  -3.
  -2.   1.   4.   4.   9.  13.  15.  15.  15.  17.  20.  21.  30.  30.
  34.  37.  39.  41.  41.  41.  42.  44.  45.  47.  53.  54.  54.  55.
  58.  60.  64.  67.  68.  68.  71.  71.  72.  75.  76.  78.  80.  81.
  81.  82.  82.  85.  87.  87.  89.  90.  90.  93.  95.  97.  98.  99.
  99.  99.][-99. -92. -91. -90. -88. -88. -87. -83. -82. -82. -79. -78. -78. -77.
 -75. -74. -73. -69. -67. -65. -63. -61. -59. -55. -54. -52. -50. -50.
 -48. -48. -44. -41. -40. -39. -36. -30. -28. -23. -20. -17.  -9.  -8.
  -7.  -6.  -5.  -5.  -3.  -2.   3.   4.   5.   7.  10.  12.  13.  14.
  16.  21.  21.  23.  27.  33.  38.  38.  42.  44.  47.  50.  50.  50.
  51.  53.  53.  54.  57.  60.  64.  64.  65.  65.  68.  69.  71.  72.
  73.  74.  76.  77.  77.  78.  83.  84.  86.  89.  90.  91.  93.  97.
  99. 100.][-99. -98. -96. -96. -95. -95. -93. -93. -91. -86. -86. -84. -83. -80.
 -80. -76. -75. -74. -65. -63. -61. -61. -56. -55. -53. -52. -52. -51.
 -51. -50. -48. -47. -40. -39. -37. -37. -36. -35. -28. -25. -25. -21.
 -19. -19. -17. -14. -10.  -9.  -7.  -7.  -2.   1.   3.   7.   9.  10.
  14.  18.  18.  19.  20.  22.  27.  33.  35.  35.  36.  37.  38.  39.
  39.  41.  46.  46.  49.  49.  52.  53.  54.  54.  57.  64.  65.  68.
  75.  76.  80.  82.  84.  84.  85.  86.  91.  92.  94.  94.  95.  95.
  98. 100.][-100.  -99.  -96.  -94.  -92.  -88.  -88.  -88.  -87.  -82.  -81.  -79.
  -79.  -78.  -77.  -75.  -74.  -72.  -69.  -64.  -63.  -62.  -58.  -58.
  -57.  -56.  -53.  -50.  -50.  -45.  -45.  -44.  -40.  -37.  -34.  -32.
  -31.  -31.  -29.  -26.  -24.  -24.  -23.  -23.  -23.  -22.  -22.  -12.
  -11.  -10.  -10.   -7.   -5.   -2.    4.    5.    7.   11.   13.   13.
   14.   15.   18.   18.   19.   21.   29.   32.   35.   36.   38.   40.
   40.   43.   48.   48.   53.   54.   56.   58.   60.   62.   66.   68.
   68.   68.   73.   74.   75.   77.   79.   86.   90.   91.   91.   93.
   94.   96.   96.   96.][-96. -95. -94. -92. -88. -87. -86. -86. -85. -84. -83. -80. -79. -79.
 -77. -75. -74. -70. -70. -65. -64. -59. -59. -55. -54. -51. -49. -45.
 -44. -40. -38. -36. -35. -33. -32. -30. -28. -27. -27. -25. -22. -19.
 -19. -19. -17. -15. -12. -11. -10.  -4.  -4.  -3.   1.   2.   5.   9.
  10.  13.  13.  15.  18.  20.  25.  30.  30.  31.  33.  36.  39.  40.
  40.  43.  44.  46.  47.  53.  59.  60.  61.  62.  63.  64.  64.  64.
  65.  72.  72.  73.  73.  75.  76.  78.  80.  81.  81.  87.  93.  93.
  93.  95.][-99. -99. -98. -96. -91. -91. -90. -89. -88. -87. -83. -81. -78. -74.
 -70. -62. -62. -61. -59. -58. -57. -57. -56. -53. -51. -45. -42. -41.
 -37. -34. -31. -31. -28. -27. -27. -26. -26. -25. -23. -22. -17. -17.
 -12. -10.  -5.  -5.  -5.  -4.  -3.  -2.  -2.   6.   7.  10.  13.  15.
  15.  16.  17.  17.  20.  29.  30.  30.  30.  32.  33.  35.  36.  37.
  40.  40.  44.  45.  52.  56.  60.  62.  63.  64.  64.  64.  65.  68.
  73.  76.  76.  83.  84.  85.  88.  89.  89.  91.  91.  94.  95.  95.
  96.  99.][-92. -91. -88. -88. -87. -86. -86. -84. -84. -84. -84. -81. -81. -81.
 -81. -79. -78. -74. -73. -72. -71. -70. -69. -64. -63. -61. -58. -57.
 -57. -55. -53. -50. -50. -49. -48. -46. -41. -40. -31. -31. -30. -30.
 -29. -27. -26. -25. -23. -21. -19. -15. -14. -10.  -7.  -7.  -6.  -3.
   0.   1.  15.  18.  21.  25.  25.  25.  26.  28.  32.  34.  37.  39.
  39.  41.  42.  44.  45.  47.  51.  52.  53.  54.  56.  56.  58.  59.
  59.  60.  64.  64.  64.  69.  69.  79.  81.  82.  84.  89.  91.  92.
  95.  98.][-97. -94. -88. -85. -83. -82. -78. -73. -71. -65. -63. -62. -62. -60.
 -59. -59. -57. -57. -56. -56. -56. -55. -53. -53. -51. -49. -48. -47.
 -44. -44. -43. -41. -36. -36. -28. -28. -25. -22. -22. -19. -15. -12.
  -8.  -8.  -4.  -2.  -1.   0.   2.   2.   3.   5.   5.   7.   8.   9.
   9.  10.  14.  15.  16.  19.  21.  22.  24.  24.  26.  26.  29.  34.
  35.  36.  40.  42.  44.  46.  47.  51.  55.  57.  60.  66.  66.  70.
  70.  78.  81.  82.  84.  84.  84.  84.  89.  89.  94.  95.  99.  99.
  99. 100.][-97. -96. -95. -94. -92. -92. -91. -91. -90. -89. -89. -88. -86. -78.
 -77. -71. -70. -65. -65. -64. -59. -59. -58. -54. -54. -54. -51. -45.
 -43. -43. -43. -40. -32. -30. -30. -30. -24. -20. -19. -18. -17. -13.
 -11. -10. -10.  -6.  -2.   4.   6.   9.  11.  12.  13.  16.  18.  19.
  19.  21.  22.  22.  22.  22.  23.  24.  26.  27.  30.  35.  35.  37.
  40.  44.  50.  51.  53.  53.  57.  57.  60.  60.  62.  65.  66.  67.
  68.  73.  73.  78.  79.  81.  82.  85.  85.  88.  89.  90.  93.  95.
  96.  96.][-100.  -99.  -99.  -97.  -96.  -92.  -90.  -88.  -87.  -86.  -86.  -84.
  -84.  -80.  -76.  -75.  -71.  -71.  -68.  -63.  -60.  -59.  -57.  -53.
  -51.  -51.  -47.  -44.  -43.  -42.  -41.  -38.  -30.  -29.  -27.  -26.
  -25.  -24.  -23.  -22.  -21.  -20.  -20.  -19.  -16.  -14.  -13.  -12.
   -8.   -8.   -4.   -4.   -2.   -2.    1.    7.   13.   14.   14.   15.
   15.   18.   22.   23.   23.   25.   26.   33.   36.   36.   39.   43.
   44.   46.   47.   48.   50.   53.   54.   62.   65.   70.   71.   74.
   74.   75.   81.   84.   87.   88.   89.   90.   91.   92.   94.   95.
   95.   96.   98.  100.][-96. -95. -94. -90. -90. -90. -87. -85. -80. -74. -73. -67. -66. -65.
 -64. -62. -62. -62. -61. -53. -51. -50. -50. -49. -48. -44. -43. -38.
 -37. -36. -33. -27. -22. -22. -21. -20. -14. -12. -11.  -8.  -7.  -7.
  -7.  -5.  -2.  -1.   2.   4.   7.   9.  12.  13.  15.  16.  17.  20.
  21.  21.  22.  23.  24.  25.  28.  29.  29.  33.  38.  40.  43.  43.
  45.  46.  46.  49.  53.  55.  57.  58.  62.  62.  64.  64.  66.  70.
  72.  74.  75.  75.  77.  79.  80.  82.  85.  85.  88.  92.  94.  97.
  99. 100.][-96. -94. -94. -87. -85. -83. -75. -70. -70. -68. -68. -65. -63. -61.
 -60. -59. -56. -52. -49. -49. -49. -46. -44. -42. -41. -34. -34. -31.
 -29. -28. -28. -25. -22. -22. -20. -19. -15. -15. -14. -13. -11.  -9.
  -9.  -6.  -6.  -5.   1.   2.   4.   8.  11.  11.  12.  14.  16.  20.
  21.  29.  29.  31.  31.  33.  33.  36.  38.  41.  49.  50.  51.  51.
  52.  52.  57.  58.  60.  60.  64.  64.  66.  66.  66.  70.  71.  77.
  78.  79.  81.  81.  83.  84.  84.  86.  88.  89.  91.  92.  93.  97.
  99. 100.][-100.  -98.  -98.  -97.  -96.  -92.  -88.  -82.  -80.  -77.  -76.  -76.
  -70.  -67.  -64.  -62.  -59.  -58.  -58.  -48.  -46.  -45.  -43.  -42.
  -41.  -41.  -40.  -36.  -35.  -33.  -32.  -31.  -29.  -28.  -25.  -23.
  -23.  -23.  -23.  -14.  -10.   -9.   -9.   -8.   -5.   -4.   -2.   -2.
   -1.   -1.   -1.    2.    5.    9.   11.   18.   19.   20.   24.   26.
   27.   29.   30.   31.   32.   34.   34.   34.   39.   41.   42.   42.
   45.   46.   46.   48.   53.   54.   55.   55.   56.   57.   57.   57.
   60.   65.   66.   68.   69.   70.   72.   82.   83.   88.   89.   91.
   91.   93.   97.   98.][-100.  -96.  -93.  -92.  -92.  -89.  -82.  -82.  -78.  -77.  -75.  -75.
  -70.  -69.  -62.  -61.  -61.  -59.  -59.  -58.  -56.  -54.  -53.  -52.
  -51.  -49.  -47.  -46.  -43.  -38.  -35.  -34.  -33.  -33.  -32.  -31.
  -29.  -22.  -17.  -17.  -16.  -14.  -14.  -13.  -12.  -10.   -5.   -5.
   -4.   -1.   -1.    0.    4.    6.    7.    9.   15.   16.   23.   25.
   25.   28.   29.   30.   31.   34.   34.   38.   39.   40.   42.   45.
   47.   52.   52.   55.   60.   61.   62.   65.   65.   71.   72.   73.
   75.   76.   76.   78.   85.   88.   88.   90.   91.   91.   93.   94.
   95.   95.   98.  100.][-99. -98. -91. -89. -88. -88. -85. -85. -84. -79. -78. -70. -69. -65.
 -61. -59. -57. -56. -50. -48. -46. -44. -41. -38. -36. -35. -34. -34.
 -30. -30. -28. -28. -27. -20. -20. -20. -19. -19. -15. -15. -11.  -9.
  -8.  -2.  -1.   0.   3.   5.   6.   6.   8.   8.   8.  11.  12.  13.
  13.  15.  17.  19.  20.  21.  22.  26.  32.  36.  38.  43.  45.  46.
  48.  48.  52.  53.  53.  54.  54.  56.  60.  61.  63.  64.  67.  68.
  69.  73.  74.  75.  77.  81.  83.  83.  87.  87.  88.  90.  94.  95.
  96.  99.][-100.  -99.  -84.  -79.  -78.  -77.  -72.  -71.  -68.  -67.  -65.  -63.
  -62.  -61.  -61.  -59.  -58.  -57.  -53.  -53.  -50.  -48.  -47.  -47.
  -44.  -41.  -40.  -39.  -39.  -37.  -35.  -32.  -31.  -31.  -29.  -28.
  -27.  -27.  -26.  -26.  -25.  -23.  -22.  -21.  -20.  -17.  -14.  -13.
  -11.  -11.   -8.   -6.   -2.    0.    0.    1.    5.    6.    8.    9.
   10.   10.   11.   11.   12.   13.   15.   18.   26.   29.   30.   34.
   34.   35.   36.   41.   47.   47.   48.   54.   56.   57.   58.   58.
   60.   61.   61.   66.   68.   70.   70.   72.   72.   75.   77.   77.
   80.   86.   87.   90.][-100.  -99.  -96.  -94.  -91.  -90.  -89.  -89.  -87.  -86.  -80.  -79.
  -78.  -76.  -74.  -73.  -73.  -70.  -66.  -65.  -57.  -55.  -55.  -55.
  -52.  -50.  -48.  -46.  -46.  -44.  -42.  -41.  -37.  -37.  -37.  -36.
  -35.  -35.  -33.  -31.  -28.  -27.  -22.  -21.  -20.  -20.  -16.   -9.
   -7.   -6.   -2.   -1.   -1.    1.    6.    7.   11.   11.   12.   13.
   14.   15.   17.   18.   20.   22.   24.   25.   27.   27.   28.   29.
   31.   32.   32.   37.   38.   38.   40.   43.   44.   48.   49.   61.
   63.   64.   68.   69.   70.   76.   79.   80.   80.   81.   83.   87.
   91.   94.   97.   98.][-100.  -98.  -94.  -94.  -88.  -87.  -86.  -85.  -85.  -83.  -83.  -83.
  -83.  -81.  -81.  -77.  -76.  -68.  -68.  -66.  -63.  -58.  -58.  -58.
  -57.  -55.  -51.  -50.  -47.  -47.  -46.  -46.  -42.  -40.  -37.  -33.
  -29.  -22.  -20.  -19.  -19.  -18.  -13.  -13.  -12.   -9.   -9.   -5.
   -5.    5.    6.    7.    9.   12.   14.   14.   15.   15.   23.   25.
   25.   31.   33.   34.   36.   38.   41.   41.   41.   43.   47.   49.
   52.   53.   53.   53.   54.   54.   56.   57.   57.   57.   57.   59.
   64.   64.   67.   67.   67.   68.   73.   78.   83.   85.   89.   92.
   95.   97.   98.   99.][-97. -97. -90. -87. -84. -81. -80. -78. -74. -73. -72. -70. -67. -61.
 -61. -61. -57. -51. -51. -51. -51. -47. -45. -44. -39. -38. -37. -35.
 -31. -31. -31. -30. -28. -26. -25. -24. -18. -15. -14. -10.  -7.  -6.
  -4.  -3.  -1.   6.  10.  11.  12.  12.  14.  16.  17.  19.  22.  25.
  27.  28.  28.  31.  33.  38.  38.  41.  43.  45.  45.  47.  49.  50.
  50.  51.  52.  53.  56.  60.  64.  64.  65.  65.  67.  67.  68.  69.
  71.  71.  71.  72.  73.  79.  79.  81.  83.  85.  86.  90.  91.  98.
 100. 100.][-96. -95. -95. -94. -87. -85. -84. -83. -80. -79. -79. -78. -78. -73.
 -73. -73. -69. -67. -65. -65. -64. -62. -62. -55. -54. -54. -51. -46.
 -42. -41. -41. -38. -34. -34. -34. -33. -30. -29. -29. -20. -20. -17.
 -12. -10.  -8.  -6.  -5.  -4.  -3.   0.   1.   2.   4.   5.   7.   8.
   9.  10.  13.  15.  15.  15.  19.  22.  22.  22.  25.  27.  27.  29.
  29.  32.  35.  38.  39.  39.  39.  40.  40.  40.  40.  41.  41.  44.
  45.  55.  59.  60.  63.  71.  74.  75.  80.  82.  85.  90.  91.  91.
  91. 100.][-100. -100.  -99.  -92.  -87.  -80.  -79.  -77.  -71.  -68.  -67.  -66.
  -66.  -64.  -62.  -60.  -59.  -51.  -51.  -48.  -45.  -40.  -40.  -37.
  -36.  -35.  -32.  -28.  -25.  -22.  -19.  -19.  -18.  -15.  -14.  -13.
  -10.  -10.   -9.   -9.   -6.   -6.   -5.   -3.    4.    4.    5.    9.
   14.   18.   20.   25.   26.   27.   29.   29.   38.   38.   39.   39.
   39.   40.   40.   41.   42.   42.   49.   50.   51.   52.   53.   54.
   54.   57.   58.   61.   63.   65.   69.   70.   70.   71.   71.   72.
   74.   76.   79.   83.   85.   87.   89.   91.   91.   93.   93.   94.
   95.   98.   99.  100.][-99. -99. -97. -97. -96. -95. -93. -93. -92. -90. -83. -82. -81. -81.
 -80. -77. -74. -69. -66. -65. -65. -62. -62. -58. -55. -53. -50. -50.
 -50. -44. -39. -39. -38. -36. -32. -31. -30. -24. -18. -16. -16. -12.
 -11.  -7.  -5.  -1.   0.   6.   8.   9.   9.  12.  17.  18.  19.  22.
  23.  23.  26.  31.  31.  32.  34.  34.  35.  36.  38.  48.  49.  52.
  52.  58.  59.  59.  59.  65.  66.  68.  70.  75.  76.  77.  79.  80.
  81.  82.  82.  84.  85.  85.  86.  87.  87.  90.  90.  92.  92.  94.
  98.  98.][-100.  -99.  -87.  -83.  -81.  -80.  -79.  -78.  -77.  -76.  -75.  -69.
  -69.  -66.  -66.  -65.  -65.  -64.  -54.  -50.  -49.  -48.  -45.  -41.
  -40.  -35.  -31.  -27.  -24.  -23.  -18.  -16.  -16.  -16.  -14.  -14.
  -13.  -12.   -7.   -7.   -6.   -4.   -3.   -2.    2.    3.    3.    5.
    7.    8.   10.   10.   13.   15.   16.   21.   22.   23.   25.   27.
   27.   28.   29.   29.   30.   30.   30.   31.   31.   32.   32.   33.
   33.   38.   40.   40.   41.   44.   48.   51.   58.   60.   60.   65.
   69.   74.   77.   80.   81.   87.   88.   88.   89.   89.   90.   93.
   96.   97.   97.  100.][-99. -98. -96. -95. -94. -90. -88. -88. -81. -76. -76. -74. -73. -72.
 -66. -62. -61. -61. -60. -60. -57. -53. -50. -46. -45. -44. -44. -41.
 -40. -37. -35. -34. -34. -31. -29. -28. -27. -17. -14. -14. -13. -12.
 -12.  -9.  -7.  -5.  -4.  -1.  -1.  -1.   1.   4.   7.   8.  11.  15.
  21.  21.  22.  26.  26.  28.  33.  36.  37.  37.  39.  43.  43.  44.
  44.  45.  52.  53.  54.  59.  63.  63.  65.  69.  69.  70.  72.  75.
  75.  77.  79.  80.  82.  83.  84.  86.  87.  87.  88.  92.  93.  94.
  94.  98.][-100. -100.  -99.  -98.  -98.  -92.  -91.  -90.  -84.  -84.  -83.  -82.
  -79.  -78.  -72.  -71.  -67.  -67.  -66.  -65.  -64.  -63.  -58.  -55.
  -53.  -52.  -47.  -46.  -45.  -45.  -44.  -44.  -39.  -39.  -34.  -32.
  -30.  -27.  -21.  -21.  -18.  -18.  -13.  -12.   -9.   -9.   -8.   -8.
   -5.   -5.   -3.    6.    8.    9.   17.   19.   24.   26.   28.   28.
   29.   32.   34.   36.   38.   41.   45.   46.   54.   55.   58.   62.
   62.   62.   66.   67.   67.   67.   68.   70.   72.   73.   73.   74.
   74.   74.   78.   78.   78.   80.   80.   80.   84.   86.   87.   92.
   93.   94.   94.   95.][-100. -100.  -98.  -94.  -92.  -90.  -89.  -86.  -85.  -83.  -82.  -79.
  -76.  -71.  -70.  -70.  -70.  -68.  -68.  -67.  -66.  -64.  -63.  -62.
  -62.  -56.  -56.  -56.  -55.  -53.  -52.  -46.  -42.  -42.  -41.  -40.
  -32.  -30.  -28.  -28.  -24.  -24.  -22.  -22.  -21.  -19.  -17.  -15.
  -14.  -12.  -11.  -10.   -1.   -1.    8.    9.   10.   10.   17.   18.
   20.   20.   23.   25.   26.   28.   29.   32.   34.   37.   38.   38.
   40.   47.   48.   48.   48.   49.   51.   56.   57.   59.   60.   62.
   66.   67.   69.   69.   70.   72.   79.   79.   80.   85.   90.   91.
   95.   96.   98.  100.][-99. -97. -91. -91. -89. -88. -88. -87. -84. -83. -82. -80. -80. -75.
 -74. -71. -70. -69. -69. -68. -67. -66. -65. -64. -63. -59. -58. -57.
 -54. -53. -50. -50. -49. -48. -48. -44. -44. -43. -43. -40. -35. -34.
 -33. -29. -29. -20. -18. -17. -13.  -8.  -3.  -1.   1.   3.   6.   8.
   8.  11.  12.  15.  19.  21.  21.  25.  30.  32.  32.  37.  43.  44.
  44.  47.  48.  48.  51.  52.  52.  57.  58.  63.  63.  64.  65.  66.
  67.  71.  74.  76.  76.  81.  82.  90.  91.  93.  94.  95.  96.  96.
 100. 100.][-95. -93. -86. -83. -81. -76. -72. -72. -70. -70. -68. -67. -66. -66.
 -65. -61. -56. -55. -53. -53. -51. -42. -40. -38. -38. -37. -37. -35.
 -34. -32. -31. -28. -27. -27. -24. -24. -22. -20. -17. -16. -15.  -9.
  -1.   1.   5.   6.   7.   8.  11.  11.  21.  22.  22.  23.  23.  23.
  25.  26.  26.  28.  30.  31.  33.  34.  35.  35.  36.  40.  41.  45.
  46.  48.  52.  55.  56.  56.  57.  58.  59.  59.  61.  66.  69.  69.
  71.  71.  73.  73.  75.  76.  80.  84.  85.  86.  88.  93.  93.  97.
  97. 100.][-100.  -99.  -98.  -97.  -96.  -93.  -92.  -92.  -90.  -90.  -89.  -89.
  -89.  -86.  -85.  -75.  -73.  -72.  -72.  -69.  -69.  -68.  -67.  -64.
  -61.  -48.  -47.  -44.  -44.  -38.  -37.  -34.  -33.  -32.  -30.  -30.
  -29.  -27.  -24.  -24.  -22.  -19.  -18.  -15.  -15.  -12.  -12.   -8.
   -7.   -2.   -2.   -1.    2.    5.    6.    8.   10.   10.   17.   19.
   24.   24.   27.   28.   30.   30.   31.   33.   33.   34.   35.   38.
   42.   46.   49.   49.   51.   54.   56.   58.   58.   60.   60.   67.
   69.   70.   73.   75.   75.   76.   77.   79.   81.   86.   87.   92.
   94.   94.   94.  100.][-100.  -99.  -98.  -96.  -94.  -93.  -91.  -87.  -85.  -83.  -82.  -81.
  -79.  -77.  -64.  -60.  -56.  -55.  -54.  -52.  -51.  -51.  -51.  -49.
  -48.  -48.  -44.  -44.  -43.  -42.  -42.  -41.  -39.  -37.  -35.  -34.
  -34.  -31.  -29.  -28.  -28.  -27.  -25.  -23.  -22.  -22.  -14.  -11.
  -10.   -9.   -7.   -7.   -6.   -4.   -3.   -2.    0.    2.    3.    6.
    6.    9.   15.   21.   22.   24.   25.   27.   29.   29.   30.   31.
   36.   38.   38.   42.   43.   47.   48.   49.   50.   51.   52.   53.
   55.   56.   59.   59.   67.   68.   73.   76.   77.   78.   79.   81.
   84.   89.   92.  100.][-98. -95. -91. -88. -87. -87. -86. -84. -82. -82. -81. -80. -78. -78.
 -77. -77. -77. -67. -67. -65. -64. -60. -59. -54. -54. -54. -47. -44.
 -42. -41. -40. -39. -37. -37. -36. -36. -35. -34. -32. -29. -29. -26.
 -24. -21. -16. -13. -12.  -7.  -6.  -3.  -3.  -2.  -1.  -1.  -1.   0.
   0.   1.   4.   8.  11.  14.  15.  15.  16.  18.  19.  19.  26.  30.
  30.  35.  37.  38.  38.  40.  41.  44.  47.  48.  50.  54.  55.  59.
  61.  62.  62.  67.  71.  72.  72.  75.  75.  77.  80.  84.  88.  89.
  94. 100.][-96. -95. -93. -90. -80. -80. -79. -76. -76. -76. -74. -70. -68. -65.
 -64. -61. -61. -60. -59. -58. -56. -56. -49. -48. -48. -46. -41. -39.
 -39. -38. -38. -38. -38. -37. -37. -31. -22. -20. -19. -18. -16.  -9.
  -8.  -5.  -3.  -2.  -1.   0.   2.   3.   4.   7.   8.   9.   9.   9.
  10.  11.  12.  13.  15.  16.  18.  22.  24.  25.  27.  33.  36.  40.
  42.  43.  48.  58.  59.  61.  63.  65.  67.  68.  69.  70.  74.  74.
  75.  77.  78.  82.  82.  84.  86.  87.  88.  90.  93.  94.  95.  96.
  98. 100.][-100.  -90.  -87.  -86.  -85.  -83.  -83.  -80.  -80.  -79.  -78.  -73.
  -72.  -72.  -72.  -70.  -68.  -63.  -59.  -56.  -56.  -55.  -55.  -55.
  -51.  -51.  -51.  -50.  -40.  -37.  -35.  -34.  -32.  -31.  -29.  -26.
  -24.  -19.  -18.  -12.  -11.   -8.   -6.   -5.   -5.   -3.   -3.   -2.
    4.    5.    6.    8.    9.    9.   15.   17.   19.   20.   22.   23.
   23.   24.   24.   26.   28.   29.   30.   30.   32.   33.   36.   43.
   44.   49.   51.   51.   51.   51.   58.   60.   62.   62.   66.   67.
   71.   75.   75.   76.   76.   78.   79.   82.   85.   85.   88.   89.
   90.   97.   97.   98.][-98. -95. -91. -91. -90. -90. -90. -88. -88. -88. -83. -81. -80. -78.
 -76. -73. -72. -71. -70. -69. -69. -68. -65. -65. -63. -61. -58. -57.
 -55. -50. -49. -48. -48. -46. -46. -46. -46. -44. -42. -37. -36. -35.
 -25. -23. -17. -14. -13. -12.  -4.  -4.   0.   0.   1.   7.   8.  18.
  19.  21.  23.  26.  26.  27.  29.  29.  33.  35.  36.  37.  37.  39.
  39.  39.  43.  45.  46.  53.  55.  55.  56.  58.  59.  63.  65.  69.
  69.  71.  71.  72.  72.  74.  76.  78.  79.  80.  82.  83.  86.  87.
  93.  99.][-99. -96. -91. -91. -90. -90. -90. -90. -89. -87. -86. -82. -82. -82.
 -81. -81. -80. -76. -71. -70. -68. -67. -67. -65. -64. -64. -62. -60.
 -56. -56. -54. -52. -47. -44. -43. -41. -39. -31. -26. -21. -21. -21.
 -16.  -3.   1.   2.   2.  10.  11.  14.  14.  15.  18.  18.  20.  23.
  23.  24.  30.  34.  36.  37.  39.  39.  39.  40.  42.  42.  44.  46.
  48.  48.  48.  53.  54.  54.  55.  61.  62.  64.  65.  66.  68.  70.
  74.  75.  75.  77.  78.  80.  80.  81.  83.  85.  89.  90.  91.  96.
  98.  99.][-95. -94. -93. -93. -91. -90. -88. -84. -83. -76. -76. -74. -70. -70.
 -70. -66. -66. -66. -66. -59. -59. -58. -58. -53. -50. -49. -49. -48.
 -46. -43. -42. -42. -42. -39. -38. -34. -32. -29. -29. -27. -21. -21.
 -19. -19. -16. -15. -13. -11. -10.  -9.  -9.  -6.  -3.  -2.  -2.   3.
   3.   5.   8.  10.  11.  12.  20.  22.  24.  25.  27.  28.  32.  36.
  37.  37.  39.  39.  45.  47.  52.  55.  55.  56.  57.  57.  60.  60.
  60.  63.  63.  64.  64.  66.  71.  74.  77.  79.  81.  84.  92.  92.
  93. 100.][-100.  -96.  -93.  -92.  -92.  -91.  -90.  -84.  -81.  -80.  -80.  -79.
  -75.  -71.  -71.  -70.  -69.  -68.  -68.  -68.  -67.  -65.  -64.  -63.
  -60.  -57.  -56.  -45.  -44.  -43.  -42.  -40.  -37.  -34.  -34.  -33.
  -32.  -31.  -29.  -27.  -24.  -22.  -21.  -20.  -20.  -19.  -13.  -13.
  -11.  -11.  -10.   -8.   -4.   -1.    4.    5.    5.    7.    8.   11.
   12.   14.   18.   21.   22.   23.   23.   25.   33.   35.   37.   43.
   47.   50.   50.   51.   52.   55.   56.   57.   57.   60.   62.   63.
   65.   65.   66.   67.   68.   69.   70.   75.   76.   81.   89.   90.
   92.   93.   93.   99.][-92. -91. -91. -90. -88. -84. -84. -83. -78. -78. -74. -73. -73. -72.
 -68. -68. -67. -64. -62. -57. -52. -52. -52. -52. -51. -50. -48. -48.
 -42. -41. -36. -35. -30. -30. -28. -27. -26. -23. -22. -17. -16. -16.
 -15. -14.  -6.  -4.  -3.   9.   9.  11.  13.  17.  17.  18.  19.  20.
  21.  21.  23.  28.  35.  36.  36.  36.  37.  38.  40.  41.  42.  45.
  49.  49.  51.  51.  52.  53.  54.  55.  58.  60.  63.  68.  72.  74.
  74.  76.  80.  83.  83.  88.  89.  90.  90.  93.  93.  94.  94.  97.
  98.  98.][-98. -98. -96. -95. -95. -95. -93. -90. -87. -86. -82. -80. -77. -75.
 -74. -70. -65. -63. -60. -58. -57. -56. -53. -52. -51. -48. -45. -38.
 -34. -33. -32. -29. -27. -25. -25. -23. -15. -11.  -6.  -4.  -4.  -3.
   0.   4.   6.   7.   7.   8.   8.  11.  12.  12.  13.  14.  18.  18.
  19.  20.  22.  27.  29.  34.  35.  41.  43.  43.  44.  47.  48.  49.
  50.  50.  51.  51.  55.  57.  58.  59.  61.  63.  63.  63.  63.  65.
  65.  65.  70.  75.  75.  80.  81.  87.  87.  88.  91.  93.  93.  95.
  98.  99.][-99. -98. -98. -94. -93. -91. -91. -88. -88. -87. -85. -84. -81. -78.
 -77. -75. -66. -62. -62. -55. -55. -55. -46. -45. -44. -41. -37. -36.
 -36. -32. -30. -30. -27. -24. -24. -22. -14. -12. -12. -12.  -7.  -6.
  -6.  -5.  -5.  -4.  -3.   2.   5.   8.   8.  10.  11.  12.  12.  15.
  17.  18.  19.  21.  22.  23.  25.  26.  27.  27.  28.  30.  37.  38.
  38.  43.  44.  46.  49.  50.  50.  50.  51.  52.  58.  63.  63.  64.
  67.  73.  74.  76.  76.  76.  77.  80.  81.  81.  84.  86.  96.  97.
  99.  99.][-100.  -99.  -99.  -98.  -92.  -92.  -89.  -88.  -85.  -85.  -78.  -76.
  -73.  -69.  -66.  -64.  -64.  -62.  -56.  -55.  -54.  -53.  -53.  -49.
  -43.  -38.  -37.  -34.  -32.  -31.  -31.  -31.  -29.  -27.  -26.  -24.
  -23.  -21.  -18.  -18.  -16.  -15.  -15.  -14.  -11.  -10.   -5.   -1.
    1.    4.    8.   12.   14.   18.   18.   19.   19.   21.   22.   28.
   28.   31.   37.   37.   42.   51.   51.   52.   54.   54.   56.   60.
   60.   63.   64.   65.   67.   67.   68.   68.   71.   74.   75.   77.
   78.   78.   79.   79.   84.   85.   85.   86.   90.   92.   97.   97.
   98.   99.  100.  100.][-96. -93. -92. -92. -91. -91. -89. -81. -70. -67. -67. -67. -65. -63.
 -63. -58. -57. -55. -53. -52. -52. -51. -45. -37. -36. -36. -30. -27.
 -26. -25. -24. -24. -18. -16. -14. -14. -14. -14. -13.  -8.  -7.  -5.
  -5.  -4.   4.   7.   8.  11.  15.  15.  16.  17.  18.  19.  21.  21.
  24.  30.  31.  41.  45.  46.  47.  48.  50.  50.  52.  52.  53.  54.
  54.  55.  60.  61.  62.  62.  63.  67.  67.  68.  69.  72.  74.  75.
  77.  80.  81.  85.  85.  88.  92.  92.  93.  93.  95.  95.  96.  96.
  98.  99.][-100.  -95.  -92.  -92.  -92.  -91.  -91.  -91.  -90.  -89.  -89.  -87.
  -85.  -85.  -81.  -80.  -79.  -79.  -78.  -76.  -76.  -74.  -73.  -70.
  -67.  -65.  -60.  -57.  -57.  -56.  -52.  -43.  -40.  -39.  -38.  -33.
  -30.  -28.  -25.  -19.  -15.  -15.  -14.  -14.  -10.   -9.   -9.   -8.
   -6.   -5.   -4.   -3.   -1.   -1.    2.    5.    8.   10.   14.   17.
   17.   18.   19.   20.   21.   21.   22.   25.   26.   33.   40.   43.
   43.   45.   49.   49.   50.   53.   54.   55.   59.   60.   61.   65.
   65.   68.   70.   70.   72.   82.   83.   85.   88.   90.   91.   98.
   99.  100.  100.  100.][-97. -96. -94. -94. -93. -93. -91. -90. -88. -87. -84. -79. -75. -75.
 -71. -71. -68. -61. -61. -58. -57. -56. -56. -52. -51. -50. -50. -50.
 -47. -43. -42. -42. -39. -31. -31. -28. -28. -28. -27. -25. -25. -25.
 -23. -23. -17. -17. -16.  -4.  -3.  -2.  -2.   0.   1.   1.   3.   7.
  10.  14.  17.  18.  20.  21.  22.  22.  24.  25.  29.  33.  36.  38.
  41.  42.  43.  44.  44.  47.  50.  51.  55.  56.  57.  58.  64.  71.
  71.  73.  74.  74.  75.  78.  79.  81.  82.  89.  89.  90.  92.  94.
  97.  98.][-100.  -98.  -97.  -95.  -94.  -93.  -90.  -89.  -87.  -86.  -84.  -79.
  -77.  -77.  -75.  -72.  -71.  -69.  -68.  -68.  -67.  -66.  -66.  -65.
  -62.  -57.  -55.  -53.  -51.  -51.  -51.  -51.  -50.  -48.  -44.  -43.
  -42.  -41.  -41.  -40.  -39.  -36.  -36.  -33.  -31.  -26.  -21.  -19.
  -19.  -17.  -17.  -12.  -10.  -10.   -8.   -3.   -1.    6.    9.    9.
   11.   16.   16.   16.   16.   18.   18.   20.   26.   31.   34.   35.
   35.   36.   40.   40.   44.   51.   54.   55.   59.   59.   60.   63.
   65.   68.   69.   75.   78.   81.   83.   87.   87.   88.   89.   94.
   94.   99.   99.   99.][-100.  -95.  -92.  -87.  -84.  -82.  -82.  -81.  -80.  -76.  -73.  -72.
  -70.  -70.  -64.  -64.  -63.  -56.  -55.  -52.  -52.  -51.  -45.  -41.
  -38.  -37.  -36.  -36.  -27.  -27.  -26.  -25.  -25.  -24.  -24.  -23.
  -22.  -19.  -14.  -14.  -12.  -12.  -11.  -10.   -3.   -3.    4.    7.
    8.   12.   16.   16.   19.   19.   19.   20.   21.   21.   21.   22.
   24.   24.   28.   30.   31.   34.   39.   40.   43.   43.   45.   45.
   47.   47.   54.   54.   54.   59.   60.   62.   65.   68.   70.   71.
   71.   72.   72.   74.   77.   78.   78.   83.   88.   88.   90.   91.
   93.   98.   99.   99.][-100.  -99.  -99.  -98.  -97.  -97.  -92.  -91.  -89.  -86.  -85.  -83.
  -82.  -80.  -75.  -75.  -73.  -72.  -71.  -60.  -58.  -57.  -57.  -56.
  -53.  -52.  -51.  -49.  -48.  -44.  -43.  -42.  -42.  -41.  -40.  -37.
  -36.  -34.  -32.  -29.  -25.  -24.  -19.  -17.  -16.  -16.  -14.  -10.
   -5.   -5.   -4.   -3.   -2.    7.   11.   18.   21.   21.   21.   21.
   22.   23.   24.   29.   31.   31.   32.   39.   39.   41.   42.   42.
   43.   43.   44.   46.   51.   52.   58.   59.   65.   67.   68.   68.
   72.   72.   73.   74.   75.   83.   86.   87.   87.   88.   91.   91.
   92.   95.   96.  100.][-97. -96. -94. -91. -90. -88. -83. -83. -79. -72. -68. -64. -62. -62.
 -61. -61. -60. -60. -58. -56. -56. -55. -54. -53. -52. -52. -47. -38.
 -34. -32. -29. -28. -28. -26. -18. -16. -14. -14.  -6.  -5.  -3.  -2.
  -2.   4.   4.   6.   8.  11.  12.  12.  14.  19.  20.  26.  28.  29.
  33.  35.  36.  36.  36.  37.  42.  43.  43.  48.  48.  51.  53.  54.
  55.  57.  60.  64.  66.  67.  67.  69.  73.  74.  76.  76.  79.  79.
  80.  80.  81.  84.  84.  86.  87.  88.  91.  95.  95.  95.  98. 100.
 100. 100.][-99. -96. -94. -94. -87. -87. -85. -79. -79. -74. -69. -67. -66. -65.
 -65. -63. -59. -56. -54. -54. -50. -49. -48. -43. -39. -39. -36. -35.
 -34. -30. -25. -17. -15. -15. -14. -11. -11. -10.  -3.  -2.  -1.   2.
   3.   5.   6.   6.   6.  10.  11.  11.  11.  12.  13.  14.  19.  21.
  23.  26.  29.  32.  33.  33.  34.  35.  35.  35.  37.  39.  39.  42.
  45.  45.  49.  50.  51.  52.  53.  54.  54.  58.  61.  63.  70.  70.
  72.  75.  75.  78.  79.  80.  83.  83.  85.  88.  88.  89.  90.  92.
  96.  97.][-98. -98. -97. -97. -93. -93. -91. -91. -90. -89. -87. -85. -83. -80.
 -80. -75. -74. -73. -73. -72. -70. -64. -63. -61. -60. -59. -59. -59.
 -56. -56. -55. -53. -52. -51. -51. -49. -46. -45. -43. -42. -40. -39.
 -38. -38. -37. -36. -32. -28. -25. -25. -21. -18. -16. -13. -12.  -5.
  -2.  -1.   2.   2.   8.   9.  10.  10.  12.  17.  23.  24.  24.  24.
  26.  26.  30.  31.  33.  37.  40.  41.  41.  42.  45.  50.  50.  52.
  54.  57.  60.  61.  61.  61.  68.  71.  76.  77.  80.  82.  83.  85.
  90.  92.][-99. -98. -98. -97. -95. -94. -90. -90. -88. -85. -84. -81. -80. -77.
 -74. -73. -70. -58. -57. -55. -54. -54. -51. -46. -45. -43. -32. -30.
 -29. -29. -23. -21. -17. -14. -14. -14. -14. -13. -12. -12. -10.  -6.
  -6.  -5.  -5.  -4.  -1.   3.   4.   9.  10.  12.  13.  18.  19.  19.
  19.  24.  28.  29.  31.  33.  37.  39.  40.  45.  45.  46.  47.  47.
  49.  51.  52.  53.  55.  56.  56.  57.  58.  59.  62.  65.  70.  71.
  71.  72.  74.  75.  78.  79.  81.  84.  85.  87.  89.  89.  92.  94.
  95.  98.][-100.  -97.  -97.  -92.  -87.  -80.  -79.  -78.  -74.  -74.  -73.  -73.
  -72.  -68.  -64.  -62.  -62.  -61.  -59.  -59.  -59.  -53.  -53.  -52.
  -48.  -48.  -45.  -44.  -43.  -40.  -40.  -40.  -38.  -30.  -28.  -27.
  -27.  -26.  -26.  -18.  -16.  -14.  -13.  -12.  -12.  -10.  -10.   -8.
   -7.   -6.   -5.   -2.   -2.    0.    1.    3.    4.    6.    6.    8.
   10.   10.   12.   12.   13.   13.   16.   21.   26.   28.   29.   29.
   34.   34.   36.   43.   43.   44.   45.   47.   48.   52.   57.   61.
   66.   68.   69.   69.   70.   72.   72.   74.   75.   79.   81.   81.
   83.   85.   85.   92.][-100. -100. -100.  -98.  -96.  -95.  -95.  -91.  -91.  -90.  -85.  -83.
  -83.  -83.  -83.  -77.  -76.  -75.  -74.  -72.  -68.  -65.  -63.  -63.
  -56.  -51.  -50.  -50.  -49.  -48.  -47.  -46.  -43.  -42.  -42.  -36.
  -36.  -34.  -26.  -24.  -23.  -21.  -18.  -18.  -17.  -16.  -15.  -15.
  -15.  -15.  -14.  -11.   -2.    4.    7.    9.    9.   10.   10.   11.
   12.   13.   14.   15.   18.   20.   24.   25.   25.   28.   30.   30.
   32.   37.   38.   39.   56.   57.   58.   59.   62.   70.   70.   72.
   72.   73.   74.   77.   77.   78.   78.   80.   80.   83.   85.   89.
   92.   93.   94.   95.][-100.  -98.  -94.  -92.  -92.  -91.  -91.  -89.  -89.  -83.  -78.  -77.
  -74.  -70.  -69.  -66.  -66.  -62.  -62.  -60.  -60.  -58.  -56.  -52.
  -50.  -49.  -47.  -47.  -43.  -37.  -35.  -34.  -34.  -32.  -24.  -20.
  -11.   -9.   -8.   -7.   -5.   -4.   -3.   -2.    0.    6.    9.   10.
   10.   10.   11.   13.   13.   14.   16.   16.   16.   17.   22.   22.
   23.   26.   27.   30.   34.   34.   39.   44.   46.   50.   52.   59.
   61.   61.   62.   62.   70.   71.   71.   72.   73.   75.   76.   76.
   77.   77.   78.   81.   82.   86.   87.   88.   92.   95.   95.   97.
   97.  100.  100.  100.][-100.  -96.  -92.  -88.  -84.  -82.  -80.  -76.  -73.  -71.  -70.  -70.
  -69.  -68.  -67.  -65.  -62.  -60.  -58.  -57.  -55.  -53.  -48.  -44.
  -44.  -42.  -42.  -41.  -38.  -34.  -34.  -34.  -33.  -24.  -23.  -21.
  -19.  -17.  -14.  -12.  -11.   -9.   -8.   -8.   -7.   -2.    1.    4.
    6.    9.   11.   14.   15.   16.   19.   21.   26.   27.   28.   30.
   32.   36.   36.   37.   37.   37.   39.   39.   40.   40.   40.   41.
   42.   46.   52.   52.   56.   59.   59.   62.   62.   64.   67.   67.
   69.   71.   72.   76.   78.   82.   83.   83.   85.   85.   88.   89.
   89.   94.   97.   99.][-98. -97. -96. -94. -93. -91. -90. -85. -83. -83. -81. -81. -81. -77.
 -75. -73. -71. -70. -69. -67. -66. -65. -63. -63. -62. -60. -60. -58.
 -58. -54. -50. -49. -48. -48. -46. -46. -40. -36. -35. -35. -34. -33.
 -29. -26. -24. -22. -18. -11. -10.  -9.  -8.  -8.  -7.  -6.  -4.  -3.
  -2.  -1.  -1.   0.   1.   5.   6.   9.  12.  12.  12.  16.  17.  20.
  21.  24.  26.  36.  38.  41.  46.  52.  53.  55.  56.  56.  58.  61.
  65.  66.  68.  70.  70.  71.  78.  81.  82.  82.  84.  92.  92.  94.
  95.  99.][-100.  -93.  -92.  -87.  -82.  -81.  -80.  -79.  -79.  -77.  -77.  -75.
  -73.  -67.  -67.  -64.  -64.  -59.  -59.  -57.  -55.  -53.  -48.  -47.
  -46.  -44.  -41.  -40.  -39.  -37.  -36.  -35.  -32.  -32.  -31.  -28.
  -27.  -24.  -24.  -18.  -17.  -12.  -11.   -9.   -8.   -5.   -3.   -2.
    0.    1.    4.    6.    8.   16.   17.   19.   20.   21.   21.   22.
   26.   26.   28.   33.   38.   41.   41.   43.   45.   45.   46.   55.
   56.   57.   57.   57.   59.   59.   61.   63.   64.   69.   71.   76.
   76.   77.   82.   83.   85.   85.   86.   87.   91.   92.   92.   94.
   94.   96.   98.  100.][-98. -97. -89. -85. -84. -83. -82. -78. -73. -73. -70. -69. -66. -66.
 -65. -60. -57. -55. -51. -48. -45. -43. -42. -42. -42. -35. -33. -33.
 -32. -29. -25. -18. -14. -14. -13. -10.  -9.  -7.  -7.   0.   2.  12.
  15.  15.  16.  17.  18.  19.  21.  21.  25.  25.  26.  27.  30.  30.
  31.  33.  34.  37.  38.  38.  39.  41.  42.  44.  44.  45.  46.  49.
  49.  51.  57.  64.  65.  66.  66.  69.  70.  71.  71.  71.  71.  72.
  77.  78.  78.  78.  80.  86.  87.  89.  90.  92.  92.  94.  95.  99.
  99. 100.][-100.  -97.  -96.  -96.  -93.  -91.  -90.  -89.  -87.  -83.  -80.  -79.
  -77.  -77.  -76.  -70.  -69.  -65.  -65.  -65.  -61.  -60.  -59.  -57.
  -54.  -52.  -51.  -47.  -44.  -44.  -44.  -39.  -37.  -33.  -31.  -27.
  -22.  -19.  -17.  -16.  -15.   -7.   -6.   -6.   -5.   -4.   -3.   -1.
   -1.   12.   12.   12.   13.   15.   16.   16.   17.   17.   17.   18.
   19.   19.   23.   26.   27.   30.   34.   35.   35.   36.   42.   43.
   44.   46.   47.   48.   51.   51.   51.   57.   58.   58.   64.   64.
   65.   68.   71.   73.   74.   75.   77.   80.   80.   83.   87.   89.
   89.   95.   96.   98.][-100.  -98.  -94.  -89.  -83.  -78.  -77.  -76.  -74.  -73.  -71.  -71.
  -68.  -65.  -64.  -62.  -62.  -61.  -59.  -56.  -55.  -52.  -51.  -49.
  -48.  -44.  -43.  -41.  -39.  -38.  -34.  -33.  -30.  -26.  -24.  -23.
  -21.  -19.  -19.  -18.  -15.  -15.  -14.  -12.   -9.   -8.   -5.   -3.
    2.   10.   11.   14.   15.   15.   16.   16.   17.   21.   21.   24.
   30.   31.   32.   33.   36.   37.   37.   38.   39.   39.   39.   40.
   41.   42.   48.   50.   52.   54.   57.   59.   59.   60.   63.   63.
   64.   65.   67.   68.   69.   72.   76.   77.   78.   79.   82.   85.
   89.   90.   93.   97.][-96. -93. -92. -92. -91. -88. -87. -86. -82. -81. -81. -78. -77. -76.
 -75. -73. -73. -72. -70. -65. -64. -63. -61. -61. -60. -54. -53. -50.
 -49. -48. -48. -43. -40. -39. -36. -35. -34. -28. -27. -20. -17. -11.
  -4.  -2.   1.   1.   3.   3.   5.   7.  10.  13.  13.  18.  20.  22.
  23.  25.  25.  29.  29.  30.  32.  34.  36.  36.  38.  39.  40.  42.
  43.  49.  51.  53.  53.  56.  64.  65.  65.  66.  66.  68.  69.  70.
  70.  72.  74.  75.  75.  75.  76.  76.  77.  81.  82.  83.  84.  87.
  91.  92.][-99. -98. -94. -91. -90. -89. -88. -84. -81. -81. -81. -81. -80. -72.
 -70. -69. -68. -66. -66. -63. -62. -57. -53. -52. -51. -49. -46. -41.
 -40. -36. -35. -29. -27. -25. -22. -22. -21. -20. -17. -14. -10.  -5.
  -3.  -3.  -3.   2.   3.   5.   6.   7.   9.  15.  16.  17.  18.  20.
  21.  23.  23.  26.  27.  29.  30.  31.  31.  32.  46.  47.  49.  50.
  51.  52.  53.  54.  54.  59.  62.  62.  63.  64.  65.  67.  72.  73.
  73.  73.  77.  78.  81.  87.  88.  92.  92.  93.  94.  96.  98.  99.
  99. 100.][-99. -99. -98. -92. -91. -90. -86. -83. -81. -81. -80. -72. -66. -66.
 -65. -62. -61. -60. -59. -59. -58. -55. -54. -52. -49. -49. -47. -46.
 -44. -43. -42. -39. -35. -35. -34. -34. -32. -31. -24. -23. -22. -20.
 -18. -13.  -7.  -6.  -1.   0.   5.   6.   8.   8.  11.  11.  12.  12.
  13.  15.  16.  22.  22.  22.  22.  24.  26.  27.  28.  28.  32.  33.
  42.  42.  43.  49.  53.  55.  58.  59.  60.  63.  66.  67.  69.  70.
  71.  75.  77.  79.  81.  83.  83.  84.  84.  86.  87.  91.  91.  93.
  94.  94.][-99. -97. -95. -91. -90. -86. -83. -80. -67. -66. -65. -61. -61. -60.
 -58. -57. -53. -52. -50. -48. -47. -44. -43. -43. -43. -42. -38. -38.
 -37. -37. -36. -34. -34. -33. -32. -31. -31. -30. -26. -25. -22. -21.
 -21. -21. -17. -15. -11.  -8.  -4.  -4.  -3.  -1.  -1.   0.   4.   5.
   5.  13.  17.  19.  19.  20.  23.  31.  33.  36.  37.  37.  38.  38.
  39.  41.  45.  46.  50.  50.  51.  51.  51.  54.  56.  56.  57.  57.
  70.  73.  74.  75.  77.  85.  87.  90.  94.  97.  99.  99.  99. 100.
 100. 100.][-99. -94. -94. -91. -91. -90. -89. -85. -82. -81. -78. -75. -75. -70.
 -66. -63. -62. -61. -57. -53. -52. -52. -47. -47. -44. -43. -41. -39.
 -37. -34. -31. -27. -27. -19. -19. -18. -17. -17. -17. -16. -16. -16.
 -14. -14. -12. -10.  -4.  -4.  -2.  -1.  -1.   2.   3.   3.   4.  11.
  11.  12.  14.  17.  18.  20.  21.  21.  25.  33.  39.  41.  41.  42.
  45.  49.  54.  57.  61.  62.  63.  64.  65.  68.  69.  71.  72.  72.
  74.  75.  77.  78.  79.  82.  82.  82.  82.  83.  85.  89.  90.  91.
  94. 100.][-100.  -94.  -92.  -91.  -86.  -85.  -84.  -81.  -75.  -73.  -73.  -73.
  -72.  -71.  -71.  -69.  -69.  -66.  -65.  -62.  -59.  -59.  -51.  -48.
  -47.  -45.  -44.  -43.  -43.  -41.  -41.  -34.  -34.  -34.  -31.  -30.
  -28.  -27.  -27.  -27.  -26.  -26.  -25.  -22.  -21.  -21.  -19.  -17.
  -16.  -15.  -12.  -11.  -11.   -6.   -5.   -5.   -3.    3.    5.    5.
    5.    7.    8.    9.   17.   23.   23.   28.   30.   31.   33.   35.
   37.   37.   38.   43.   44.   48.   50.   51.   53.   57.   58.   59.
   64.   68.   69.   72.   74.   75.   77.   77.   78.   88.   89.   95.
   96.   96.   98.   99.][-98. -95. -95. -92. -92. -88. -85. -84. -84. -84. -73. -72. -72. -70.
 -67. -59. -58. -58. -55. -47. -43. -43. -43. -38. -37. -37. -35. -34.
 -33. -31. -19. -19. -18. -17. -15. -14. -14. -13. -12. -11. -10.  -9.
  -7.   1.   6.   6.  11.  11.  13.  15.  16.  22.  23.  23.  23.  24.
  25.  25.  31.  32.  33.  34.  35.  35.  37.  38.  39.  40.  40.  44.
  46.  49.  50.  50.  51.  52.  52.  52.  54.  57.  57.  59.  61.  63.
  64.  64.  68.  68.  69.  72.  74.  76.  89.  90.  90.  93.  93.  95.
  96. 100.][-100.  -98.  -97.  -97.  -95.  -90.  -87.  -87.  -87.  -83.  -83.  -79.
  -79.  -78.  -78.  -77.  -77.  -74.  -73.  -72.  -69.  -67.  -64.  -64.
  -63.  -62.  -54.  -52.  -50.  -50.  -50.  -45.  -45.  -43.  -42.  -39.
  -37.  -37.  -33.  -32.  -32.  -29.  -24.  -24.  -23.  -20.  -10.   -9.
   -8.   -7.   -7.   -2.   -2.   -1.   -1.    4.    5.    5.   10.   10.
   11.   14.   19.   21.   22.   23.   26.   27.   29.   33.   33.   40.
   40.   42.   47.   50.   57.   57.   61.   63.   66.   68.   69.   70.
   71.   74.   77.   77.   78.   78.   79.   85.   85.   87.   88.   90.
   95.   97.   97.   99.][-100.  -98.  -97.  -96.  -86.  -84.  -82.  -81.  -79.  -71.  -68.  -67.
  -67.  -66.  -64.  -63.  -57.  -55.  -54.  -53.  -52.  -50.  -44.  -44.
  -40.  -40.  -34.  -32.  -30.  -27.  -27.  -27.  -22.  -18.  -17.  -17.
  -15.  -15.  -15.  -12.  -11.   -9.   -6.   -2.   -1.    0.    0.    2.
    4.    4.    9.   10.   11.   11.   12.   13.   16.   16.   20.   24.
   24.   28.   31.   35.   35.   36.   37.   38.   38.   39.   39.   40.
   42.   43.   45.   51.   51.   52.   57.   57.   61.   63.   65.   66.
   73.   76.   80.   82.   82.   83.   84.   86.   87.   87.   89.   91.
   92.   93.   93.   99.][-87. -82. -80. -78. -76. -75. -75. -73. -69. -63. -62. -60. -56. -55.
 -51. -50. -48. -41. -38. -36. -35. -31. -30. -30. -29. -27. -27. -24.
 -19. -18. -18. -17. -17. -16. -12. -11. -10.  -8.  -8.  -8.  -7.  -7.
  -6.  -1.  -1.   3.   5.  13.  14.  14.  15.  19.  20.  24.  26.  27.
  27.  30.  32.  33.  36.  38.  38.  39.  39.  44.  45.  46.  47.  49.
  49.  51.  55.  56.  56.  59.  63.  64.  65.  66.  68.  68.  69.  70.
  71.  71.  76.  78.  84.  85.  89.  90.  92.  94.  94.  95.  96.  96.
  97.  97.][-100.  -96.  -95.  -93.  -93.  -91.  -91.  -90.  -88.  -86.  -86.  -82.
  -78.  -78.  -75.  -74.  -72.  -69.  -66.  -64.  -63.  -59.  -59.  -56.
  -55.  -52.  -51.  -50.  -49.  -49.  -48.  -48.  -45.  -42.  -40.  -34.
  -32.  -31.  -30.  -29.  -28.  -23.  -20.  -19.  -19.  -13.  -13.  -10.
   -8.   -3.   -2.    0.    1.    7.    8.    9.   12.   13.   17.   17.
   17.   18.   26.   26.   27.   29.   33.   38.   40.   41.   42.   44.
   44.   48.   49.   50.   52.   52.   54.   55.   55.   57.   59.   62.
   67.   69.   71.   72.   73.   74.   81.   82.   85.   86.   87.   91.
   95.   98.   98.   99.]