[-100.  -99.  -94.  -91.  -84.  -83.  -81.  -77.  -74.  -74.  -73.  -72.
  -71.  -70.  -65.  -65.  -54.  -54.  -52.  -50.  -49.  -47.  -42.  -42.
  -41.  -40.  -38.  -35.  -32.  -30.  -30.  -28.  -27.  -27.  -26.  -26.
  -18.  -18.  -17.  -17.  -16.  -15.  -14.  -14.  -13.   -4.   -3.   -3.
   -2.   -2.    2.    6.    8.    8.   11.   11.   13.   16.   21.   26.
   27.   30.   33.   36.   39.   40.   47.   47.   47.   48.   48.   50.
   51.   52.   53.   54.   56.   59.   60.   62.   64.   66.   66.   66.
   70.   71.   74.   74.   77.   80.   83.   86.   87.   90.   91.   91.
   92.   97.   98.   98.][-100.  -99.  -96.  -92.  -91.  -90.  -90.  -90.  -86.  -86.  -86.  -86.
  -81.  -77.  -76.  -76.  -73.  -69.  -68.  -66.  -64.  -59.  -58.  -55.
  -51.  -50.  -50.  -49.  -49.  -46.  -45.  -43.  -37.  -33.  -31.  -29.
  -24.  -24.  -21.  -17.   -9.   -8.   -7.   -6.   -3.    1.    2.    3.
    4.    7.    7.    8.    8.    9.   10.   12.   13.   15.   16.   19.
   19.   23.   25.   27.   33.   34.   35.   36.   37.   40.   42.   43.
   46.   48.   50.   50.   51.   60.   65.   65.   66.   68.   69.   70.
   73.   76.   79.   81.   82.   84.   85.   86.   87.   88.   89.   90.
   92.   93.   93.   94.][-100.  -98.  -95.  -92.  -88.  -82.  -76.  -71.  -71.  -70.  -67.  -65.
  -63.  -57.  -54.  -52.  -49.  -47.  -45.  -43.  -42.  -42.  -40.  -36.
  -36.  -33.  -31.  -27.  -27.  -25.  -24.  -20.  -17.  -15.  -15.  -12.
  -12.  -11.   -6.    6.    7.   10.   14.   14.   16.   18.   18.   19.
   23.   23.   23.   26.   28.   32.   34.   35.   37.   38.   39.   42.
   43.   44.   48.   48.   49.   54.   56.   56.   56.   57.   57.   58.
   60.   62.   62.   65.   65.   66.   70.   71.   73.   75.   78.   81.
   82.   82.   84.   84.   84.   86.   87.   87.   90.   90.   91.   92.
   95.   96.   98.   98.][-93. -90. -89. -84. -83. -80. -80. -76. -74. -73. -67. -65. -65. -64.
 -62. -60. -60. -60. -57. -56. -55. -53. -50. -50. -50. -45. -45. -43.
 -42. -41. -39. -37. -36. -36. -34. -33. -33. -32. -30. -30. -30. -29.
 -22. -21. -18. -17.  -7.  -5.  -3.  -1.   0.   1.   1.   6.   7.  13.
  14.  17.  17.  19.  20.  21.  24.  24.  24.  33.  38.  39.  39.  41.
  42.  44.  46.  46.  48.  51.  54.  56.  60.  63.  64.  65.  67.  68.
  69.  73.  75.  78.  81.  82.  85.  88.  88.  89.  92.  92.  94.  95.
  96.  99.][-100.  -94.  -90.  -88.  -87.  -87.  -85.  -81.  -80.  -79.  -78.  -77.
  -76.  -75.  -72.  -70.  -67.  -66.  -61.  -60.  -59.  -58.  -57.  -57.
  -54.  -52.  -52.  -50.  -47.  -46.  -44.  -42.  -42.  -41.  -41.  -40.
  -40.  -40.  -38.  -30.  -27.  -16.  -15.  -10.   -7.   -5.   -5.   -4.
    2.    3.   13.   14.   14.   20.   23.   26.   27.   28.   29.   30.
   33.   35.   39.   40.   42.   44.   44.   44.   46.   51.   55.   56.
   58.   60.   61.   62.   62.   64.   68.   71.   71.   72.   74.   74.
   77.   79.   80.   80.   81.   81.   82.   82.   82.   87.   89.   90.
   91.   92.   93.   95.][-99. -99. -98. -95. -94. -91. -91. -86. -85. -78. -78. -77. -74. -73.
 -71. -71. -69. -69. -68. -63. -62. -61. -57. -57. -56. -55. -55. -54.
 -52. -51. -49. -48. -44. -44. -43. -41. -35. -33. -30. -28. -27. -24.
 -21. -19. -18. -15. -11.  -7.  -5.  -3.  -1.   2.   3.   4.   5.   5.
   7.   9.  12.  12.  15.  24.  25.  34.  34.  36.  37.  37.  39.  39.
  40.  40.  43.  43.  43.  45.  47.  49.  50.  55.  55.  56.  59.  60.
  62.  63.  66.  67.  71.  72.  74.  75.  75.  75.  81.  84.  89.  89.
  92. 100.][-96. -95. -92. -92. -89. -88. -86. -82. -76. -76. -76. -72. -71. -69.
 -69. -69. -61. -59. -59. -57. -55. -54. -52. -51. -49. -45. -43. -41.
 -39. -32. -25. -25. -25. -21. -21. -19. -17. -16. -15. -15. -15. -15.
 -14. -12. -12.  -7.  -2.   3.   6.   6.   7.  10.  11.  12.  13.  15.
  15.  16.  16.  20.  28.  31.  34.  37.  39.  39.  39.  40.  40.  41.
  42.  43.  43.  44.  44.  45.  49.  50.  51.  60.  61.  62.  64.  74.
  75.  77.  78.  79.  80.  81.  82.  84.  84.  84.  89.  92.  94.  95.
  98. 100.][-96. -94. -94. -93. -87. -86. -82. -81. -80. -80. -78. -78. -77. -77.
 -77. -74. -72. -72. -69. -67. -66. -64. -64. -56. -52. -49. -49. -47.
 -44. -41. -40. -36. -35. -34. -28. -28. -24. -22. -17. -17. -15. -15.
 -14. -10.  -9.  -4.  -3.   1.   3.   4.   4.   6.   7.   8.   8.  12.
  13.  16.  16.  18.  19.  19.  22.  23.  27.  29.  31.  31.  36.  37.
  38.  41.  44.  45.  48.  48.  48.  50.  50.  51.  52.  52.  58.  59.
  59.  61.  62.  64.  65.  71.  72.  76.  81.  83.  84.  87.  91.  91.
  97. 100.][-100.  -99.  -99.  -98.  -97.  -97.  -97.  -96.  -89.  -86.  -85.  -84.
  -81.  -80.  -80.  -79.  -78.  -76.  -75.  -75.  -68.  -67.  -64.  -63.
  -61.  -57.  -55.  -54.  -51.  -51.  -47.  -47.  -45.  -44.  -43.  -43.
  -41.  -40.  -29.  -28.  -25.  -25.  -23.  -23.  -21.  -14.  -11.  -10.
   -9.   -5.   -5.    0.    1.    3.    5.   10.   12.   14.   15.   20.
   21.   25.   25.   25.   29.   31.   32.   33.   34.   35.   35.   36.
   38.   41.   42.   48.   50.   53.   54.   55.   57.   60.   61.   61.
   66.   67.   68.   73.   74.   77.   79.   80.   81.   83.   84.   86.
   87.   92.   96.   97.][-98. -96. -91. -91. -89. -85. -83. -80. -77. -75. -74. -74. -70. -70.
 -70. -69. -66. -64. -57. -53. -51. -51. -50. -49. -44. -43. -42. -36.
 -33. -33. -32. -31. -30. -28. -27. -25. -25. -25. -24. -23. -23. -22.
 -21. -21. -17. -16. -16. -14. -12.  -9.  -9.  -8.  -8.  -6.  -3.  -1.
  -1.   1.   2.   5.   6.   6.   6.   9.  11.  13.  14.  16.  19.  19.
  19.  22.  25.  25.  28.  28.  28.  29.  30.  30.  31.  34.  43.  53.
  58.  59.  63.  65.  65.  66.  71.  75.  75.  80.  82.  89.  93.  95.
  97. 100.][-98. -97. -97. -91. -89. -89. -86. -82. -82. -82. -74. -74. -71. -71.
 -65. -65. -62. -58. -54. -54. -49. -48. -46. -45. -44. -42. -42. -41.
 -41. -40. -40. -40. -38. -34. -30. -29. -28. -27. -22. -22. -21. -20.
 -20. -20. -17. -13. -13.  -9.  -6.   5.  14.  16.  19.  20.  20.  23.
  24.  25.  26.  30.  33.  33.  35.  40.  40.  42.  42.  43.  44.  46.
  49.  50.  52.  52.  53.  54.  56.  58.  60.  60.  64.  66.  67.  67.
  69.  69.  70.  80.  80.  80.  81.  81.  85.  86.  87.  88.  94.  96.
  98.  99.][-99. -98. -92. -90. -86. -86. -85. -84. -82. -80. -73. -73. -67. -66.
 -62. -62. -58. -58. -54. -54. -54. -53. -53. -48. -48. -46. -46. -45.
 -43. -41. -29. -28. -26. -25. -24. -22. -20. -14. -14. -13. -10. -10.
  -6.  -5.  -4.  -2.  -2.   4.   5.   7.  10.  12.  14.  16.  18.  19.
  22.  23.  26.  27.  28.  28.  29.  32.  33.  35.  36.  37.  37.  38.
  38.  39.  40.  40.  44.  44.  47.  48.  48.  48.  48.  49.  50.  55.
  55.  59.  62.  65.  68.  74.  77.  81.  85.  86.  86.  86.  90.  96.
  96.  97.][-100.  -92.  -87.  -87.  -82.  -80.  -79.  -72.  -71.  -69.  -68.  -66.
  -64.  -63.  -63.  -61.  -60.  -59.  -59.  -58.  -57.  -56.  -55.  -54.
  -52.  -48.  -45.  -44.  -43.  -42.  -42.  -41.  -32.  -29.  -28.  -26.
  -26.  -24.  -24.  -23.  -11.  -11.   -9.   -9.   -8.   -5.   -2.   -1.
    0.    9.    9.   15.   15.   17.   20.   20.   21.   21.   22.   22.
   22.   22.   24.   25.   28.   29.   36.   36.   36.   41.   41.   41.
   42.   43.   49.   51.   53.   53.   53.   55.   57.   58.   63.   67.
   67.   67.   68.   73.   74.   84.   84.   86.   86.   89.   91.   94.
   96.   96.   98.   99.][-94. -92. -91. -90. -87. -86. -86. -83. -82. -81. -80. -78. -71. -69.
 -63. -63. -59. -59. -57. -54. -54. -53. -53. -51. -49. -49. -48. -44.
 -41. -39. -36. -35. -32. -28. -21. -21. -20. -19. -17. -11.  -6.  -5.
  -1.   1.   4.   4.   5.   7.   7.  10.  11.  12.  18.  20.  23.  23.
  23.  23.  24.  24.  27.  32.  34.  34.  36.  37.  38.  39.  40.  40.
  41.  50.  51.  58.  60.  61.  62.  65.  65.  66.  68.  69.  69.  69.
  77.  79.  81.  82.  84.  85.  91.  95.  96.  96.  96.  97.  98.  98.
  99. 100.][-100.  -98.  -96.  -94.  -94.  -91.  -87.  -87.  -86.  -83.  -83.  -82.
  -78.  -75.  -75.  -74.  -74.  -74.  -69.  -69.  -59.  -59.  -58.  -56.
  -56.  -55.  -51.  -50.  -49.  -48.  -45.  -42.  -42.  -41.  -41.  -39.
  -35.  -28.  -24.  -18.  -16.  -13.  -12.  -11.  -11.  -10.   -8.   -3.
    0.    0.    2.    7.    8.    8.    8.    8.   13.   14.   15.   18.
   18.   18.   25.   25.   36.   36.   37.   39.   41.   42.   45.   46.
   47.   49.   50.   56.   58.   61.   62.   64.   66.   68.   68.   70.
   70.   71.   72.   76.   77.   77.   78.   79.   81.   82.   82.   85.
   89.   96.   97.  100.][-99. -99. -98. -98. -95. -90. -89. -84. -79. -79. -77. -76. -75. -75.
 -75. -69. -68. -64. -61. -60. -60. -54. -54. -51. -50. -49. -46. -45.
 -44. -43. -43. -37. -37. -35. -32. -29. -27. -22. -22. -21. -19. -16.
 -15. -14.  -9.  -7.  -7.  -5.  -5.  -2.   4.   6.   6.   7.   8.   9.
  13.  17.  21.  25.  27.  34.  36.  39.  39.  40.  41.  42.  44.  46.
  47.  47.  48.  53.  54.  62.  70.  70.  71.  71.  72.  72.  72.  74.
  75.  77.  78.  78.  85.  87.  89.  89.  91.  92.  93.  95.  95.  96.
  99.  99.][-99. -98. -95. -93. -93. -90. -88. -87. -87. -83. -83. -80. -76. -74.
 -72. -72. -67. -66. -65. -63. -60. -60. -60. -58. -57. -54. -52. -46.
 -41. -39. -39. -38. -38. -33. -31. -30. -29. -27. -25. -22. -22. -18.
 -14. -12. -10. -10.  -7.  -5.  -3.  -2.   7.  15.  17.  18.  19.  21.
  22.  25.  29.  30.  30.  31.  35.  38.  39.  40.  41.  41.  41.  44.
  46.  47.  50.  51.  56.  61.  62.  62.  67.  71.  72.  75.  75.  76.
  76.  76.  78.  79.  83.  85.  85.  86.  87.  88.  88.  91.  92.  95.
  98. 100.][-91. -91. -89. -87. -86. -75. -69. -69. -67. -66. -66. -62. -62. -61.
 -59. -58. -55. -52. -49. -47. -45. -45. -39. -36. -36. -32. -24. -22.
 -18. -18. -18. -16. -16. -13. -12. -10. -10. -10.  -9.  -6.  -6.  -5.
  -2.   0.   1.   2.   3.   3.   8.   9.  10.  10.  12.  14.  15.  16.
  17.  17.  21.  22.  27.  27.  28.  32.  36.  40.  40.  41.  41.  41.
  42.  43.  43.  49.  50.  51.  52.  52.  56.  56.  56.  57.  57.  62.
  65.  65.  66.  67.  68.  68.  71.  73.  74.  83.  83.  84.  87.  87.
  97.  99.][-100.  -98.  -97.  -94.  -94.  -92.  -86.  -86.  -84.  -83.  -82.  -82.
  -81.  -79.  -78.  -77.  -74.  -73.  -70.  -67.  -66.  -65.  -64.  -63.
  -61.  -58.  -53.  -53.  -52.  -52.  -50.  -49.  -49.  -46.  -46.  -41.
  -40.  -39.  -35.  -33.  -33.  -32.  -28.  -28.  -16.  -14.  -14.  -13.
  -12.   -9.   -9.   -2.    0.    0.    1.    4.    5.    7.    8.   16.
   18.   19.   19.   29.   30.   30.   34.   35.   36.   36.   36.   43.
   43.   44.   45.   45.   49.   50.   51.   51.   52.   52.   53.   58.
   63.   68.   68.   69.   72.   73.   74.   80.   81.   83.   87.   87.
   88.   88.   95.   96.][-100.  -99.  -97.  -91.  -90.  -84.  -84.  -83.  -81.  -80.  -80.  -80.
  -79.  -78.  -76.  -73.  -70.  -67.  -65.  -65.  -64.  -63.  -62.  -61.
  -60.  -57.  -56.  -55.  -54.  -49.  -45.  -44.  -42.  -39.  -38.  -36.
  -33.  -33.  -31.  -28.  -26.  -25.  -19.  -14.  -13.  -12.  -12.   -3.
   -2.   -1.    2.    4.    5.   11.   14.   16.   19.   19.   24.   25.
   27.   28.   31.   38.   43.   43.   43.   45.   46.   46.   49.   51.
   54.   56.   56.   57.   58.   60.   66.   70.   72.   73.   73.   76.
   76.   78.   81.   85.   87.   87.   88.   90.   94.   96.   96.   97.
   98.   98.   99.  100.][-99. -99. -99. -95. -95. -88. -88. -84. -78. -78. -76. -76. -75. -70.
 -66. -62. -59. -57. -56. -54. -49. -47. -47. -47. -46. -44. -44. -41.
 -37. -34. -33. -32. -31. -23. -21. -19. -11.  -6.  -6.  -5.  -3.  -2.
  -2.   2.   2.   5.   6.   7.   8.   8.   9.   9.  13.  13.  15.  16.
  18.  19.  21.  24.  24.  25.  28.  34.  35.  36.  37.  37.  42.  45.
  47.  47.  50.  51.  52.  52.  57.  61.  63.  65.  66.  67.  69.  69.
  70.  71.  73.  77.  77.  78.  81.  83.  84.  84.  87.  87.  88.  88.
  94. 100.][-97. -97. -96. -96. -96. -95. -95. -94. -94. -91. -88. -86. -82. -80.
 -80. -77. -73. -68. -62. -61. -61. -60. -59. -59. -58. -57. -52. -52.
 -51. -42. -36. -36. -36. -34. -33. -32. -31. -29. -25. -20. -19. -14.
 -13. -12. -10.  -7.  -5.  -5.   0.   0.   1.   1.   2.   2.   2.   2.
   5.   6.   6.   7.   7.  11.  19.  20.  21.  22.  28.  28.  31.  31.
  34.  36.  42.  44.  45.  47.  49.  51.  53.  53.  62.  63.  66.  68.
  68.  69.  69.  70.  70.  80.  81.  83.  84.  90.  93.  94.  95.  97.
  98.  98.][-100.  -98.  -98.  -87.  -79.  -78.  -73.  -71.  -70.  -69.  -68.  -63.
  -62.  -61.  -59.  -59.  -56.  -52.  -51.  -47.  -47.  -45.  -42.  -39.
  -38.  -38.  -34.  -33.  -31.  -30.  -27.  -27.  -26.  -26.  -26.  -25.
  -24.  -24.  -21.  -20.  -19.  -15.  -14.  -14.  -11.  -10.  -10.  -10.
   -7.   -5.   -5.   -2.   -1.    1.    1.    1.    2.    2.    7.    8.
   10.   13.   22.   22.   23.   25.   27.   28.   29.   30.   31.   32.
   36.   40.   40.   41.   43.   44.   59.   62.   68.   68.   72.   73.
   73.   76.   77.   80.   85.   85.   91.   96.   97.   98.   99.   99.
   99.  100.  100.  100.][-99. -98. -97. -97. -94. -92. -92. -90. -81. -80. -79. -78. -77. -74.
 -74. -71. -69. -68. -67. -67. -64. -60. -59. -56. -56. -54. -53. -47.
 -45. -43. -43. -40. -40. -38. -38. -33. -32. -32. -31. -27. -27. -25.
 -23. -23. -22. -21. -21. -17. -16. -10.  -9.  -8.  -3.  -2.   0.   8.
   8.  10.  14.  15.  15.  16.  18.  22.  32.  35.  36.  38.  38.  40.
  41.  41.  45.  49.  49.  55.  56.  58.  59.  65.  69.  72.  75.  78.
  79.  81.  83.  87.  88.  90.  91.  93.  93.  94.  94.  95.  96.  99.
 100. 100.][-99. -85. -85. -83. -83. -82. -80. -75. -74. -73. -73. -72. -71. -65.
 -63. -62. -62. -59. -59. -56. -55. -53. -52. -49. -49. -49. -46. -46.
 -44. -44. -41. -41. -39. -38. -35. -34. -33. -30. -29. -29. -28. -27.
 -26. -25. -23. -19. -18. -16. -14. -12. -12. -11.  -9.  -4.  -1.   4.
   6.   7.  13.  16.  18.  19.  19.  20.  21.  21.  24.  26.  27.  29.
  29.  29.  29.  31.  42.  50.  51.  53.  60.  61.  62.  62.  63.  66.
  66.  68.  69.  72.  72.  75.  77.  81.  82.  82.  84.  85.  92.  95.
  98.  99.][-98. -95. -94. -94. -94. -93. -93. -91. -91. -90. -89. -88. -88. -85.
 -80. -78. -74. -73. -73. -70. -66. -66. -64. -62. -62. -60. -60. -58.
 -52. -43. -43. -42. -41. -39. -38. -35. -32. -30. -29. -28. -28. -27.
 -24. -22. -18. -13. -13. -11.  -4.  -3.  -2.   0.   1.   1.   1.   3.
   9.   9.  10.  12.  14.  15.  18.  19.  20.  24.  26.  26.  31.  33.
  35.  45.  45.  45.  47.  49.  52.  53.  57.  58.  58.  61.  64.  64.
  66.  66.  69.  70.  70.  73.  77.  79.  83.  83.  84.  87.  90.  95.
  97. 100.][-99. -96. -95. -94. -92. -92. -92. -91. -90. -89. -83. -81. -77. -76.
 -71. -70. -67. -66. -64. -62. -62. -60. -58. -53. -52. -49. -48. -47.
 -44. -43. -42. -42. -36. -35. -34. -24. -23. -19. -18. -16. -15. -13.
 -12. -11.  -8.  -2.  -1.  -1.  -1.   0.   5.   6.   7.   8.  10.  10.
  12.  14.  14.  17.  19.  20.  21.  22.  24.  29.  30.  31.  34.  34.
  40.  40.  45.  46.  48.  51.  52.  54.  55.  59.  60.  70.  72.  73.
  77.  77.  79.  81.  83.  83.  83.  84.  85.  85.  87.  89.  89.  90.
  93.  96.][-100.  -95.  -93.  -91.  -89.  -80.  -77.  -77.  -76.  -75.  -73.  -72.
  -71.  -71.  -69.  -67.  -66.  -63.  -60.  -60.  -59.  -58.  -57.  -56.
  -56.  -55.  -46.  -44.  -42.  -41.  -37.  -34.  -34.  -33.  -33.  -28.
  -27.  -26.  -25.  -25.  -25.  -22.  -18.  -13.  -12.  -11.   -9.   -9.
   -3.   -3.   -3.   -1.    1.    1.    2.    3.    4.    4.    6.    8.
    8.    9.   11.   12.   12.   14.   18.   23.   24.   28.   30.   34.
   34.   36.   40.   40.   43.   51.   54.   60.   63.   64.   69.   70.
   73.   74.   78.   79.   80.   81.   85.   86.   87.   89.   89.   90.
   91.   94.   95.   96.][-100.  -99.  -96.  -94.  -94.  -92.  -92.  -75.  -74.  -73.  -72.  -67.
  -67.  -65.  -61.  -60.  -56.  -55.  -53.  -46.  -42.  -41.  -39.  -38.
  -38.  -37.  -34.  -32.  -31.  -30.  -29.  -28.  -26.  -24.  -22.  -21.
  -21.  -19.  -11.  -11.   -8.   -7.   -5.   -4.   -2.    4.    4.    7.
    8.    8.    9.   13.   15.   19.   21.   25.   25.   27.   27.   29.
   29.   30.   34.   34.   39.   41.   42.   44.   45.   51.   52.   53.
   56.   56.   57.   58.   59.   59.   62.   62.   66.   69.   71.   75.
   80.   82.   82.   83.   84.   87.   90.   91.   92.   93.   96.   96.
   96.   97.   97.   99.][-98. -98. -97. -95. -93. -93. -92. -92. -91. -87. -84. -84. -82. -75.
 -73. -72. -72. -64. -62. -55. -55. -52. -43. -38. -38. -37. -33. -32.
 -32. -29. -28. -25. -20. -19. -18. -18. -11. -11.  -8.  -7.  -5.  -3.
  -3.  -2.  -2.  -1.   1.   1.   3.   4.   6.   7.   8.   9.  10.  12.
  14.  17.  17.  18.  20.  23.  24.  25.  28.  30.  34.  37.  46.  46.
  46.  47.  55.  56.  57.  58.  58.  61.  62.  63.  63.  65.  70.  71.
  71.  74.  77.  79.  83.  83.  87.  89.  89.  90.  93.  94.  95.  96.
  97.  97.][-98. -95. -92. -91. -86. -81. -77. -74. -73. -69. -68. -66. -62. -60.
 -59. -57. -56. -55. -54. -54. -49. -48. -43. -42. -41. -41. -38. -36.
 -35. -34. -34. -34. -34. -33. -33. -33. -32. -31. -29. -29. -28. -22.
 -22. -20. -16. -15. -14. -13. -10.  -9.  -8.  -6.  -6.  -4.  -3.   7.
   8.  10.  10.  11.  12.  12.  12.  12.  16.  20.  22.  23.  26.  27.
  27.  30.  34.  35.  35.  38.  44.  46.  47.  48.  48.  50.  50.  51.
  54.  56.  65.  68.  68.  71.  71.  71.  74.  74.  84.  84.  93.  95.
  96. 100.][-98. -96. -96. -95. -94. -94. -92. -92. -90. -89. -89. -86. -84. -82.
 -81. -80. -79. -79. -77. -76. -76. -74. -73. -71. -69. -69. -66. -52.
 -51. -51. -47. -47. -40. -33. -31. -30. -30. -29. -29. -27. -27. -25.
 -23. -21. -19. -15. -12.  -8.  -4.  -2.   3.   5.   6.   8.  11.  12.
  16.  18.  19.  21.  23.  24.  26.  30.  30.  31.  43.  44.  45.  46.
  46.  47.  48.  48.  52.  56.  58.  58.  58.  61.  66.  67.  69.  76.
  78.  79.  81.  81.  81.  82.  85.  89.  89.  90.  92.  93.  93.  94.
  96.  97.][-96. -91. -88. -85. -83. -82. -77. -73. -72. -71. -68. -65. -65. -62.
 -62. -58. -57. -55. -46. -46. -46. -44. -40. -39. -37. -36. -36. -34.
 -32. -25. -23. -22. -22. -21. -18. -17. -15. -11.  -9.  -9.  -7.  -6.
  -1.   0.   0.   1.   3.   6.   8.  10.  13.  15.  15.  15.  18.  20.
  21.  22.  22.  22.  25.  26.  30.  32.  33.  39.  39.  40.  40.  44.
  45.  45.  47.  48.  50.  53.  59.  61.  63.  64.  68.  69.  72.  72.
  72.  74.  75.  76.  78.  78.  83.  83.  84.  84.  85.  93.  95.  98.
  99.  99.][-100.  -96.  -96.  -94.  -93.  -90.  -84.  -75.  -74.  -72.  -71.  -71.
  -65.  -65.  -62.  -61.  -59.  -59.  -58.  -55.  -54.  -52.  -47.  -47.
  -46.  -44.  -42.  -41.  -41.  -39.  -38.  -35.  -34.  -27.  -20.  -19.
  -17.  -15.  -12.  -12.  -11.  -10.   -8.   -7.   -7.   -6.   -3.   -3.
   -3.   -2.   -1.    0.    2.    2.    3.    6.   10.   12.   13.   17.
   19.   20.   21.   22.   24.   24.   26.   27.   31.   33.   35.   36.
   39.   40.   41.   47.   48.   48.   49.   55.   63.   68.   69.   70.
   72.   75.   76.   77.   78.   78.   78.   79.   80.   88.   91.   91.
   92.   98.   98.  100.][-99. -98. -98. -98. -94. -94. -90. -88. -87. -86. -85. -85. -84. -84.
 -83. -78. -75. -75. -75. -72. -72. -66. -58. -55. -54. -53. -52. -44.
 -43. -41. -41. -35. -33. -32. -31. -31. -28. -23. -22. -18. -11. -10.
  -3.   1.   1.   2.   7.   8.   9.  10.  10.  17.  17.  22.  22.  24.
  25.  28.  29.  31.  32.  33.  34.  35.  36.  36.  37.  39.  43.  45.
  45.  47.  49.  50.  50.  55.  55.  58.  62.  64.  65.  66.  70.  70.
  70.  71.  71.  74.  75.  79.  80.  81.  81.  82.  82.  83.  85.  91.
  93.  99.][-99. -99. -97. -96. -95. -94. -93. -93. -92. -90. -88. -86. -85. -85.
 -84. -81. -78. -78. -72. -71. -69. -66. -63. -56. -54. -54. -54. -54.
 -50. -45. -39. -36. -36. -35. -35. -34. -32. -26. -25. -25. -23. -23.
 -22. -22. -20. -17. -15. -15. -10. -10.  -7.  -6.  -6.  -5.   0.   9.
  10.  12.  13.  14.  15.  16.  16.  17.  18.  19.  22.  23.  24.  26.
  30.  32.  39.  43.  43.  44.  45.  46.  47.  48.  55.  57.  58.  59.
  67.  67.  67.  73.  74.  75.  75.  76.  77.  81.  87.  89.  89.  90.
  91.  91.][-98. -98. -97. -97. -93. -93. -91. -90. -90. -85. -84. -80. -80. -78.
 -78. -76. -76. -75. -75. -75. -70. -65. -64. -62. -58. -53. -51. -50.
 -46. -41. -38. -34. -33. -32. -32. -28. -26. -26. -21. -19. -17. -15.
 -11.  -9.  -8.  -4.  -1.  -1.   1.   3.   4.   4.   6.   6.   7.  10.
  17.  18.  19.  19.  20.  22.  22.  28.  29.  31.  32.  33.  37.  40.
  47.  48.  51.  52.  53.  56.  57.  58.  59.  63.  66.  71.  71.  72.
  74.  75.  77.  81.  82.  82.  83.  85.  87.  88.  92.  92.  94.  95.
  98.  99.][-100.  -97.  -88.  -82.  -81.  -80.  -79.  -79.  -79.  -69.  -69.  -65.
  -63.  -61.  -61.  -58.  -58.  -57.  -52.  -51.  -49.  -49.  -46.  -45.
  -42.  -41.  -38.  -38.  -37.  -35.  -26.  -25.  -25.  -24.  -23.  -23.
  -22.  -19.  -19.  -17.  -15.  -10.  -10.   -9.   -9.   -6.   -5.   -4.
    0.    0.    4.    4.    8.   10.   11.   12.   17.   17.   17.   20.
   20.   22.   24.   28.   28.   34.   37.   38.   39.   40.   43.   47.
   48.   48.   50.   51.   51.   58.   59.   60.   62.   62.   65.   68.
   70.   72.   73.   80.   83.   84.   89.   95.   96.   96.   96.   97.
   99.   99.   99.  100.][-100.  -99.  -99.  -98.  -97.  -93.  -91.  -91.  -89.  -89.  -88.  -87.
  -86.  -84.  -78.  -73.  -72.  -71.  -69.  -69.  -67.  -67.  -65.  -63.
  -63.  -62.  -62.  -61.  -61.  -57.  -51.  -48.  -44.  -42.  -42.  -42.
  -41.  -39.  -38.  -37.  -36.  -30.  -30.  -29.  -27.  -26.  -24.  -19.
  -19.  -11.   -9.   -7.   -5.   -2.    0.    3.    4.    4.    9.    9.
   13.   13.   15.   19.   21.   34.   37.   37.   39.   40.   40.   40.
   41.   43.   50.   52.   54.   56.   59.   62.   62.   64.   64.   68.
   69.   70.   71.   71.   80.   82.   83.   86.   88.   88.   90.   90.
   91.   96.   99.  100.][-99. -98. -94. -94. -92. -92. -90. -90. -88. -87. -79. -79. -78. -75.
 -70. -68. -68. -63. -62. -49. -48. -44. -38. -35. -35. -34. -28. -28.
 -24. -21. -21. -20. -15. -11. -10.  -5.  -5.  -4.  -3.  -2.  -2.   1.
   2.   3.   4.   6.   6.   7.  11.  14.  14.  15.  16.  17.  18.  18.
  18.  23.  28.  32.  34.  35.  37.  38.  40.  45.  47.  47.  48.  49.
  53.  53.  54.  56.  58.  59.  60.  62.  66.  66.  67.  68.  73.  74.
  74.  77.  78.  78.  86.  88.  88.  91.  92.  92.  93.  94.  95.  96.
  97.  98.][-100.  -98.  -98.  -92.  -90.  -86.  -85.  -85.  -84.  -79.  -79.  -74.
  -71.  -70.  -69.  -68.  -68.  -67.  -62.  -61.  -55.  -51.  -46.  -46.
  -45.  -43.  -40.  -39.  -38.  -37.  -34.  -30.  -27.  -26.  -26.  -24.
  -23.  -20.  -17.  -16.  -15.  -14.  -12.  -11.   -9.   -6.   -2.   -2.
    2.    3.    6.    8.    8.    9.   10.   12.   17.   17.   18.   23.
   24.   25.   28.   32.   32.   33.   34.   37.   37.   38.   43.   48.
   52.   55.   55.   57.   57.   58.   58.   61.   62.   66.   69.   70.
   71.   73.   77.   80.   81.   82.   86.   86.   86.   89.   90.   94.
   95.   97.   99.  100.][-99. -96. -96. -90. -86. -85. -79. -75. -75. -73. -72. -71. -71. -63.
 -63. -59. -57. -56. -56. -51. -51. -51. -50. -47. -47. -40. -39. -36.
 -34. -33. -31. -30. -28. -25. -22. -21. -21. -20. -19. -17. -17. -10.
  -8.  -5.   2.   3.   7.   7.   8.  13.  17.  18.  20.  21.  22.  23.
  23.  31.  35.  35.  37.  39.  43.  44.  46.  46.  47.  51.  53.  53.
  54.  54.  56.  60.  61.  61.  65.  65.  68.  71.  72.  72.  76.  80.
  80.  81.  82.  86.  86.  87.  90.  90.  90.  93.  95.  96.  97.  97.
  97. 100.][-100.  -99.  -95.  -95.  -94.  -92.  -92.  -88.  -88.  -86.  -85.  -84.
  -82.  -73.  -71.  -71.  -69.  -68.  -67.  -63.  -58.  -56.  -55.  -54.
  -53.  -51.  -48.  -48.  -47.  -45.  -43.  -42.  -41.  -35.  -31.  -31.
  -24.  -13.  -11.  -11.   -8.   -4.   -2.   -2.    4.    8.    9.    9.
   10.   11.   12.   12.   13.   16.   17.   22.   24.   27.   29.   29.
   31.   36.   36.   42.   43.   44.   44.   45.   48.   50.   51.   51.
   54.   58.   58.   62.   63.   63.   64.   65.   72.   72.   73.   74.
   75.   76.   78.   79.   79.   80.   80.   81.   85.   89.   89.   93.
   93.   96.   96.  100.][-100.  -96.  -93.  -91.  -90.  -86.  -83.  -77.  -76.  -75.  -74.  -73.
  -72.  -71.  -69.  -69.  -66.  -64.  -64.  -62.  -62.  -60.  -60.  -58.
  -58.  -58.  -55.  -51.  -51.  -50.  -50.  -47.  -44.  -43.  -42.  -39.
  -34.  -34.  -31.  -30.  -26.  -25.  -18.  -17.  -16.  -15.  -15.  -14.
  -12.  -10.   -8.   -7.   -7.   -3.   -3.   -1.    1.    2.    3.    7.
   12.   14.   14.   16.   17.   24.   26.   27.   27.   35.   36.   38.
   39.   40.   40.   41.   46.   48.   53.   55.   58.   61.   64.   65.
   68.   71.   74.   76.   76.   79.   80.   80.   81.   83.   83.   84.
   86.   87.   88.   95.][-98. -92. -91. -91. -91. -89. -86. -85. -79. -74. -72. -68. -65. -63.
 -63. -60. -57. -56. -56. -51. -49. -41. -37. -37. -35. -35. -33. -31.
 -30. -30. -29. -27. -24. -22. -22. -20. -20. -19. -17. -17. -17. -14.
 -14. -13. -12. -10.  -8.  -3.  -2.  -1.  -1.   0.   2.   2.   3.  12.
  17.  19.  19.  20.  20.  22.  22.  23.  24.  24.  24.  25.  26.  27.
  39.  40.  43.  46.  47.  48.  49.  53.  61.  63.  65.  65.  65.  68.
  69.  69.  71.  73.  74.  75.  80.  80.  81.  84.  84.  85.  94.  96.
  97. 100.][-100.  -96.  -90.  -89.  -89.  -86.  -83.  -83.  -83.  -83.  -81.  -80.
  -79.  -74.  -68.  -67.  -65.  -64.  -64.  -61.  -60.  -60.  -60.  -57.
  -52.  -48.  -41.  -36.  -31.  -30.  -30.  -29.  -24.  -22.  -19.  -18.
  -16.  -15.  -11.  -10.   -9.   -5.   -5.   -2.    1.    2.    5.    5.
    5.    9.   10.   13.   16.   17.   17.   21.   22.   23.   25.   29.
   30.   31.   32.   32.   34.   35.   35.   36.   37.   38.   38.   39.
   44.   44.   44.   51.   51.   52.   52.   54.   55.   55.   57.   62.
   70.   71.   72.   72.   73.   73.   74.   76.   77.   82.   82.   90.
   95.   97.   97.  100.][-100.  -99.  -99.  -97.  -95.  -95.  -91.  -90.  -88.  -83.  -83.  -82.
  -82.  -81.  -79.  -78.  -78.  -78.  -77.  -74.  -68.  -66.  -65.  -64.
  -56.  -56.  -55.  -54.  -53.  -50.  -50.  -48.  -46.  -44.  -43.  -41.
  -41.  -39.  -38.  -33.  -33.  -32.  -29.  -29.  -27.  -25.  -21.  -20.
  -17.   -9.   -6.   -5.   -2.    2.   11.   12.   12.   16.   17.   17.
   17.   21.   24.   25.   31.   33.   37.   45.   48.   53.   56.   56.
   58.   59.   60.   62.   63.   64.   70.   74.   75.   76.   79.   79.
   82.   82.   83.   86.   88.   89.   89.   89.   93.   94.   95.   95.
   96.   97.   98.   98.][-100.  -99.  -97.  -95.  -94.  -93.  -91.  -91.  -88.  -87.  -86.  -85.
  -80.  -79.  -77.  -74.  -70.  -69.  -67.  -65.  -61.  -61.  -60.  -58.
  -58.  -57.  -54.  -54.  -52.  -50.  -39.  -39.  -37.  -36.  -36.  -35.
  -32.  -31.  -26.  -23.  -17.  -17.  -16.  -12.  -12.  -12.  -12.  -12.
   -7.   -3.    3.    5.    7.    8.   12.   12.   14.   14.   14.   15.
   17.   19.   21.   22.   23.   23.   33.   33.   34.   40.   44.   46.
   51.   52.   54.   54.   55.   56.   59.   62.   63.   68.   73.   75.
   77.   78.   83.   85.   86.   86.   87.   88.   89.   89.   90.   92.
   93.   96.   98.  100.][-99. -94. -92. -88. -85. -84. -80. -77. -76. -74. -73. -73. -73. -73.
 -71. -71. -69. -67. -67. -66. -65. -62. -59. -59. -57. -54. -53. -52.
 -49. -46. -46. -44. -41. -39. -37. -37. -36. -35. -33. -29. -26. -25.
 -22. -19. -18. -18. -14. -14.  -8.  -7.  -3.  -1.   2.   4.   4.   8.
  11.  13.  15.  17.  17.  22.  23.  25.  27.  28.  29.  30.  31.  33.
  35.  38.  40.  42.  43.  44.  46.  47.  49.  50.  52.  55.  57.  58.
  59.  63.  65.  66.  67.  68.  69.  70.  79.  81.  87.  88.  90.  90.
  94.  99.][-93. -92. -86. -81. -71. -70. -70. -69. -65. -64. -63. -63. -61. -58.
 -56. -55. -54. -53. -52. -51. -50. -50. -49. -48. -48. -45. -45. -43.
 -43. -41. -33. -33. -33. -31. -30. -30. -28. -27. -27. -27. -24. -23.
 -23. -22. -22. -21. -17. -17. -15. -15. -15. -13. -13. -12. -12. -12.
 -11. -10.  -5.  -1.   1.   3.   6.   8.   9.  10.  13.  15.  16.  16.
  16.  25.  30.  32.  33.  33.  36.  40.  41.  41.  43.  50.  53.  53.
  54.  63.  66.  67.  71.  80.  80.  81.  83.  86.  91.  92.  95.  96.
  96.  99.][-100.  -97.  -95.  -94.  -92.  -90.  -89.  -86.  -82.  -81.  -79.  -75.
  -70.  -68.  -63.  -61.  -61.  -61.  -54.  -53.  -52.  -51.  -50.  -46.
  -45.  -42.  -41.  -39.  -36.  -35.  -31.  -31.  -26.  -22.  -21.  -21.
  -21.  -20.  -18.  -18.  -14.  -13.  -12.  -10.   -9.   -8.   -5.   -3.
   -3.    0.    2.    2.    3.    4.    7.    9.    9.   11.   14.   14.
   16.   19.   19.   19.   25.   26.   30.   30.   31.   33.   34.   38.
   41.   42.   43.   43.   44.   50.   51.   53.   55.   56.   61.   66.
   73.   75.   76.   77.   79.   80.   84.   89.   91.   92.   92.   95.
   95.   98.   99.  100.][-100.  -99.  -97.  -97.  -96.  -93.  -89.  -83.  -81.  -79.  -79.  -77.
  -75.  -74.  -72.  -68.  -67.  -67.  -66.  -65.  -60.  -54.  -52.  -51.
  -46.  -45.  -45.  -44.  -42.  -37.  -30.  -21.  -21.  -18.  -18.  -18.
  -17.  -17.  -17.  -17.  -15.  -14.   -9.   -3.   -2.   -1.    5.    5.
    7.    8.   11.   13.   19.   19.   20.   22.   23.   23.   24.   24.
   28.   29.   30.   33.   40.   41.   41.   41.   44.   47.   47.   48.
   48.   53.   58.   60.   63.   65.   65.   67.   69.   70.   70.   73.
   75.   75.   78.   78.   78.   79.   88.   89.   89.   90.   91.   92.
   94.   97.   97.  100.][-98. -90. -89. -87. -84. -84. -83. -81. -77. -75. -75. -75. -73. -73.
 -70. -68. -68. -67. -66. -61. -56. -54. -53. -51. -47. -47. -46. -43.
 -40. -38. -37. -37. -34. -33. -32. -32. -31. -30. -26. -21. -19. -15.
 -14. -12. -11.  -8.  -7.  -7.  -6.  -4.  -1.   0.   0.   2.   4.   5.
   6.   9.   9.  12.  16.  22.  23.  27.  27.  28.  28.  29.  29.  30.
  30.  32.  32.  38.  43.  52.  57.  60.  61.  62.  65.  66.  67.  68.
  72.  72.  73.  76.  76.  78.  79.  83.  83.  86.  86.  86.  92.  93.
  93.  96.][-100.  -99.  -98.  -93.  -92.  -91.  -88.  -88.  -85.  -85.  -84.  -83.
  -81.  -81.  -81.  -77.  -73.  -72.  -72.  -71.  -62.  -61.  -60.  -52.
  -50.  -43.  -42.  -41.  -41.  -39.  -37.  -32.  -31.  -25.  -24.  -23.
  -20.  -19.  -18.  -17.  -16.  -12.  -11.  -10.   -5.    2.    4.    5.
   11.   12.   14.   17.   18.   24.   25.   26.   27.   27.   28.   29.
   29.   39.   40.   43.   48.   48.   49.   50.   51.   51.   53.   54.
   56.   56.   57.   58.   59.   59.   60.   62.   62.   62.   63.   63.
   68.   72.   76.   77.   80.   81.   83.   83.   83.   85.   86.   88.
   93.   93.   97.   97.][-100.  -99.  -99.  -97.  -97.  -94.  -92.  -92.  -91.  -91.  -90.  -88.
  -82.  -77.  -74.  -71.  -67.  -63.  -63.  -60.  -59.  -59.  -58.  -55.
  -55.  -55.  -54.  -54.  -51.  -51.  -48.  -48.  -45.  -39.  -39.  -39.
  -38.  -38.  -33.  -33.  -30.  -23.  -20.  -17.  -17.  -14.  -13.  -10.
   -8.   -4.    0.    1.    2.    5.    5.    6.    6.    8.   11.   11.
   13.   16.   18.   19.   20.   23.   23.   24.   27.   27.   30.   34.
   35.   36.   40.   40.   43.   46.   47.   48.   52.   56.   64.   66.
   67.   67.   68.   71.   72.   73.   76.   78.   81.   85.   86.   89.
   89.   96.  100.  100.][-94. -93. -92. -89. -88. -87. -87. -86. -86. -86. -86. -81. -80. -80.
 -80. -80. -78. -77. -74. -72. -71. -66. -66. -62. -61. -61. -59. -59.
 -58. -56. -55. -54. -51. -50. -40. -35. -33. -33. -32. -32. -32. -31.
 -31. -31. -29. -25. -25. -23. -23. -22. -14.  -7.  -4.  -3.  -1.   0.
   1.   2.   4.   9.  10.  12.  13.  16.  16.  18.  20.  22.  32.  33.
  33.  33.  35.  44.  45.  47.  48.  51.  53.  55.  58.  61.  61.  62.
  63.  64.  68.  71.  71.  75.  76.  77.  83.  89.  93.  96.  96.  96.
 100. 100.][-98. -97. -95. -94. -92. -86. -85. -85. -83. -83. -82. -79. -79. -78.
 -77. -76. -75. -75. -74. -72. -71. -69. -68. -68. -62. -61. -57. -53.
 -53. -52. -50. -47. -42. -42. -42. -39. -36. -33. -32. -25. -19. -17.
 -16. -16. -13. -13. -11. -10. -10. -10.  -8.  -4.   4.   8.   9.  10.
  14.  16.  17.  19.  19.  20.  20.  21.  24.  25.  29.  30.  30.  33.
  34.  37.  38.  40.  42.  44.  46.  51.  53.  54.  55.  55.  59.  62.
  63.  64.  67.  68.  70.  75.  77.  78.  81.  84.  90.  90.  90.  91.
  94.  96.][-98. -92. -90. -90. -88. -81. -80. -76. -75. -74. -73. -72. -71. -70.
 -69. -69. -65. -62. -61. -61. -57. -55. -52. -51. -48. -38. -35. -35.
 -34. -33. -32. -26. -26. -25. -24. -24. -23. -21. -19. -17.  -7.  -7.
  -5.  -5.  -4.  -3.  -2.  -2.   0.   0.   7.   7.   9.  10.  15.  18.
  19.  21.  24.  26.  30.  31.  31.  34.  36.  36.  39.  41.  45.  45.
  45.  46.  49.  50.  51.  52.  62.  64.  65.  67.  67.  70.  70.  71.
  72.  73.  74.  76.  80.  80.  83.  87.  91.  93.  93.  94.  95.  97.
  97.  97.][-100.  -96.  -95.  -93.  -92.  -92.  -92.  -91.  -91.  -89.  -88.  -87.
  -85.  -84.  -83.  -83.  -82.  -82.  -80.  -76.  -75.  -72.  -71.  -66.
  -65.  -61.  -60.  -57.  -54.  -51.  -45.  -37.  -37.  -36.  -33.  -29.
  -28.  -21.  -19.  -18.  -18.  -16.  -15.  -13.  -13.  -12.  -11.  -10.
   -9.   -8.   -8.   -7.   -5.   -1.    0.    1.    2.    3.    5.    5.
    9.   10.   12.   15.   23.   26.   31.   32.   32.   34.   34.   35.
   37.   38.   41.   46.   46.   47.   49.   50.   53.   54.   54.   56.
   58.   65.   74.   74.   75.   77.   79.   80.   83.   85.   86.   87.
   92.   93.   93.   95.][-95. -89. -86. -86. -85. -83. -83. -81. -74. -71. -68. -66. -65. -62.
 -61. -60. -58. -55. -54. -54. -53. -52. -51. -49. -47. -46. -39. -38.
 -38. -36. -35. -31. -28. -27. -20. -17. -13. -10. -10. -10.  -9.  -9.
  -7.  -6.  -6.  -6.  -6.  -5.  -3.  -3.  -2.  -1.   0.   0.   2.   3.
   5.   5.   8.   9.  10.  12.  19.  21.  24.  27.  29.  33.  34.  34.
  41.  41.  42.  49.  50.  52.  56.  58.  60.  69.  70.  71.  71.  75.
  77.  79.  79.  80.  83.  87.  90.  90.  92.  92.  93.  97.  98.  99.
  99. 100.][-97. -95. -91. -88. -88. -87. -83. -81. -80. -78. -76. -75. -74. -74.
 -69. -68. -67. -67. -65. -64. -62. -61. -60. -59. -59. -59. -57. -55.
 -55. -48. -46. -43. -42. -41. -39. -38. -29. -29. -29. -25. -20. -20.
 -18. -16. -13. -11. -11.  -9.  -8.  -7.   0.   1.   2.   5.  10.  11.
  11.  14.  15.  16.  17.  17.  18.  22.  24.  32.  33.  33.  37.  39.
  39.  39.  41.  42.  44.  46.  46.  47.  54.  56.  56.  63.  66.  66.
  66.  67.  68.  77.  81.  86.  87.  89.  89.  91.  92.  92.  96.  96.
  99. 100.][-99. -97. -97. -94. -93. -93. -89. -87. -86. -85. -81. -81. -79. -79.
 -78. -75. -74. -68. -65. -65. -64. -63. -63. -60. -60. -59. -57. -57.
 -55. -54. -45. -44. -41. -39. -38. -34. -34. -32. -31. -31. -31. -26.
 -26. -25. -24. -21. -21. -20. -18.  -8.  -1.   7.   8.   9.  11.  11.
  12.  15.  16.  17.  18.  19.  19.  20.  21.  23.  26.  29.  32.  34.
  34.  35.  37.  37.  37.  39.  45.  51.  55.  56.  60.  63.  64.  66.
  66.  68.  72.  77.  82.  84.  85.  87.  90.  93.  94.  96.  97.  97.
  99. 100.][-98. -97. -95. -93. -91. -88. -88. -87. -87. -86. -86. -83. -83. -83.
 -83. -81. -79. -78. -78. -77. -77. -75. -71. -70. -66. -60. -59. -55.
 -53. -51. -47. -36. -36. -35. -33. -33. -30. -28. -28. -27. -25. -25.
 -25. -24. -24. -20. -18. -16. -15. -15. -12.  -8.  -2.   2.   3.   4.
   4.   6.  12.  12.  14.  17.  22.  25.  26.  30.  33.  35.  35.  36.
  37.  40.  41.  46.  52.  53.  53.  60.  62.  63.  63.  64.  65.  66.
  67.  69.  70.  74.  75.  76.  76.  79.  83.  85.  87.  88.  89.  89.
  92.  95.][-99. -98. -98. -91. -91. -89. -88. -84. -84. -84. -82. -78. -77. -77.
 -76. -76. -74. -73. -73. -71. -71. -71. -68. -65. -62. -61. -61. -60.
 -57. -48. -47. -45. -44. -44. -40. -35. -31. -30. -30. -28. -28. -27.
 -22. -21. -18. -18. -18. -14. -14. -13. -10.  -8.  -2.   3.   7.   7.
   8.   9.   9.  11.  13.  13.  20.  22.  23.  29.  40.  42.  44.  53.
  53.  56.  58.  58.  64.  65.  69.  70.  71.  72.  72.  75.  76.  76.
  77.  78.  79.  80.  80.  82.  84.  84.  88.  90.  91.  94.  94.  95.
  98.  99.][-100.  -99.  -96.  -92.  -91.  -91.  -89.  -87.  -83.  -82.  -79.  -78.
  -75.  -74.  -74.  -73.  -68.  -64.  -62.  -61.  -57.  -56.  -55.  -55.
  -53.  -53.  -51.  -48.  -46.  -42.  -39.  -37.  -36.  -35.  -29.  -27.
  -20.  -19.  -17.  -11.   -9.   -6.    0.    0.    3.    4.    5.    6.
    7.   10.   11.   14.   14.   15.   23.   24.   24.   31.   35.   36.
   36.   37.   38.   42.   42.   45.   47.   50.   51.   52.   53.   56.
   56.   57.   57.   59.   59.   59.   60.   60.   61.   63.   63.   65.
   66.   67.   67.   67.   71.   76.   77.   78.   78.   85.   86.   87.
   87.   94.   96.   99.][-98. -94. -94. -89. -81. -80. -76. -71. -70. -66. -62. -60. -60. -59.
 -59. -56. -54. -53. -52. -50. -50. -48. -48. -48. -42. -37. -37. -35.
 -33. -32. -23. -16. -15. -14. -14. -13. -13. -10.  -9.  -7.  -6.  -6.
  -6.  -4.  -4.   1.   1.   4.   5.   5.   9.  10.  12.  13.  14.  14.
  14.  19.  21.  22.  26.  28.  30.  35.  37.  37.  40.  40.  46.  46.
  48.  48.  50.  51.  52.  57.  57.  62.  66.  67.  68.  73.  73.  73.
  76.  76.  77.  78.  81.  81.  83.  85.  85.  87.  87.  93.  93.  94.
  96.  97.][-100. -100.  -98.  -98.  -96.  -91.  -89.  -86.  -77.  -74.  -72.  -71.
  -70.  -69.  -67.  -66.  -65.  -64.  -63.  -62.  -57.  -57.  -54.  -53.
  -53.  -53.  -51.  -49.  -49.  -41.  -41.  -36.  -35.  -35.  -33.  -33.
  -31.  -20.  -19.  -16.  -15.  -15.  -13.  -13.  -12.   -9.   -8.   -7.
   -7.    6.    6.   11.   13.   14.   18.   20.   22.   23.   27.   28.
   31.   32.   34.   40.   43.   45.   46.   48.   48.   50.   50.   52.
   53.   56.   57.   58.   61.   61.   63.   65.   67.   70.   74.   75.
   76.   77.   78.   80.   80.   81.   82.   85.   86.   90.   90.   90.
   92.   94.   97.   99.][-99. -99. -92. -91. -91. -89. -85. -84. -83. -83. -81. -80. -79. -70.
 -69. -69. -67. -64. -64. -63. -61. -61. -60. -54. -49. -49. -49. -49.
 -46. -41. -36. -36. -34. -29. -27. -23. -20. -20. -20. -19. -11.  -9.
  -5.   2.   3.   4.   7.   9.   9.  14.  14.  15.  16.  16.  17.  18.
  19.  20.  22.  24.  29.  31.  35.  36.  37.  41.  42.  44.  45.  45.
  47.  47.  52.  52.  53.  56.  60.  68.  70.  70.  72.  74.  75.  75.
  76.  81.  83.  85.  86.  86.  86.  86.  88.  88.  92.  96.  97.  98.
  99.  99.][-100.  -97.  -95.  -94.  -94.  -91.  -91.  -86.  -79.  -77.  -76.  -73.
  -68.  -68.  -63.  -61.  -59.  -58.  -52.  -52.  -50.  -49.  -47.  -43.
  -41.  -40.  -39.  -39.  -38.  -38.  -34.  -31.  -30.  -30.  -30.  -27.
  -26.  -26.  -25.  -18.  -16.  -14.  -12.  -11.  -10.   -9.   -9.   -6.
   -5.   -4.   -4.    0.    1.    4.    7.    8.   11.   11.   12.   14.
   17.   18.   18.   19.   19.   22.   23.   25.   27.   29.   30.   36.
   42.   44.   46.   55.   57.   58.   59.   61.   66.   67.   67.   68.
   69.   69.   73.   73.   79.   80.   83.   85.   89.   90.   90.   90.
   91.   92.   93.   94.][-93. -91. -89. -87. -86. -86. -85. -80. -79. -78. -77. -77. -76. -74.
 -73. -72. -71. -65. -62. -62. -60. -60. -59. -52. -51. -50. -50. -49.
 -48. -40. -35. -35. -33. -31. -30. -30. -28. -25. -24. -23. -21. -20.
 -19. -14. -12.  -9.  -9.  -7.  -4.  -4.  -2.  -2.  -1.   5.   8.   8.
  10.  10.  10.  18.  19.  19.  20.  22.  25.  27.  27.  31.  31.  32.
  32.  34.  36.  39.  39.  41.  46.  47.  52.  53.  53.  54.  57.  58.
  59.  61.  61.  62.  65.  65.  67.  68.  82.  86.  89.  90.  91.  99.
  99. 100.][-98. -95. -92. -92. -92. -91. -86. -83. -80. -80. -80. -78. -72. -67.
 -64. -64. -63. -61. -60. -58. -57. -57. -56. -56. -56. -54. -54. -50.
 -47. -42. -42. -42. -41. -41. -40. -39. -38. -37. -37. -29. -27. -27.
 -26. -22.  -9.  -8.  -8.  -5.  -3.  -2.  -1.   2.   2.   3.   5.   5.
   5.   7.   8.   8.  10.  10.  10.  16.  21.  29.  29.  34.  36.  38.
  42.  43.  44.  51.  51.  52.  59.  59.  60.  61.  62.  62.  64.  68.
  69.  73.  74.  74.  75.  75.  81.  82.  83.  84.  86.  88.  89.  91.
 100. 100.][-98. -94. -89. -88. -88. -87. -86. -82. -81. -77. -75. -72. -72. -70.
 -69. -68. -68. -66. -63. -62. -57. -56. -54. -50. -48. -46. -43. -41.
 -38. -37. -36. -35. -28. -27. -26. -25. -23. -22. -22. -20. -20. -16.
 -13. -13. -12. -11.  -8.  -7.  -5.  -5.   1.   2.   7.   9.  10.  12.
  14.  15.  16.  19.  21.  24.  26.  30.  32.  32.  37.  37.  40.  43.
  44.  44.  45.  47.  48.  48.  49.  51.  55.  56.  57.  59.  63.  65.
  67.  68.  68.  72.  75.  76.  81.  81.  81.  82.  83.  83.  88.  96.
  96.  96.][-98. -95. -94. -89. -89. -82. -81. -79. -78. -76. -70. -70. -67. -65.
 -61. -61. -60. -56. -55. -54. -50. -46. -46. -46. -46. -43. -40. -33.
 -29. -26. -24. -16. -13.  -9.  -8.  -7.  -7.  -3.  -3.   0.   1.   1.
   4.   6.   6.   7.   7.   8.   9.  10.  13.  14.  16.  16.  16.  17.
  19.  20.  21.  22.  22.  23.  24.  25.  25.  28.  34.  34.  35.  36.
  37.  39.  40.  42.  47.  50.  52.  57.  59.  64.  67.  68.  69.  69.
  70.  71.  72.  74.  77.  78.  78.  83.  85.  86.  89.  92.  94.  94.
  96.  96.][-99. -98. -97. -95. -90. -88. -87. -86. -83. -82. -82. -82. -82. -78.
 -78. -74. -72. -70. -69. -66. -63. -62. -62. -62. -61. -60. -58. -55.
 -54. -54. -53. -52. -51. -49. -45. -44. -43. -40. -39. -39. -38. -38.
 -28. -26. -23. -15. -15. -15. -13. -12.  -8.  -5.  -4.  -3.  -2.  -2.
  -1.   1.   3.   5.   6.   8.   9.  11.  13.  16.  22.  25.  27.  29.
  36.  37.  37.  38.  44.  49.  50.  53.  55.  55.  59.  63.  64.  65.
  66.  73.  74.  76.  78.  85.  86.  86.  87.  93.  94.  94.  96.  99.
  99. 100.][-97. -97. -96. -96. -95. -94. -92. -91. -81. -80. -80. -80. -79. -76.
 -76. -74. -73. -71. -71. -71. -70. -67. -67. -64. -63. -62. -61. -58.
 -58. -57. -52. -52. -46. -42. -38. -33. -31. -28. -27. -26. -26. -20.
 -17. -16. -16. -15. -14. -14. -13. -13. -13. -12. -11.  -7.  -5.  -2.
   1.   4.   4.   5.   5.   5.   7.   8.  13.  18.  19.  21.  26.  26.
  27.  30.  32.  36.  36.  38.  45.  51.  52.  55.  57.  57.  57.  58.
  58.  58.  62.  66.  70.  71.  73.  76.  76.  76.  76.  87.  87.  93.
  97.  98.][-99. -97. -90. -88. -88. -87. -84. -84. -84. -82. -81. -80. -80. -77.
 -74. -73. -73. -70. -70. -69. -61. -60. -60. -57. -54. -49. -44. -42.
 -38. -36. -36. -35. -35. -33. -28. -23. -21. -20. -20. -19. -18. -16.
 -13. -13. -12. -10.  -7.  -3.   0.   6.  15.  18.  19.  21.  21.  27.
  31.  31.  34.  34.  39.  39.  40.  40.  41.  47.  49.  49.  50.  51.
  51.  53.  54.  55.  58.  61.  63.  64.  64.  65.  66.  69.  69.  69.
  73.  73.  75.  77.  77.  78.  81.  82.  82.  83.  85.  88.  91.  91.
  94.  96.][-99. -97. -96. -95. -93. -91. -91. -90. -88. -87. -77. -69. -69. -66.
 -60. -60. -59. -59. -59. -56. -53. -52. -51. -48. -45. -42. -39. -37.
 -36. -36. -34. -28. -27. -26. -25. -23. -21. -17. -16. -16. -13. -11.
  -9.  -9.  -8.  -8.  -5.  -4.  -3.   3.   4.   4.   4.   4.   4.   5.
   5.   8.  10.  10.  13.  14.  16.  17.  18.  21.  27.  27.  27.  28.
  32.  34.  36.  39.  44.  49.  50.  50.  56.  57.  57.  66.  66.  67.
  67.  72.  73.  74.  75.  75.  82.  84.  86.  87.  89.  92.  93.  93.
  96.  98.][-99. -97. -95. -93. -85. -80. -77. -75. -75. -74. -73. -71. -69. -68.
 -68. -61. -59. -55. -54. -52. -52. -46. -45. -45. -43. -43. -42. -37.
 -36. -35. -34. -33. -30. -24. -23. -23. -23. -18. -16. -10.  -9.  -8.
  -7.  -4.  -3.  -3.  -2.  -2.   1.   1.   5.   6.   8.   9.  10.  10.
  11.  12.  14.  16.  17.  18.  19.  20.  22.  24.  25.  27.  28.  30.
  37.  43.  44.  55.  58.  59.  59.  59.  59.  60.  60.  63.  68.  70.
  71.  71.  72.  73.  75.  75.  78.  79.  80.  85.  91.  92.  95.  97.
 100. 100.][-100.  -98.  -96.  -93.  -92.  -92.  -91.  -86.  -84.  -83.  -80.  -78.
  -73.  -69.  -64.  -63.  -62.  -59.  -56.  -55.  -55.  -54.  -52.  -50.
  -47.  -46.  -44.  -42.  -39.  -38.  -37.  -34.  -33.  -33.  -28.  -27.
  -26.  -26.  -24.  -24.  -19.  -15.  -15.  -14.  -11.   -2.   -2.   -1.
    0.    1.    4.    8.    9.   10.   12.   15.   16.   18.   19.   21.
   22.   24.   24.   31.   31.   33.   33.   36.   37.   37.   38.   38.
   40.   43.   45.   49.   50.   52.   58.   59.   61.   62.   62.   62.
   64.   66.   67.   67.   67.   80.   82.   82.   82.   82.   83.   84.
   90.   92.   96.   97.][-99. -98. -97. -92. -91. -88. -87. -76. -71. -71. -71. -68. -68. -66.
 -65. -65. -58. -57. -56. -55. -53. -51. -50. -49. -49. -47. -46. -42.
 -40. -39. -35. -35. -33. -29. -28. -23. -21. -14. -13. -13. -12. -12.
 -12.  -1.   1.   1.   2.   4.   4.   6.   6.   7.   7.   8.   9.  10.
  12.  15.  16.  17.  18.  20.  22.  24.  24.  27.  28.  28.  29.  29.
  29.  35.  38.  39.  39.  43.  46.  48.  49.  51.  52.  55.  56.  59.
  69.  70.  71.  73.  73.  77.  77.  79.  86.  87.  87.  94.  95.  95.
  96.  96.][-100.  -96.  -95.  -93.  -89.  -88.  -86.  -86.  -85.  -82.  -79.  -79.
  -77.  -75.  -74.  -71.  -70.  -66.  -64.  -61.  -61.  -61.  -61.  -57.
  -57.  -56.  -56.  -53.  -51.  -44.  -43.  -43.  -39.  -37.  -35.  -32.
  -31.  -25.  -22.  -18.  -17.  -15.  -14.   -7.   -4.   -2.   -2.    1.
    4.    7.   11.   12.   12.   14.   17.   19.   19.   20.   23.   23.
   25.   28.   29.   32.   34.   34.   35.   36.   37.   38.   38.   39.
   40.   41.   44.   46.   49.   52.   54.   55.   60.   63.   64.   66.
   69.   71.   71.   72.   76.   78.   81.   82.   83.   84.   88.   90.
   92.   96.   99.  100.][-99. -98. -96. -95. -94. -94. -94. -87. -82. -81. -76. -74. -71. -68.
 -68. -62. -59. -58. -57. -55. -53. -52. -52. -52. -51. -51. -51. -46.
 -44. -42. -38. -35. -33. -31. -23. -23. -20. -19. -19. -16. -16. -12.
 -10.  -9.  -8.  -4.  -4.   1.   3.   7.  11.  11.  17.  19.  20.  26.
  29.  31.  32.  33.  36.  39.  41.  42.  43.  45.  46.  46.  47.  47.
  48.  52.  52.  53.  53.  56.  62.  63.  63.  64.  65.  69.  71.  72.
  76.  78.  80.  82.  85.  85.  87.  87.  88.  89.  90.  90.  91.  96.
  97.  98.][-100. -100.  -98.  -96.  -96.  -95.  -93.  -90.  -89.  -89.  -88.  -85.
  -84.  -75.  -74.  -74.  -74.  -72.  -71.  -69.  -67.  -63.  -60.  -60.
  -59.  -58.  -58.  -57.  -57.  -55.  -54.  -51.  -46.  -46.  -43.  -42.
  -40.  -39.  -39.  -38.  -37.  -36.  -30.  -27.  -26.  -26.  -24.  -22.
  -16.  -12.  -10.   -7.   -7.   -5.   -4.   -1.    5.    5.    8.    9.
   11.   11.   19.   21.   24.   26.   26.   27.   29.   32.   33.   34.
   34.   37.   41.   46.   47.   52.   52.   52.   55.   64.   65.   68.
   70.   73.   75.   77.   77.   79.   81.   81.   87.   89.   91.   91.
   92.   93.   95.   99.][-99. -98. -97. -96. -95. -94. -91. -89. -86. -86. -73. -71. -70. -70.
 -70. -68. -68. -64. -59. -57. -55. -52. -52. -51. -47. -47. -46. -42.
 -40. -38. -37. -34. -34. -34. -33. -31. -30. -30. -26. -23. -19. -18.
 -14. -13. -13. -12. -11.  -9.  -8.  -6.  -6.  -3.   1.   1.   3.   3.
   4.   4.   4.   5.   7.   9.  14.  15.  15.  16.  22.  26.  27.  28.
  35.  38.  38.  41.  42.  44.  46.  53.  54.  55.  55.  59.  60.  60.
  63.  64.  66.  66.  70.  75.  75.  76.  77.  87.  87.  87.  88.  94.
  99.  99.][-100.  -95.  -94.  -92.  -90.  -88.  -88.  -85.  -82.  -81.  -76.  -75.
  -74.  -74.  -69.  -67.  -62.  -60.  -60.  -52.  -52.  -49.  -49.  -46.
  -42.  -42.  -40.  -39.  -37.  -36.  -36.  -35.  -32.  -30.  -28.  -28.
  -26.  -23.  -22.  -22.  -20.  -18.   -9.   -8.   -7.   -6.   -4.   -3.
   -3.   -3.   -2.   -1.    0.    0.    3.    3.    4.    5.    8.   10.
   13.   13.   15.   17.   18.   18.   21.   22.   23.   28.   30.   33.
   36.   37.   38.   39.   45.   46.   46.   48.   49.   52.   52.   56.
   56.   56.   63.   64.   65.   67.   68.   69.   69.   82.   84.   89.
   91.   93.   98.  100.][-100. -100.  -99.  -98.  -98.  -97.  -95.  -93.  -88.  -85.  -85.  -83.
  -78.  -76.  -71.  -70.  -68.  -67.  -65.  -64.  -63.  -62.  -62.  -61.
  -59.  -59.  -58.  -58.  -58.  -57.  -54.  -53.  -52.  -49.  -47.  -45.
  -45.  -44.  -43.  -42.  -38.  -35.  -34.  -34.  -25.  -25.  -25.  -24.
  -16.  -16.  -13.  -10.   -8.   -6.   -6.   -4.   -2.    5.   10.   14.
   14.   21.   22.   22.   22.   32.   35.   37.   37.   40.   42.   47.
   48.   48.   50.   50.   51.   62.   63.   67.   70.   71.   73.   74.
   76.   81.   84.   84.   86.   86.   87.   88.   88.   89.   94.   97.
   98.  100.  100.  100.][-99. -98. -96. -94. -92. -87. -81. -80. -79. -77. -76. -75. -75. -73.
 -70. -68. -65. -63. -59. -58. -57. -51. -50. -46. -46. -45. -45. -41.
 -37. -37. -36. -30. -27. -26. -26. -26. -25. -25. -22. -20. -17. -14.
 -13. -12. -12. -10.  -7.  -5.  -4.  -3.   0.   8.  12.  12.  14.  14.
  15.  16.  18.  20.  21.  21.  23.  23.  23.  24.  25.  27.  30.  30.
  32.  33.  34.  35.  39.  39.  41.  42.  45.  49.  50.  51.  51.  59.
  63.  64.  67.  68.  72.  73.  74.  75.  76.  79.  83.  83.  91.  92.
  98.  98.][-99. -99. -96. -94. -94. -89. -86. -85. -85. -84. -79. -78. -78. -77.
 -75. -73. -69. -68. -63. -60. -59. -58. -52. -51. -49. -47. -44. -43.
 -38. -35. -29. -26. -24. -24. -20. -20. -19. -19. -19. -18. -16. -12.
  -6.  -6.  -4.  -2.  -1.   2.   2.   3.   6.   8.  10.  11.  14.  14.
  15.  21.  23.  26.  26.  27.  27.  31.  31.  33.  33.  36.  36.  39.
  40.  40.  41.  46.  53.  55.  57.  59.  59.  67.  68.  70.  70.  74.
  74.  77.  79.  80.  80.  82.  83.  88.  89.  90.  91.  93.  97.  98.
  99. 100.][-99. -93. -92. -92. -88. -88. -87. -83. -83. -81. -81. -79. -76. -72.
 -71. -71. -70. -69. -68. -67. -66. -65. -63. -62. -62. -60. -56. -54.
 -50. -49. -45. -43. -41. -41. -40. -37. -35. -32. -31. -31. -31. -31.
 -31. -27. -21. -16. -16. -16. -13.  -8.  -4.   7.   8.  10.  10.  12.
  13.  20.  21.  21.  24.  24.  26.  28.  35.  36.  37.  39.  41.  42.
  42.  43.  49.  50.  52.  53.  54.  55.  56.  60.  61.  63.  65.  68.
  72.  72.  72.  73.  74.  75.  75.  76.  83.  86.  90.  90.  93.  93.
  95. 100.][-100. -100.  -96.  -96.  -95.  -94.  -93.  -92.  -84.  -83.  -82.  -77.
  -74.  -68.  -66.  -65.  -60.  -60.  -57.  -54.  -54.  -54.  -53.  -52.
  -52.  -51.  -50.  -49.  -44.  -37.  -35.  -35.  -34.  -30.  -27.  -25.
  -23.  -22.  -22.  -21.  -19.  -17.  -15.  -14.  -13.  -13.  -12.   -8.
   -5.   -4.   -3.   -2.    3.    4.    5.    6.    7.    8.    9.   10.
   10.   12.   13.   15.   19.   19.   23.   23.   27.   29.   29.   32.
   34.   36.   36.   38.   40.   40.   46.   55.   57.   59.   60.   65.
   65.   67.   69.   70.   72.   74.   83.   86.   90.   90.   91.   94.
   98.   99.  100.  100.][-99. -99. -97. -96. -91. -91. -89. -89. -86. -84. -81. -80. -80. -79.
 -78. -77. -74. -71. -70. -69. -63. -60. -60. -59. -58. -54. -52. -50.
 -48. -47. -43. -43. -41. -40. -39. -38. -37. -37. -33. -26. -25. -20.
 -19. -18. -12. -12. -11. -10.  -9.  -9.  -9.  -8.  -7.  -4.  -4.  -3.
   2.   4.   6.   8.  10.  12.  13.  14.  16.  17.  17.  24.  25.  26.
  31.  31.  33.  33.  33.  36.  36.  37.  38.  39.  40.  41.  41.  46.
  48.  51.  53.  58.  60.  63.  65.  69.  69.  78.  79.  82.  83.  87.
  93.  95.][-100.  -98.  -98.  -92.  -92.  -90.  -89.  -87.  -85.  -84.  -83.  -82.
  -81.  -77.  -75.  -74.  -71.  -69.  -67.  -65.  -65.  -62.  -62.  -58.
  -57.  -54.  -52.  -50.  -50.  -49.  -39.  -39.  -36.  -35.  -32.  -30.
  -30.  -30.  -26.  -22.  -17.  -16.  -12.  -12.  -10.   -8.   -8.   -6.
    0.    0.    4.    7.    9.    9.   11.   13.   15.   17.   21.   23.
   26.   27.   28.   29.   31.   35.   37.   38.   38.   40.   41.   41.
   43.   43.   45.   46.   50.   52.   56.   56.   58.   59.   65.   66.
   67.   70.   72.   78.   80.   82.   85.   88.   88.   88.   90.   92.
   92.   92.   94.  100.][-100.  -99.  -99.  -99.  -98.  -96.  -95.  -94.  -93.  -88.  -88.  -88.
  -88.  -87.  -86.  -83.  -83.  -81.  -80.  -78.  -75.  -74.  -73.  -71.
  -69.  -64.  -61.  -60.  -59.  -58.  -57.  -55.  -54.  -48.  -47.  -46.
  -41.  -36.  -35.  -34.  -33.  -32.  -32.  -29.  -27.  -23.  -23.  -22.
  -18.  -16.  -14.  -12.   -9.   -6.   -5.   -1.    1.    4.    9.   12.
   18.   19.   20.   21.   21.   21.   21.   21.   23.   27.   29.   34.
   40.   42.   43.   44.   46.   46.   50.   56.   59.   60.   65.   65.
   67.   67.   74.   76.   78.   82.   83.   84.   84.   86.   86.   86.
   96.   96.   96.   99.][-99. -94. -93. -91. -88. -87. -87. -84. -84. -83. -79. -78. -76. -75.
 -71. -71. -70. -68. -67. -67. -62. -61. -59. -54. -54. -53. -53. -52.
 -47. -47. -44. -36. -33. -33. -31. -29. -28. -26. -23. -22. -22. -21.
 -20. -17. -12.  -5.  -5.  -4.   2.   4.   6.   7.   9.  10.  18.  19.
  20.  21.  22.  23.  25.  26.  28.  28.  28.  33.  37.  40.  40.  42.
  45.  46.  52.  53.  54.  58.  58.  60.  61.  61.  63.  63.  66.  67.
  67.  71.  75.  75.  79.  82.  87.  87.  89.  89.  92.  93.  96.  98.
  99. 100.][-100. -100.  -98.  -98.  -97.  -93.  -91.  -90.  -88.  -83.  -77.  -76.
  -76.  -76.  -70.  -69.  -67.  -66.  -65.  -58.  -53.  -49.  -45.  -43.
  -43.  -43.  -42.  -42.  -40.  -39.  -35.  -28.  -28.  -24.  -23.  -22.
  -22.  -20.  -18.  -16.  -15.  -11.  -10.   -9.   -9.   -7.   -7.   -5.
   -4.   -3.    2.    2.    3.   13.   14.   16.   16.   20.   20.   20.
   23.   24.   28.   30.   31.   36.   40.   40.   42.   47.   49.   50.
   51.   51.   52.   53.   53.   53.   56.   57.   60.   61.   62.   63.
   64.   65.   66.   67.   70.   73.   79.   85.   87.   87.   88.   90.
   91.   94.   97.   98.][-100.  -99.  -99.  -98.  -94.  -90.  -87.  -85.  -82.  -77.  -71.  -70.
  -69.  -65.  -65.  -63.  -62.  -61.  -53.  -53.  -50.  -50.  -48.  -48.
  -42.  -42.  -37.  -35.  -35.  -29.  -28.  -27.  -25.  -22.  -22.  -21.
  -21.  -20.  -19.  -18.  -18.  -18.  -15.  -14.   -9.   -7.   -4.   -4.
   -4.   -3.   -2.    4.    6.    7.    9.   12.   12.   13.   14.   14.
   14.   19.   26.   27.   31.   33.   33.   37.   37.   39.   39.   44.
   45.   47.   48.   50.   50.   52.   56.   57.   58.   60.   71.   73.
   75.   78.   79.   79.   80.   80.   82.   83.   85.   86.   89.   90.
   91.   92.   99.  100.][-99. -97. -95. -95. -94. -91. -89. -88. -85. -83. -80. -80. -79. -77.
 -75. -75. -74. -74. -71. -71. -69. -69. -65. -65. -58. -57. -52. -41.
 -40. -40. -40. -39. -37. -36. -35. -30. -28. -27. -26. -21. -17. -17.
 -10.  -9.  -9.  -7.  -6.  -6.  -6.  -3.  -2.  -2.  -2.   0.   3.   4.
   6.  10.  11.  11.  13.  13.  15.  20.  21.  22.  22.  23.  26.  30.
  33.  33.  35.  37.  40.  41.  50.  50.  53.  57.  59.  59.  61.  62.
  70.  72.  72.  72.  76.  78.  83.  85.  87.  88.  91.  93.  93.  98.
  99. 100.][-100. -100.  -97.  -97.  -94.  -94.  -92.  -87.  -84.  -80.  -78.  -73.
  -70.  -68.  -68.  -65.  -61.  -59.  -50.  -43.  -41.  -40.  -38.  -36.
  -34.  -32.  -29.  -28.  -28.  -25.  -23.  -23.  -22.  -21.  -21.  -20.
  -14.  -13.  -12.  -10.   -8.   -7.   -3.   -1.    2.    7.    9.    9.
   10.   10.   11.   15.   19.   20.   20.   24.   24.   24.   25.   25.
   26.   28.   28.   31.   32.   37.   42.   44.   44.   44.   46.   49.
   49.   54.   55.   55.   55.   58.   59.   62.   62.   65.   66.   66.
   67.   67.   68.   69.   71.   73.   75.   75.   77.   81.   82.   84.
   85.   85.   90.   91.][-100.  -99.  -99.  -98.  -98.  -96.  -94.  -93.  -92.  -92.  -90.  -87.
  -80.  -79.  -79.  -78.  -78.  -77.  -75.  -75.  -70.  -63.  -62.  -59.
  -59.  -58.  -56.  -56.  -52.  -49.  -48.  -45.  -44.  -37.  -36.  -34.
  -27.  -26.  -26.  -25.  -24.  -23.  -22.  -21.  -19.  -18.  -16.   -3.
   -3.   -2.   -1.    2.    3.    4.    4.    5.    6.   13.   14.   17.
   21.   22.   24.   27.   28.   29.   30.   30.   35.   39.   40.   41.
   42.   43.   46.   46.   48.   50.   53.   54.   55.   62.   62.   63.
   64.   67.   67.   68.   72.   72.   73.   75.   77.   78.   85.   87.
   88.   94.   98.   99.][-99. -96. -92. -91. -90. -90. -90. -83. -82. -80. -80. -74. -74. -74.
 -70. -68. -67. -67. -60. -59. -58. -57. -56. -55. -53. -53. -53. -52.
 -51. -47. -46. -45. -44. -43. -40. -37. -35. -35. -32. -32. -29. -24.
 -24. -23. -16. -16. -16. -15. -12. -11. -11.  -9.  -5.  -4.  -4.  -2.
  -1.   1.   2.  10.  11.  21.  21.  25.  27.  30.  32.  32.  33.  39.
  39.  41.  42.  44.  53.  54.  54.  57.  63.  64.  66.  69.  70.  71.
  75.  76.  76.  79.  80.  81.  81.  81.  84.  87.  89.  90.  92.  96.
  99. 100.]