[-100.  -99.  -96.  -96.  -95.  -92.  -91.  -91.  -90.  -89.  -88.  -88.
  -87.  -86.  -86.  -85.  -84.  -84.  -80.  -69.  -68.  -65.  -62.  -60.
  -57.  -52.  -50.  -46.  -44.  -44.  -39.  -37.  -37.  -31.  -23.  -19.
  -17.  -16.  -13.  -12.   -8.   -7.   -4.   -4.   -3.    1.    1.    2.
    4.    7.    7.    9.    9.    9.   10.   14.   14.   14.   14.   15.
   16.   16.   17.   17.   21.   22.   25.   28.   35.   36.   37.   37.
   40.   42.   50.   50.   53.   56.   62.   63.   66.   67.   67.   67.
   68.   69.   74.   77.   81.   81.   81.   82.   85.   87.   88.   88.
   91.   93.   96.   96.][-98. -98. -96. -96. -88. -86. -82. -82. -81. -79. -77. -76. -73. -73.
 -72. -71. -69. -65. -62. -61. -58. -57. -55. -55. -53. -53. -51. -49.
 -48. -47. -45. -45. -42. -36. -36. -36. -33. -32. -29. -28. -27. -26.
 -23. -19. -17. -17. -10.  -7.  -6.  -5.  -4.   2.   2.   9.  10.  10.
  11.  12.  13.  16.  17.  19.  21.  22.  24.  24.  28.  30.  32.  35.
  35.  41.  42.  43.  48.  51.  52.  56.  58.  60.  68.  68.  69.  70.
  71.  76.  77.  78.  79.  83.  85.  88.  88.  92.  93.  94.  96.  96.
  98.  98.][-99. -96. -92. -88. -86. -85. -85. -84. -81. -80. -78. -77. -76. -74.
 -73. -72. -71. -71. -67. -64. -63. -58. -57. -56. -56. -55. -55. -53.
 -52. -52. -51. -50. -48. -45. -40. -37. -37. -36. -36. -34. -33. -16.
 -14. -13. -10. -10. -10.  -8.  -5.  -3.   2.   8.  11.  12.  13.  13.
  13.  14.  16.  17.  17.  18.  20.  20.  24.  28.  31.  34.  40.  41.
  43.  47.  48.  49.  50.  55.  56.  57.  58.  60.  60.  64.  65.  66.
  67.  68.  76.  79.  80.  80.  83.  84.  88.  89.  91.  96.  96.  98.
  99. 100.][-98. -98. -97. -97. -94. -94. -92. -90. -90. -85. -83. -83. -82. -80.
 -80. -79. -78. -77. -77. -77. -76. -75. -72. -71. -65. -61. -58. -56.
 -54. -51. -50. -50. -49. -47. -42. -37. -36. -33. -32. -32. -30. -29.
 -28. -25. -25. -24. -23. -21. -19. -17. -14. -13. -10.  -7.  -2.  -2.
  -1.  -1.  -1.   3.   3.  10.  11.  13.  14.  14.  16.  21.  22.  27.
  31.  33.  33.  33.  33.  34.  34.  40.  41.  45.  46.  47.  50.  50.
  52.  54.  55.  55.  59.  59.  60.  66.  71.  72.  78.  85.  86.  89.
  93.  95.][-100.  -99.  -98.  -89.  -87.  -86.  -82.  -79.  -74.  -74.  -72.  -71.
  -71.  -67.  -66.  -65.  -65.  -59.  -58.  -57.  -56.  -56.  -56.  -56.
  -54.  -52.  -52.  -52.  -50.  -49.  -47.  -43.  -39.  -39.  -36.  -34.
  -33.  -32.  -32.  -31.  -29.  -29.  -20.  -18.  -14.  -11.   -9.   -8.
   -8.   -6.   -3.   -1.    0.    0.    0.    2.    3.    4.    4.    6.
    7.    8.   11.   14.   18.   19.   22.   23.   24.   24.   27.   27.
   29.   32.   35.   36.   38.   39.   46.   48.   53.   56.   56.   57.
   64.   65.   66.   67.   68.   72.   76.   78.   82.   84.   87.   91.
   92.   93.   97.   98.][-95. -90. -90. -89. -88. -82. -77. -77. -73. -73. -72. -70. -66. -65.
 -65. -63. -62. -62. -62. -61. -59. -58. -53. -50. -50. -49. -48. -48.
 -47. -39. -38. -38. -38. -35. -33. -33. -31. -28. -28. -26. -24. -22.
 -22. -22. -18. -17. -15. -15. -11.  -8.  -7.  -3.  -2.   0.   2.   2.
   3.   4.   7.  13.  13.  15.  16.  19.  24.  30.  32.  33.  35.  37.
  39.  42.  43.  44.  45.  47.  47.  50.  56.  62.  64.  64.  66.  69.
  74.  74.  77.  78.  79.  80.  83.  86.  89.  92.  92.  94.  97.  98.
  98.  99.][-100.  -98.  -95.  -93.  -92.  -89.  -88.  -85.  -85.  -84.  -84.  -83.
  -83.  -82.  -80.  -78.  -76.  -76.  -76.  -66.  -61.  -58.  -57.  -57.
  -53.  -52.  -52.  -51.  -51.  -51.  -51.  -48.  -48.  -47.  -45.  -45.
  -43.  -40.  -33.  -31.  -29.  -24.  -23.  -20.  -20.  -20.  -19.  -18.
  -17.  -12.  -10.   -7.   -6.   -5.   -2.   -2.    1.    1.    3.    5.
    6.    7.    8.   10.   18.   23.   24.   25.   30.   30.   31.   34.
   36.   38.   39.   41.   43.   43.   45.   45.   47.   52.   54.   55.
   58.   58.   58.   59.   66.   74.   74.   78.   78.   80.   85.   91.
   95.   97.   99.   99.][-98. -98. -98. -98. -95. -95. -93. -93. -92. -90. -88. -87. -85. -80.
 -80. -77. -76. -69. -68. -62. -59. -53. -51. -50. -47. -47. -46. -45.
 -41. -41. -40. -36. -35. -34. -31. -29. -28. -28. -27. -26. -16. -13.
 -10.  -9.  -7.  -4.  -1.   1.   3.   4.   4.   9.   9.  10.  14.  15.
  15.  18.  18.  21.  24.  24.  28.  37.  37.  38.  38.  40.  40.  40.
  41.  43.  43.  46.  49.  49.  50.  51.  54.  55.  58.  58.  64.  65.
  71.  77.  77.  78.  78.  78.  79.  80.  84.  85.  88.  91.  92.  93.
  95.  98.][-99. -98. -98. -97. -91. -87. -87. -85. -85. -84. -84. -79. -71. -70.
 -67. -63. -62. -60. -60. -58. -57. -57. -57. -55. -50. -46. -44. -43.
 -42. -42. -41. -41. -41. -39. -39. -38. -34. -32. -31. -29. -25. -21.
 -17. -16. -14.  -8.  -7.  -6.  -2.  -1.   0.   4.   7.   7.   8.  13.
  15.  18.  18.  19.  20.  20.  20.  26.  28.  29.  29.  30.  31.  38.
  39.  43.  45.  50.  51.  53.  55.  59.  65.  65.  67.  70.  72.  72.
  74.  74.  74.  76.  77.  77.  77.  80.  81.  85.  89.  89.  93.  93.
  93.  95.][-100. -100.  -99.  -98.  -97.  -91.  -89.  -84.  -84.  -82.  -80.  -77.
  -76.  -74.  -71.  -70.  -70.  -66.  -65.  -65.  -60.  -57.  -55.  -54.
  -54.  -54.  -53.  -49.  -47.  -47.  -43.  -43.  -41.  -39.  -39.  -38.
  -32.  -28.  -28.  -25.  -24.  -20.  -18.  -16.  -13.    0.    6.    6.
    7.    7.    8.    9.   10.   11.   11.   13.   13.   14.   15.   16.
   17.   18.   20.   24.   27.   31.   32.   32.   33.   34.   34.   39.
   39.   41.   42.   42.   44.   46.   52.   54.   57.   58.   65.   67.
   76.   77.   81.   82.   84.   84.   84.   86.   87.   89.   90.   92.
   96.   96.   98.  100.][-100.  -97.  -96.  -91.  -90.  -87.  -85.  -83.  -83.  -82.  -82.  -81.
  -80.  -78.  -76.  -76.  -76.  -75.  -74.  -72.  -70.  -67.  -66.  -65.
  -65.  -62.  -62.  -61.  -61.  -57.  -56.  -53.  -48.  -43.  -42.  -32.
  -29.  -27.  -24.  -21.  -18.  -15.  -13.  -12.  -11.   -5.   -2.    0.
    2.    4.    4.    5.   14.   18.   22.   23.   24.   24.   27.   30.
   31.   33.   34.   35.   36.   38.   38.   40.   42.   45.   49.   53.
   54.   54.   59.   60.   63.   66.   66.   67.   68.   70.   72.   73.
   77.   77.   79.   79.   83.   84.   84.   85.   85.   85.   87.   92.
   95.   95.   98.  100.][-100.  -96.  -88.  -87.  -83.  -76.  -73.  -72.  -71.  -70.  -68.  -67.
  -67.  -65.  -64.  -64.  -63.  -59.  -57.  -57.  -54.  -53.  -53.  -53.
  -49.  -47.  -45.  -43.  -43.  -39.  -37.  -37.  -34.  -32.  -30.  -29.
  -29.  -27.  -26.  -16.  -13.  -11.   -9.   -7.   -6.   -5.   -5.   -4.
   -3.    2.    3.    4.    4.    5.    8.    9.   11.   13.   14.   17.
   21.   22.   24.   24.   27.   30.   31.   33.   34.   34.   35.   40.
   41.   41.   44.   45.   53.   56.   57.   58.   58.   60.   63.   63.
   67.   68.   71.   71.   72.   72.   74.   75.   77.   81.   82.   83.
   91.   92.   95.   99.][-96. -94. -93. -88. -88. -86. -83. -80. -79. -78. -75. -74. -74. -74.
 -73. -72. -71. -70. -68. -67. -61. -58. -54. -54. -54. -53. -53. -50.
 -44. -43. -42. -41. -40. -38. -38. -37. -36. -36. -35. -35. -33. -32.
 -26. -26. -25. -24. -24. -23. -23. -22. -21. -18. -17. -11. -11.  -8.
  -4.   5.   6.   8.   9.  10.  17.  21.  22.  23.  24.  25.  30.  30.
  35.  36.  41.  44.  44.  47.  48.  51.  53.  53.  55.  57.  57.  61.
  66.  72.  73.  76.  76.  78.  80.  81.  83.  83.  85.  86.  87.  89.
  92.  93.][-99. -99. -98. -97. -95. -92. -89. -88. -85. -79. -74. -73. -73. -64.
 -64. -59. -57. -52. -49. -47. -47. -45. -45. -43. -43. -38. -37. -34.
 -32. -32. -31. -27. -26. -23. -16. -16. -14. -13.  -9.  -9.  -8.  -8.
  -7.  -7.   3.   5.   8.   8.  10.  13.  14.  24.  26.  27.  31.  31.
  31.  32.  33.  33.  35.  37.  39.  39.  39.  39.  39.  41.  42.  42.
  44.  46.  47.  51.  51.  52.  52.  52.  55.  56.  56.  58.  59.  61.
  63.  66.  67.  70.  70.  74.  79.  80.  81.  86.  88.  89.  91.  93.
  95.  95.][-95. -94. -91. -91. -87. -86. -86. -85. -85. -83. -77. -74. -72. -72.
 -70. -70. -69. -69. -67. -64. -63. -62. -59. -58. -47. -47. -46. -45.
 -42. -40. -38. -35. -32. -28. -23. -22. -19. -19. -19. -16. -16. -12.
 -11.  -9.  -6.  -5.  -5.  -4.  -3.  -2.  11.  12.  12.  16.  24.  28.
  28.  29.  33.  34.  35.  35.  36.  38.  39.  40.  41.  43.  50.  50.
  56.  62.  63.  69.  69.  69.  70.  70.  71.  71.  72.  73.  74.  77.
  80.  81.  84.  84.  87.  88.  90.  91.  91.  91.  92.  96.  97.  98.
  99. 100.][-100. -100. -100.  -95.  -93.  -93.  -92.  -91.  -90.  -89.  -89.  -86.
  -86.  -85.  -85.  -84.  -83.  -81.  -78.  -78.  -78.  -77.  -76.  -70.
  -67.  -60.  -58.  -54.  -50.  -47.  -46.  -45.  -40.  -40.  -40.  -35.
  -35.  -32.  -30.  -29.  -28.  -26.  -24.  -22.  -21.  -20.  -18.  -17.
  -15.  -15.  -12.   -3.   -3.   -2.   -1.    0.    1.    5.    9.   10.
   11.   11.   13.   13.   14.   15.   16.   16.   21.   22.   22.   23.
   23.   27.   29.   32.   34.   34.   35.   40.   42.   50.   51.   53.
   55.   58.   62.   62.   65.   68.   71.   78.   84.   85.   88.   88.
   92.   92.   95.   98.][-99. -96. -94. -91. -90. -90. -86. -85. -84. -83. -82. -80. -77. -77.
 -74. -74. -74. -73. -73. -72. -72. -69. -65. -61. -49. -44. -43. -43.
 -42. -40. -40. -33. -33. -33. -33. -32. -32. -29. -29. -28. -27. -25.
 -24. -24. -24. -19. -18. -17. -12. -12. -12. -10.  -8.  -6.  -5.  -3.
  -2.   0.   2.   5.  13.  19.  20.  21.  23.  25.  25.  26.  26.  26.
  27.  28.  34.  34.  35.  37.  41.  46.  55.  55.  55.  56.  60.  60.
  61.  66.  69.  74.  74.  74.  76.  78.  78.  79.  81.  81.  82.  83.
  86.  98.][-100.  -99.  -99.  -98.  -97.  -95.  -95.  -91.  -91.  -87.  -87.  -83.
  -83.  -82.  -81.  -80.  -80.  -76.  -76.  -73.  -72.  -70.  -68.  -68.
  -66.  -66.  -64.  -64.  -63.  -59.  -55.  -50.  -48.  -45.  -42.  -38.
  -35.  -35.  -34.  -30.  -28.  -23.  -19.  -17.  -15.  -14.  -14.  -14.
  -13.   -8.   -7.   -6.   -5.   -4.    2.    3.    9.    9.    9.    9.
   15.   17.   18.   18.   20.   22.   27.   27.   28.   37.   38.   39.
   40.   43.   43.   48.   49.   50.   51.   52.   52.   57.   58.   67.
   70.   70.   78.   80.   81.   81.   83.   87.   88.   89.   92.   92.
   93.   95.   99.   99.][-100.  -97.  -97.  -96.  -95.  -93.  -91.  -91.  -91.  -91.  -91.  -89.
  -88.  -87.  -81.  -81.  -78.  -73.  -72.  -69.  -65.  -62.  -60.  -57.
  -53.  -51.  -46.  -44.  -43.  -37.  -37.  -35.  -33.  -33.  -25.  -23.
  -22.  -22.  -21.  -20.  -18.  -15.  -15.  -12.   -8.   -4.   -3.   -1.
    0.    0.    2.    5.    5.    6.    7.    8.   10.   11.   16.   17.
   17.   19.   19.   21.   27.   29.   31.   34.   35.   35.   37.   38.
   38.   42.   44.   46.   46.   47.   49.   49.   51.   52.   52.   53.
   54.   56.   56.   60.   61.   81.   81.   84.   86.   87.   88.   90.
   91.   95.   96.   96.][-100.  -98.  -98.  -97.  -91.  -90.  -85.  -83.  -81.  -78.  -75.  -73.
  -71.  -70.  -70.  -68.  -66.  -65.  -63.  -62.  -61.  -61.  -60.  -59.
  -58.  -55.  -55.  -55.  -51.  -46.  -45.  -44.  -42.  -34.  -32.  -31.
  -24.  -21.  -20.  -19.  -16.  -14.  -11.   -9.   -7.   -6.   -5.    1.
    2.    4.    5.    5.    7.    9.    9.   10.   12.   12.   15.   17.
   24.   30.   34.   35.   38.   39.   40.   40.   44.   44.   45.   48.
   49.   49.   51.   57.   63.   63.   65.   68.   68.   70.   73.   73.
   76.   76.   78.   79.   79.   80.   81.   83.   87.   88.   91.   93.
   94.   94.   96.   98.][-100.  -95.  -94.  -92.  -91.  -88.  -85.  -85.  -84.  -84.  -83.  -83.
  -82.  -78.  -74.  -73.  -70.  -68.  -64.  -62.  -60.  -58.  -58.  -57.
  -55.  -54.  -51.  -49.  -48.  -46.  -46.  -46.  -45.  -40.  -38.  -38.
  -38.  -35.  -35.  -30.  -29.  -24.  -23.  -23.  -23.  -22.  -19.  -16.
  -15.  -14.   -9.   -8.   -8.   -6.   -5.   -5.    2.    5.    7.    9.
   10.   13.   15.   18.   19.   30.   31.   32.   34.   35.   40.   40.
   40.   51.   54.   54.   63.   64.   69.   70.   70.   71.   73.   75.
   76.   78.   78.   78.   79.   80.   82.   82.   90.   91.   93.   97.
   97.   98.  100.  100.][-100. -100.  -99.  -97.  -96.  -93.  -92.  -89.  -88.  -88.  -88.  -86.
  -82.  -78.  -77.  -76.  -72.  -70.  -69.  -63.  -63.  -62.  -57.  -56.
  -56.  -56.  -55.  -53.  -50.  -40.  -39.  -38.  -35.  -28.  -27.  -25.
  -23.  -22.  -14.  -13.   -9.   -9.   -9.   -6.   -3.   -2.    1.    4.
    5.    6.    7.   14.   14.   16.   17.   17.   18.   20.   20.   24.
   25.   27.   27.   28.   29.   35.   37.   38.   39.   39.   42.   42.
   44.   57.   58.   59.   59.   60.   63.   66.   66.   68.   68.   71.
   72.   80.   80.   81.   83.   83.   84.   92.   93.   93.   93.   95.
   96.   96.   97.   99.][-99. -99. -98. -94. -89. -88. -88. -86. -84. -82. -81. -80. -78. -72.
 -67. -66. -66. -65. -64. -63. -60. -57. -54. -54. -51. -50. -48. -46.
 -44. -44. -39. -39. -39. -38. -37. -37. -36. -36. -35. -31. -29. -27.
 -25. -25. -18. -14. -14. -10.  -9.  -7.  -6.   1.   1.   3.  12.  14.
  16.  23.  25.  27.  30.  34.  35.  35.  36.  38.  38.  40.  40.  41.
  41.  44.  45.  46.  47.  47.  51.  53.  58.  60.  61.  61.  63.  63.
  65.  69.  72.  77.  78.  79.  81.  82.  84.  84.  86.  88.  90.  91.
  93.  94.][-99. -96. -94. -93. -90. -89. -89. -89. -88. -88. -87. -87. -86. -86.
 -85. -85. -82. -72. -71. -65. -64. -56. -52. -48. -43. -41. -39. -38.
 -35. -34. -33. -33. -33. -31. -30. -23. -23. -18. -16. -15. -14. -13.
 -13. -12. -12.  -9.  -7.  -5.  -5.  -2.   1.   2.   5.   6.   9.  11.
  19.  19.  22.  26.  26.  26.  30.  33.  33.  33.  34.  36.  41.  44.
  46.  47.  47.  51.  52.  53.  53.  55.  57.  59.  68.  71.  72.  72.
  74.  78.  79.  80.  83.  83.  83.  83.  91.  91.  94.  94.  94.  96.
  99. 100.][-100.  -99.  -98.  -92.  -91.  -88.  -87.  -84.  -83.  -82.  -82.  -81.
  -80.  -78.  -75.  -74.  -72.  -72.  -71.  -67.  -63.  -59.  -55.  -54.
  -51.  -51.  -51.  -45.  -45.  -43.  -42.  -41.  -40.  -37.  -33.  -29.
  -26.  -23.  -23.  -22.  -22.  -16.  -10.   -4.   -3.   -3.   -2.   -1.
    5.    5.    5.    9.   10.   11.   13.   18.   20.   24.   25.   28.
   30.   30.   32.   34.   40.   44.   46.   46.   47.   47.   48.   51.
   52.   52.   54.   55.   56.   59.   62.   63.   63.   65.   66.   68.
   70.   72.   72.   73.   76.   79.   80.   83.   86.   92.   94.   94.
   96.   98.   98.  100.][-97. -96. -95. -95. -91. -90. -88. -87. -86. -85. -85. -85. -84. -84.
 -82. -79. -78. -74. -73. -70. -70. -69. -68. -68. -66. -63. -63. -62.
 -59. -55. -55. -54. -53. -51. -48. -47. -46. -43. -38. -38. -37. -34.
 -32. -25. -25. -24. -24. -23. -23. -20. -14. -13. -10.  -9.  -8.  -8.
  -6.   7.   7.   8.  11.  13.  17.  18.  22.  25.  25.  31.  43.  43.
  43.  46.  48.  49.  49.  50.  52.  54.  55.  58.  62.  63.  67.  68.
  68.  69.  70.  70.  73.  78.  82.  86.  89.  90.  91.  93.  93.  95.
  95.  99.][-100. -100.  -99.  -94.  -93.  -91.  -91.  -90.  -90.  -85.  -77.  -75.
  -74.  -72.  -71.  -69.  -67.  -66.  -64.  -62.  -61.  -57.  -57.  -52.
  -52.  -50.  -49.  -48.  -47.  -45.  -44.  -41.  -40.  -40.  -36.  -32.
  -28.  -26.  -24.  -22.  -22.  -19.  -18.  -18.  -18.  -17.  -15.  -13.
  -13.  -11.   -9.   -9.   -7.   -5.   -5.   -4.   -3.   -2.   -1.   -1.
    3.    3.    4.    5.    6.    8.   16.   19.   21.   21.   30.   31.
   34.   37.   41.   41.   43.   43.   44.   44.   47.   50.   52.   52.
   67.   71.   71.   72.   72.   74.   78.   80.   80.   80.   80.   81.
   82.   84.   96.   99.][-98. -95. -94. -93. -91. -88. -84. -79. -77. -75. -72. -69. -68. -66.
 -66. -65. -64. -61. -60. -57. -54. -53. -52. -51. -49. -44. -38. -35.
 -34. -33. -29. -28. -28. -28. -27. -26. -26. -24. -22. -19. -17. -14.
  -9.  -5.  -5.  -4.  -3.  -3.   0.   3.   3.   4.   7.   7.   8.  11.
  12.  13.  16.  16.  22.  24.  25.  26.  28.  29.  31.  33.  33.  37.
  40.  43.  46.  47.  48.  50.  55.  55.  56.  56.  57.  59.  60.  60.
  64.  67.  72.  75.  76.  77.  79.  81.  83.  85.  97.  97.  98.  99.
 100. 100.][-96. -95. -94. -93. -90. -89. -81. -78. -77. -77. -67. -67. -61. -61.
 -56. -55. -55. -54. -53. -53. -52. -52. -49. -49. -44. -43. -43. -41.
 -41. -37. -36. -36. -23. -19. -18. -15. -13. -12. -11. -11. -10.  -6.
  -5.  -3.  -3.  -2.   2.   2.   2.   6.  10.  11.  11.  12.  13.  17.
  17.  19.  19.  21.  22.  22.  22.  23.  25.  25.  30.  32.  33.  40.
  42.  42.  46.  50.  55.  64.  64.  65.  69.  71.  71.  73.  75.  78.
  80.  82.  85.  86.  86.  87.  87.  87.  88.  91.  92.  92.  93.  95.
  97. 100.][-100.  -98.  -97.  -93.  -93.  -89.  -87.  -85.  -77.  -75.  -74.  -73.
  -72.  -67.  -65.  -65.  -65.  -63.  -60.  -60.  -60.  -57.  -56.  -51.
  -51.  -50.  -45.  -44.  -43.  -42.  -41.  -40.  -36.  -35.  -23.  -23.
  -22.  -22.  -21.  -16.   -4.   -3.   -2.   -1.    1.    2.    3.    7.
    7.    8.   10.   10.   12.   14.   15.   17.   18.   18.   22.   23.
   26.   28.   32.   32.   33.   38.   38.   40.   42.   42.   42.   43.
   43.   43.   44.   44.   47.   47.   48.   52.   52.   53.   55.   55.
   62.   63.   64.   64.   65.   65.   68.   75.   79.   82.   84.   84.
   86.   87.   94.   94.][-99. -98. -92. -92. -91. -91. -90. -89. -84. -82. -82. -77. -75. -73.
 -72. -71. -70. -70. -69. -63. -62. -60. -57. -57. -49. -46. -44. -44.
 -44. -43. -41. -39. -37. -34. -32. -30. -30. -29. -25. -22. -20. -19.
 -18. -16. -14. -13. -11. -11.  -3.   0.   2.   3.   8.   9.  10.  12.
  13.  13.  19.  20.  20.  22.  22.  23.  26.  35.  37.  37.  39.  41.
  42.  48.  51.  52.  54.  58.  59.  60.  61.  61.  61.  64.  64.  66.
  67.  69.  69.  73.  74.  77.  81.  85.  86.  87.  92.  93.  93.  95.
  99. 100.][-93. -91. -89. -86. -82. -81. -79. -79. -76. -73. -70. -70. -70. -69.
 -67. -62. -61. -58. -56. -55. -53. -50. -50. -48. -47. -45. -41. -35.
 -34. -33. -32. -31. -30. -30. -26. -26. -25. -25. -24. -23. -23. -22.
 -21. -19. -13. -12.  -4.  -3.  -1.   0.   0.   1.   1.   2.   4.   4.
   6.   7.  10.  11.  11.  12.  15.  15.  26.  28.  29.  29.  31.  32.
  35.  36.  39.  41.  41.  42.  44.  46.  48.  51.  52.  55.  56.  58.
  60.  60.  60.  72.  73.  73.  73.  73.  74.  77.  78.  78.  84.  90.
  95.  98.][-96. -93. -91. -90. -89. -89. -88. -84. -82. -78. -77. -77. -74. -74.
 -71. -71. -68. -67. -65. -65. -64. -63. -62. -58. -54. -51. -50. -50.
 -47. -45. -44. -41. -41. -41. -35. -35. -33. -32. -31. -29. -26. -25.
 -24. -22. -20. -19. -17. -13. -12. -11. -10.  -9.  -9.  -3.  -3.  -2.
   0.   0.   6.   6.   9.   9.  14.  14.  18.  19.  21.  25.  26.  26.
  34.  36.  39.  41.  42.  44.  45.  45.  52.  53.  55.  55.  55.  56.
  57.  57.  59.  61.  66.  69.  69.  70.  73.  74.  81.  82.  94.  94.
  96.  97.][-98. -98. -98. -96. -95. -89. -88. -88. -85. -85. -84. -84. -83. -79.
 -76. -75. -73. -72. -69. -69. -68. -66. -66. -66. -61. -60. -59. -56.
 -54. -50. -49. -48. -47. -46. -44. -42. -40. -34. -33. -30. -30. -29.
 -26. -21. -18. -15. -12.  -5.   5.   5.   5.  10.  10.  11.  12.  13.
  15.  15.  19.  19.  20.  24.  28.  30.  30.  30.  33.  35.  35.  36.
  40.  45.  46.  47.  47.  50.  54.  55.  57.  59.  60.  64.  65.  65.
  66.  68.  76.  77.  78.  78.  80.  81.  83.  83.  85.  87.  88.  90.
  91.  97.][-98. -94. -92. -86. -85. -85. -85. -75. -67. -67. -66. -64. -57. -55.
 -54. -54. -49. -41. -41. -37. -36. -35. -34. -32. -31. -31. -30. -23.
 -20. -20. -18. -17. -15. -13. -13. -10.  -9.  -7.  -6.  -6.  -5.  -4.
  -3.  -3.  -3.  -1.   0.   3.   5.   9.  11.  12.  13.  14.  16.  17.
  17.  18.  21.  25.  25.  28.  30.  30.  36.  37.  39.  47.  50.  53.
  55.  57.  58.  60.  62.  62.  64.  66.  66.  67.  68.  71.  71.  74.
  75.  76.  77.  80.  81.  82.  84.  86.  87.  87.  89.  89.  91.  96.
 100. 100.][-100.  -99.  -96.  -95.  -95.  -93.  -91.  -89.  -81.  -80.  -79.  -72.
  -70.  -69.  -69.  -68.  -66.  -65.  -60.  -59.  -52.  -52.  -50.  -49.
  -49.  -47.  -47.  -46.  -45.  -45.  -44.  -43.  -42.  -40.  -38.  -36.
  -32.  -25.  -24.  -23.  -20.  -19.  -14.  -13.  -11.  -10.   -9.   -5.
    0.    5.    7.   10.   20.   20.   22.   24.   25.   29.   30.   31.
   33.   33.   34.   38.   40.   41.   42.   43.   44.   44.   47.   47.
   47.   48.   49.   50.   50.   50.   54.   55.   57.   58.   63.   66.
   68.   69.   69.   72.   74.   76.   80.   84.   85.   86.   86.   89.
   92.   95.   96.   97.][-98. -94. -89. -88. -84. -82. -79. -71. -70. -70. -69. -69. -67. -66.
 -65. -64. -62. -61. -61. -60. -59. -59. -58. -55. -46. -45. -44. -41.
 -35. -33. -32. -32. -28. -28. -27. -25. -24. -24. -23. -22. -21. -18.
 -15. -10.  -7.  -3.   0.   1.   8.  11.  12.  17.  18.  21.  22.  22.
  22.  24.  27.  27.  31.  31.  34.  35.  37.  39.  39.  40.  41.  41.
  41.  41.  43.  43.  45.  49.  50.  52.  52.  54.  55.  56.  57.  61.
  63.  71.  74.  75.  76.  76.  77.  79.  79.  81.  84.  84.  88.  92.
  93. 100.][-100.  -94.  -93.  -92.  -92.  -89.  -89.  -88.  -86.  -86.  -83.  -82.
  -81.  -81.  -78.  -76.  -73.  -71.  -67.  -64.  -63.  -62.  -60.  -59.
  -57.  -54.  -52.  -49.  -46.  -45.  -45.  -44.  -42.  -35.  -31.  -28.
  -26.  -26.  -20.  -17.  -16.  -15.  -14.  -13.  -10.   -9.   -8.   -5.
    1.    1.    6.    8.   11.   13.   14.   15.   19.   23.   24.   29.
   29.   37.   39.   44.   44.   45.   46.   47.   47.   47.   47.   47.
   50.   56.   58.   66.   67.   68.   71.   76.   78.   78.   80.   80.
   81.   82.   82.   85.   86.   88.   90.   90.   92.   93.   93.   96.
   96.   96.   96.   98.][-100.  -98.  -97.  -96.  -94.  -93.  -90.  -86.  -82.  -81.  -78.  -74.
  -68.  -65.  -62.  -57.  -57.  -56.  -54.  -53.  -51.  -50.  -49.  -45.
  -42.  -38.  -37.  -36.  -35.  -35.  -34.  -32.  -30.  -30.  -26.  -23.
  -21.  -20.  -18.  -15.  -13.  -13.  -10.   -9.   -4.   -1.    3.    5.
    5.    7.   15.   15.   16.   16.   17.   17.   18.   19.   21.   22.
   23.   24.   27.   30.   31.   32.   33.   38.   38.   39.   40.   41.
   43.   47.   49.   50.   52.   57.   59.   59.   60.   63.   63.   64.
   65.   66.   70.   72.   76.   79.   81.   81.   82.   83.   90.   90.
   90.   92.   94.   98.][-100.  -98.  -97.  -94.  -93.  -92.  -89.  -85.  -79.  -76.  -72.  -68.
  -66.  -64.  -63.  -63.  -60.  -58.  -57.  -53.  -53.  -52.  -52.  -49.
  -47.  -47.  -46.  -40.  -39.  -36.  -35.  -34.  -33.  -31.  -31.  -30.
  -30.  -22.  -22.  -20.  -20.  -19.  -19.  -18.  -15.  -13.  -12.  -11.
   -9.   -4.   -3.   -2.    2.    2.    8.   10.   11.   12.   13.   13.
   15.   15.   15.   16.   19.   20.   21.   32.   34.   35.   36.   40.
   40.   43.   50.   52.   52.   54.   57.   57.   61.   63.   69.   70.
   74.   75.   81.   83.   84.   84.   86.   86.   86.   88.   88.   91.
   93.   94.   95.   97.][-100.  -98.  -98.  -96.  -90.  -90.  -89.  -85.  -84.  -81.  -77.  -77.
  -77.  -76.  -74.  -73.  -71.  -69.  -64.  -62.  -62.  -60.  -58.  -57.
  -57.  -56.  -55.  -49.  -47.  -46.  -41.  -32.  -26.  -24.  -24.  -23.
  -20.  -17.  -11.   -9.   -5.   -3.   -3.   -2.    1.    2.    6.    7.
    7.    8.   10.   10.   11.   15.   15.   17.   19.   20.   21.   21.
   27.   28.   31.   31.   31.   35.   35.   37.   44.   45.   50.   51.
   55.   56.   59.   60.   63.   64.   65.   67.   71.   72.   77.   79.
   80.   82.   82.   82.   83.   84.   88.   88.   90.   93.   95.   97.
   98.   98.   98.  100.][-100.  -97.  -90.  -86.  -85.  -83.  -82.  -81.  -80.  -75.  -70.  -69.
  -69.  -64.  -60.  -57.  -56.  -56.  -50.  -49.  -48.  -45.  -43.  -43.
  -43.  -42.  -40.  -39.  -37.  -35.  -33.  -30.  -28.  -25.  -24.  -22.
  -22.  -22.  -22.  -20.  -19.  -18.  -16.  -12.   -8.   -8.   -1.    4.
    9.   12.   14.   15.   16.   20.   21.   21.   23.   23.   25.   28.
   28.   30.   31.   32.   33.   34.   35.   35.   37.   41.   47.   49.
   53.   56.   60.   62.   65.   66.   66.   69.   74.   76.   77.   77.
   78.   81.   81.   82.   83.   86.   88.   89.   90.   90.   92.   93.
   93.   95.   98.   99.][-98. -85. -83. -81. -80. -79. -78. -69. -68. -67. -65. -65. -65. -55.
 -51. -51. -47. -47. -47. -44. -44. -42. -39. -38. -38. -37. -37. -34.
 -34. -30. -28. -27. -26. -24. -22. -22. -19. -18. -18. -15. -12. -11.
 -11.  -7.  -5.  -4.  -4.  -3.  -2.   1.   1.   2.   2.   3.   5.   9.
  10.  10.  13.  13.  18.  18.  18.  21.  24.  27.  30.  34.  34.  36.
  38.  38.  39.  40.  42.  43.  44.  46.  47.  47.  47.  51.  52.  53.
  54.  63.  69.  69.  73.  74.  79.  82.  86.  87.  88.  92.  97.  98.
  99.  99.][-96. -96. -93. -90. -90. -87. -84. -83. -81. -80. -76. -75. -75. -71.
 -68. -67. -66. -64. -59. -59. -58. -54. -49. -47. -46. -46. -45. -43.
 -42. -41. -40. -40. -39. -39. -37. -36. -36. -33. -32. -28. -24. -23.
 -22. -18. -18. -16. -12. -11. -10.  -5.  -4.  -1.   4.   5.   9.  10.
  11.  12.  15.  17.  18.  19.  19.  21.  23.  23.  29.  33.  35.  37.
  39.  39.  40.  45.  46.  53.  55.  59.  60.  63.  64.  66.  68.  73.
  75.  78.  79.  80.  80.  81.  83.  83.  84.  90.  94.  94.  94.  96.
  98. 100.][-99. -98. -95. -90. -90. -81. -81. -80. -80. -77. -72. -71. -70. -65.
 -64. -64. -60. -58. -56. -52. -52. -42. -41. -41. -40. -34. -33. -32.
 -31. -29. -29. -28. -27. -18. -11.  -9.  -5.  -5.  -3.  -2.  -1.   0.
   0.   3.   3.   3.   7.   7.   7.  13.  16.  16.  16.  18.  20.  20.
  21.  26.  27.  27.  28.  29.  29.  30.  33.  35.  36.  37.  38.  42.
  43.  44.  50.  54.  54.  57.  59.  59.  59.  60.  60.  66.  67.  73.
  74.  75.  75.  77.  80.  82.  87.  88.  88.  88.  89.  90.  94.  96.
 100. 100.][-99. -98. -97. -97. -95. -95. -94. -90. -88. -85. -83. -80. -78. -73.
 -71. -65. -63. -57. -56. -56. -56. -49. -48. -48. -40. -39. -38. -37.
 -34. -34. -33. -33. -29. -29. -28. -25. -18. -15. -15. -12. -11. -10.
   1.   3.   7.  10.  11.  13.  16.  17.  18.  18.  19.  22.  23.  24.
  27.  28.  32.  34.  36.  37.  37.  43.  43.  45.  45.  52.  52.  53.
  53.  54.  62.  64.  64.  65.  66.  67.  68.  76.  76.  77.  79.  80.
  80.  84.  85.  86.  87.  87.  87.  90.  91.  94.  97.  98.  98.  99.
 100. 100.][-99. -99. -97. -96. -94. -93. -92. -90. -86. -85. -85. -81. -79. -75.
 -70. -68. -68. -64. -64. -61. -61. -60. -57. -54. -51. -48. -45. -43.
 -42. -41. -41. -40. -39. -38. -37. -37. -37. -33. -30. -26. -26. -24.
 -24. -21. -21. -20. -14. -13. -10.  -7.  -6.  -6.  -5.  -2.   2.   2.
   9.  10.  11.  12.  15.  15.  19.  20.  21.  24.  24.  25.  25.  25.
  26.  29.  30.  30.  35.  36.  36.  38.  40.  48.  51.  52.  53.  54.
  54.  57.  58.  63.  64.  65.  71.  77.  79.  84.  84.  85.  88.  90.
  90.  98.][-99. -97. -97. -97. -95. -95. -93. -91. -89. -89. -87. -87. -86. -85.
 -84. -84. -83. -83. -82. -77. -75. -73. -72. -68. -64. -64. -63. -62.
 -57. -54. -54. -52. -52. -52. -52. -50. -50. -49. -48. -48. -47. -45.
 -42. -41. -40. -35. -35. -33. -31. -30. -23. -18. -13. -11. -11. -10.
  -9.  -8.  -7.  -2.  -2.  -1.  -1.  -1.   0.   3.   3.  14.  15.  16.
  16.  20.  24.  29.  31.  32.  36.  41.  44.  45.  46.  54.  54.  55.
  56.  59.  59.  61.  63.  71.  74.  76.  76.  83.  90.  91.  92.  93.
  95.  96.][-99. -99. -98. -97. -95. -93. -93. -92. -91. -91. -90. -89. -84. -84.
 -81. -78. -76. -75. -73. -66. -65. -59. -59. -58. -57. -56. -53. -49.
 -43. -41. -41. -40. -39. -39. -39. -37. -37. -27. -24. -23. -19. -13.
 -11.  -7.  -6.  -3.   2.   2.   2.   3.   3.   5.   5.   6.   6.  11.
  11.  11.  12.  22.  22.  22.  25.  25.  26.  32.  32.  32.  33.  34.
  37.  41.  41.  43.  43.  44.  45.  48.  48.  52.  59.  62.  65.  68.
  69.  75.  75.  77.  80.  82.  86.  86.  86.  87.  88.  89.  95.  96.
  97.  99.][-100.  -93.  -91.  -89.  -86.  -84.  -84.  -82.  -76.  -71.  -71.  -67.
  -63.  -58.  -55.  -54.  -49.  -47.  -47.  -44.  -44.  -42.  -42.  -42.
  -41.  -39.  -39.  -38.  -38.  -31.  -27.  -26.  -26.  -25.  -18.  -18.
  -17.  -17.  -15.   -8.   -5.   -5.   -4.   -2.    0.    3.    3.    6.
    8.    8.    9.    9.   10.   10.   12.   15.   16.   16.   17.   19.
   20.   25.   30.   30.   32.   32.   33.   34.   34.   36.   39.   40.
   41.   44.   46.   49.   51.   52.   53.   54.   58.   60.   61.   62.
   69.   71.   78.   82.   85.   86.   87.   88.   89.   90.   93.   93.
   94.   95.   95.   99.][-98. -84. -81. -78. -77. -77. -76. -75. -71. -70. -66. -62. -62. -61.
 -59. -59. -55. -53. -52. -52. -49. -45. -41. -37. -35. -33. -32. -32.
 -32. -31. -31. -29. -29. -28. -28. -26. -24. -24. -24. -24. -21. -21.
 -19. -19. -18. -17. -15. -11.  -8.  -6.  -5.  -3.  -2.  -2.  -2.  -1.
  -1.   1.   2.   2.   7.   9.  11.  11.  12.  16.  21.  22.  22.  26.
  30.  30.  30.  33.  34.  36.  38.  42.  50.  53.  53.  54.  54.  54.
  57.  59.  64.  65.  66.  68.  70.  70.  74.  77.  84.  84.  92.  98.
  99. 100.][-100. -100.  -99.  -99.  -98.  -96.  -94.  -91.  -89.  -86.  -86.  -83.
  -78.  -74.  -73.  -73.  -72.  -68.  -65.  -62.  -61.  -61.  -59.  -57.
  -52.  -50.  -48.  -48.  -47.  -46.  -45.  -43.  -43.  -42.  -39.  -33.
  -31.  -30.  -29.  -28.  -27.  -25.  -24.  -20.  -19.  -18.  -17.  -13.
  -10.   -9.   -4.   -1.    1.    1.    4.    6.    6.    7.   10.   15.
   16.   21.   22.   24.   29.   29.   36.   37.   40.   45.   46.   46.
   49.   50.   50.   52.   53.   53.   57.   57.   57.   60.   61.   65.
   67.   68.   68.   69.   70.   73.   75.   77.   78.   82.   84.   93.
   98.  100.  100.  100.][-100.  -97.  -94.  -92.  -91.  -88.  -88.  -86.  -84.  -84.  -83.  -80.
  -80.  -79.  -78.  -73.  -72.  -70.  -63.  -62.  -58.  -57.  -55.  -53.
  -52.  -52.  -46.  -42.  -42.  -41.  -40.  -36.  -34.  -34.  -32.  -28.
  -25.  -19.  -17.  -17.  -16.  -16.  -12.  -11.  -11.  -10.   -9.   -7.
   -7.   -6.   -5.   -2.   -1.   -1.    3.    7.    7.   10.   12.   13.
   13.   17.   20.   24.   24.   25.   26.   26.   35.   35.   35.   36.
   36.   45.   46.   48.   51.   51.   52.   56.   63.   64.   66.   70.
   70.   71.   71.   73.   74.   79.   84.   88.   90.   90.   90.   95.
   97.   97.   99.  100.][-97. -97. -94. -93. -91. -89. -84. -82. -82. -80. -79. -78. -78. -78.
 -74. -72. -71. -71. -70. -70. -67. -66. -64. -61. -59. -57. -56. -52.
 -52. -50. -50. -49. -47. -46. -45. -44. -41. -38. -37. -37. -35. -35.
 -33. -32. -31. -27. -22. -20. -20. -18. -13. -12. -11.   0.   0.   2.
   5.   6.   8.   9.  12.  13.  13.  14.  15.  17.  18.  18.  20.  23.
  23.  24.  27.  31.  33.  36.  36.  37.  40.  46.  48.  51.  52.  55.
  56.  57.  57.  63.  66.  70.  74.  76.  78.  79.  86.  90.  90.  94.
  97. 100.][-97. -95. -94. -93. -91. -91. -88. -86. -84. -83. -82. -81. -81. -80.
 -78. -75. -75. -74. -72. -67. -65. -62. -59. -59. -56. -56. -56. -53.
 -51. -50. -45. -44. -42. -42. -34. -33. -29. -23. -22. -21. -20. -18.
 -17. -13. -12.  -7.  -5.   2.   3.   5.   6.   7.   9.  13.  14.  15.
  18.  23.  23.  23.  24.  25.  27.  31.  32.  38.  40.  42.  42.  42.
  43.  44.  47.  53.  53.  55.  59.  60.  60.  61.  63.  69.  71.  72.
  72.  76.  77.  78.  79.  79.  85.  85.  86.  87.  87.  88.  94.  95.
  97.  97.][-91. -83. -82. -82. -78. -71. -71. -70. -69. -68. -67. -66. -65. -63.
 -59. -59. -59. -58. -56. -56. -54. -50. -50. -40. -34. -33. -32. -32.
 -28. -27. -27. -24. -23. -22. -22. -20. -19. -16. -13. -13. -13.  -8.
  -8.  -8.  -7.  -7.  -7.  -6.  -6.   3.   3.   6.   7.   8.   9.  12.
  13.  14.  15.  15.  16.  17.  17.  17.  22.  22.  23.  25.  26.  26.
  29.  33.  35.  39.  39.  43.  43.  47.  47.  48.  49.  52.  54.  60.
  60.  61.  61.  62.  66.  67.  67.  73.  77.  81.  82.  85.  86.  87.
  93.  96.][-95. -94. -94. -92. -92. -89. -87. -86. -83. -82. -82. -79. -67. -63.
 -61. -60. -59. -58. -57. -55. -49. -49. -48. -47. -47. -46. -46. -42.
 -39. -39. -36. -36. -30. -29. -27. -26. -26. -20. -13.  -9.  -8.  -8.
  -6.  -5.  -2.  -1.   3.   3.   3.   6.   6.   6.   6.   6.   7.   7.
   8.   9.  11.  11.  11.  16.  18.  19.  20.  21.  21.  26.  26.  28.
  35.  36.  40.  43.  43.  44.  45.  45.  47.  51.  57.  57.  58.  59.
  59.  65.  67.  76.  77.  81.  82.  83.  88.  88.  89.  90.  90.  92.
  95.  99.][-100.  -99.  -94.  -94.  -91.  -91.  -90.  -88.  -88.  -85.  -78.  -77.
  -76.  -68.  -63.  -60.  -59.  -54.  -54.  -52.  -51.  -45.  -42.  -37.
  -24.  -20.  -19.  -19.  -18.  -14.  -14.  -12.  -12.   -9.   -8.   -7.
   -6.   -6.   -6.   -5.   -2.   -1.   -1.    0.    0.    1.    1.    4.
   13.   13.   17.   18.   18.   19.   21.   22.   23.   27.   28.   28.
   28.   29.   30.   30.   32.   32.   32.   33.   37.   38.   38.   43.
   44.   45.   46.   47.   48.   52.   53.   56.   58.   58.   60.   63.
   65.   73.   73.   73.   73.   75.   76.   81.   85.   87.   88.   88.
   97.   97.   99.   99.][-99. -97. -95. -93. -82. -82. -82. -79. -78. -78. -74. -73. -71. -70.
 -69. -69. -68. -67. -66. -64. -62. -60. -60. -59. -59. -55. -53. -51.
 -51. -51. -44. -43. -41. -38. -37. -36. -36. -35. -34. -34. -32. -28.
 -24. -24. -24. -24. -14. -11. -11.  -9.  -9.  -7.  -6.  -4.  -2.  -1.
   2.   3.  11.  16.  16.  18.  19.  20.  20.  24.  25.  28.  31.  34.
  35.  37.  41.  41.  46.  47.  49.  50.  52.  58.  59.  60.  60.  62.
  63.  68.  68.  70.  71.  71.  72.  81.  82.  88.  89.  90.  92.  93.
  93.  98.][-100. -100. -100.  -95.  -92.  -91.  -90.  -87.  -85.  -83.  -82.  -78.
  -77.  -77.  -74.  -74.  -73.  -69.  -64.  -59.  -56.  -56.  -55.  -54.
  -52.  -52.  -50.  -45.  -44.  -41.  -39.  -38.  -32.  -22.  -19.  -18.
  -16.  -15.  -14.  -13.  -12.  -12.  -12.  -11.  -11.  -10.   -8.   -6.
   -1.    0.    2.    2.    2.   11.   13.   14.   17.   17.   18.   18.
   20.   25.   26.   26.   28.   28.   31.   33.   35.   38.   39.   43.
   43.   49.   50.   53.   54.   54.   54.   57.   57.   58.   59.   61.
   61.   63.   72.   74.   75.   79.   80.   81.   82.   87.   90.   91.
   91.   92.   92.  100.][-97. -96. -96. -94. -94. -94. -92. -87. -85. -80. -79. -75. -70. -69.
 -62. -61. -60. -56. -52. -52. -51. -50. -48. -46. -41. -40. -39. -37.
 -35. -35. -35. -31. -28. -28. -27. -26. -25. -23. -15. -14. -14. -12.
 -11.  -9.  -9.  -5.  -3.  -3.   4.   4.   8.  10.  10.  12.  13.  13.
  14.  14.  15.  17.  18.  19.  21.  21.  22.  24.  27.  28.  30.  33.
  34.  37.  38.  39.  43.  45.  46.  46.  49.  49.  49.  55.  57.  58.
  60.  62.  69.  71.  72.  75.  76.  77.  80.  82.  85.  89.  89.  96.
  99. 100.][-100.  -91.  -91.  -91.  -90.  -87.  -85.  -82.  -81.  -81.  -78.  -70.
  -69.  -67.  -66.  -62.  -62.  -60.  -58.  -57.  -55.  -54.  -53.  -52.
  -51.  -48.  -45.  -44.  -44.  -43.  -41.  -41.  -40.  -27.  -26.  -25.
  -23.  -15.  -14.   -7.   -6.   -6.   -6.    1.    2.    3.    7.   11.
   11.   12.   12.   13.   15.   16.   18.   22.   22.   26.   26.   27.
   31.   33.   36.   36.   37.   38.   38.   38.   39.   42.   42.   43.
   45.   50.   51.   52.   54.   54.   57.   62.   65.   67.   67.   69.
   70.   71.   74.   75.   76.   82.   83.   84.   87.   89.   90.   91.
   91.   92.   94.   95.][-98. -98. -97. -94. -93. -92. -91. -87. -83. -83. -77. -75. -74. -72.
 -72. -70. -68. -67. -62. -62. -55. -54. -52. -49. -49. -44. -41. -40.
 -39. -38. -35. -35. -35. -35. -33. -31. -30. -29. -29. -27. -25. -25.
 -25. -23. -22. -20. -20. -19. -18. -13.  -7.  -4.  -4.  -1.   1.   2.
   2.   4.   8.   9.  10.  16.  17.  18.  21.  22.  26.  27.  36.  39.
  42.  42.  44.  45.  49.  50.  51.  53.  53.  55.  56.  60.  63.  63.
  64.  65.  67.  69.  72.  73.  73.  78.  81.  88.  88.  89.  92.  93.
  94.  97.][-100.  -97.  -94.  -94.  -89.  -88.  -85.  -84.  -81.  -80.  -76.  -76.
  -73.  -72.  -69.  -66.  -66.  -65.  -65.  -62.  -60.  -60.  -59.  -57.
  -57.  -55.  -54.  -54.  -54.  -51.  -50.  -50.  -49.  -49.  -47.  -46.
  -44.  -44.  -42.  -33.  -30.  -29.  -28.  -24.  -22.  -22.  -21.  -16.
  -14.  -12.  -10.   -6.   -6.   -4.   -3.   -1.    5.    5.    8.   10.
   11.   12.   17.   21.   22.   27.   27.   28.   29.   30.   31.   35.
   35.   37.   38.   39.   40.   40.   42.   43.   53.   54.   56.   64.
   65.   67.   72.   73.   76.   77.   79.   84.   86.   88.   92.   93.
   95.   97.   98.   99.][-97. -97. -95. -94. -94. -91. -91. -85. -79. -79. -77. -74. -70. -65.
 -60. -60. -60. -59. -58. -58. -55. -50. -48. -45. -43. -39. -37. -34.
 -33. -32. -30. -30. -29. -28. -28. -27. -21. -20. -18. -16. -15. -14.
 -12. -11. -11. -10.  -9.  -6.  -6.  -5.   0.   3.   3.   5.   8.   9.
  12.  13.  13.  13.  17.  18.  24.  24.  34.  35.  37.  38.  39.  41.
  42.  42.  44.  44.  47.  49.  49.  52.  63.  63.  66.  68.  70.  72.
  74.  77.  77.  77.  78.  79.  79.  83.  83.  85.  88.  89.  95.  97.
 100. 100.][-100.  -99.  -98.  -97.  -96.  -96.  -94.  -94.  -93.  -92.  -90.  -89.
  -89.  -86.  -83.  -83.  -78.  -76.  -75.  -73.  -68.  -68.  -65.  -60.
  -57.  -57.  -54.  -53.  -50.  -46.  -39.  -38.  -38.  -38.  -36.  -32.
  -31.  -31.  -30.  -26.  -23.  -21.  -17.  -14.  -13.  -10.   -6.   -4.
   -2.   -1.    1.    3.    4.    5.    6.    6.    8.    8.    8.   14.
   15.   15.   17.   19.   20.   21.   22.   26.   27.   29.   31.   33.
   33.   34.   37.   46.   51.   53.   59.   59.   62.   64.   64.   66.
   67.   73.   75.   76.   77.   77.   80.   83.   85.   88.   89.   90.
   93.   94.   95.   96.][-100. -100. -100.  -97.  -95.  -91.  -91.  -90.  -89.  -89.  -88.  -87.
  -86.  -85.  -82.  -82.  -78.  -75.  -75.  -73.  -73.  -70.  -69.  -67.
  -66.  -66.  -64.  -64.  -64.  -62.  -60.  -59.  -59.  -58.  -57.  -55.
  -53.  -50.  -47.  -47.  -45.  -45.  -42.  -41.  -37.  -37.  -35.  -34.
  -33.  -33.  -24.  -20.  -19.   -9.   -8.   -1.    3.    3.    4.    8.
    9.   12.   12.   19.   23.   26.   28.   29.   30.   30.   31.   32.
   32.   34.   38.   39.   40.   43.   46.   47.   49.   52.   52.   56.
   59.   59.   59.   61.   65.   68.   71.   75.   78.   79.   79.   80.
   83.   98.  100.  100.][-99. -98. -95. -94. -91. -85. -81. -81. -80. -78. -76. -72. -69. -68.
 -67. -64. -62. -61. -60. -57. -57. -56. -56. -56. -54. -50. -39. -39.
 -36. -32. -32. -30. -26. -24. -24. -21. -18. -15. -13. -13. -11. -11.
 -11.  -8.  -6.  -6.  -5.  -3.  -2.   1.   2.   3.   4.   6.  10.  10.
  10.  11.  12.  16.  18.  19.  22.  22.  25.  25.  25.  26.  27.  28.
  29.  34.  34.  36.  41.  49.  54.  55.  58.  60.  61.  64.  67.  68.
  69.  71.  72.  76.  77.  78.  79.  81.  82.  83.  86.  86.  88.  89.
  97.  99.][-100.  -97.  -97.  -95.  -95.  -93.  -91.  -90.  -89.  -87.  -86.  -86.
  -84.  -82.  -82.  -80.  -80.  -78.  -74.  -73.  -70.  -68.  -62.  -61.
  -60.  -57.  -55.  -55.  -54.  -54.  -50.  -48.  -45.  -40.  -35.  -35.
  -33.  -30.  -28.  -27.  -27.  -25.  -24.  -19.  -19.  -11.  -11.   -9.
   -9.   -7.   -5.   -4.    0.    0.    3.    7.   16.   19.   21.   24.
   25.   31.   31.   31.   31.   32.   33.   34.   37.   40.   43.   47.
   47.   52.   54.   59.   63.   67.   70.   71.   71.   74.   74.   76.
   81.   84.   86.   87.   87.   92.   94.   94.   94.   95.   97.  100.
  100.  100.  100.  100.][-91. -90. -88. -83. -82. -80. -77. -76. -75. -74. -73. -72. -67. -60.
 -60. -60. -56. -54. -51. -49. -42. -39. -38. -37. -33. -27. -26. -24.
 -24. -23. -22. -22. -21. -21. -19. -19. -16. -14. -13. -12. -12.  -9.
  -6.  -6.  -6.  -4.  -2.  -2.   0.   3.   3.  10.  10.  11.  16.  17.
  18.  18.  20.  23.  24.  24.  25.  27.  29.  35.  37.  38.  39.  40.
  40.  40.  44.  44.  45.  46.  48.  49.  49.  49.  54.  55.  56.  59.
  64.  64.  65.  65.  76.  77.  83.  83.  84.  89.  92.  92.  95.  96.
  96.  99.][-100. -100.  -97.  -97.  -96.  -95.  -95.  -94.  -94.  -93.  -89.  -85.
  -84.  -83.  -83.  -81.  -79.  -77.  -74.  -72.  -70.  -69.  -68.  -63.
  -62.  -61.  -61.  -59.  -58.  -57.  -57.  -57.  -57.  -56.  -55.  -55.
  -53.  -53.  -46.  -44.  -43.  -41.  -40.  -39.  -35.  -33.  -30.  -28.
  -27.  -27.  -20.  -12.   -8.   -6.   -6.   -5.   -2.    0.    1.    1.
    6.   10.   15.   17.   19.   20.   23.   25.   28.   28.   33.   36.
   36.   40.   42.   44.   46.   50.   51.   54.   55.   56.   61.   65.
   66.   70.   70.   72.   73.   74.   76.   76.   81.   85.   85.   89.
   89.   89.   95.   98.][-100.  -96.  -95.  -94.  -93.  -92.  -90.  -88.  -87.  -87.  -85.  -81.
  -79.  -76.  -71.  -70.  -70.  -67.  -65.  -62.  -59.  -59.  -57.  -52.
  -49.  -48.  -48.  -47.  -45.  -41.  -41.  -39.  -38.  -35.  -35.  -32.
  -31.  -31.  -31.  -30.  -28.  -28.  -26.  -23.  -22.  -21.  -21.  -18.
  -15.  -14.   -5.   -5.   -4.   -1.    0.    1.    2.    4.    7.    7.
    8.    9.   11.   12.   19.   26.   27.   29.   37.   38.   39.   48.
   49.   52.   52.   53.   53.   54.   57.   61.   62.   63.   63.   68.
   70.   74.   76.   76.   78.   80.   82.   84.   88.   88.   89.   89.
   93.   97.   98.  100.][-93. -90. -79. -76. -74. -74. -74. -74. -73. -72. -70. -70. -68. -64.
 -62. -60. -58. -58. -56. -55. -50. -49. -49. -49. -48. -47. -46. -45.
 -44. -39. -37. -34. -33. -30. -26. -25. -23. -23. -22. -18. -14. -13.
 -12. -12. -11. -11. -10.  -9.  -8.  -5.  -4.  -2.  -1.   0.   5.   7.
   9.  14.  15.  19.  19.  21.  22.  22.  22.  26.  30.  32.  33.  34.
  37.  41.  43.  46.  47.  52.  57.  58.  58.  61.  62.  63.  63.  64.
  64.  66.  70.  74.  74.  80.  84.  87.  92.  93.  95.  95.  95.  98.
  99.  99.][-99. -91. -90. -79. -78. -77. -77. -71. -71. -70. -70. -69. -67. -66.
 -59. -55. -55. -54. -42. -42. -41. -40. -36. -35. -34. -31. -27. -26.
 -25. -25. -21. -21. -18. -15. -13. -11.  -9.  -9.  -9.  -6.  -6.  -6.
  -4.  -2.   0.   3.   3.   4.   7.  11.  14.  16.  16.  18.  20.  20.
  21.  21.  23.  24.  28.  33.  34.  36.  37.  46.  46.  47.  48.  48.
  48.  54.  56.  60.  65.  65.  67.  67.  72.  73.  75.  77.  77.  77.
  78.  80.  81.  82.  82.  83.  83.  83.  87.  87.  89.  89.  90.  90.
  90.  99.][-100.  -97.  -97.  -96.  -93.  -87.  -85.  -85.  -76.  -70.  -70.  -68.
  -68.  -64.  -64.  -64.  -62.  -58.  -58.  -58.  -57.  -53.  -49.  -46.
  -44.  -38.  -36.  -35.  -31.  -24.  -23.  -22.  -22.  -22.  -22.  -21.
  -20.  -20.  -18.  -14.  -13.  -12.  -10.   -9.   -7.   -6.   -2.   -2.
   -2.   -1.   -1.    1.    3.    5.    6.    6.    6.    6.    7.    8.
   10.   13.   13.   14.   16.   17.   18.   20.   21.   26.   33.   36.
   40.   43.   44.   46.   47.   47.   48.   51.   51.   51.   51.   52.
   53.   55.   56.   59.   60.   64.   70.   76.   78.   81.   82.   83.
   87.   89.   90.   91.][-100.  -96.  -93.  -93.  -92.  -88.  -86.  -85.  -85.  -84.  -84.  -76.
  -74.  -73.  -71.  -70.  -69.  -66.  -63.  -62.  -59.  -57.  -57.  -56.
  -55.  -50.  -49.  -43.  -41.  -36.  -35.  -35.  -34.  -33.  -25.  -24.
  -23.  -19.  -18.  -18.  -16.  -14.   -7.   -6.   -5.   -5.   -3.   -1.
    0.    8.   11.   15.   16.   17.   20.   22.   22.   25.   28.   32.
   33.   38.   39.   40.   42.   42.   43.   48.   49.   52.   52.   53.
   56.   56.   57.   57.   59.   62.   62.   64.   65.   67.   68.   72.
   73.   74.   75.   75.   78.   78.   84.   84.   87.   89.   89.   92.
   95.   98.   98.   99.][-95. -95. -95. -92. -90. -90. -88. -84. -83. -83. -79. -79. -75. -75.
 -75. -73. -71. -70. -67. -65. -63. -63. -61. -59. -57. -57. -56. -56.
 -55. -55. -54. -52. -48. -46. -45. -44. -42. -42. -41. -37. -35. -35.
 -34. -33. -33. -33. -32. -27. -26. -23. -15. -10.  -6.  -3.  -2.  -1.
   5.   7.   8.  10.  11.  11.  11.  12.  16.  16.  16.  19.  24.  28.
  30.  34.  39.  43.  45.  45.  46.  47.  47.  48.  52.  53.  54.  63.
  63.  65.  68.  70.  72.  76.  77.  77.  78.  79.  81.  82.  84.  88.
  99.  99.][-100.  -95.  -94.  -92.  -90.  -89.  -89.  -88.  -78.  -78.  -77.  -73.
  -73.  -71.  -70.  -69.  -65.  -65.  -65.  -63.  -61.  -57.  -55.  -52.
  -50.  -49.  -42.  -39.  -34.  -32.  -31.  -29.  -29.  -26.  -21.  -18.
  -17.  -17.  -15.  -13.  -13.  -12.  -10.   -7.   -7.   -7.   -6.    2.
    5.    5.    5.    6.    7.    8.   12.   13.   13.   19.   23.   23.
   27.   29.   30.   31.   31.   31.   36.   40.   40.   43.   45.   46.
   46.   56.   57.   59.   62.   63.   63.   65.   65.   67.   73.   76.
   79.   82.   82.   84.   84.   84.   85.   85.   86.   92.   96.   97.
   98.   99.  100.  100.][-100. -100.  -99.  -99.  -96.  -94.  -94.  -92.  -89.  -87.  -85.  -85.
  -83.  -81.  -79.  -78.  -73.  -73.  -73.  -72.  -72.  -71.  -71.  -67.
  -66.  -66.  -62.  -58.  -56.  -56.  -56.  -55.  -54.  -53.  -53.  -44.
  -44.  -38.  -36.  -35.  -23.  -19.  -19.  -15.  -14.  -14.  -12.  -12.
  -11.  -10.   -6.   -5.   -5.    4.    4.    8.    9.    9.    9.   11.
   15.   16.   16.   18.   21.   22.   23.   28.   32.   41.   44.   45.
   45.   48.   50.   51.   55.   56.   58.   59.   59.   60.   60.   60.
   62.   64.   65.   66.   67.   68.   69.   71.   76.   77.   77.   81.
   92.   93.   99.  100.][-100.  -97.  -87.  -84.  -83.  -82.  -81.  -80.  -79.  -77.  -73.  -72.
  -71.  -69.  -68.  -68.  -68.  -67.  -66.  -65.  -65.  -64.  -64.  -64.
  -61.  -56.  -56.  -54.  -48.  -43.  -41.  -40.  -37.  -36.  -36.  -33.
  -31.  -27.  -24.  -24.  -23.  -23.  -21.  -13.  -12.   -9.   -8.   -8.
   -6.   -4.   -2.    0.    4.    7.    9.   10.   13.   16.   23.   24.
   27.   27.   28.   28.   29.   29.   31.   31.   33.   35.   36.   37.
   40.   40.   41.   42.   49.   49.   52.   58.   58.   62.   63.   64.
   65.   65.   66.   67.   68.   69.   73.   73.   75.   77.   85.   85.
   90.   92.   93.   97.][-96. -95. -93. -91. -90. -90. -87. -86. -84. -80. -80. -79. -77. -70.
 -67. -66. -65. -64. -64. -61. -61. -61. -58. -57. -57. -51. -51. -51.
 -48. -46. -46. -45. -44. -40. -38. -37. -30. -26. -25. -18. -18. -18.
 -17. -17. -14. -12. -11. -10.  -6.   2.   4.   4.   8.   8.   9.  11.
  12.  14.  20.  23.  28.  31.  32.  33.  35.  43.  44.  45.  45.  46.
  49.  49.  49.  51.  52.  52.  59.  59.  60.  62.  64.  68.  68.  69.
  69.  73.  73.  77.  77.  78.  84.  85.  85.  86.  90.  92.  95.  95.
  95.  99.][-99. -99. -97. -96. -95. -93. -91. -90. -90. -89. -88. -82. -79. -71.
 -68. -68. -67. -66. -63. -63. -62. -61. -61. -60. -56. -53. -52. -51.
 -48. -47. -42. -41. -36. -36. -36. -31. -31. -30. -29. -28. -28. -20.
 -17. -16. -16.  -9.  -8.  -8.  -8.  -7.   3.   5.   8.  10.  13.  15.
  18.  19.  19.  22.  24.  25.  30.  34.  36.  37.  37.  37.  37.  40.
  41.  41.  42.  42.  42.  43.  44.  46.  64.  68.  72.  75.  75.  76.
  78.  79.  79.  83.  85.  88.  89.  89.  90.  91.  92.  92.  93.  94.
  99. 100.][-100. -100.  -99.  -94.  -91.  -89.  -88.  -88.  -86.  -85.  -83.  -81.
  -76.  -70.  -69.  -65.  -62.  -61.  -59.  -57.  -57.  -56.  -56.  -51.
  -50.  -50.  -48.  -42.  -41.  -35.  -30.  -24.  -21.  -16.  -14.  -13.
  -11.   -9.   -5.   -4.   -2.   -2.    0.    0.    1.    3.    4.    5.
   11.   15.   15.   19.   19.   20.   20.   22.   24.   25.   27.   28.
   28.   29.   31.   33.   36.   41.   42.   43.   47.   49.   49.   49.
   51.   54.   57.   58.   58.   62.   66.   67.   68.   70.   71.   72.
   74.   75.   76.   77.   77.   78.   79.   81.   81.   83.   86.   88.
   91.   92.   94.   95.][-98. -97. -96. -95. -94. -94. -94. -82. -78. -78. -70. -68. -67. -67.
 -66. -64. -63. -59. -57. -56. -55. -52. -52. -51. -50. -50. -50. -44.
 -43. -38. -35. -27. -24. -22. -21. -20. -19. -18. -17. -11.  -3.  -2.
   1.   2.   5.   5.   6.   6.  11.  12.  12.  15.  16.  19.  21.  23.
  24.  27.  30.  30.  33.  35.  35.  37.  37.  44.  44.  46.  46.  50.
  55.  58.  58.  63.  64.  65.  69.  69.  70.  71.  73.  73.  74.  74.
  74.  76.  76.  79.  79.  83.  84.  84.  85.  87.  92.  92.  93.  94.
  95. 100.][-98. -98. -97. -94. -94. -88. -87. -85. -83. -83. -78. -75. -74. -73.
 -73. -73. -72. -72. -71. -70. -69. -67. -66. -65. -65. -64. -63. -55.
 -53. -53. -53. -50. -47. -47. -42. -38. -35. -34. -28. -20. -20. -18.
 -17. -13. -13. -12. -12. -11.   1.   2.   4.   8.   9.  13.  14.  17.
  19.  20.  21.  23.  24.  24.  28.  30.  31.  33.  35.  38.  39.  42.
  42.  44.  46.  48.  53.  53.  54.  54.  54.  57.  58.  61.  61.  64.
  64.  64.  65.  66.  68.  69.  75.  82.  86.  86.  87.  90.  93.  94.
  97.  97.][-98. -91. -88. -87. -86. -85. -83. -80. -78. -77. -76. -76. -71. -70.
 -66. -65. -64. -61. -59. -59. -56. -56. -55. -54. -53. -51. -47. -46.
 -44. -43. -43. -42. -41. -38. -34. -32. -25. -24. -22. -21. -20. -19.
 -18. -17. -12. -10.  -9.  -6.  -5.  -5.  -3.   3.   5.   5.   9.  12.
  13.  13.  13.  17.  18.  20.  20.  21.  29.  31.  35.  36.  39.  42.
  43.  45.  48.  48.  49.  50.  50.  55.  56.  60.  65.  66.  67.  68.
  70.  70.  74.  78.  80.  82.  84.  85.  85.  86.  91.  93.  98.  98.
  98.  99.][-93. -89. -89. -88. -88. -87. -86. -86. -85. -85. -79. -78. -75. -72.
 -71. -69. -69. -61. -57. -57. -55. -50. -44. -43. -38. -35. -29. -29.
 -28. -22. -20. -18. -18. -13. -11. -10.  -6.  -6.  -1.  -1.  -1.   0.
   3.   6.   6.   8.   8.  12.  12.  14.  14.  18.  19.  21.  21.  23.
  23.  28.  29.  30.  31.  31.  32.  35.  36.  37.  38.  40.  41.  41.
  42.  44.  49.  51.  54.  57.  57.  62.  64.  65.  66.  66.  68.  69.
  71.  71.  74.  75.  79.  80.  80.  80.  87.  89.  92.  94.  94.  95.
  99. 100.][-92. -85. -85. -85. -83. -79. -78. -78. -78. -77. -75. -74. -73. -72.
 -72. -72. -69. -69. -68. -67. -66. -65. -64. -59. -54. -53. -48. -47.
 -45. -44. -42. -38. -37. -36. -36. -35. -35. -34. -33. -26. -24. -23.
 -19. -18. -15. -10.  -9.  -8.  -8.  -6.  -5.  -5.  -4.   1.   1.   1.
   4.   6.   7.  11.  12.  14.  15.  15.  23.  23.  25.  25.  27.  29.
  38.  44.  45.  46.  48.  52.  57.  57.  58.  59.  60.  61.  63.  65.
  67.  72.  79.  82.  83.  86.  88.  88.  90.  90.  92.  93.  93.  94.
  97.  97.][-100.  -99.  -99.  -98.  -97.  -95.  -91.  -85.  -78.  -77.  -75.  -73.
  -72.  -72.  -72.  -69.  -68.  -67.  -63.  -62.  -62.  -60.  -58.  -57.
  -56.  -54.  -44.  -43.  -38.  -38.  -36.  -36.  -31.  -31.  -29.  -28.
  -23.  -22.  -19.  -18.  -18.  -17.  -13.  -11.   -8.   -3.   -3.   -1.
   -1.   -1.    6.    7.    7.    8.   17.   18.   20.   22.   23.   23.
   24.   25.   31.   31.   34.   35.   36.   37.   38.   39.   50.   52.
   52.   52.   53.   55.   61.   62.   63.   65.   69.   73.   73.   75.
   77.   78.   82.   83.   83.   84.   88.   90.   92.   93.   93.   95.
   96.   96.   98.  100.][-100.  -99.  -97.  -94.  -90.  -89.  -87.  -87.  -86.  -85.  -83.  -80.
  -80.  -77.  -75.  -70.  -65.  -62.  -60.  -56.  -51.  -49.  -49.  -48.
  -47.  -45.  -41.  -39.  -38.  -38.  -37.  -32.  -31.  -30.  -29.  -28.
  -22.  -20.  -14.   -9.   -9.   -2.   -1.   -1.    0.    0.    8.    8.
    9.   11.   11.   14.   18.   19.   19.   19.   25.   25.   27.   27.
   28.   41.   44.   45.   45.   50.   54.   55.   55.   58.   59.   61.
   62.   62.   64.   65.   65.   68.   72.   73.   73.   74.   74.   78.
   80.   80.   86.   87.   90.   90.   92.   95.   95.   95.   95.   96.
   98.   98.   99.   99.][-98. -96. -95. -93. -92. -89. -88. -88. -88. -82. -81. -80. -79. -77.
 -74. -69. -69. -69. -68. -64. -63. -63. -62. -59. -59. -53. -50. -49.
 -46. -43. -43. -42. -41. -41. -39. -37. -31. -30. -28. -26. -21. -20.
 -19. -12. -11.  -8.  -8.  -7.  -7.  -4.  -4.   0.   0.   2.   3.   4.
   6.  12.  14.  15.  16.  17.  20.  20.  24.  27.  27.  28.  30.  30.
  35.  38.  39.  39.  41.  43.  46.  48.  50.  52.  56.  57.  58.  67.
  67.  67.  73.  75.  85.  86.  86.  90.  91.  96.  97.  97.  99. 100.
 100. 100.][-99. -89. -88. -88. -87. -84. -81. -81. -80. -79. -75. -74. -72. -71.
 -71. -70. -61. -60. -55. -53. -53. -52. -50. -48. -48. -44. -41. -39.
 -39. -38. -37. -37. -36. -34. -32. -29. -28. -24. -24. -19. -18. -18.
 -14.  -9.  -3.  -1.   2.   2.   3.   3.   3.   8.   8.  14.  15.  16.
  18.  18.  19.  26.  26.  26.  27.  32.  32.  33.  34.  39.  47.  49.
  51.  51.  55.  56.  58.  58.  63.  63.  64.  65.  67.  69.  69.  69.
  72.  73.  74.  76.  80.  80.  80.  81.  81.  81.  81.  84.  88.  89.
  94.  99.][-96. -95. -94. -92. -89. -87. -85. -84. -83. -82. -80. -73. -65. -63.
 -63. -62. -62. -61. -59. -58. -58. -57. -52. -49. -48. -48. -47. -46.
 -44. -43. -42. -41. -39. -37. -36. -33. -29. -28. -27. -26. -26. -25.
 -21. -13. -13. -12.  -9.  -8.  -6.   3.   5.   6.   7.   7.   8.   9.
  12.  12.  12.  16.  17.  18.  21.  24.  25.  26.  31.  32.  32.  37.
  40.  40.  41.  46.  47.  55.  56.  58.  59.  71.  72.  78.  80.  80.
  82.  82.  83.  83.  84.  85.  85.  86.  88.  90.  93.  95.  96.  98.
  98. 100.][-100.  -99.  -93.  -90.  -88.  -84.  -84.  -83.  -79.  -70.  -69.  -69.
  -67.  -64.  -60.  -59.  -58.  -58.  -57.  -57.  -57.  -55.  -55.  -54.
  -50.  -50.  -50.  -46.  -44.  -43.  -40.  -40.  -39.  -36.  -29.  -29.
  -27.  -25.  -23.  -20.  -18.  -17.  -13.  -12.  -11.   -7.   -5.   -1.
    0.    2.    3.    4.    4.    5.    6.    7.    8.   15.   25.   26.
   26.   26.   29.   30.   33.   34.   34.   37.   37.   38.   42.   46.
   46.   53.   56.   58.   59.   59.   59.   62.   63.   64.   64.   66.
   68.   71.   72.   75.   75.   77.   79.   79.   81.   82.   89.   89.
   92.   95.   96.   98.][-96. -94. -89. -88. -84. -78. -74. -73. -72. -69. -67. -64. -64. -62.
 -60. -60. -59. -59. -58. -56. -56. -54. -50. -50. -49. -39. -38. -38.
 -36. -32. -28. -25. -23. -20. -20. -20. -19. -12.  -8.  -5.  -5.  -5.
  -4.   3.   7.   8.   9.  10.  11.  13.  13.  14.  14.  15.  15.  16.
  17.  19.  21.  21.  22.  25.  29.  29.  30.  31.  32.  34.  38.  38.
  39.  46.  48.  49.  51.  51.  53.  53.  53.  54.  56.  57.  62.  62.
  64.  70.  71.  75.  77.  78.  80.  82.  83.  84.  90.  93.  96.  97.
  97.  98.][-97. -97. -96. -94. -93. -93. -93. -87. -84. -83. -81. -78. -70. -68.
 -68. -66. -63. -56. -55. -53. -53. -50. -48. -47. -43. -42. -34. -33.
 -30. -29. -27. -26. -26. -16. -14. -12. -12. -11. -11.  -5.  -4.   0.
   0.  10.  13.  16.  17.  17.  21.  22.  22.  28.  29.  30.  37.  38.
  46.  47.  47.  50.  51.  53.  60.  60.  62.  62.  63.  65.  65.  66.
  66.  66.  67.  69.  69.  70.  72.  74.  75.  76.  76.  76.  77.  81.
  84.  85.  85.  88.  89.  89.  89.  89.  91.  93.  94.  95.  97. 100.
 100. 100.][-97. -97. -97. -96. -96. -95. -91. -91. -90. -89. -87. -86. -84. -84.
 -82. -79. -77. -74. -72. -71. -68. -67. -65. -62. -59. -59. -55. -55.
 -53. -50. -50. -50. -48. -44. -41. -41. -37. -35. -34. -33. -28. -23.
 -21. -20. -19. -16. -16. -16. -13.  -8.  -7.  -7.  -2.   2.   6.   7.
  10.  13.  20.  20.  22.  23.  25.  28.  28.  30.  33.  34.  34.  36.
  39.  40.  40.  47.  49.  50.  50.  56.  58.  59.  61.  62.  62.  64.
  65.  67.  73.  74.  81.  83.  84.  85.  86.  93.  94.  95.  97.  98.
  99. 100.][-99. -98. -97. -94. -87. -87. -86. -85. -81. -78. -75. -75. -73. -71.
 -69. -68. -68. -64. -63. -63. -62. -62. -56. -51. -50. -50. -48. -47.
 -46. -45. -42. -39. -39. -33. -33. -33. -32. -29. -28. -27. -27. -27.
 -27. -24. -22. -21. -20. -20. -15.  -1.   0.   1.   4.   8.   9.  10.
  10.  10.  11.  13.  13.  13.  14.  20.  21.  22.  23.  25.  26.  29.
  32.  36.  47.  47.  48.  49.  51.  51.  51.  51.  52.  52.  53.  63.
  64.  64.  65.  65.  67.  67.  69.  75.  78.  85.  88.  89.  92.  94.
  94.  95.][-99. -97. -95. -93. -93. -91. -89. -82. -80. -80. -79. -76. -76. -73.
 -70. -66. -64. -63. -62. -53. -52. -51. -51. -48. -48. -48. -46. -45.
 -44. -43. -42. -42. -40. -39. -35. -34. -33. -30. -29. -29. -28. -25.
 -24. -21. -21. -20. -19. -11.  -4.  -3.   2.   3.   4.   4.   5.   8.
  10.  11.  12.  12.  14.  16.  18.  19.  23.  24.  25.  25.  27.  34.
  38.  39.  54.  55.  57.  61.  63.  68.  69.  70.  71.  71.  72.  77.
  79.  81.  85.  87.  87.  91.  91.  92.  94.  94.  95.  96.  97.  98.
  99. 100.][-100.  -98.  -90.  -84.  -83.  -82.  -76.  -76.  -74.  -72.  -70.  -66.
  -66.  -65.  -65.  -65.  -64.  -63.  -62.  -59.  -55.  -53.  -52.  -52.
  -50.  -43.  -42.  -41.  -40.  -38.  -38.  -38.  -37.  -37.  -36.  -35.
  -35.  -33.  -31.  -31.  -29.  -26.  -25.  -24.  -23.  -19.  -18.  -17.
  -13.  -13.  -13.  -10.   -8.   -7.   -5.    2.    4.   12.   13.   14.
   15.   15.   16.   18.   18.   20.   20.   21.   24.   25.   27.   28.
   29.   30.   34.   35.   36.   39.   40.   40.   42.   47.   50.   63.
   65.   71.   80.   82.   83.   83.   85.   87.   88.   92.   93.   94.
   94.   94.   96.   99.]