[-98. -98. -97. -94. -93. -82. -82. -79. -78. -77. -74. -72. -72. -70.
 -68. -68. -62. -62. -60. -60. -58. -58. -56. -54. -53. -51. -50. -48.
 -46. -44. -44. -33. -32. -29. -29. -24. -24. -23. -22. -20. -17. -15.
 -15. -14. -13. -11.  -8.  -8.   4.   4.   4.   5.   9.   9.  10.  10.
  11.  12.  12.  16.  19.  24.  24.  25.  26.  28.  29.  31.  33.  33.
  34.  41.  42.  49.  49.  50.  53.  54.  57.  63.  71.  71.  71.  72.
  73.  75.  75.  76.  76.  82.  82.  85.  88.  89.  90.  90.  92.  92.
  93.  97.][-92. -90. -90. -87. -85. -81. -80. -79. -78. -76. -71. -69. -69. -68.
 -65. -63. -63. -61. -59. -55. -55. -54. -50. -50. -46. -43. -42. -40.
 -39. -38. -36. -35. -35. -35. -30. -28. -27. -27. -26. -26. -25. -24.
 -24. -21. -19. -19. -14. -13.  -8.  -1.   1.   4.   5.   6.   9.   9.
  12.  14.  15.  16.  17.  18.  20.  21.  23.  24.  24.  25.  25.  30.
  31.  31.  32.  33.  34.  36.  36.  37.  39.  39.  40.  46.  48.  48.
  50.  52.  53.  54.  56.  58.  60.  66.  71.  74.  78.  78.  82.  88.
  91.  97.][-100. -100.  -97.  -95.  -94.  -88.  -86.  -83.  -82.  -80.  -79.  -74.
  -71.  -71.  -68.  -65.  -64.  -62.  -55.  -55.  -53.  -49.  -45.  -41.
  -40.  -40.  -39.  -38.  -33.  -30.  -23.  -22.  -21.  -19.  -18.  -18.
  -14.  -13.  -13.  -12.   -8.   -7.   -6.   -3.   -1.   -1.    3.    5.
    6.   10.   11.   13.   18.   19.   20.   22.   24.   25.   26.   28.
   29.   30.   32.   32.   34.   37.   38.   39.   43.   44.   47.   49.
   50.   51.   52.   52.   54.   60.   61.   63.   65.   65.   66.   68.
   68.   70.   71.   71.   73.   75.   76.   76.   79.   81.   82.   85.
   86.   87.   89.   99.][-98. -88. -81. -78. -77. -76. -70. -69. -68. -66. -63. -63. -63. -57.
 -56. -56. -55. -55. -55. -55. -53. -52. -51. -50. -46. -44. -44. -43.
 -42. -37. -37. -37. -30. -29. -28. -27. -27. -25. -22. -19. -19. -17.
 -15. -14. -12. -10. -10.  -6.  -5.  -4.   5.   8.  16.  23.  23.  23.
  25.  30.  32.  32.  33.  33.  35.  39.  41.  41.  42.  43.  50.  50.
  51.  52.  52.  53.  54.  55.  57.  58.  59.  64.  67.  68.  69.  72.
  74.  79.  80.  82.  82.  83.  85.  86.  87.  87.  89.  89.  92.  92.
  94.  96.][-98. -98. -95. -95. -88. -85. -84. -84. -83. -81. -78. -77. -74. -74.
 -70. -69. -67. -66. -64. -63. -62. -59. -55. -53. -48. -47. -46. -44.
 -43. -42. -41. -40. -37. -36. -30. -29. -29. -28. -28. -25. -23. -17.
  -8.  -8.  -8.  -6.  -6.  -5.  -4.  -3.  -3.  -2.  -1.  -1.   1.   1.
   1.   2.   2.   5.   5.  10.  12.  15.  19.  23.  24.  24.  24.  26.
  28.  42.  42.  44.  44.  45.  45.  47.  47.  49.  60.  62.  64.  64.
  65.  66.  69.  71.  72.  72.  76.  76.  81.  81.  86.  88.  90.  95.
  96. 100.][-100.  -98.  -94.  -93.  -92.  -81.  -79.  -78.  -72.  -70.  -70.  -70.
  -68.  -67.  -63.  -61.  -57.  -54.  -53.  -53.  -52.  -50.  -48.  -47.
  -46.  -43.  -43.  -41.  -41.  -40.  -37.  -37.  -36.  -35.  -33.  -32.
  -31.  -27.  -25.  -24.  -23.  -20.  -15.  -13.  -11.   -4.   -3.   -2.
   -1.    1.    2.    4.    9.   12.   13.   15.   16.   16.   19.   20.
   23.   24.   25.   29.   35.   37.   39.   42.   43.   43.   44.   46.
   47.   47.   48.   51.   53.   56.   57.   58.   60.   61.   63.   64.
   69.   69.   71.   74.   75.   80.   84.   84.   85.   86.   92.   93.
   93.   95.   95.   98.][-100.  -97.  -93.  -89.  -87.  -84.  -76.  -75.  -74.  -73.  -73.  -72.
  -71.  -70.  -69.  -69.  -64.  -63.  -60.  -58.  -54.  -54.  -52.  -52.
  -51.  -45.  -41.  -39.  -35.  -33.  -31.  -31.  -30.  -29.  -26.  -26.
  -25.  -24.  -21.  -19.  -18.  -16.  -15.  -14.  -11.   -9.   -5.   -2.
    4.    5.    8.   10.   13.   14.   16.   24.   25.   28.   29.   29.
   30.   32.   33.   33.   34.   40.   50.   50.   51.   52.   55.   55.
   58.   59.   60.   62.   64.   68.   69.   69.   71.   71.   77.   78.
   78.   79.   82.   82.   84.   84.   84.   85.   86.   87.   88.   89.
   89.   89.   98.   99.][-98. -97. -97. -93. -89. -87. -87. -86. -84. -74. -70. -69. -67. -65.
 -64. -63. -62. -59. -57. -56. -51. -47. -47. -44. -44. -43. -42. -40.
 -38. -31. -31. -30. -28. -27. -27. -26. -26. -25. -21. -19. -18. -15.
 -15. -12.  -7.  -1.  -1.   2.   4.   4.   5.  10.  11.  15.  16.  21.
  23.  24.  27.  29.  30.  32.  32.  34.  35.  40.  43.  43.  45.  46.
  51.  52.  53.  54.  54.  55.  56.  58.  59.  64.  65.  65.  70.  71.
  74.  76.  77.  79.  84.  84.  88.  88.  92.  92.  93.  95.  96.  98.
  98. 100.][-100.  -98.  -93.  -91.  -90.  -88.  -88.  -85.  -82.  -81.  -80.  -77.
  -71.  -70.  -66.  -62.  -61.  -60.  -58.  -57.  -55.  -54.  -54.  -46.
  -46.  -45.  -44.  -44.  -44.  -43.  -43.  -41.  -40.  -39.  -38.  -37.
  -37.  -37.  -26.  -25.  -24.  -24.  -22.  -19.  -19.  -17.  -16.  -16.
  -16.  -11.   -6.   -5.   -4.   -3.   -2.   -1.    1.    4.    5.    5.
    8.    8.    9.   10.   10.   10.   10.   12.   16.   18.   19.   19.
   20.   21.   21.   21.   24.   25.   29.   30.   32.   40.   43.   47.
   57.   59.   67.   69.   70.   71.   72.   74.   82.   85.   86.   88.
   90.   93.   94.   99.][-100. -100.  -99.  -99.  -97.  -95.  -92.  -90.  -89.  -85.  -84.  -79.
  -77.  -73.  -73.  -71.  -67.  -67.  -58.  -58.  -56.  -54.  -50.  -48.
  -47.  -46.  -46.  -42.  -37.  -36.  -33.  -32.  -28.  -26.  -26.  -20.
  -16.  -16.  -14.  -11.  -10.   -7.   -6.   -4.   -2.   -2.    2.    3.
    3.    7.    8.    9.   15.   16.   16.   16.   17.   18.   19.   20.
   21.   27.   32.   32.   32.   33.   34.   35.   36.   40.   41.   43.
   47.   50.   51.   52.   52.   53.   54.   55.   57.   62.   62.   65.
   68.   71.   74.   76.   77.   80.   81.   86.   89.   89.   91.   92.
   93.   94.   96.  100.][-100.  -98.  -92.  -91.  -90.  -89.  -85.  -83.  -82.  -81.  -80.  -73.
  -71.  -70.  -70.  -65.  -64.  -61.  -61.  -58.  -58.  -56.  -55.  -54.
  -53.  -52.  -49.  -48.  -48.  -46.  -39.  -39.  -39.  -35.  -33.  -32.
  -30.  -28.  -27.  -25.  -21.  -15.  -15.  -12.  -12.  -12.  -10.   -9.
   -8.   -7.   -1.    5.    8.    8.   11.   14.   14.   15.   18.   20.
   21.   23.   24.   25.   25.   25.   31.   33.   33.   36.   39.   42.
   43.   46.   46.   46.   47.   48.   49.   51.   58.   59.   60.   63.
   65.   70.   76.   78.   79.   81.   82.   84.   87.   91.   91.   93.
   93.   96.  100.  100.][-100. -100.  -96.  -95.  -91.  -89.  -89.  -89.  -88.  -88.  -88.  -88.
  -85.  -85.  -84.  -84.  -82.  -81.  -75.  -74.  -73.  -72.  -71.  -59.
  -56.  -56.  -54.  -50.  -50.  -45.  -45.  -43.  -41.  -40.  -38.  -36.
  -34.  -31.  -30.  -30.  -28.  -24.  -20.  -20.  -18.  -12.  -11.  -11.
  -10.   -8.   -7.   -5.   -4.    0.    3.    4.   10.   11.   14.   15.
   16.   19.   20.   31.   32.   33.   33.   35.   39.   44.   44.   45.
   46.   46.   47.   48.   48.   54.   54.   55.   56.   61.   62.   64.
   65.   70.   80.   81.   82.   84.   85.   86.   87.   89.   91.   92.
   92.   92.   93.  100.][-97. -95. -94. -93. -92. -92. -91. -87. -87. -86. -81. -81. -77. -75.
 -75. -75. -73. -68. -68. -68. -54. -53. -53. -52. -52. -49. -46. -46.
 -43. -39. -36. -36. -36. -30. -29. -28. -28. -28. -27. -26. -23. -22.
 -19. -16. -15. -11. -10.  -9.  -5.  -4.   1.   2.   3.   5.   6.   9.
  12.  13.  15.  18.  20.  24.  25.  26.  36.  40.  42.  42.  43.  45.
  46.  46.  48.  52.  54.  55.  59.  60.  61.  62.  63.  70.  71.  72.
  74.  76.  77.  78.  79.  82.  84.  87.  92.  93.  94.  95.  95.  96.
  99.  99.][-99. -96. -95. -93. -91. -89. -88. -79. -77. -75. -74. -74. -72. -69.
 -69. -60. -60. -56. -53. -53. -51. -51. -48. -47. -45. -43. -38. -31.
 -28. -25. -22. -22. -17. -17. -10. -10.  -9.  -8.  -7.  -1.   0.   2.
   3.   3.   4.   4.   8.  11.  11.  11.  13.  16.  18.  18.  18.  19.
  20.  20.  21.  26.  27.  29.  32.  34.  37.  38.  39.  39.  44.  46.
  47.  48.  50.  51.  52.  54.  57.  61.  61.  63.  63.  64.  67.  67.
  71.  71.  72.  81.  81.  83.  83.  85.  86.  87.  90.  91.  91.  93.
  94.  96.][-100. -100.  -99.  -99.  -98.  -94.  -91.  -88.  -87.  -84.  -83.  -80.
  -78.  -74.  -66.  -66.  -65.  -60.  -58.  -56.  -55.  -52.  -49.  -47.
  -45.  -40.  -39.  -38.  -37.  -37.  -36.  -35.  -33.  -30.  -29.  -29.
  -27.  -26.  -23.  -23.  -23.  -20.  -20.  -18.  -18.  -15.  -15.  -14.
   -8.   -7.   -5.   -3.   -2.   -2.    5.    5.    5.    7.   11.   14.
   21.   23.   24.   27.   28.   29.   30.   31.   33.   36.   37.   38.
   39.   45.   45.   46.   47.   48.   53.   55.   56.   57.   59.   65.
   68.   68.   68.   75.   77.   78.   80.   81.   85.   91.   91.   94.
   97.   98.   99.   99.][-98. -98. -97. -92. -90. -86. -82. -79. -78. -75. -73. -72. -68. -66.
 -65. -64. -64. -64. -62. -62. -60. -53. -52. -48. -48. -44. -38. -37.
 -36. -35. -33. -31. -30. -30. -29. -28. -21. -20. -20. -13. -11. -10.
  -8.  -5.  -4.  -1.   0.   2.   3.   4.   7.   7.   9.  12.  12.  16.
  17.  19.  23.  25.  26.  29.  32.  38.  38.  45.  46.  46.  47.  50.
  50.  50.  51.  53.  56.  57.  62.  63.  65.  66.  68.  69.  70.  71.
  71.  73.  74.  80.  81.  81.  83.  85.  88.  88.  90.  91.  93.  95.
  98.  98.][-100. -100.  -99.  -99.  -93.  -91.  -89.  -89.  -87.  -86.  -85.  -84.
  -82.  -81.  -79.  -74.  -74.  -71.  -66.  -66.  -65.  -65.  -65.  -56.
  -53.  -52.  -49.  -48.  -46.  -45.  -44.  -44.  -42.  -42.  -40.  -38.
  -35.  -29.  -29.  -26.  -21.   -4.   -3.   -3.    2.    2.    4.    6.
    6.    8.    8.    9.   12.   17.   17.   19.   22.   25.   25.   27.
   28.   28.   30.   31.   33.   34.   35.   45.   45.   45.   49.   50.
   50.   50.   50.   50.   54.   54.   55.   55.   56.   58.   61.   63.
   63.   66.   68.   69.   70.   70.   73.   77.   77.   85.   86.   88.
   92.   94.   98.   99.][-100.  -98.  -96.  -94.  -93.  -90.  -90.  -82.  -82.  -80.  -80.  -77.
  -74.  -71.  -70.  -70.  -68.  -63.  -62.  -62.  -55.  -54.  -53.  -53.
  -51.  -50.  -49.  -49.  -46.  -46.  -45.  -41.  -41.  -36.  -34.  -34.
  -33.  -32.  -30.  -28.  -26.  -26.  -23.  -21.  -15.  -15.  -15.  -15.
  -12.  -12.  -10.   -9.   -9.   -9.   -8.   -8.   -2.    5.    6.   10.
   19.   31.   31.   32.   34.   35.   35.   35.   37.   39.   39.   42.
   42.   43.   47.   48.   54.   55.   56.   56.   60.   62.   64.   64.
   65.   67.   68.   70.   71.   76.   76.   85.   87.   87.   88.   89.
   91.   95.   99.  100.][-97. -97. -95. -95. -94. -90. -89. -86. -83. -82. -81. -79. -79. -77.
 -75. -74. -71. -70. -67. -66. -64. -62. -61. -59. -59. -57. -57. -57.
 -55. -52. -49. -49. -46. -45. -45. -44. -43. -38. -29. -29. -25. -22.
 -22. -20. -17. -15. -13. -13. -12. -11. -10.  -7.  -3.  -3.  -2.  -1.
   1.   1.   2.   3.   3.   4.   6.   9.   9.  11.  12.  12.  18.  32.
  32.  39.  42.  42.  43.  45.  48.  52.  53.  53.  54.  57.  57.  60.
  65.  67.  69.  70.  71.  72.  74.  74.  75.  76.  80.  85.  85.  86.
  95.  99.][-99. -99. -95. -94. -90. -88. -88. -87. -87. -84. -84. -83. -83. -80.
 -78. -76. -76. -74. -69. -58. -55. -54. -52. -51. -50. -49. -44. -44.
 -41. -39. -35. -34. -34. -34. -24. -23. -23. -22. -20. -18. -17. -14.
 -12. -11. -10.  -6.  -3.  -3.   3.   3.   8.   9.   9.  10.  11.  13.
  13.  14.  15.  16.  17.  18.  20.  20.  23.  23.  24.  29.  30.  30.
  32.  36.  37.  46.  47.  51.  52.  55.  59.  61.  62.  66.  68.  70.
  70.  72.  83.  84.  85.  85.  85.  87.  90.  90.  90.  96.  97.  97.
  98.  98.][-99. -97. -97. -96. -90. -88. -88. -84. -81. -79. -78. -76. -76. -75.
 -74. -74. -72. -68. -65. -63. -62. -61. -57. -57. -56. -55. -53. -52.
 -50. -46. -44. -43. -39. -36. -36. -34. -33. -32. -27. -22. -22. -22.
 -22. -21. -19. -19. -18. -17. -15. -15. -10.  -7.  -6.   0.   1.   3.
   6.   6.   8.  10.  11.  13.  14.  14.  16.  17.  19.  23.  25.  25.
  26.  29.  31.  36.  40.  41.  42.  43.  49.  50.  50.  51.  54.  56.
  62.  62.  63.  64.  70.  74.  78.  80.  85.  85.  86.  87.  90.  93.
  98. 100.][-93. -89. -88. -85. -81. -80. -79. -78. -72. -72. -71. -70. -70. -68.
 -65. -65. -65. -64. -61. -59. -59. -58. -55. -54. -50. -47. -45. -40.
 -37. -32. -30. -30. -29. -28. -28. -27. -20. -19. -16. -11.  -9.  -2.
  -2.   0.   2.   3.   4.   9.  13.  14.  14.  15.  15.  16.  17.  17.
  20.  20.  22.  23.  25.  26.  30.  30.  31.  32.  34.  36.  37.  38.
  39.  42.  42.  42.  42.  43.  43.  51.  51.  53.  53.  56.  57.  59.
  60.  61.  61.  65.  66.  71.  76.  78.  84.  86.  87.  90.  96.  98.
  99. 100.][-98. -98. -94. -92. -85. -84. -84. -83. -78. -78. -77. -76. -76. -76.
 -69. -68. -68. -62. -61. -60. -58. -57. -57. -55. -55. -54. -54. -52.
 -48. -44. -44. -42. -42. -40. -36. -35. -34. -33. -29. -27. -24. -22.
 -22. -21. -17. -14.  -6.  -4.  -4.  -2.  -1.   1.   6.   7.  12.  13.
  16.  17.  18.  19.  20.  20.  21.  22.  22.  24.  25.  28.  37.  38.
  40.  42.  43.  43.  43.  45.  49.  49.  50.  50.  51.  55.  58.  60.
  60.  65.  67.  68.  68.  73.  76.  76.  79.  92.  93.  93.  93.  97.
  99. 100.][-98. -96. -90. -90. -90. -87. -87. -86. -76. -76. -75. -75. -71. -71.
 -70. -68. -66. -66. -59. -58. -54. -53. -52. -51. -50. -45. -45. -45.
 -41. -38. -35. -32. -32. -32. -26. -26. -25. -24. -22. -22. -19. -17.
 -17. -12.  -8.  -4.  -2.  -2.  -2.  -2.   1.   1.   2.   2.   4.   8.
   8.  11.  13.  14.  16.  23.  23.  24.  25.  26.  33.  33.  34.  34.
  36.  37.  39.  40.  43.  45.  46.  49.  51.  55.  55.  55.  58.  59.
  63.  68.  69.  70.  75.  79.  81.  82.  83.  84.  86.  90.  91.  96.
  96. 100.][-100. -100. -100.  -99.  -92.  -90.  -90.  -88.  -87.  -85.  -84.  -81.
  -74.  -70.  -67.  -67.  -64.  -62.  -61.  -61.  -60.  -60.  -60.  -57.
  -55.  -54.  -52.  -51.  -50.  -50.  -49.  -48.  -48.  -46.  -44.  -43.
  -41.  -40.  -39.  -39.  -38.  -35.  -34.  -34.  -29.  -27.  -26.  -21.
  -20.  -18.  -15.  -13.  -13.  -12.  -11.   -6.   -4.   -4.    1.    6.
    8.   10.   17.   17.   19.   20.   21.   21.   22.   22.   27.   31.
   35.   36.   36.   37.   42.   44.   45.   57.   58.   61.   62.   63.
   64.   65.   65.   66.   67.   68.   70.   72.   76.   78.   80.   80.
   82.   87.   90.   98.][-100.  -99.  -96.  -93.  -90.  -83.  -83.  -80.  -76.  -71.  -71.  -71.
  -68.  -67.  -66.  -65.  -62.  -60.  -57.  -55.  -54.  -53.  -52.  -47.
  -47.  -47.  -45.  -43.  -40.  -37.  -36.  -36.  -35.  -35.  -28.  -28.
  -25.  -23.  -18.  -17.  -14.  -12.  -11.  -10.   -6.   -6.   -3.    3.
    4.    7.    7.    8.    8.    8.   10.   11.   11.   14.   16.   16.
   16.   25.   29.   34.   35.   36.   36.   36.   37.   44.   46.   47.
   51.   54.   56.   58.   59.   59.   63.   63.   65.   66.   67.   68.
   70.   71.   71.   72.   73.   78.   80.   85.   89.   89.   91.   92.
   93.   94.   96.   97.][-99. -97. -87. -87. -86. -80. -80. -75. -72. -69. -64. -60. -59. -55.
 -52. -48. -46. -45. -45. -44. -41. -38. -36. -36. -35. -33. -32. -31.
 -30. -28. -27. -26. -26. -24. -22. -16. -13. -11. -11.  -9.  -4.  -3.
  -2.   4.   8.   9.  11.  12.  15.  15.  19.  23.  30.  31.  32.  34.
  36.  38.  39.  41.  46.  47.  48.  49.  49.  51.  56.  59.  59.  59.
  60.  62.  63.  65.  66.  66.  67.  69.  69.  69.  74.  75.  77.  79.
  81.  81.  84.  86.  88.  88.  90.  94.  94.  94.  95.  95.  97.  98.
 100. 100.][-98. -97. -97. -94. -90. -87. -84. -81. -79. -79. -78. -77. -76. -75.
 -70. -67. -65. -64. -64. -60. -55. -55. -54. -50. -50. -50. -50. -50.
 -47. -46. -45. -43. -42. -39. -36. -35. -32. -25. -25. -23. -18. -17.
 -17. -16. -14.  -9.  -9.  -6.  -2.   0.   5.   7.   8.   9.  12.  14.
  15.  15.  19.  23.  25.  26.  27.  27.  31.  32.  37.  45.  45.  48.
  50.  51.  51.  51.  55.  56.  59.  62.  63.  64.  68.  73.  79.  79.
  80.  82.  84.  85.  87.  88.  89.  93.  93.  94.  96.  97.  97.  99.
 100. 100.][-98. -97. -97. -94. -91. -90. -89. -87. -84. -83. -80. -78. -75. -75.
 -74. -73. -71. -67. -66. -65. -62. -54. -53. -52. -51. -48. -48. -47.
 -44. -41. -38. -36. -35. -32. -30. -26. -22. -18. -17. -15. -14. -14.
  -9.  -7.  -7.  -1.   1.   2.   3.   4.   5.  12.  13.  13.  18.  20.
  23.  25.  27.  32.  32.  34.  38.  43.  44.  47.  48.  53.  54.  54.
  56.  56.  59.  59.  61.  62.  68.  68.  69.  72.  72.  74.  76.  78.
  78.  80.  81.  81.  82.  82.  84.  84.  85.  86.  88.  88.  89.  90.
  94.  99.][-95. -93. -93. -91. -90. -88. -88. -86. -85. -85. -85. -82. -81. -81.
 -78. -78. -76. -76. -69. -69. -67. -66. -61. -60. -58. -57. -57. -54.
 -54. -51. -51. -46. -46. -45. -44. -43. -41. -41. -40. -40. -32. -29.
 -24. -22. -13.  -7.  -7.  -1.  -1.   1.   3.   6.  10.  10.  10.  12.
  14.  16.  21.  25.  29.  31.  32.  32.  34.  37.  37.  37.  37.  38.
  38.  39.  41.  44.  45.  46.  49.  50.  55.  56.  57.  65.  72.  73.
  79.  80.  81.  82.  85.  85.  85.  87.  88.  93.  93.  95.  97.  97.
  97.  98.][-98. -97. -96. -96. -92. -91. -91. -86. -82. -81. -79. -68. -67. -67.
 -67. -63. -61. -59. -56. -54. -51. -49. -48. -47. -46. -44. -42. -39.
 -35. -35. -35. -32. -30. -29. -25. -24. -23. -21. -20. -19. -18. -15.
  -7.  -6.  -6.  -5.  -4.  -4.  -3.  -1.  -1.   0.   0.   3.   6.   6.
   9.  11.  12.  16.  16.  17.  17.  18.  19.  20.  27.  35.  37.  37.
  38.  38.  42.  45.  47.  50.  54.  55.  61.  61.  61.  65.  68.  69.
  71.  71.  71.  72.  73.  74.  74.  77.  84.  89.  90.  91.  91.  91.
  92.  92.][-89. -88. -84. -82. -71. -70. -68. -65. -64. -64. -60. -59. -56. -55.
 -54. -53. -50. -48. -48. -48. -47. -45. -42. -42. -41. -33. -33. -32.
 -29. -25. -22. -22. -21. -20. -19. -19. -14. -13.  -9.  -6.  -3.  -2.
  -1.   1.   2.   2.   3.   5.   6.   6.   7.   7.   8.   9.  13.  17.
  19.  19.  23.  23.  25.  27.  31.  33.  37.  41.  43.  43.  44.  44.
  47.  48.  49.  56.  58.  60.  62.  62.  63.  64.  64.  64.  66.  66.
  67.  69.  71.  72.  72.  74.  74.  79.  86.  88.  92.  92.  94.  95.
  98. 100.][-94. -93. -90. -88. -88. -83. -83. -80. -77. -77. -77. -75. -75. -74.
 -74. -73. -69. -68. -65. -62. -54. -53. -53. -51. -51. -51. -50. -49.
 -48. -46. -45. -41. -40. -35. -33. -31. -30. -29. -28. -26. -25. -21.
 -14. -12.  -7.  -6.  -4.  -2.   5.   7.   8.   9.   9.  16.  16.  18.
  20.  21.  21.  26.  26.  27.  27.  30.  30.  31.  31.  34.  34.  35.
  36.  36.  39.  43.  44.  50.  51.  53.  56.  58.  60.  64.  64.  70.
  72.  77.  78.  82.  84.  84.  84.  85.  85.  86.  88.  89.  90.  94.
  97. 100.][-99. -96. -95. -94. -93. -92. -92. -92. -92. -91. -89. -87. -82. -81.
 -77. -77. -76. -76. -76. -74. -71. -71. -70. -67. -66. -62. -61. -59.
 -56. -53. -50. -49. -46. -44. -44. -40. -36. -34. -32. -31. -29. -29.
 -28. -20. -18. -17. -16. -16. -15. -14. -13. -11. -10.  -4.  -1.   1.
   4.   6.   8.  13.  23.  24.  25.  33.  39.  39.  40.  40.  42.  42.
  44.  48.  48.  51.  51.  54.  55.  58.  60.  63.  65.  67.  67.  68.
  75.  75.  76.  78.  86.  87.  91.  92.  93.  93.  95.  96.  97.  98.
  98.  99.][-100.  -95.  -95.  -94.  -93.  -92.  -90.  -90.  -85.  -84.  -80.  -78.
  -77.  -71.  -70.  -67.  -60.  -60.  -59.  -50.  -50.  -48.  -45.  -45.
  -44.  -43.  -42.  -39.  -36.  -32.  -32.  -31.  -31.  -31.  -24.  -22.
  -21.  -21.  -21.  -19.  -16.  -11.  -10.   -8.   -5.   -3.   -1.    0.
    1.    1.    5.    9.    9.   11.   11.   12.   14.   16.   18.   23.
   24.   25.   26.   27.   29.   29.   30.   33.   35.   36.   38.   39.
   42.   44.   48.   49.   50.   51.   52.   57.   58.   60.   62.   64.
   64.   69.   69.   73.   73.   79.   80.   82.   84.   84.   86.   89.
   92.   95.   96.   97.][-98. -96. -89. -84. -83. -82. -80. -77. -71. -70. -66. -66. -63. -62.
 -58. -57. -56. -54. -54. -49. -49. -48. -47. -43. -43. -42. -38. -37.
 -35. -34. -34. -27. -26. -25. -25. -24. -24. -19. -19. -18. -15. -15.
 -15. -14. -13. -12.  -7.  -7.  -5.  -3.   1.   4.   6.  14.  18.  21.
  22.  23.  24.  28.  30.  32.  33.  34.  35.  36.  39.  40.  40.  45.
  46.  49.  52.  54.  57.  58.  58.  58.  59.  60.  61.  65.  66.  69.
  71.  73.  74.  79.  80.  84.  84.  85.  88.  89.  90.  91.  92.  94.
  95.  98.][-99. -97. -97. -92. -85. -83. -83. -81. -81. -79. -79. -78. -76. -71.
 -70. -70. -68. -68. -67. -66. -65. -63. -61. -61. -58. -57. -57. -56.
 -51. -50. -50. -47. -45. -44. -44. -42. -37. -35. -32. -31. -20. -19.
 -18. -17. -15. -15. -13. -13. -10.  -8.  -6.   0.   0.   1.   3.   6.
   7.   9.  11.  12.  15.  17.  20.  22.  23.  26.  26.  27.  30.  30.
  31.  33.  34.  37.  37.  39.  39.  41.  45.  47.  49.  53.  60.  62.
  63.  66.  70.  71.  73.  79.  80.  82.  83.  88.  89.  93.  95.  97.
  98.  99.][-100.  -99.  -97.  -97.  -94.  -91.  -88.  -85.  -84.  -80.  -80.  -80.
  -77.  -77.  -70.  -69.  -68.  -68.  -66.  -65.  -64.  -63.  -63.  -59.
  -58.  -58.  -57.  -51.  -50.  -43.  -38.  -35.  -27.  -23.  -23.  -22.
  -22.  -22.  -18.  -17.  -17.  -17.  -15.  -15.  -13.  -13.  -10.   -6.
   -5.   -4.   -3.   -3.   -3.   -2.   -2.    3.    4.    8.    9.   14.
   14.   17.   20.   24.   27.   30.   32.   32.   36.   40.   40.   41.
   44.   45.   48.   52.   55.   58.   59.   62.   64.   65.   69.   71.
   71.   72.   73.   81.   82.   84.   86.   86.   87.   90.   91.   97.
   98.  100.  100.  100.][-99. -99. -98. -97. -96. -92. -92. -87. -87. -86. -85. -83. -81. -78.
 -77. -76. -74. -73. -73. -68. -67. -67. -67. -65. -64. -60. -60. -55.
 -54. -53. -52. -50. -46. -42. -42. -41. -39. -39. -38. -37. -31. -29.
 -28. -28. -24. -24. -22. -15. -13. -10.  -9.  -9.  -7.  -7.  -6.   3.
   3.  10.  10.  11.  12.  14.  15.  20.  21.  21.  23.  25.  28.  30.
  31.  32.  34.  35.  39.  40.  43.  45.  45.  48.  49.  52.  52.  57.
  62.  63.  72.  76.  79.  79.  79.  83.  85.  85.  85.  86.  90.  92.
  96.  97.][-98. -95. -91. -86. -85. -84. -82. -80. -77. -76. -76. -73. -73. -73.
 -71. -68. -68. -67. -66. -66. -65. -62. -55. -54. -54. -51. -48. -44.
 -43. -41. -40. -39. -38. -36. -32. -31. -28. -27. -25. -18. -17. -16.
 -14. -13. -13.  -9.  -7.  -4.  -2.   3.   3.   5.   7.  14.  15.  19.
  22.  23.  24.  24.  26.  30.  33.  33.  34.  35.  36.  37.  42.  43.
  45.  48.  48.  51.  54.  56.  60.  60.  61.  62.  69.  69.  71.  71.
  72.  75.  75.  81.  81.  82.  83.  84.  84.  86.  88.  91.  91.  93.
  96. 100.][-97. -97. -95. -92. -91. -91. -90. -89. -89. -88. -86. -85. -80. -80.
 -76. -76. -73. -64. -63. -63. -61. -57. -50. -50. -50. -48. -47. -42.
 -40. -39. -37. -36. -34. -27. -26. -23. -20. -18. -17. -15. -15. -14.
 -13. -12. -11. -11. -11.  -9.  -8.  -8.  -6.  -4.  -1.   0.   1.   5.
   8.  10.  10.  11.  12.  14.  16.  20.  34.  39.  40.  42.  42.  44.
  46.  50.  51.  54.  55.  55.  56.  56.  57.  60.  62.  65.  66.  66.
  71.  74.  74.  75.  76.  80.  82.  85.  88.  90.  90.  91.  94.  97.
  97. 100.][-100.  -97.  -97.  -94.  -89.  -85.  -84.  -81.  -78.  -76.  -74.  -74.
  -68.  -67.  -65.  -60.  -56.  -54.  -53.  -51.  -49.  -48.  -47.  -45.
  -45.  -42.  -40.  -38.  -37.  -34.  -34.  -30.  -27.  -26.  -21.  -20.
  -19.  -16.  -15.  -14.  -13.  -12.  -10.   -8.   -4.   -3.   -2.    2.
    3.    4.    5.    5.   11.   13.   15.   15.   23.   28.   28.   28.
   28.   29.   30.   31.   31.   32.   35.   37.   40.   41.   42.   45.
   46.   47.   49.   49.   50.   53.   54.   58.   60.   60.   60.   63.
   71.   78.   83.   85.   85.   86.   87.   89.   91.   93.   95.   95.
   95.   97.   98.  100.][-100.  -99.  -97.  -96.  -92.  -90.  -80.  -80.  -77.  -73.  -71.  -71.
  -70.  -69.  -68.  -68.  -68.  -65.  -63.  -62.  -62.  -62.  -62.  -60.
  -59.  -59.  -59.  -58.  -58.  -57.  -55.  -54.  -51.  -49.  -48.  -47.
  -43.  -41.  -41.  -37.  -35.  -33.  -31.  -31.  -30.  -24.  -24.  -20.
  -17.  -11.  -11.   -9.   -9.   -8.   -8.   -7.   -5.   -5.    5.    5.
    5.    6.   10.   21.   21.   24.   25.   30.   30.   39.   41.   42.
   43.   43.   44.   46.   46.   49.   51.   53.   57.   57.   58.   61.
   62.   63.   65.   65.   67.   67.   71.   74.   80.   84.   85.   85.
   89.   92.   94.   97.][-98. -97. -95. -93. -92. -92. -90. -90. -87. -86. -85. -80. -79. -76.
 -69. -67. -66. -64. -64. -60. -59. -59. -58. -53. -52. -52. -51. -49.
 -47. -46. -42. -42. -42. -37. -35. -32. -32. -30. -24. -23. -23. -23.
 -22. -21. -14. -14. -12. -11.  -3.   0.   2.   6.   8.   8.  16.  16.
  21.  21.  23.  23.  23.  25.  27.  27.  28.  33.  34.  36.  39.  47.
  48.  49.  57.  61.  62.  62.  67.  67.  69.  70.  70.  73.  74.  76.
  77.  77.  78.  78.  79.  81.  82.  83.  86.  86.  88.  89.  92.  93.
  95.  97.][-100. -100.  -91.  -91.  -90.  -89.  -88.  -88.  -87.  -81.  -79.  -77.
  -76.  -75.  -74.  -71.  -69.  -69.  -69.  -65.  -64.  -62.  -60.  -58.
  -58.  -53.  -53.  -52.  -51.  -51.  -50.  -45.  -44.  -44.  -40.  -40.
  -39.  -36.  -34.  -18.  -14.  -14.  -11.  -11.   -8.   -7.   -7.   -7.
   -5.   -1.    0.    9.   11.   12.   12.   14.   15.   17.   18.   20.
   23.   24.   26.   28.   30.   31.   31.   33.   34.   36.   38.   39.
   44.   44.   45.   46.   49.   51.   53.   56.   57.   59.   59.   62.
   62.   63.   63.   69.   71.   78.   80.   81.   81.   81.   88.   89.
   92.   92.   93.   93.][-100.  -99.  -94.  -89.  -87.  -83.  -83.  -82.  -82.  -81.  -79.  -78.
  -77.  -77.  -72.  -70.  -70.  -68.  -66.  -65.  -64.  -59.  -57.  -56.
  -55.  -53.  -50.  -48.  -48.  -47.  -44.  -42.  -42.  -39.  -36.  -34.
  -33.  -29.  -26.  -26.  -23.  -23.  -21.  -16.  -15.  -13.  -13.  -11.
  -11.  -11.   -9.   -8.   -4.   -3.    3.    4.    4.    6.    7.    7.
   12.   14.   15.   17.   18.   18.   20.   21.   22.   22.   23.   24.
   28.   29.   31.   31.   33.   34.   36.   38.   48.   48.   50.   54.
   60.   62.   65.   72.   74.   75.   78.   78.   84.   84.   85.   85.
   90.   93.   96.   98.][-99. -96. -95. -95. -94. -92. -92. -89. -86. -86. -83. -83. -80. -77.
 -71. -70. -69. -66. -65. -65. -64. -64. -64. -60. -55. -55. -54. -52.
 -51. -51. -51. -50. -47. -45. -41. -39. -34. -33. -30. -23. -23. -22.
 -21. -20. -19. -19. -14. -12. -12. -11. -10.  -9.  -7.  -6.  -5.  -3.
   3.   9.  11.  17.  24.  27.  28.  31.  35.  38.  38.  45.  46.  48.
  51.  52.  54.  55.  57.  59.  63.  63.  64.  66.  67.  70.  72.  73.
  74.  74.  77.  78.  79.  79.  85.  86.  86.  86.  90.  91.  93.  94.
  94.  94.][-100.  -93.  -90.  -88.  -87.  -86.  -84.  -81.  -79.  -74.  -70.  -70.
  -66.  -63.  -58.  -55.  -53.  -53.  -51.  -47.  -47.  -46.  -44.  -42.
  -38.  -38.  -36.  -36.  -33.  -29.  -26.  -19.  -17.  -16.  -14.  -14.
  -13.  -13.  -12.  -12.    0.    0.    2.    8.    9.   11.   11.   13.
   13.   14.   15.   16.   21.   21.   22.   22.   22.   24.   24.   24.
   29.   30.   31.   32.   33.   34.   34.   36.   44.   46.   47.   48.
   49.   49.   50.   54.   61.   63.   65.   69.   73.   76.   76.   77.
   78.   78.   81.   86.   86.   87.   89.   90.   92.   92.   93.   95.
   95.   97.   97.   99.][-97. -97. -96. -95. -93. -90. -90. -86. -85. -84. -83. -80. -79. -77.
 -75. -72. -70. -69. -62. -60. -59. -56. -54. -49. -48. -43. -41. -40.
 -38. -37. -37. -36. -32. -32. -28. -27. -26. -23. -21. -20. -17. -10.
  -8.  -6.  -1.   0.   1.   1.   5.   6.   8.  13.  18.  19.  20.  21.
  22.  24.  25.  25.  25.  29.  31.  31.  35.  37.  37.  39.  40.  40.
  46.  47.  47.  48.  52.  52.  55.  57.  57.  59.  60.  62.  71.  72.
  72.  76.  76.  76.  78.  78.  80.  81.  82.  83.  84.  94.  97.  98.
  99. 100.][-94. -93. -91. -90. -87. -85. -82. -81. -81. -79. -76. -71. -71. -69.
 -66. -64. -59. -58. -57. -55. -52. -52. -48. -41. -41. -40. -35. -33.
 -32. -31. -30. -29. -28. -28. -23. -19. -19. -17.  -9.  -8.  -6.  -3.
  -3.  -3.   1.   3.   8.   9.  12.  13.  14.  17.  17.  17.  21.  22.
  23.  24.  24.  25.  27.  29.  29.  32.  34.  34.  38.  39.  51.  52.
  53.  53.  56.  57.  57.  58.  59.  61.  62.  62.  62.  64.  66.  66.
  67.  69.  75.  76.  76.  79.  81.  82.  83.  84.  85.  91.  91.  96.
  97.  99.][-100.  -99.  -94.  -89.  -87.  -86.  -85.  -84.  -83.  -80.  -76.  -71.
  -68.  -68.  -64.  -59.  -55.  -55.  -54.  -53.  -53.  -52.  -51.  -50.
  -47.  -44.  -41.  -40.  -38.  -37.  -35.  -34.  -34.  -34.  -34.  -32.
  -29.  -28.  -27.  -25.  -21.  -16.  -15.  -13.  -11.  -10.   -7.   -7.
   -6.   -2.    0.    6.   11.   12.   12.   13.   15.   15.   17.   18.
   23.   23.   28.   28.   29.   38.   40.   49.   56.   57.   57.   57.
   58.   62.   63.   65.   67.   68.   68.   72.   72.   72.   75.   76.
   77.   79.   80.   82.   83.   89.   91.   92.   93.   93.   94.   95.
   96.   96.   96.   96.][-100.  -97.  -97.  -95.  -95.  -90.  -86.  -86.  -82.  -78.  -76.  -74.
  -73.  -70.  -67.  -65.  -62.  -61.  -57.  -53.  -53.  -52.  -51.  -51.
  -51.  -49.  -48.  -46.  -44.  -43.  -41.  -37.  -34.  -33.  -33.  -31.
  -31.  -28.  -28.  -27.  -25.  -24.  -21.  -20.  -13.  -13.  -13.  -12.
  -11.   -7.   -5.   -4.   -3.   -3.    0.    0.    1.    3.    5.    7.
    8.    9.    9.    9.   10.   11.   11.   14.   15.   22.   26.   28.
   36.   38.   40.   41.   42.   45.   46.   53.   53.   59.   62.   66.
   68.   69.   71.   73.   74.   77.   77.   80.   85.   86.   88.   89.
   94.   95.   95.   98.][-100.  -98.  -94.  -87.  -87.  -85.  -83.  -83.  -83.  -83.  -79.  -79.
  -77.  -75.  -73.  -73.  -70.  -70.  -67.  -64.  -63.  -61.  -61.  -59.
  -57.  -57.  -55.  -53.  -52.  -50.  -50.  -48.  -44.  -42.  -41.  -41.
  -40.  -40.  -38.  -34.  -33.  -33.  -31.  -28.  -28.  -24.  -24.  -23.
  -23.  -21.  -19.  -18.  -14.  -14.  -14.  -12.  -10.  -10.   -8.   -8.
   -7.   -4.    2.    3.    4.    5.    7.   11.   13.   20.   20.   25.
   29.   29.   31.   40.   41.   41.   43.   44.   49.   55.   58.   58.
   59.   72.   74.   75.   77.   79.   79.   84.   86.   86.   90.   95.
   97.   98.   98.   99.][-100.  -99.  -98.  -96.  -93.  -91.  -88.  -84.  -82.  -81.  -80.  -80.
  -77.  -71.  -71.  -71.  -63.  -63.  -63.  -60.  -59.  -58.  -57.  -55.
  -55.  -54.  -52.  -50.  -45.  -45.  -44.  -43.  -42.  -35.  -34.  -32.
  -30.  -25.  -23.  -23.  -23.  -21.  -21.  -21.  -17.  -12.  -11.   -6.
    6.    7.    7.    7.   12.   13.   14.   19.   21.   22.   22.   23.
   23.   30.   30.   30.   31.   32.   35.   37.   37.   39.   39.   39.
   41.   45.   49.   49.   53.   55.   56.   57.   59.   59.   63.   67.
   72.   79.   80.   84.   85.   87.   88.   90.   92.   94.   97.   98.
   98.   99.  100.  100.][-96. -95. -93. -92. -92. -90. -86. -84. -82. -80. -80. -79. -78. -72.
 -71. -70. -67. -67. -66. -66. -65. -59. -58. -55. -55. -53. -53. -51.
 -50. -50. -49. -48. -46. -43. -31. -29. -28. -27. -24. -24. -23. -21.
 -21. -21. -20. -18. -15. -14. -14. -14.  -6.  -5.  -4.   1.   5.   8.
  10.  12.  13.  14.  16.  18.  20.  20.  22.  22.  25.  27.  28.  29.
  34.  40.  49.  50.  51.  51.  57.  57.  58.  58.  60.  61.  61.  66.
  67.  68.  69.  72.  73.  79.  79.  82.  87.  88.  89.  90.  92.  93.
  94.  98.][-99. -99. -99. -99. -98. -97. -97. -95. -93. -92. -90. -84. -81. -81.
 -80. -75. -69. -67. -66. -64. -62. -61. -60. -58. -54. -54. -49. -47.
 -44. -38. -36. -36. -34. -29. -28. -28. -27. -26. -25. -23. -23. -22.
 -21. -20. -19. -18. -18. -14. -14.  -8.  -1.   2.   2.   5.   5.  10.
  10.  11.  13.  13.  19.  20.  20.  21.  21.  30.  36.  38.  38.  39.
  40.  48.  49.  52.  53.  53.  57.  58.  60.  63.  64.  64.  73.  73.
  73.  73.  77.  79.  84.  84.  84.  86.  87.  91.  93.  94.  94.  98.
  99. 100.][-97. -94. -94. -93. -93. -93. -92. -91. -88. -88. -85. -83. -79. -76.
 -73. -72. -72. -70. -69. -69. -67. -64. -63. -59. -59. -59. -58. -54.
 -50. -44. -42. -39. -38. -37. -36. -36. -36. -34. -33. -33. -32. -29.
 -27. -26. -24. -24. -23. -21. -19. -19. -17. -14.  -9.  -6.  -3.  -2.
  -2.  -1.   0.   0.   4.   4.   5.   8.   9.  13.  13.  14.  15.  15.
  17.  17.  19.  24.  28.  29.  31.  32.  33.  35.  36.  47.  47.  49.
  50.  58.  59.  62.  62.  64.  69.  69.  74.  75.  87.  91.  91.  93.
  95.  98.][-100.  -98.  -92.  -91.  -91.  -83.  -83.  -81.  -80.  -79.  -79.  -79.
  -75.  -73.  -72.  -69.  -67.  -66.  -65.  -65.  -63.  -63.  -61.  -59.
  -58.  -58.  -54.  -53.  -51.  -47.  -45.  -45.  -45.  -44.  -44.  -41.
  -39.  -34.  -25.  -20.  -18.  -18.  -17.  -13.  -13.  -10.  -10.   -6.
   -4.    6.    7.    7.    9.   13.   15.   17.   17.   17.   20.   22.
   31.   33.   34.   36.   37.   37.   38.   41.   43.   44.   44.   45.
   46.   52.   52.   54.   55.   55.   57.   59.   59.   60.   62.   70.
   72.   72.   72.   75.   79.   79.   80.   80.   80.   81.   83.   84.
   84.   90.   91.   98.][-100.  -96.  -96.  -94.  -94.  -93.  -88.  -84.  -79.  -78.  -74.  -73.
  -72.  -70.  -67.  -66.  -66.  -65.  -65.  -63.  -60.  -58.  -58.  -56.
  -56.  -54.  -54.  -53.  -51.  -48.  -45.  -44.  -38.  -33.  -32.  -29.
  -27.  -26.  -26.  -23.  -21.  -18.  -13.  -10.   -7.   -6.   -5.   -2.
   -1.    1.    8.    9.   16.   16.   18.   21.   22.   24.   25.   28.
   28.   28.   32.   35.   36.   37.   37.   40.   42.   43.   45.   46.
   55.   62.   65.   65.   67.   70.   71.   78.   79.   80.   80.   80.
   84.   84.   85.   86.   87.   88.   88.   90.   90.   93.   93.   95.
   96.   99.  100.  100.][-95. -94. -94. -93. -91. -86. -85. -78. -74. -72. -70. -70. -70. -69.
 -68. -67. -66. -65. -64. -61. -61. -59. -53. -53. -53. -52. -52. -52.
 -52. -50. -48. -47. -46. -44. -40. -40. -39. -32. -25. -23. -20. -15.
 -14. -13. -13. -12. -11.  -9.  -4.  -4.  -2.  -1.   6.   7.   8.  10.
  13.  16.  18.  18.  21.  23.  24.  26.  27.  27.  29.  30.  30.  33.
  38.  40.  42.  42.  45.  46.  49.  53.  55.  57.  60.  61.  70.  70.
  72.  82.  82.  83.  83.  83.  86.  87.  90.  94.  94.  96.  96.  97.
  98. 100.][-98. -98. -98. -95. -91. -90. -90. -89. -89. -88. -87. -81. -81. -81.
 -80. -79. -79. -78. -74. -69. -68. -66. -64. -59. -58. -55. -54. -53.
 -52. -51. -50. -48. -46. -45. -45. -44. -43. -43. -38. -36. -29. -27.
 -23. -22. -20. -17. -15. -15. -15. -14. -14. -10.  -9.  -9.  -9.  -7.
  -4.  -3.  -2.  -1.  -1.   2.   8.  11.  11.  12.  12.  15.  18.  21.
  26.  26.  27.  29.  33.  35.  36.  44.  45.  48.  49.  50.  50.  51.
  57.  57.  66.  69.  71.  73.  73.  76.  79.  80.  81.  88.  93.  94.
  98. 100.][-100.  -99.  -98.  -93.  -90.  -89.  -88.  -88.  -82.  -82.  -81.  -81.
  -80.  -80.  -71.  -70.  -67.  -64.  -64.  -64.  -62.  -57.  -54.  -48.
  -45.  -45.  -43.  -42.  -39.  -38.  -33.  -32.  -31.  -28.  -27.  -25.
  -25.  -25.  -23.  -20.  -18.  -17.  -14.  -12.  -12.  -11.   -9.   -8.
   -1.   -1.    1.    7.    8.   12.   12.   12.   13.   13.   15.   18.
   19.   20.   23.   24.   26.   30.   30.   38.   39.   39.   42.   42.
   44.   48.   48.   50.   51.   55.   59.   60.   61.   63.   68.   69.
   71.   71.   72.   74.   75.   75.   77.   83.   83.   84.   88.   95.
   95.   96.  100.  100.][-100.  -94.  -94.  -94.  -93.  -88.  -85.  -84.  -83.  -82.  -81.  -80.
  -76.  -74.  -66.  -64.  -64.  -59.  -58.  -57.  -53.  -53.  -47.  -45.
  -45.  -44.  -39.  -37.  -37.  -37.  -37.  -36.  -35.  -33.  -33.  -30.
  -29.  -28.  -26.  -23.  -22.  -21.  -20.  -17.  -16.  -14.  -14.  -14.
  -11.  -10.    2.    8.   13.   17.   18.   20.   21.   22.   23.   23.
   24.   28.   28.   32.   33.   42.   45.   45.   49.   50.   51.   52.
   53.   53.   54.   55.   57.   59.   62.   62.   63.   68.   69.   71.
   73.   74.   75.   79.   79.   81.   86.   86.   88.   90.   91.   92.
   93.   93.   98.   99.][-98. -96. -95. -95. -94. -93. -92. -92. -90. -88. -86. -85. -85. -85.
 -80. -79. -75. -74. -71. -70. -61. -60. -58. -56. -55. -49. -48. -45.
 -44. -43. -40. -39. -39. -38. -37. -36. -35. -35. -29. -29. -27. -27.
 -26. -25. -24. -24. -23. -18. -16. -13.  -7.  -6.  -5.  -4.  -2.   0.
   1.   3.   4.   6.   6.   7.  10.  15.  16.  18.  21.  22.  22.  27.
  27.  29.  30.  30.  33.  33.  34.  37.  39.  41.  44.  45.  46.  48.
  51.  61.  63.  63.  65.  66.  67.  71.  82.  84.  87.  92.  92.  93.
  99. 100.][-99. -99. -96. -96. -96. -95. -95. -88. -82. -81. -79. -77. -75. -72.
 -72. -70. -69. -69. -67. -58. -57. -55. -55. -52. -51. -50. -47. -45.
 -41. -39. -38. -38. -38. -33. -33. -30. -30. -27. -26. -25. -22. -18.
 -16. -15.  -7.  -6.  -5.  -5.  -5.  -5.  -5.  -4.  -1.   0.   1.   1.
   2.   4.   4.   6.   6.   7.   7.  12.  13.  13.  14.  18.  23.  25.
  26.  29.  33.  36.  37.  38.  39.  43.  44.  48.  52.  53.  57.  67.
  71.  71.  72.  72.  73.  78.  78.  85.  85.  86.  92.  93.  94.  94.
  96. 100.][-100. -100.  -99.  -98.  -97.  -97.  -97.  -96.  -94.  -91.  -87.  -86.
  -83.  -81.  -79.  -78.  -77.  -75.  -75.  -75.  -75.  -73.  -72.  -72.
  -71.  -71.  -67.  -63.  -54.  -54.  -53.  -50.  -49.  -48.  -45.  -44.
  -40.  -40.  -38.  -37.  -37.  -37.  -34.  -31.  -31.  -28.  -28.  -22.
  -22.  -18.  -14.  -12.   -6.   -3.   -3.   -1.    1.    2.    3.   10.
   14.   14.   18.   18.   19.   23.   25.   29.   30.   31.   37.   39.
   42.   46.   46.   48.   49.   49.   53.   60.   60.   61.   62.   63.
   67.   68.   68.   68.   74.   78.   80.   89.   89.   91.   92.   95.
   96.   96.   96.   98.][-100.  -97.  -97.  -97.  -95.  -95.  -95.  -93.  -92.  -88.  -82.  -76.
  -72.  -72.  -71.  -70.  -68.  -67.  -65.  -65.  -63.  -62.  -60.  -58.
  -57.  -57.  -55.  -53.  -52.  -51.  -49.  -47.  -42.  -40.  -39.  -36.
  -28.  -27.  -23.  -23.  -23.  -23.  -22.  -21.  -15.  -13.  -13.  -12.
  -12.   -7.   -3.   -2.    3.    6.    7.    9.   10.   11.   12.   17.
   19.   20.   20.   21.   22.   29.   29.   30.   32.   35.   36.   37.
   40.   40.   41.   43.   44.   45.   48.   52.   52.   52.   53.   55.
   56.   58.   62.   70.   70.   71.   80.   83.   85.   87.   88.   88.
   92.   95.   99.  100.][-100.  -99.  -98.  -95.  -94.  -94.  -91.  -88.  -87.  -87.  -86.  -82.
  -82.  -81.  -78.  -77.  -74.  -65.  -64.  -59.  -55.  -53.  -51.  -49.
  -49.  -47.  -46.  -46.  -43.  -38.  -37.  -35.  -35.  -27.  -25.  -24.
  -22.  -21.  -13.  -13.  -12.  -12.  -12.  -10.   -9.   -8.   -3.   -2.
   -2.   -1.   -1.   -1.    0.    4.    5.    5.    6.    7.   13.   15.
   15.   18.   20.   23.   26.   27.   28.   32.   35.   35.   37.   39.
   41.   43.   49.   53.   54.   55.   55.   56.   56.   57.   58.   60.
   60.   61.   69.   70.   72.   72.   73.   75.   75.   80.   80.   85.
   87.   89.   91.   95.][-99. -96. -96. -93. -93. -91. -90. -87. -83. -82. -81. -81. -80. -77.
 -76. -72. -71. -71. -71. -70. -69. -69. -66. -65. -64. -63. -58. -56.
 -55. -51. -51. -48. -48. -46. -39. -37. -35. -34. -34. -30. -29. -26.
 -23. -22. -21. -20. -19. -17. -16. -15. -13. -10.  -4.  -2.   2.   2.
   5.   5.   5.   6.   7.   7.   8.  13.  18.  22.  23.  24.  28.  32.
  34.  35.  36.  37.  37.  38.  40.  40.  44.  45.  47.  51.  55.  56.
  58.  60.  70.  74.  75.  76.  77.  77.  78.  82.  84.  84.  87.  92.
  93.  95.][-100.  -97.  -95.  -94.  -93.  -92.  -91.  -86.  -86.  -85.  -82.  -81.
  -80.  -77.  -77.  -71.  -64.  -63.  -62.  -60.  -54.  -53.  -52.  -50.
  -50.  -46.  -45.  -43.  -39.  -37.  -36.  -34.  -33.  -33.  -32.  -30.
  -24.  -20.  -19.  -17.  -15.  -14.  -11.  -10.   -8.   -8.   -7.   -6.
   -3.   -2.    0.    0.    1.    1.    2.    2.    5.    8.   11.   11.
   17.   20.   26.   29.   29.   34.   36.   38.   38.   39.   40.   41.
   43.   43.   44.   45.   45.   47.   47.   52.   59.   59.   64.   64.
   68.   70.   74.   75.   75.   75.   76.   78.   82.   91.   93.   95.
   95.   97.   99.  100.][-98. -98. -98. -94. -94. -89. -87. -87. -83. -79. -78. -77. -73. -72.
 -71. -71. -66. -61. -61. -61. -59. -55. -52. -52. -48. -43. -37. -36.
 -34. -34. -32. -32. -30. -30. -27. -27. -27. -19. -18. -16. -14. -13.
  -7.  -6.  -4.   0.   1.   4.   4.   4.   6.   7.  10.  10.  15.  15.
  15.  16.  17.  19.  21.  21.  24.  25.  27.  29.  30.  35.  37.  37.
  38.  39.  44.  45.  49.  49.  51.  51.  51.  56.  57.  58.  61.  62.
  63.  66.  67.  69.  69.  70.  75.  80.  81.  83.  85.  92.  92.  97.
  99.  99.][-99. -96. -94. -93. -93. -92. -88. -87. -86. -84. -83. -82. -81. -74.
 -74. -73. -70. -64. -63. -62. -59. -56. -55. -55. -53. -50. -45. -43.
 -42. -39. -39. -33. -32. -31. -30. -23. -22. -20. -20. -19. -15. -14.
 -13. -12. -12. -11.  -4.  -3.  -3.  -2.  -1.   0.   1.   2.   4.   6.
   6.   9.  10.  10.  10.  14.  15.  16.  17.  18.  18.  23.  25.  26.
  26.  26.  30.  37.  38.  39.  39.  41.  45.  54.  59.  60.  62.  64.
  65.  71.  73.  74.  78.  79.  80.  80.  85.  88.  89.  95.  96.  97.
 100. 100.][-99. -97. -94. -92. -92. -91. -89. -87. -84. -83. -79. -79. -78. -74.
 -74. -74. -73. -71. -71. -71. -70. -68. -66. -65. -65. -64. -63. -63.
 -62. -59. -58. -57. -54. -54. -51. -50. -50. -49. -48. -46. -46. -45.
 -42. -37. -34. -33. -32. -32. -31. -28. -25. -25. -24. -21. -15.  -7.
  -6.  -6.   0.   1.   5.  13.  17.  18.  22.  22.  24.  25.  26.  26.
  27.  35.  36.  38.  40.  42.  42.  43.  48.  48.  50.  53.  56.  58.
  60.  61.  63.  66.  72.  72.  76.  81.  81.  83.  86.  88.  88.  94.
  96.  98.][-100.  -98.  -97.  -96.  -88.  -85.  -85.  -85.  -83.  -83.  -82.  -81.
  -78.  -76.  -76.  -73.  -73.  -70.  -68.  -67.  -66.  -65.  -64.  -63.
  -63.  -59.  -58.  -57.  -51.  -51.  -49.  -49.  -48.  -44.  -42.  -42.
  -39.  -36.  -35.  -29.  -28.  -27.  -26.  -25.  -23.  -18.  -18.  -15.
  -11.  -11.   -6.   -5.    3.    7.    9.    9.   11.   12.   12.   12.
   12.   14.   15.   21.   21.   22.   23.   25.   28.   31.   39.   40.
   44.   52.   52.   54.   60.   60.   60.   61.   61.   71.   71.   73.
   74.   76.   76.   77.   79.   79.   81.   83.   86.   88.   91.   91.
   93.   96.   99.  100.][-100. -100.  -92.  -89.  -88.  -88.  -84.  -82.  -75.  -74.  -69.  -67.
  -66.  -64.  -64.  -64.  -60.  -58.  -55.  -51.  -45.  -45.  -42.  -39.
  -38.  -37.  -35.  -33.  -32.  -31.  -29.  -25.  -25.  -20.  -20.  -18.
  -18.  -17.  -17.  -14.  -11.  -10.   -9.   -8.   -5.    1.    3.    3.
    4.    7.   12.   12.   14.   17.   21.   21.   25.   27.   30.   30.
   34.   35.   38.   41.   41.   44.   45.   46.   46.   49.   51.   52.
   53.   55.   57.   57.   59.   61.   62.   62.   63.   68.   71.   74.
   74.   74.   77.   79.   80.   83.   83.   83.   86.   89.   90.   91.
   91.   96.   98.   99.][-96. -94. -93. -92. -89. -85. -85. -84. -81. -79. -78. -77. -72. -68.
 -68. -67. -66. -63. -62. -62. -60. -59. -59. -58. -58. -54. -54. -50.
 -40. -39. -38. -35. -32. -31. -31. -31. -29. -27. -23. -22. -19. -19.
 -18. -16. -15.  -6.   1.   5.   8.   9.   9.  11.  14.  21.  21.  23.
  25.  28.  29.  32.  34.  36.  37.  38.  38.  40.  40.  41.  41.  42.
  42.  45.  47.  50.  52.  54.  57.  60.  61.  63.  64.  68.  73.  73.
  74.  75.  75.  80.  81.  83.  84.  84.  88.  89.  91.  91.  91.  97.
  99. 100.][-99. -97. -97. -95. -94. -93. -91. -90. -90. -90. -88. -86. -85. -82.
 -81. -80. -80. -77. -76. -75. -74. -73. -69. -68. -65. -60. -58. -56.
 -52. -52. -48. -48. -48. -44. -42. -40. -38. -34. -32. -27. -26. -25.
 -22. -20. -19. -14. -12. -11. -11.  -9.  -9.  -8.  -4.  -2.   1.   5.
   5.   5.   7.   8.   9.  10.  13.  18.  21.  23.  23.  23.  24.  24.
  26.  28.  29.  30.  31.  33.  33.  37.  39.  42.  48.  48.  48.  51.
  51.  53.  55.  56.  56.  66.  68.  70.  72.  73.  74.  74.  77.  87.
  90.  91.][-98. -98. -95. -92. -92. -91. -90. -89. -88. -88. -83. -82. -80. -76.
 -76. -73. -72. -70. -68. -64. -64. -64. -61. -58. -53. -52. -50. -48.
 -48. -47. -43. -43. -39. -39. -38. -37. -34. -34. -33. -32. -32. -30.
 -25. -14. -10. -10. -10.  -9.  -8.  -7.  -5.  -4.  -4.  -3.  -2.  -1.
  -1.   1.   2.   6.   7.   7.  10.  11.  12.  12.  16.  17.  19.  22.
  23.  24.  25.  32.  34.  38.  39.  40.  47.  49.  49.  53.  54.  56.
  59.  60.  64.  67.  69.  69.  75.  76.  78.  87.  89.  92.  92.  93.
  96.  98.][-98. -92. -90. -84. -79. -78. -78. -78. -77. -74. -72. -71. -71. -69.
 -69. -67. -56. -56. -54. -54. -53. -53. -52. -48. -47. -45. -45. -43.
 -42. -35. -35. -34. -34. -32. -30. -28. -26. -22. -21. -20. -17. -16.
 -11. -11.  -9.  -8.  -6.  -4.  -3.   0.   5.   6.   7.   8.  10.  13.
  16.  17.  19.  20.  20.  22.  22.  24.  28.  35.  35.  35.  38.  40.
  42.  44.  48.  49.  52.  54.  57.  57.  61.  64.  68.  69.  70.  71.
  74.  74.  76.  81.  82.  82.  83.  84.  86.  91.  91.  95.  96.  97.
  98. 100.][-99. -97. -97. -96. -95. -94. -89. -86. -85. -84. -81. -78. -78. -75.
 -75. -73. -72. -69. -68. -65. -63. -63. -58. -58. -57. -56. -54. -37.
 -37. -34. -32. -30. -19. -15. -14. -14. -13. -13. -13. -13.  -9.  -8.
  -6.  -6.  -3.   4.   5.   7.   9.  11.  11.  13.  15.  16.  19.  21.
  25.  27.  30.  36.  39.  40.  42.  44.  45.  47.  47.  51.  54.  54.
  54.  60.  61.  63.  63.  65.  65.  67.  68.  69.  71.  74.  74.  74.
  76.  77.  78.  79.  82.  85.  90.  92.  95.  96.  96.  98.  99.  99.
  99. 100.][-98. -96. -94. -91. -90. -87. -84. -81. -79. -79. -77. -75. -75. -72.
 -71. -69. -68. -68. -66. -62. -60. -59. -57. -56. -56. -53. -52. -51.
 -50. -49. -48. -46. -44. -42. -38. -37. -36. -28. -26. -22. -22. -21.
 -21. -18. -16. -16. -16. -12.  -8.  -6.   0.   3.   6.   7.   9.  13.
  15.  17.  18.  20.  22.  22.  25.  26.  27.  29.  32.  33.  34.  35.
  37.  41.  43.  45.  45.  45.  47.  48.  53.  57.  59.  60.  64.  67.
  68.  70.  70.  76.  76.  88.  88.  89.  89.  90.  91.  95.  97.  97.
 100. 100.][-100.  -98.  -95.  -94.  -93.  -89.  -87.  -86.  -86.  -84.  -82.  -82.
  -81.  -72.  -72.  -72.  -71.  -69.  -68.  -66.  -65.  -61.  -60.  -56.
  -55.  -54.  -51.  -41.  -40.  -33.  -33.  -31.  -31.  -24.  -23.  -18.
  -15.  -12.  -10.   -9.   -9.   -7.   -6.   -3.   -2.   -2.   -1.   -1.
    1.    2.    5.    8.    8.    9.   17.   23.   24.   25.   30.   30.
   31.   32.   32.   33.   35.   37.   42.   45.   47.   49.   50.   50.
   51.   56.   57.   61.   63.   65.   75.   76.   78.   79.   80.   81.
   81.   81.   81.   82.   88.   89.   89.   91.   92.   93.   96.   98.
   99.  100.  100.  100.][-96. -96. -95. -95. -95. -94. -93. -91. -89. -86. -85. -82. -75. -73.
 -72. -71. -70. -69. -68. -66. -65. -62. -61. -59. -57. -56. -50. -46.
 -46. -41. -41. -41. -38. -38. -36. -35. -35. -34. -31. -31. -29. -27.
 -26. -25. -19. -15. -12. -11. -11. -11.  -8.  -8.  -7.  -6.  -3.  -1.
   2.   3.   4.   4.   8.   9.  13.  14.  14.  15.  18.  23.  26.  26.
  27.  30.  31.  31.  36.  39.  53.  54.  55.  55.  60.  60.  61.  63.
  64.  67.  76.  77.  78.  81.  82.  83.  86.  88.  89.  92.  96.  97.
  98.  99.][-98. -93. -93. -91. -91. -88. -88. -85. -82. -81. -81. -79. -74. -65.
 -63. -63. -61. -58. -58. -56. -51. -50. -50. -49. -46. -45. -44. -43.
 -39. -38. -38. -37. -37. -37. -32. -32. -30. -30. -29. -28. -28. -27.
 -25. -24. -20. -18. -16. -14. -13.  -7.  -2.  -2.   0.   2.   5.   6.
   6.   9.   9.  14.  16.  17.  20.  22.  23.  24.  28.  29.  31.  32.
  36.  37.  39.  39.  40.  40.  42.  44.  44.  51.  54.  58.  59.  61.
  61.  64.  65.  73.  73.  76.  79.  86.  88.  91.  92.  92.  94.  99.
  99. 100.][-100. -100.  -99.  -96.  -93.  -88.  -87.  -87.  -87.  -86.  -81.  -77.
  -76.  -75.  -75.  -73.  -72.  -71.  -70.  -68.  -66.  -64.  -64.  -61.
  -59.  -56.  -55.  -53.  -52.  -49.  -44.  -42.  -40.  -38.  -38.  -32.
  -31.  -29.  -26.  -23.  -21.  -19.  -19.  -18.  -14.  -14.  -13.  -13.
  -10.   -9.   -8.   -5.   -3.   -3.   -2.   -2.   -1.    0.   13.   14.
   21.   28.   30.   35.   39.   43.   44.   48.   52.   52.   53.   53.
   54.   55.   55.   59.   61.   62.   64.   72.   74.   80.   80.   82.
   82.   84.   85.   85.   86.   88.   88.   89.   91.   92.   92.   94.
   94.   96.   99.  100.][-97. -95. -95. -93. -92. -90. -87. -87. -86. -85. -81. -80. -74. -72.
 -72. -71. -71. -71. -69. -69. -66. -65. -63. -57. -54. -53. -51. -50.
 -47. -45. -43. -42. -41. -38. -37. -35. -35. -34. -30. -27. -25. -25.
 -24. -23. -22. -22. -17. -15. -14. -11.  -8.  -6.  -5.  -5.  -1.  -1.
   0.   0.   2.   6.   6.   7.  12.  15.  16.  23.  23.  25.  26.  26.
  26.  30.  35.  37.  37.  38.  38.  42.  42.  43.  44.  49.  50.  60.
  64.  67.  69.  69.  72.  74.  77.  78.  79.  79.  80.  84.  87.  89.
  97. 100.][-99. -97. -93. -93. -87. -83. -80. -79. -72. -70. -69. -65. -63. -62.
 -61. -52. -51. -51. -43. -39. -36. -36. -33. -33. -29. -29. -28. -28.
 -27. -27. -25. -24. -22. -22. -19. -18. -12. -11. -11. -10.  -8.  -6.
  -2.  -1.   4.   6.   7.  10.  11.  14.  14.  14.  16.  16.  17.  19.
  21.  23.  24.  26.  27.  31.  32.  33.  34.  34.  36.  38.  41.  41.
  42.  42.  43.  45.  46.  46.  48.  49.  49.  56.  56.  64.  66.  68.
  73.  75.  77.  77.  78.  78.  80.  81.  82.  84.  86.  88.  91.  94.
  97.  98.][-99. -98. -98. -96. -96. -96. -95. -93. -93. -92. -90. -90. -90. -86.
 -85. -83. -82. -81. -78. -77. -76. -73. -72. -71. -69. -67. -64. -62.
 -61. -61. -60. -59. -56. -55. -51. -47. -47. -45. -44. -41. -41. -38.
 -36. -36. -32. -28. -25. -24. -23. -18. -17. -17. -13. -12. -11.  -7.
  -2.  10.  12.  13.  20.  25.  28.  31.  31.  32.  34.  35.  37.  39.
  40.  41.  44.  48.  48.  48.  51.  51.  52.  54.  56.  58.  60.  61.
  63.  66.  69.  70.  73.  76.  83.  83.  84.  85.  85.  86.  88.  91.
  91. 100.][-96. -94. -92. -90. -87. -86. -83. -83. -82. -82. -81. -79. -77. -76.
 -75. -74. -74. -73. -71. -68. -68. -63. -59. -59. -57. -53. -52. -48.
 -45. -43. -43. -43. -41. -40. -38. -37. -32. -31. -31. -31. -31. -31.
 -28. -25. -22. -21. -20. -16. -15.  -8.  -4.  -3.   0.   2.   3.   3.
   9.  11.  13.  15.  19.  20.  24.  30.  31.  32.  36.  36.  37.  37.
  38.  39.  42.  46.  49.  49.  50.  58.  61.  61.  64.  72.  74.  76.
  78.  79.  80.  80.  81.  82.  83.  86.  89.  91.  92.  93.  93.  93.
  95.  97.][-100. -100.  -99.  -99.  -95.  -93.  -89.  -88.  -85.  -84.  -84.  -83.
  -80.  -78.  -77.  -72.  -71.  -71.  -71.  -69.  -69.  -64.  -63.  -62.
  -58.  -56.  -55.  -50.  -49.  -46.  -45.  -37.  -34.  -32.  -31.  -31.
  -29.  -23.  -23.  -21.  -21.  -17.  -12.  -11.   -9.   -7.    2.    2.
    4.    7.   10.   11.   14.   15.   16.   17.   18.   28.   30.   31.
   32.   32.   35.   42.   43.   43.   44.   44.   49.   49.   52.   52.
   55.   56.   58.   58.   60.   61.   62.   62.   63.   63.   64.   66.
   74.   74.   79.   81.   83.   83.   84.   86.   86.   87.   93.   94.
   94.   95.   96.  100.][-97. -97. -96. -95. -89. -88. -88. -86. -82. -78. -75. -74. -72. -71.
 -68. -64. -60. -60. -59. -59. -59. -56. -54. -53. -49. -49. -45. -44.
 -34. -31. -31. -19. -16. -16. -12. -10.  -3.  -1.   0.   0.   5.   5.
   5.   7.   8.   9.  10.  10.  12.  12.  12.  14.  14.  15.  18.  21.
  25.  25.  27.  30.  33.  36.  36.  38.  39.  40.  42.  45.  45.  47.
  52.  55.  58.  61.  61.  63.  63.  67.  68.  70.  70.  71.  73.  74.
  78.  79.  81.  84.  86.  89.  91.  92.  93.  96.  97.  97.  98.  98.
  99.  99.][-100. -100.  -99.  -97.  -94.  -94.  -92.  -88.  -85.  -81.  -81.  -78.
  -69.  -68.  -67.  -67.  -57.  -51.  -50.  -50.  -49.  -48.  -47.  -47.
  -45.  -44.  -44.  -41.  -41.  -41.  -39.  -37.  -36.  -35.  -31.  -31.
  -22.  -22.  -16.  -15.  -14.  -14.  -12.  -12.  -12.   -9.   -8.   -8.
   -6.   -4.   -3.   -2.    3.    3.    5.    6.   15.   16.   21.   21.
   25.   26.   28.   29.   30.   32.   33.   34.   34.   37.   38.   38.
   41.   42.   44.   45.   46.   46.   48.   50.   55.   61.   63.   64.
   64.   65.   67.   72.   74.   77.   77.   78.   81.   84.   86.   92.
   94.   95.   95.   97.][-100.  -97.  -95.  -93.  -93.  -88.  -86.  -85.  -85.  -83.  -83.  -81.
  -81.  -79.  -76.  -76.  -75.  -71.  -70.  -67.  -67.  -66.  -65.  -64.
  -63.  -62.  -61.  -55.  -54.  -53.  -50.  -49.  -47.  -46.  -42.  -41.
  -41.  -40.  -40.  -38.  -35.  -21.  -20.  -20.  -18.  -18.  -17.  -16.
  -13.  -12.  -11.  -10.  -10.   -8.   -4.   -2.   -1.    7.    8.   12.
   15.   16.   20.   30.   31.   32.   35.   42.   43.   47.   50.   51.
   55.   56.   60.   60.   66.   66.   67.   67.   67.   68.   68.   71.
   71.   73.   78.   81.   83.   85.   86.   86.   88.   89.   94.   94.
   97.  100.  100.  100.][-98. -96. -94. -92. -90. -90. -90. -81. -81. -80. -79. -77. -77. -76.
 -76. -73. -73. -62. -61. -60. -59. -57. -53. -53. -53. -53. -53. -52.
 -51. -49. -48. -48. -46. -45. -45. -44. -43. -42. -39. -38. -35. -32.
 -18. -16. -13. -12. -11.  -8.  -7.  -6.  -5.   0.   1.   6.   7.   8.
   8.  11.  12.  12.  13.  15.  17.  18.  18.  20.  21.  22.  23.  24.
  25.  27.  27.  29.  34.  35.  39.  45.  45.  54.  54.  54.  59.  69.
  70.  71.  80.  81.  82.  83.  83.  83.  85.  85.  88.  91.  93.  95.
  95.  99.][-100.  -99.  -97.  -93.  -93.  -86.  -85.  -76.  -76.  -73.  -72.  -71.
  -71.  -69.  -68.  -65.  -64.  -58.  -55.  -55.  -54.  -53.  -51.  -51.
  -49.  -49.  -49.  -48.  -47.  -44.  -42.  -41.  -34.  -33.  -31.  -28.
  -27.  -26.  -26.  -24.  -23.  -20.  -19.  -19.  -19.  -11.  -10.   -7.
   -6.   -6.   -5.   -4.   -4.    0.    3.    5.    6.   11.   15.   15.
   21.   22.   25.   30.   30.   33.   33.   33.   35.   36.   40.   41.
   45.   46.   47.   49.   50.   50.   50.   51.   53.   55.   61.   64.
   65.   68.   74.   77.   78.   79.   83.   84.   84.   87.   90.   91.
   92.   92.   93.   98.][-96. -93. -93. -91. -85. -83. -73. -73. -71. -71. -70. -68. -60. -60.
 -57. -54. -52. -52. -49. -42. -42. -41. -39. -38. -36. -31. -30. -30.
 -29. -26. -24. -23. -21. -21. -20. -20. -16. -13. -12. -12.  -9.  -6.
  -4.  -3.  -1.   4.   4.   7.   9.  11.  17.  18.  23.  23.  26.  29.
  31.  31.  32.  33.  33.  34.  37.  39.  39.  42.  43.  45.  47.  49.
  52.  52.  53.  54.  56.  57.  57.  60.  60.  62.  64.  67.  67.  72.
  72.  73.  75.  77.  79.  80.  82.  84.  84.  85.  91.  94.  97.  98.
  99. 100.][-95. -94. -94. -91. -88. -87. -87. -84. -84. -83. -83. -83. -81. -78.
 -65. -61. -57. -55. -53. -51. -50. -45. -45. -43. -41. -33. -32. -29.
 -28. -27. -26. -26. -24. -23. -21. -14. -11.  -9.  -9.  -7.  -6.  -5.
  -4.  -4.  -1.  -1.   1.   2.   7.   8.   9.   9.   9.  11.  12.  13.
  15.  15.  16.  17.  18.  18.  21.  27.  29.  32.  34.  38.  40.  44.
  46.  49.  51.  51.  53.  56.  58.  58.  60.  60.  61.  61.  62.  62.
  62.  72.  74.  75.  77.  79.  80.  83.  86.  91.  95.  95.  96.  96.
  98.  99.][-99. -99. -98. -96. -94. -94. -94. -93. -92. -90. -87. -87. -86. -81.
 -79. -77. -77. -71. -70. -69. -68. -67. -66. -65. -65. -64. -60. -54.
 -49. -44. -43. -41. -41. -40. -40. -38. -38. -37. -35. -29. -27. -27.
 -26. -24. -22. -19. -15. -11. -11.  -9.  -7.  -6.  -5.  -4.  -2.   3.
   9.   9.  10.  16.  17.  18.  20.  21.  22.  22.  24.  24.  29.  30.
  31.  31.  32.  34.  35.  36.  42.  44.  49.  52.  55.  56.  57.  59.
  62.  63.  75.  79.  79.  80.  84.  84.  84.  87.  88.  91.  92.  96.
  97. 100.][-100.  -98.  -92.  -89.  -87.  -84.  -84.  -82.  -80.  -78.  -77.  -77.
  -75.  -74.  -73.  -70.  -70.  -67.  -66.  -64.  -59.  -58.  -56.  -53.
  -50.  -48.  -39.  -36.  -34.  -27.  -26.  -26.  -25.  -21.  -20.  -19.
  -18.  -17.  -15.  -14.  -13.  -13.   -6.   -5.   -4.    6.    9.   11.
   14.   15.   19.   19.   22.   22.   22.   23.   23.   24.   24.   26.
   29.   29.   29.   31.   33.   33.   36.   39.   41.   42.   46.   47.
   47.   50.   50.   52.   54.   54.   57.   59.   67.   67.   70.   72.
   73.   74.   78.   79.   82.   85.   85.   86.   86.   87.   90.   93.
   94.   97.   98.   98.][-99. -98. -98. -97. -89. -88. -86. -86. -86. -85. -85. -85. -81. -80.
 -76. -73. -72. -68. -68. -67. -67. -66. -59. -56. -55. -54. -52. -48.
 -47. -45. -45. -45. -43. -42. -40. -39. -38. -37. -33. -32. -31. -25.
 -24. -21. -16. -15. -15. -13. -12.  -8.  -8.  -2.  -2.   1.   3.   3.
   4.   8.   8.  12.  12.  13.  15.  18.  19.  20.  21.  28.  29.  32.
  36.  45.  46.  48.  48.  49.  51.  57.  60.  61.  62.  65.  65.  65.
  67.  71.  72.  73.  76.  81.  82.  83.  87.  87.  89.  94.  97.  98.
  99.  99.]