[-98. -96. -96. -96. -89. -85. -81. -80. -79. -78. -77. -77. -74. -67.
 -66. -61. -58. -56. -55. -55. -53. -51. -50. -49. -48. -48. -46. -45.
 -45. -44. -44. -42. -38. -35. -32. -30. -30. -27. -27. -27. -26. -23.
 -21. -20.  -8.  -6.  -5.   2.   5.   5.   7.  13.  16.  19.  24.  27.
  28.  28.  29.  33.  35.  38.  42.  48.  48.  48.  48.  51.  51.  52.
  55.  56.  57.  62.  64.  64.  67.  67.  68.  68.  68.  70.  70.  71.
  74.  75.  77.  77.  78.  80.  83.  85.  87.  87.  90.  91.  92.  93.
  94.  99.][-100.  -92.  -91.  -88.  -87.  -83.  -80.  -80.  -80.  -77.  -77.  -75.
  -74.  -73.  -68.  -67.  -65.  -64.  -63.  -63.  -58.  -58.  -50.  -50.
  -50.  -49.  -49.  -48.  -48.  -47.  -45.  -43.  -38.  -35.  -33.  -31.
  -28.  -26.  -24.  -24.  -23.  -18.  -18.  -18.  -16.  -13.  -13.  -11.
  -11.   -7.   -5.   -3.    1.    3.    3.    5.    6.    7.    8.    9.
    9.   11.   11.   14.   15.   15.   17.   21.   21.   21.   22.   26.
   27.   28.   32.   41.   53.   53.   58.   58.   58.   59.   59.   62.
   62.   62.   63.   64.   66.   66.   82.   85.   89.   90.   92.   97.
   97.   98.  100.  100.][-99. -99. -99. -98. -98. -87. -86. -86. -81. -77. -77. -73. -68. -66.
 -59. -59. -58. -58. -53. -52. -51. -51. -50. -50. -49. -49. -47. -47.
 -43. -40. -38. -38. -30. -29. -25. -24. -24. -23. -20. -16. -15. -15.
 -15. -14.  -6.  -4.  -3.  -3.  -2.  -1.  -1.   1.   3.   5.  10.  16.
  17.  19.  19.  24.  24.  25.  25.  25.  27.  28.  33.  36.  38.  39.
  39.  40.  41.  42.  43.  46.  46.  46.  48.  50.  50.  54.  59.  60.
  61.  63.  73.  74.  75.  83.  85.  85.  90.  91.  92.  92.  93.  96.
  99.  99.][-100.  -93.  -91.  -89.  -88.  -88.  -87.  -85.  -84.  -84.  -81.  -80.
  -75.  -72.  -68.  -68.  -66.  -63.  -62.  -59.  -58.  -56.  -55.  -51.
  -48.  -46.  -45.  -44.  -43.  -40.  -40.  -38.  -36.  -31.  -31.  -27.
  -24.  -23.  -22.  -20.  -17.  -16.  -12.  -10.   -9.   -8.   -7.   -3.
    0.    1.    2.    4.    5.    5.    7.   12.   15.   21.   22.   28.
   28.   36.   38.   38.   39.   42.   43.   50.   50.   51.   52.   52.
   59.   60.   60.   66.   66.   66.   68.   72.   73.   76.   77.   78.
   78.   79.   82.   85.   85.   86.   86.   87.   88.   92.   94.   94.
   96.   98.   99.   99.][-97. -96. -95. -94. -93. -92. -89. -87. -87. -84. -82. -81. -79. -78.
 -74. -74. -74. -67. -67. -67. -65. -62. -57. -55. -54. -53. -51. -48.
 -48. -46. -46. -46. -43. -43. -39. -37. -36. -36. -35. -33. -32. -25.
 -24. -22. -21. -20. -20. -19. -18. -18. -17. -17. -17.  -9.  -6.  -4.
  -1.   1.   4.   6.   7.  12.  14.  15.  16.  17.  17.  24.  31.  31.
  32.  32.  34.  35.  36.  42.  45.  45.  46.  48.  53.  55.  56.  56.
  57.  58.  59.  61.  68.  69.  70.  71.  73.  74.  76.  81.  87.  93.
  95.  99.][-99. -97. -97. -96. -95. -94. -89. -86. -85. -76. -76. -74. -71. -70.
 -69. -68. -63. -62. -60. -59. -57. -55. -53. -52. -47. -46. -46. -42.
 -41. -34. -34. -33. -30. -30. -27. -27. -25. -25. -25. -21. -19. -19.
 -18. -17. -16. -15. -10.  -8.  -7.  -7.  -7.  -2.  -2.   0.   2.   3.
   3.   3.   4.   7.   7.   7.   8.  10.  11.  11.  13.  14.  14.  18.
  22.  23.  25.  30.  31.  31.  32.  33.  35.  42.  42.  43.  49.  50.
  51.  59.  59.  60.  62.  62.  66.  70.  79.  82.  90.  90.  94.  94.
  97. 100.][-100.  -94.  -94.  -93.  -93.  -85.  -82.  -79.  -75.  -73.  -69.  -67.
  -60.  -59.  -54.  -52.  -47.  -45.  -43.  -42.  -42.  -35.  -34.  -34.
  -34.  -33.  -31.  -30.  -29.  -28.  -25.  -19.  -17.  -16.  -16.  -15.
  -12.  -12.  -11.  -11.   -9.   -9.   -5.    4.    7.    7.   13.   14.
   16.   21.   26.   26.   27.   30.   31.   32.   34.   37.   39.   41.
   43.   44.   46.   49.   50.   51.   51.   51.   51.   52.   54.   55.
   58.   59.   61.   64.   65.   67.   72.   75.   77.   80.   81.   82.
   85.   86.   86.   87.   87.   92.   94.   95.   95.   96.   96.   96.
   97.   99.   99.  100.][-100. -100.  -97.  -92.  -90.  -89.  -89.  -83.  -82.  -82.  -80.  -79.
  -78.  -78.  -75.  -75.  -75.  -75.  -74.  -74.  -73.  -67.  -65.  -65.
  -64.  -62.  -62.  -60.  -53.  -52.  -50.  -48.  -48.  -40.  -34.  -34.
  -33.  -28.  -28.  -27.  -26.  -24.  -23.  -21.  -16.  -16.  -14.  -11.
  -10.   -6.    4.    6.    9.   13.   16.   17.   17.   18.   18.   19.
   19.   23.   28.   28.   33.   35.   36.   40.   41.   41.   43.   44.
   45.   45.   46.   47.   47.   49.   54.   57.   60.   64.   66.   68.
   69.   69.   70.   72.   72.   73.   75.   79.   81.   83.   83.   84.
   85.   85.   89.   97.][-100. -100. -100.  -98.  -97.  -94.  -93.  -92.  -91.  -90.  -90.  -89.
  -86.  -78.  -77.  -77.  -76.  -76.  -76.  -73.  -72.  -72.  -72.  -69.
  -66.  -65.  -54.  -51.  -50.  -42.  -33.  -31.  -31.  -27.  -26.  -22.
  -21.  -21.  -19.  -15.  -14.  -14.  -14.  -14.  -13.  -13.  -11.  -10.
   -6.   -5.   -4.   -4.   -3.   -1.    0.    1.    4.    6.   14.   19.
   19.   20.   20.   23.   25.   27.   32.   36.   37.   40.   43.   43.
   44.   44.   46.   47.   49.   54.   54.   55.   57.   59.   59.   63.
   66.   75.   76.   77.   79.   79.   82.   85.   85.   87.   87.   87.
   90.   94.   98.  100.][-100. -100.  -98.  -97.  -94.  -93.  -92.  -89.  -88.  -82.  -82.  -79.
  -79.  -79.  -78.  -78.  -77.  -77.  -72.  -72.  -72.  -69.  -64.  -56.
  -55.  -54.  -49.  -49.  -48.  -48.  -45.  -42.  -41.  -40.  -39.  -31.
  -29.  -24.  -23.  -22.  -22.  -20.  -18.  -17.  -11.   -9.   -8.   -8.
   -7.   -5.   -3.   -3.    0.    1.    6.    6.    6.    8.   15.   18.
   20.   21.   24.   25.   26.   31.   34.   37.   41.   44.   44.   44.
   45.   46.   48.   50.   54.   58.   59.   62.   62.   65.   65.   66.
   66.   71.   72.   76.   77.   77.   78.   80.   84.   86.   86.   89.
   93.   93.   94.   98.][-98. -96. -93. -92. -90. -89. -87. -85. -83. -83. -82. -78. -78. -70.
 -69. -68. -62. -61. -57. -54. -54. -52. -49. -47. -44. -42. -41. -40.
 -40. -39. -30. -28. -27. -26. -20. -20. -17. -15.  -7.  -6.  -5.  -4.
  -3.   2.   6.   7.   8.   9.   9.  11.  17.  18.  21.  24.  27.  28.
  31.  32.  34.  34.  37.  39.  41.  41.  42.  42.  43.  44.  46.  47.
  48.  50.  51.  52.  53.  54.  56.  58.  59.  60.  62.  64.  66.  69.
  71.  71.  72.  74.  76.  77.  78.  79.  84.  84.  84.  85.  85.  91.
  96.  97.][-100.  -95.  -95.  -95.  -92.  -89.  -88.  -85.  -85.  -85.  -81.  -78.
  -75.  -75.  -69.  -65.  -64.  -63.  -63.  -61.  -61.  -60.  -59.  -58.
  -56.  -55.  -54.  -53.  -52.  -50.  -49.  -44.  -43.  -40.  -38.  -34.
  -34.  -31.  -30.  -21.  -15.  -14.  -12.  -12.  -12.  -11.  -11.   -9.
   -8.   -8.   -5.   -4.   -2.   -1.    0.    5.    6.    8.   15.   17.
   17.   20.   26.   34.   38.   39.   42.   43.   46.   46.   49.   51.
   52.   55.   57.   58.   60.   62.   62.   62.   64.   64.   68.   70.
   74.   74.   75.   79.   79.   80.   82.   83.   88.   89.   91.   91.
   94.   94.   95.   98.][-100.  -98.  -97.  -96.  -94.  -92.  -92.  -91.  -90.  -88.  -83.  -82.
  -82.  -81.  -80.  -80.  -79.  -78.  -76.  -74.  -74.  -70.  -67.  -66.
  -64.  -63.  -63.  -62.  -61.  -60.  -59.  -59.  -56.  -54.  -51.  -51.
  -46.  -45.  -43.  -42.  -41.  -32.  -31.  -23.  -21.  -17.  -14.  -11.
   -8.   -6.   -5.   -2.    1.    1.    2.    3.    5.   10.   12.   13.
   14.   15.   21.   23.   27.   32.   34.   36.   37.   38.   38.   39.
   41.   48.   49.   50.   52.   66.   69.   69.   70.   70.   72.   75.
   76.   78.   78.   79.   79.   80.   83.   84.   85.   90.   92.   95.
   97.   98.   99.   99.][-96. -83. -78. -78. -76. -76. -73. -70. -69. -69. -64. -62. -62. -62.
 -60. -59. -58. -58. -57. -55. -54. -51. -49. -48. -46. -45. -44. -43.
 -40. -38. -38. -37. -37. -33. -33. -30. -27. -25. -22. -21. -20. -20.
 -20. -19. -10. -10.  -9.  -8.  -8.  -3.  -2.   0.   3.   7.   7.  11.
  12.  15.  16.  17.  20.  20.  21.  28.  28.  33.  36.  36.  39.  41.
  43.  45.  47.  47.  48.  53.  55.  57.  58.  58.  67.  68.  70.  70.
  75.  76.  77.  82.  82.  84.  85.  87.  89.  92.  93.  94.  96.  96.
  97.  99.][-97. -96. -94. -94. -92. -83. -83. -83. -79. -77. -75. -73. -72. -70.
 -69. -68. -67. -66. -66. -65. -65. -62. -62. -60. -60. -57. -57. -57.
 -52. -49. -47. -46. -43. -38. -36. -36. -36. -32. -31. -27. -25. -24.
 -22. -20. -19. -17. -17. -14. -13.  -8.   0.   0.   1.   4.   5.   6.
   6.  10.  15.  18.  18.  22.  27.  29.  33.  34.  35.  37.  39.  43.
  43.  47.  51.  53.  54.  54.  56.  57.  58.  59.  61.  62.  63.  65.
  70.  71.  72.  72.  76.  76.  78.  78.  79.  79.  79.  81.  84.  84.
  85.  94.][-95. -89. -87. -82. -74. -73. -70. -69. -67. -65. -65. -65. -62. -60.
 -59. -57. -54. -51. -51. -50. -50. -49. -45. -45. -45. -43. -41. -40.
 -38. -36. -36. -34. -34. -34. -31. -30. -27. -26. -22. -20. -19. -19.
 -18. -18. -16. -15. -14. -10. -10.  -6.  -4.  -1.  -1.   7.   8.   8.
   8.  16.  16.  18.  19.  20.  21.  21.  21.  22.  24.  27.  28.  31.
  31.  35.  35.  38.  39.  39.  43.  43.  46.  48.  49.  58.  59.  59.
  63.  63.  64.  67.  67.  67.  70.  72.  72.  80.  82.  83.  86.  87.
  90.  90.][-100.  -97.  -96.  -92.  -92.  -89.  -88.  -85.  -84.  -83.  -83.  -79.
  -76.  -76.  -76.  -74.  -73.  -71.  -71.  -71.  -67.  -66.  -66.  -64.
  -64.  -62.  -54.  -53.  -52.  -51.  -51.  -50.  -50.  -48.  -43.  -40.
  -35.  -34.  -31.  -25.  -23.  -19.  -15.  -14.  -13.  -12.  -12.  -12.
   -9.   -9.   -1.    0.    6.    7.    9.    9.   12.   17.   17.   18.
   18.   22.   27.   29.   32.   32.   32.   33.   34.   36.   38.   38.
   45.   47.   47.   50.   50.   52.   52.   52.   56.   58.   61.   66.
   67.   67.   68.   69.   69.   73.   74.   74.   76.   78.   79.   80.
   80.   85.   89.   90.][-100. -100.  -98.  -96.  -93.  -92.  -90.  -89.  -83.  -83.  -82.  -78.
  -77.  -75.  -73.  -72.  -71.  -70.  -69.  -68.  -68.  -66.  -65.  -65.
  -64.  -63.  -62.  -57.  -53.  -43.  -41.  -39.  -37.  -34.  -31.  -30.
  -29.  -26.  -24.  -24.  -23.  -19.  -19.  -16.  -15.  -14.  -13.  -13.
  -10.  -10.  -10.   -2.    1.    8.   13.   15.   17.   19.   19.   21.
   22.   25.   25.   26.   27.   27.   31.   31.   35.   35.   36.   37.
   38.   39.   40.   52.   59.   60.   61.   70.   71.   72.   73.   73.
   73.   74.   75.   77.   78.   78.   82.   84.   86.   91.   93.   95.
   95.   96.   97.   98.][-98. -97. -96. -90. -89. -83. -82. -81. -80. -79. -78. -67. -62. -62.
 -60. -59. -58. -58. -51. -49. -47. -46. -42. -42. -39. -38. -34. -31.
 -28. -28. -27. -26. -25. -25. -23. -23. -21. -18. -18. -17. -14. -13.
 -12. -10.  -9.  -5.   0.   1.   2.   3.   4.   5.   6.  11.  15.  16.
  22.  24.  25.  26.  28.  31.  31.  32.  32.  34.  36.  36.  38.  38.
  39.  40.  46.  49.  50.  51.  51.  52.  53.  53.  57.  59.  59.  59.
  60.  68.  69.  72.  74.  74.  81.  86.  89.  92.  95.  95.  96.  96.
  98. 100.][-98. -98. -98. -97. -95. -90. -82. -81. -80. -80. -77. -73. -69. -62.
 -61. -58. -56. -53. -45. -42. -40. -38. -37. -34. -32. -31. -30. -29.
 -28. -26. -26. -24. -24. -23. -23. -22. -21. -20. -20. -18. -17. -17.
 -13. -10.  -9.  -9.  -8.  -5.  -1.   2.   3.   4.   5.   8.   9.  10.
  20.  21.  22.  23.  24.  24.  27.  28.  29.  29.  30.  33.  33.  36.
  36.  37.  42.  45.  47.  51.  53.  54.  57.  58.  59.  61.  62.  63.
  66.  66.  66.  67.  70.  76.  76.  80.  83.  86.  86.  87.  93.  93.
  94.  99.][-100. -100.  -98.  -97.  -94.  -92.  -91.  -87.  -86.  -86.  -83.  -83.
  -83.  -78.  -77.  -76.  -76.  -76.  -75.  -72.  -63.  -62.  -60.  -52.
  -47.  -46.  -41.  -40.  -40.  -40.  -37.  -37.  -37.  -36.  -34.  -33.
  -30.  -29.  -27.  -24.  -21.  -20.  -17.  -15.  -14.  -12.  -12.  -10.
   -9.   -7.    2.    3.   10.   12.   15.   16.   17.   18.   23.   25.
   26.   26.   28.   29.   34.   34.   38.   39.   40.   41.   44.   46.
   48.   51.   51.   52.   54.   54.   56.   58.   58.   59.   63.   64.
   65.   67.   68.   70.   82.   83.   88.   89.   90.   91.   92.   92.
   92.   94.   95.  100.][-100. -100. -100.  -98.  -98.  -96.  -96.  -92.  -90.  -88.  -85.  -82.
  -80.  -78.  -77.  -74.  -73.  -73.  -66.  -64.  -62.  -61.  -59.  -55.
  -51.  -48.  -47.  -47.  -43.  -40.  -39.  -35.  -35.  -34.  -33.  -33.
  -31.  -30.  -29.  -29.  -24.  -21.  -21.  -14.  -14.  -12.  -11.   -7.
   -5.   -2.   -1.    0.    4.    5.    7.    9.   10.   13.   13.   17.
   19.   19.   19.   20.   20.   23.   25.   25.   27.   27.   31.   35.
   35.   36.   36.   37.   41.   45.   51.   52.   52.   57.   59.   61.
   62.   63.   64.   66.   75.   77.   82.   84.   85.   85.   87.   94.
   95.   95.   98.  100.][-100.  -99.  -97.  -96.  -96.  -96.  -94.  -93.  -86.  -86.  -85.  -82.
  -80.  -79.  -79.  -76.  -75.  -73.  -72.  -71.  -69.  -68.  -68.  -67.
  -65.  -63.  -61.  -58.  -57.  -54.  -54.  -52.  -50.  -49.  -48.  -44.
  -39.  -37.  -37.  -30.  -26.  -25.  -24.  -23.  -22.  -19.  -17.  -14.
  -11.  -10.   -8.   -7.   -7.   -5.    0.    1.    8.    9.    9.   14.
   16.   20.   21.   21.   22.   24.   26.   26.   27.   27.   28.   28.
   30.   31.   32.   34.   34.   35.   36.   40.   41.   45.   46.   47.
   50.   53.   66.   70.   72.   74.   76.   77.   78.   79.   79.   86.
   86.   90.   98.   99.][-96. -90. -89. -85. -84. -82. -82. -81. -81. -81. -80. -76. -76. -75.
 -75. -74. -74. -73. -70. -68. -65. -63. -48. -46. -44. -43. -43. -42.
 -39. -34. -34. -33. -32. -30. -26. -25. -25. -25. -25. -22. -17. -16.
 -14. -14. -10.  -5.  -3.  -1.   3.   3.   4.   7.   9.  11.  13.  14.
  15.  15.  17.  24.  25.  26.  32.  35.  37.  40.  41.  41.  42.  43.
  46.  47.  48.  51.  51.  51.  52.  53.  53.  55.  55.  59.  59.  61.
  64.  64.  64.  64.  68.  70.  71.  72.  81.  82.  83.  85.  87.  91.
  93.  96.][-100.  -99.  -99.  -99.  -95.  -95.  -94.  -91.  -90.  -86.  -82.  -80.
  -78.  -77.  -77.  -72.  -69.  -67.  -66.  -66.  -66.  -66.  -63.  -59.
  -58.  -57.  -56.  -50.  -50.  -45.  -44.  -43.  -42.  -41.  -40.  -40.
  -38.  -38.  -38.  -37.  -35.  -29.  -28.  -25.  -25.  -21.  -21.  -20.
  -19.  -16.   -9.   -4.    1.    2.    2.    6.   10.   13.   15.   16.
   16.   16.   17.   18.   19.   20.   20.   26.   32.   39.   39.   41.
   42.   44.   48.   50.   54.   56.   58.   63.   66.   66.   67.   68.
   72.   72.   73.   73.   74.   76.   81.   83.   83.   85.   85.   86.
   89.   89.   90.   98.][-98. -95. -92. -92. -84. -78. -78. -78. -76. -76. -75. -73. -72. -72.
 -70. -70. -70. -69. -69. -68. -68. -67. -58. -57. -54. -54. -53. -50.
 -50. -50. -46. -45. -44. -38. -28. -28. -24. -22. -17. -15. -15. -14.
 -13.  -6.   0.   4.   5.   9.  12.  15.  20.  21.  23.  24.  25.  28.
  29.  29.  30.  33.  36.  38.  39.  39.  40.  42.  47.  47.  50.  50.
  51.  52.  53.  54.  56.  57.  59.  59.  63.  64.  65.  71.  71.  72.
  73.  74.  78.  79.  79.  80.  81.  87.  88.  89.  92.  92.  93.  93.
  95.  98.][-99. -98. -95. -95. -93. -92. -91. -88. -82. -81. -80. -76. -70. -70.
 -69. -69. -62. -61. -58. -57. -57. -56. -56. -54. -53. -53. -51. -48.
 -45. -45. -43. -43. -42. -41. -39. -36. -30. -29. -28. -26. -24. -24.
 -20. -19. -15. -13. -12. -12.  -9.  -5.  -3.   0.   1.   2.   6.   6.
   7.   8.   8.  14.  15.  21.  21.  22.  22.  22.  28.  29.  32.  33.
  33.  36.  38.  41.  44.  47.  50.  50.  55.  56.  60.  61.  61.  61.
  62.  67.  70.  70.  73.  76.  77.  78.  79.  84.  84.  84.  91.  92.
  93.  95.][-100. -100. -100.  -98.  -98.  -97.  -96.  -93.  -86.  -86.  -76.  -76.
  -76.  -75.  -75.  -75.  -71.  -69.  -64.  -63.  -63.  -62.  -58.  -56.
  -53.  -52.  -49.  -46.  -43.  -42.  -40.  -33.  -33.  -31.  -29.  -29.
  -25.  -24.  -23.  -21.  -20.  -15.  -15.  -12.   -4.   -2.   -1.   -1.
   -1.    3.    5.    6.    7.    7.    8.   11.   13.   15.   18.   23.
   28.   29.   33.   35.   36.   36.   40.   41.   43.   46.   49.   51.
   57.   58.   59.   64.   67.   68.   71.   72.   73.   79.   81.   82.
   84.   85.   86.   86.   86.   87.   88.   89.   90.   91.   93.   93.
   97.   99.   99.  100.][-100.  -96.  -96.  -85.  -85.  -84.  -84.  -83.  -82.  -77.  -75.  -72.
  -71.  -70.  -66.  -66.  -63.  -63.  -59.  -52.  -51.  -50.  -47.  -47.
  -45.  -43.  -42.  -41.  -40.  -38.  -36.  -33.  -32.  -23.  -23.  -16.
  -15.  -14.  -14.  -14.  -12.   -9.   -9.   -7.   -7.   -6.   -6.   -5.
   -4.   -2.   -1.    3.    3.    9.   10.   11.   11.   15.   17.   19.
   20.   22.   22.   23.   28.   29.   29.   30.   32.   35.   39.   40.
   41.   43.   45.   53.   53.   53.   57.   57.   60.   62.   62.   69.
   72.   76.   78.   78.   78.   79.   81.   85.   88.   90.   91.   93.
   96.   96.   97.   98.][-98. -96. -91. -91. -91. -90. -90. -90. -89. -87. -85. -84. -82. -82.
 -80. -79. -79. -76. -74. -73. -70. -70. -70. -69. -69. -66. -59. -55.
 -51. -50. -45. -45. -44. -38. -34. -34. -25. -25. -21. -19. -16. -15.
 -14. -11. -10.  -9.  -6.  -2.   1.   2.   4.   8.  12.  13.  17.  18.
  18.  19.  20.  21.  26.  28.  35.  41.  41.  41.  46.  48.  48.  49.
  54.  54.  55.  56.  57.  58.  60.  60.  60.  62.  66.  68.  71.  76.
  76.  79.  80.  81.  81.  81.  82.  84.  85.  89.  91.  92.  92.  94.
  96.  97.][-98. -92. -92. -90. -90. -83. -82. -79. -78. -76. -76. -76. -72. -65.
 -63. -62. -61. -60. -59. -59. -53. -52. -50. -49. -48. -47. -47. -38.
 -38. -36. -33. -25. -23. -23. -20. -15.  -9.  -9.  -7.  -5.  -4.  -4.
  -4.  -3.  -1.  -1.   0.   5.   6.   7.   9.   9.  15.  15.  16.  17.
  18.  22.  27.  27.  29.  30.  32.  32.  35.  38.  42.  42.  43.  45.
  46.  52.  54.  56.  58.  59.  60.  62.  64.  64.  64.  65.  68.  71.
  72.  73.  81.  83.  83.  84.  84.  84.  91.  93.  94.  94.  94.  94.
  95.  96.][-97. -97. -95. -94. -90. -90. -89. -88. -84. -83. -77. -77. -69. -67.
 -66. -65. -64. -62. -54. -54. -51. -47. -44. -43. -42. -42. -37. -36.
 -36. -32. -29. -27. -25. -23. -22. -22. -18. -17. -15. -14. -13. -12.
 -12. -12. -11.  -9.  -8.  -8.  -1.  -1.   3.   4.   4.  11.  12.  13.
  13.  20.  23.  24.  27.  28.  35.  36.  37.  40.  41.  41.  48.  48.
  48.  49.  52.  52.  52.  52.  53.  59.  60.  60.  60.  63.  63.  64.
  64.  73.  76.  80.  81.  82.  85.  87.  89.  90.  91.  93.  95.  96.
  96.  96.][-96. -89. -89. -87. -87. -87. -84. -83. -81. -80. -80. -78. -74. -72.
 -71. -70. -66. -63. -61. -61. -52. -50. -45. -44. -44. -42. -40. -39.
 -39. -38. -36. -35. -34. -33. -32. -31. -31. -25. -24. -22. -14. -14.
 -13. -12. -11. -11.  -9.  -8.  -8.  -3.  -3.  -2.   7.   8.  10.  10.
  11.  13.  13.  14.  15.  16.  17.  22.  26.  27.  27.  28.  29.  30.
  30.  32.  32.  33.  35.  35.  41.  41.  50.  51.  54.  58.  62.  63.
  64.  65.  72.  72.  72.  73.  75.  76.  77.  77.  80.  83.  87.  90.
  96.  97.][-99. -99. -95. -92. -89. -87. -87. -84. -83. -81. -79. -79. -78. -77.
 -75. -75. -74. -70. -67. -64. -63. -62. -62. -62. -60. -59. -59. -53.
 -50. -48. -48. -46. -44. -40. -40. -37. -36. -35. -31. -31. -30. -28.
 -27. -22. -21. -21. -18. -16. -14. -14.  -9.  -9.  -7.   1.   4.   4.
   6.   6.   6.   8.  10.  12.  13.  15.  16.  18.  19.  27.  29.  32.
  33.  36.  36.  38.  40.  41.  43.  48.  50.  51.  52.  53.  53.  57.
  59.  60.  62.  70.  76.  77.  80.  80.  88.  88.  89.  90.  90.  93.
  95.  99.][-100.  -91.  -90.  -86.  -83.  -79.  -79.  -76.  -71.  -69.  -68.  -67.
  -65.  -65.  -62.  -62.  -61.  -60.  -56.  -55.  -55.  -47.  -46.  -45.
  -43.  -41.  -41.  -38.  -34.  -34.  -33.  -33.  -28.  -23.  -23.  -19.
  -18.  -17.  -16.  -14.  -14.   -9.   -8.   -3.   -2.    1.    4.    6.
    7.   19.   22.   22.   23.   23.   25.   29.   30.   30.   32.   33.
   33.   37.   39.   40.   43.   44.   47.   50.   50.   60.   60.   60.
   61.   62.   63.   64.   68.   70.   70.   71.   73.   73.   74.   74.
   75.   76.   76.   78.   78.   86.   87.   88.   90.   91.   92.   92.
   94.   94.   98.  100.][-100.  -96.  -96.  -95.  -88.  -86.  -86.  -85.  -83.  -83.  -82.  -80.
  -77.  -76.  -74.  -67.  -62.  -60.  -59.  -53.  -51.  -51.  -49.  -48.
  -47.  -46.  -46.  -43.  -40.  -39.  -36.  -31.  -30.  -26.  -26.  -24.
  -22.  -20.  -16.  -14.  -13.  -11.   -8.   -8.   -7.   -7.   -5.   -3.
   -1.    4.    8.    9.    9.   14.   19.   20.   20.   24.   28.   30.
   31.   33.   33.   34.   36.   36.   39.   40.   43.   44.   44.   46.
   46.   48.   49.   51.   54.   61.   61.   62.   66.   67.   69.   70.
   72.   75.   77.   78.   79.   80.   85.   85.   86.   89.   93.   94.
   96.   98.  100.  100.][-97. -96. -94. -94. -92. -91. -88. -87. -85. -83. -78. -77. -77. -75.
 -75. -75. -73. -72. -71. -64. -64. -59. -57. -55. -51. -42. -39. -38.
 -36. -35. -34. -34. -34. -34. -29. -24. -22. -20. -17. -16. -10.  -9.
  -8.  -5.  -4.  -3.   3.   4.   5.   6.   7.  14.  16.  17.  18.  21.
  28.  30.  30.  32.  32.  32.  34.  36.  39.  40.  41.  42.  43.  49.
  50.  52.  55.  57.  59.  60.  61.  66.  67.  67.  69.  73.  73.  75.
  79.  79.  80.  81.  85.  86.  86.  87.  89.  92.  93.  97.  98.  99.
 100. 100.][-98. -93. -91. -91. -83. -82. -75. -73. -70. -68. -64. -64. -63. -60.
 -57. -54. -53. -53. -48. -47. -46. -45. -45. -41. -38. -38. -37. -34.
 -34. -33. -33. -29. -26. -26. -25. -22. -22. -19. -13. -13. -11.  -7.
  -2.   1.   1.   3.   4.   4.   9.   9.  12.  18.  20.  22.  25.  28.
  36.  37.  37.  37.  38.  40.  41.  43.  47.  48.  49.  49.  50.  51.
  52.  53.  53.  53.  54.  56.  59.  61.  62.  63.  64.  65.  66.  67.
  68.  69.  69.  71.  72.  73.  80.  82.  83.  83.  84.  85.  87.  90.
  90.  93.][-98. -98. -97. -94. -93. -92. -91. -91. -91. -88. -88. -86. -83. -83.
 -82. -80. -79. -79. -78. -77. -75. -69. -68. -67. -67. -65. -64. -63.
 -55. -53. -51. -49. -48. -45. -44. -41. -35. -34. -33. -18. -16. -14.
 -14. -13.  -9.  -8.  -4.   2.   3.   8.  13.  15.  19.  20.  20.  20.
  23.  23.  23.  26.  27.  28.  32.  32.  34.  35.  36.  40.  41.  42.
  44.  45.  46.  46.  46.  47.  49.  53.  54.  59.  62.  63.  69.  72.
  72.  75.  76.  77.  79.  81.  83.  86.  87.  88.  90.  90.  94.  94.
  95.  97.][-95. -95. -92. -92. -91. -90. -88. -88. -88. -88. -86. -85. -82. -75.
 -74. -71. -67. -66. -61. -59. -57. -55. -54. -52. -47. -47. -47. -42.
 -39. -39. -38. -38. -36. -35. -33. -29. -25. -24. -22. -19. -17. -15.
 -13. -12. -12. -11.  -9.  -8.  -7.  -4.  -2.  -1.   4.   5.   8.   9.
   9.  11.  13.  14.  16.  16.  18.  18.  19.  19.  24.  25.  35.  38.
  39.  44.  49.  50.  50.  51.  54.  56.  56.  60.  66.  66.  68.  74.
  75.  76.  77.  81.  82.  83.  85.  85.  86.  87.  89.  91.  93.  94.
  97.  98.][-99. -97. -97. -88. -86. -85. -82. -80. -78. -78. -77. -77. -75. -74.
 -73. -71. -67. -66. -66. -65. -62. -56. -55. -50. -50. -48. -47. -47.
 -43. -43. -40. -39. -39. -36. -33. -33. -29. -28. -28. -28. -27. -23.
 -22. -21. -21. -20. -17. -16. -12.  -9.  -9.  -8.  -7.  -4.  -2.  -1.
  10.  13.  14.  15.  16.  20.  24.  29.  30.  30.  31.  32.  32.  32.
  33.  37.  38.  39.  46.  47.  48.  49.  57.  58.  61.  62.  64.  70.
  71.  74.  77.  82.  83.  83.  83.  84.  85.  87.  92.  95.  95.  96.
  97.  99.][-100.  -99.  -99.  -98.  -97.  -95.  -92.  -92.  -91.  -86.  -81.  -80.
  -80.  -72.  -67.  -67.  -66.  -66.  -65.  -65.  -61.  -61.  -60.  -58.
  -56.  -49.  -47.  -47.  -40.  -40.  -39.  -38.  -37.  -35.  -35.  -31.
  -28.  -26.  -26.  -24.  -22.  -20.  -12.  -11.  -10.  -10.   -8.   -8.
   -2.    3.    3.    6.    9.   19.   20.   21.   21.   26.   26.   26.
   31.   35.   36.   40.   40.   42.   43.   43.   44.   44.   44.   48.
   51.   52.   53.   55.   57.   57.   57.   59.   59.   61.   61.   64.
   65.   65.   66.   66.   67.   70.   74.   82.   87.   87.   91.   93.
   96.   99.  100.  100.][-100.  -95.  -92.  -87.  -84.  -83.  -82.  -80.  -79.  -76.  -75.  -71.
  -69.  -64.  -62.  -60.  -59.  -57.  -57.  -56.  -54.  -50.  -50.  -48.
  -45.  -38.  -36.  -35.  -34.  -28.  -27.  -25.  -20.  -20.  -13.  -12.
  -12.  -10.   -8.   -8.   -6.   -6.   -5.   -4.   -3.   -1.    1.    4.
    7.   12.   12.   14.   14.   14.   15.   17.   18.   18.   23.   25.
   26.   27.   28.   33.   35.   39.   39.   41.   42.   43.   45.   50.
   54.   54.   54.   56.   59.   60.   62.   62.   62.   62.   63.   65.
   68.   69.   72.   72.   74.   75.   75.   76.   79.   81.   81.   81.
   82.   91.   94.  100.][-99. -92. -91. -91. -90. -90. -87. -85. -82. -79. -75. -71. -69. -66.
 -65. -64. -63. -63. -60. -59. -50. -50. -46. -45. -34. -33. -32. -32.
 -31. -30. -29. -29. -26. -24. -23. -22. -21. -20. -12. -12.  -9.  -8.
  -6.  -4.   5.   5.   5.   6.   7.   9.   9.  10.  11.  13.  14.  18.
  18.  20.  23.  23.  24.  27.  29.  29.  33.  34.  40.  41.  41.  46.
  47.  47.  48.  49.  49.  51.  56.  63.  68.  68.  70.  70.  71.  73.
  74.  76.  77.  79.  80.  81.  81.  81.  83.  85.  86.  88.  88.  91.
  95.  97.][-87. -86. -86. -84. -82. -80. -79. -77. -77. -76. -76. -74. -68. -67.
 -66. -66. -65. -64. -61. -59. -59. -57. -54. -51. -50. -45. -37. -36.
 -36. -35. -34. -32. -32. -30. -30. -28. -27. -26. -24. -23. -19. -17.
 -15. -15. -13. -12.  -9.  -8.  -4.  -3.  -3.   0.   1.   2.   5.   5.
   9.  10.  10.  11.  12.  15.  16.  17.  20.  21.  22.  29.  30.  30.
  32.  33.  38.  38.  42.  45.  47.  52.  55.  65.  66.  70.  71.  71.
  75.  75.  77.  77.  77.  86.  89.  90.  92.  92.  93.  95.  96.  96.
  98. 100.][-100.  -99.  -94.  -94.  -92.  -91.  -91.  -88.  -88.  -87.  -86.  -81.
  -80.  -75.  -71.  -70.  -66.  -64.  -64.  -61.  -57.  -56.  -54.  -52.
  -50.  -50.  -48.  -47.  -45.  -45.  -44.  -43.  -43.  -37.  -37.  -30.
  -28.  -25.  -24.  -23.  -22.  -22.  -22.  -22.  -21.  -17.  -16.  -16.
  -15.  -13.  -11.   -3.    3.    5.    5.    7.    8.   10.   10.   12.
   16.   16.   16.   18.   30.   31.   38.   51.   52.   53.   53.   54.
   57.   58.   59.   61.   61.   63.   65.   65.   66.   66.   68.   69.
   73.   73.   74.   77.   77.   78.   82.   82.   86.   88.   90.   90.
   90.   91.   93.   98.][-99. -99. -97. -96. -93. -92. -90. -85. -84. -84. -84. -82. -78. -78.
 -77. -76. -75. -73. -73. -71. -69. -68. -60. -59. -55. -55. -51. -48.
 -47. -46. -41. -38. -38. -37. -37. -33. -33. -32. -31. -31. -29. -22.
 -17. -14. -13. -12. -11. -10.  -9.  -3.  -2.  -1.   0.   8.  16.  17.
  19.  21.  36.  36.  38.  40.  42.  46.  47.  47.  51.  52.  54.  55.
  57.  59.  60.  62.  64.  64.  65.  69.  70.  73.  74.  77.  77.  78.
  79.  81.  81.  83.  84.  88.  88.  88.  92.  93.  93.  95.  96.  97.
  98.  99.][-99. -98. -94. -88. -85. -81. -80. -78. -76. -70. -66. -63. -62. -61.
 -59. -58. -58. -54. -53. -52. -52. -51. -49. -48. -48. -45. -44. -39.
 -38. -38. -38. -33. -33. -31. -31. -28. -27. -27. -26. -25. -25. -21.
 -21. -21. -19. -19. -16. -13.  -6.  -6.  -4.  -1.   1.   8.   9.  14.
  15.  17.  20.  22.  24.  25.  26.  27.  28.  29.  30.  33.  48.  51.
  51.  51.  57.  57.  59.  61.  61.  61.  64.  65.  66.  67.  68.  70.
  71.  71.  76.  76.  81.  85.  86.  88.  90.  91.  92.  95.  95.  97.
  97.  98.][-100. -100. -100.  -97.  -97.  -96.  -92.  -91.  -90.  -85.  -85.  -83.
  -81.  -80.  -79.  -78.  -78.  -77.  -75.  -74.  -72.  -71.  -70.  -70.
  -70.  -69.  -69.  -66.  -59.  -56.  -56.  -54.  -52.  -51.  -49.  -49.
  -48.  -47.  -46.  -44.  -43.  -42.  -39.  -37.  -32.  -31.  -29.  -27.
  -25.  -19.  -16.  -14.   -9.   -5.    4.    5.    5.    6.    7.   10.
   11.   11.   12.   18.   20.   27.   27.   27.   29.   30.   31.   35.
   36.   36.   40.   41.   43.   44.   46.   50.   54.   57.   61.   62.
   67.   67.   69.   71.   75.   80.   81.   81.   81.   87.   90.   91.
   99.   99.   99.  100.][-98. -97. -86. -85. -84. -81. -78. -76. -75. -74. -73. -71. -71. -69.
 -68. -65. -61. -61. -57. -53. -52. -52. -48. -47. -47. -46. -42. -41.
 -40. -38. -35. -33. -31. -27. -26. -26. -23. -21. -20. -17. -17. -15.
 -15. -15. -13. -13.  -9.  -9.  -9.  -7.  -6.  -5.  -4.  -2.  -1.   5.
   5.   6.   8.   8.  10.  12.  16.  17.  19.  21.  22.  22.  23.  24.
  25.  26.  31.  33.  34.  36.  42.  45.  48.  52.  55.  58.  61.  63.
  66.  66.  73.  78.  81.  81.  82.  83.  84.  91.  92.  97.  98.  98.
  98. 100.][-99. -98. -97. -96. -94. -92. -89. -89. -85. -78. -74. -74. -70. -69.
 -68. -68. -66. -63. -61. -61. -58. -53. -52. -51. -51. -49. -48. -42.
 -41. -38. -38. -35. -32. -31. -28. -28. -26. -26. -25. -25. -24. -24.
 -23. -22. -22. -17. -17. -15. -15. -12. -12. -12. -10.  -9.  -3.  -2.
  -1.   1.   1.   3.   4.   5.   5.   6.   8.  10.  16.  23.  24.  25.
  25.  27.  28.  29.  29.  30.  35.  38.  43.  44.  52.  54.  57.  59.
  61.  61.  64.  65.  66.  68.  71.  71.  73.  75.  82.  82.  90.  94.
  95.  95.][-100.  -99.  -98.  -97.  -95.  -95.  -95.  -94.  -92.  -90.  -89.  -89.
  -88.  -86.  -83.  -82.  -76.  -76.  -74.  -66.  -64.  -64.  -62.  -62.
  -61.  -58.  -54.  -53.  -52.  -47.  -45.  -45.  -44.  -40.  -37.  -34.
  -34.  -30.  -29.  -29.  -26.  -22.  -17.  -17.  -15.  -13.   -8.   -6.
   -4.   -3.   -3.   -2.    2.    3.    3.    4.    6.    7.    9.   14.
   14.   15.   15.   16.   18.   19.   19.   21.   23.   25.   27.   28.
   29.   30.   30.   42.   43.   51.   51.   58.   58.   58.   60.   60.
   62.   64.   65.   69.   73.   77.   78.   81.   84.   90.   93.   93.
   95.   95.   96.  100.][-99. -99. -95. -94. -94. -91. -89. -89. -88. -86. -83. -82. -82. -81.
 -73. -73. -73. -73. -68. -65. -64. -64. -61. -57. -53. -53. -52. -51.
 -51. -51. -50. -44. -43. -40. -37. -35. -35. -35. -34. -34. -29. -28.
 -27. -25. -25. -24. -23. -23. -18. -13. -11. -10.  -7.  -4.  -1.   3.
   4.   5.  10.  17.  32.  34.  37.  37.  38.  49.  50.  50.  52.  53.
  53.  57.  58.  58.  59.  61.  61.  64.  65.  68.  68.  71.  71.  73.
  76.  78.  80.  80.  80.  81.  81.  84.  86.  87.  90.  92.  95.  97.
  97.  97.][-98. -96. -95. -95. -91. -89. -89. -86. -84. -83. -82. -81. -80. -77.
 -76. -70. -70. -68. -68. -61. -57. -57. -55. -52. -50. -48. -45. -43.
 -40. -39. -38. -35. -34. -34. -33. -32. -31. -29. -29. -29. -29. -28.
 -27. -26. -26. -25. -24. -23. -23. -18. -11.  -9.  -7.  -6.  -5.  -5.
  -3.  -1.   1.   4.   4.   5.   8.  11.  11.  13.  16.  18.  19.  31.
  35.  36.  37.  39.  40.  41.  43.  53.  55.  57.  58.  61.  62.  66.
  66.  69.  69.  69.  70.  72.  74.  76.  79.  80.  85.  85.  87.  92.
  96. 100.][-100. -100.  -96.  -92.  -91.  -90.  -85.  -85.  -82.  -78.  -76.  -75.
  -75.  -74.  -73.  -72.  -72.  -69.  -69.  -68.  -64.  -62.  -59.  -57.
  -55.  -52.  -51.  -48.  -47.  -41.  -40.  -36.  -35.  -35.  -30.  -28.
  -26.  -20.  -20.  -17.  -17.  -15.  -14.  -10.   -9.   -4.    0.    3.
    3.    7.    8.   12.   14.   15.   16.   16.   18.   18.   21.   22.
   22.   24.   29.   29.   30.   37.   39.   40.   43.   44.   45.   46.
   48.   49.   53.   56.   58.   61.   62.   63.   65.   67.   71.   75.
   77.   78.   78.   79.   80.   82.   83.   84.   85.   86.   87.   87.
   88.   89.   91.   98.][-100.  -98.  -98.  -97.  -97.  -86.  -84.  -82.  -76.  -72.  -71.  -69.
  -68.  -65.  -64.  -58.  -57.  -57.  -55.  -55.  -53.  -49.  -49.  -48.
  -43.  -42.  -42.  -42.  -41.  -40.  -37.  -36.  -35.  -35.  -35.  -33.
  -32.  -32.  -26.  -22.  -19.  -17.  -16.  -16.  -15.  -15.   -9.   -8.
   -8.   -7.   -4.   -4.   -3.    2.    3.    4.    5.    7.    8.   11.
   14.   16.   19.   22.   23.   24.   26.   30.   33.   33.   34.   35.
   38.   40.   40.   41.   42.   43.   44.   44.   45.   45.   49.   51.
   53.   53.   60.   64.   67.   74.   78.   79.   79.   83.   85.   87.
   87.   87.   88.   99.][-100. -100.  -97.  -95.  -94.  -94.  -90.  -86.  -83.  -83.  -81.  -80.
  -72.  -70.  -69.  -68.  -67.  -66.  -64.  -61.  -60.  -58.  -56.  -53.
  -53.  -53.  -50.  -44.  -42.  -34.  -32.  -30.  -30.  -30.  -28.  -28.
  -26.  -23.  -20.  -16.  -11.   -6.    3.    3.    4.    6.    7.   10.
   11.   12.   14.   21.   22.   24.   24.   26.   29.   33.   35.   35.
   36.   39.   39.   40.   42.   49.   51.   53.   54.   59.   60.   62.
   64.   64.   65.   66.   67.   68.   71.   74.   75.   75.   76.   77.
   78.   80.   82.   87.   87.   87.   87.   87.   88.   90.   92.   93.
   96.   99.   99.  100.][-94. -94. -93. -92. -92. -91. -88. -87. -83. -83. -82. -80. -79. -76.
 -70. -69. -67. -66. -59. -59. -54. -45. -44. -42. -40. -35. -34. -30.
 -29. -26. -25. -24. -20. -19. -18. -17. -17. -17. -13. -13. -11.  -9.
  -8.  -7.  -6.  -6.   4.   5.   5.   5.   5.   7.   8.  15.  15.  16.
  20.  20.  21.  26.  27.  28.  29.  29.  31.  35.  36.  36.  39.  41.
  42.  44.  45.  45.  50.  52.  53.  54.  55.  57.  60.  65.  71.  76.
  77.  80.  81.  82.  83.  85.  86.  89.  91.  91.  92.  93.  93.  97.
  98.  99.][-100. -100. -100.  -99.  -96.  -95.  -94.  -94.  -92.  -90.  -89.  -84.
  -84.  -84.  -83.  -83.  -82.  -80.  -80.  -79.  -78.  -74.  -73.  -73.
  -73.  -72.  -68.  -66.  -65.  -59.  -57.  -55.  -50.  -45.  -45.  -44.
  -36.  -34.  -32.  -31.  -29.  -27.  -27.  -20.  -20.  -17.  -17.  -16.
  -13.   -7.   -5.   -5.   -5.   -5.   -3.    4.    6.    9.   11.   13.
   14.   15.   16.   19.   20.   23.   24.   28.   31.   31.   32.   34.
   35.   38.   38.   42.   45.   48.   49.   55.   57.   61.   63.   67.
   69.   72.   72.   75.   76.   78.   82.   85.   86.   88.   88.   93.
   93.   95.   95.   98.][-99. -96. -94. -93. -84. -81. -80. -80. -78. -73. -68. -60. -57. -56.
 -56. -55. -54. -52. -52. -52. -50. -50. -47. -47. -46. -45. -44. -43.
 -42. -42. -41. -37. -34. -33. -33. -29. -29. -27. -26. -24. -21. -19.
 -19. -17. -16. -14. -14. -11. -11. -11.  -6.  -6.  -1.   5.   6.   6.
   9.   9.  10.  12.  13.  18.  19.  19.  23.  26.  26.  28.  29.  30.
  30.  33.  37.  38.  41.  42.  42.  43.  51.  52.  52.  52.  53.  57.
  57.  64.  65.  65.  70.  71.  72.  72.  75.  77.  80.  91.  95.  95.
  96.  98.][-100.  -98.  -98.  -97.  -94.  -91.  -91.  -88.  -87.  -84.  -83.  -80.
  -79.  -78.  -76.  -70.  -65.  -64.  -62.  -60.  -52.  -51.  -50.  -50.
  -42.  -41.  -40.  -40.  -39.  -37.  -37.  -34.  -33.  -32.  -29.  -28.
  -28.  -25.  -22.  -19.  -18.  -17.  -14.  -13.   -5.   -5.   -1.    6.
    8.   11.   13.   13.   16.   17.   18.   21.   22.   25.   27.   28.
   31.   33.   33.   36.   38.   39.   40.   40.   43.   45.   45.   46.
   47.   48.   52.   52.   53.   55.   55.   56.   57.   58.   64.   65.
   68.   70.   73.   74.   74.   77.   80.   87.   87.   88.   91.   93.
   93.   94.   96.   97.][-99. -99. -98. -98. -98. -98. -98. -97. -97. -94. -93. -91. -85. -81.
 -81. -81. -81. -78. -77. -76. -76. -72. -71. -69. -68. -67. -63. -60.
 -60. -51. -51. -50. -48. -46. -44. -36. -36. -34. -32. -27. -26. -26.
 -25. -18. -10. -10.  -8.  -5.  -4.  -3.  -3.  -1.  -1.  -1.  -1.   2.
   8.   8.  10.  12.  14.  16.  19.  20.  22.  29.  31.  36.  38.  38.
  42.  43.  46.  47.  50.  50.  52.  53.  59.  66.  67.  67.  69.  69.
  72.  75.  76.  76.  80.  81.  89.  90.  91.  92.  92.  92.  94.  95.
  98.  99.][-99. -98. -97. -94. -94. -93. -92. -89. -89. -88. -87. -86. -84. -81.
 -80. -80. -74. -71. -66. -63. -61. -58. -53. -49. -48. -45. -43. -41.
 -40. -36. -36. -34. -33. -32. -32. -31. -30. -28. -26. -25. -21. -16.
 -14. -12. -12. -10.  -9.  -7.  -7.  -5.  -1.   1.   3.   9.  10.  12.
  12.  14.  14.  16.  16.  23.  28.  29.  30.  35.  46.  47.  48.  49.
  49.  50.  54.  54.  55.  57.  59.  63.  65.  67.  68.  70.  70.  72.
  74.  75.  76.  77.  79.  80.  80.  83.  84.  86.  86.  88.  89.  97.
  97.  97.][-99. -99. -95. -90. -89. -88. -88. -86. -84. -82. -77. -75. -71. -66.
 -65. -63. -61. -60. -58. -54. -54. -51. -47. -46. -45. -41. -41. -39.
 -37. -36. -23. -21. -20. -16. -15. -15. -15. -14. -12.  -9.  -9.  -9.
  -8.  -2.  -2.  -1.   1.   1.   2.   2.   2.   4.   4.   5.   6.   7.
  11.  16.  17.  18.  20.  23.  23.  25.  26.  29.  30.  31.  32.  35.
  41.  44.  44.  45.  45.  47.  58.  60.  61.  61.  62.  63.  64.  66.
  67.  77.  77.  78.  78.  79.  79.  79.  80.  82.  82.  86.  91.  91.
  96.  98.][-93. -93. -92. -87. -87. -87. -86. -85. -81. -81. -80. -79. -77. -77.
 -73. -70. -70. -69. -68. -66. -63. -61. -56. -54. -54. -51. -49. -47.
 -46. -43. -37. -35. -33. -33. -30. -28. -28. -24. -16. -15. -12. -10.
  -9.  -6.  -4.  -2.  -1.   2.   5.  12.  13.  16.  16.  18.  19.  21.
  21.  21.  24.  24.  25.  26.  26.  30.  30.  34.  43.  44.  44.  44.
  46.  47.  47.  50.  50.  53.  58.  58.  59.  61.  62.  63.  63.  64.
  66.  71.  73.  75.  77.  78.  89.  89.  90.  90.  90.  91.  92.  92.
  92.  96.][-100.  -99.  -94.  -92.  -92.  -89.  -86.  -82.  -81.  -78.  -77.  -74.
  -68.  -64.  -62.  -60.  -59.  -56.  -56.  -52.  -48.  -45.  -44.  -44.
  -43.  -43.  -43.  -37.  -37.  -33.  -24.  -22.  -22.  -20.  -19.  -15.
  -15.  -13.  -12.  -11.  -10.   -7.   -7.   -5.   -4.    0.    0.    1.
    2.    2.    2.    2.    7.    9.   11.   12.   13.   13.   18.   18.
   21.   21.   22.   23.   26.   28.   33.   37.   40.   42.   43.   44.
   45.   45.   45.   51.   54.   56.   58.   58.   59.   60.   60.   61.
   61.   64.   65.   66.   71.   72.   75.   78.   89.   91.   94.   94.
   95.   95.   98.   99.][-96. -95. -94. -94. -88. -84. -84. -82. -78. -78. -76. -76. -74. -72.
 -72. -72. -71. -70. -70. -67. -67. -63. -59. -58. -58. -57. -56. -54.
 -53. -52. -51. -46. -42. -39. -38. -37. -34. -31. -30. -23. -23. -22.
 -21. -21. -19. -18. -14. -13. -12. -12. -11.  -8.  -4.  -3.  -2.  -1.
   3.   4.   8.   8.  10.  17.  23.  24.  25.  29.  31.  32.  32.  33.
  36.  37.  39.  39.  46.  47.  50.  51.  53.  53.  55.  56.  56.  62.
  65.  67.  74.  76.  80.  81.  83.  85.  86.  92.  94.  95.  96.  97.
  97.  99.][-99. -96. -94. -93. -93. -89. -88. -87. -72. -71. -64. -62. -57. -57.
 -53. -50. -48. -48. -47. -45. -45. -43. -42. -41. -40. -39. -38. -35.
 -33. -27. -25. -25. -23. -23. -20. -18. -14. -14. -13. -13. -12. -11.
 -10.  -8.  -7.  -3.  -3.  -2.  -2.  -1.   0.   7.  11.  12.  16.  21.
  22.  24.  27.  28.  29.  30.  31.  44.  48.  48.  49.  49.  49.  52.
  52.  54.  54.  55.  58.  60.  60.  62.  64.  67.  68.  69.  70.  71.
  75.  76.  77.  79.  79.  80.  82.  84.  84.  85.  88.  96.  97.  97.
  98. 100.][-97. -97. -95. -92. -89. -88. -86. -85. -83. -82. -78. -77. -75. -73.
 -71. -70. -69. -68. -67. -67. -67. -63. -62. -60. -55. -54. -51. -48.
 -48. -45. -43. -43. -42. -41. -41. -40. -40. -40. -39. -38. -27. -26.
 -25. -24. -19. -15. -15. -14. -13.  -8.  -8.  -5.  -4.  -2.   3.   8.
  11.  11.  14.  19.  21.  23.  23.  28.  29.  32.  34.  34.  40.  41.
  45.  47.  47.  50.  53.  54.  54.  54.  58.  61.  61.  65.  65.  65.
  65.  66.  67.  74.  79.  80.  84.  86.  88.  89.  89.  91.  92.  92.
  95.  96.][-97. -92. -92. -91. -91. -89. -88. -85. -81. -79. -77. -76. -74. -71.
 -71. -70. -68. -68. -66. -65. -62. -60. -58. -57. -56. -55. -54. -51.
 -51. -51. -48. -47. -45. -45. -44. -39. -38. -38. -36. -36. -35. -29.
 -28. -27. -26. -25. -24. -23. -21. -21. -16. -12.  -6.  -5.  -2.   0.
   0.   6.  10.  12.  15.  17.  20.  20.  22.  23.  24.  24.  25.  26.
  28.  33.  34.  36.  43.  49.  51.  52.  55.  57.  57.  58.  59.  65.
  67.  67.  71.  72.  72.  73.  74.  78.  88.  88.  91.  91.  93.  95.
  99. 100.][-100.  -97.  -96.  -94.  -94.  -92.  -85.  -80.  -77.  -76.  -74.  -68.
  -68.  -67.  -62.  -62.  -60.  -59.  -57.  -56.  -56.  -55.  -54.  -52.
  -51.  -46.  -40.  -39.  -38.  -37.  -35.  -34.  -34.  -33.  -32.  -30.
  -27.  -24.  -24.  -21.  -17.  -14.  -11.  -10.   -8.   -6.   -6.   -3.
    0.    0.    1.    6.    8.   11.   11.   11.   12.   13.   13.   14.
   15.   19.   21.   25.   28.   29.   33.   34.   35.   36.   36.   37.
   41.   42.   48.   48.   51.   52.   53.   54.   55.   55.   56.   56.
   58.   60.   63.   64.   64.   75.   79.   79.   82.   82.   83.   83.
   83.   88.   94.   98.][-100.  -98.  -96.  -95.  -91.  -89.  -87.  -87.  -85.  -84.  -83.  -81.
  -77.  -77.  -77.  -75.  -71.  -71.  -70.  -70.  -70.  -68.  -68.  -64.
  -62.  -60.  -56.  -54.  -52.  -48.  -47.  -44.  -43.  -43.  -42.  -39.
  -39.  -38.  -37.  -34.  -30.  -26.  -24.  -20.  -12.  -12.  -10.    1.
    5.    7.   12.   15.   16.   16.   18.   18.   20.   21.   23.   25.
   30.   31.   34.   35.   39.   39.   40.   40.   42.   43.   44.   48.
   51.   51.   53.   57.   58.   59.   61.   61.   61.   64.   64.   65.
   65.   67.   71.   72.   73.   81.   82.   84.   86.   86.   89.   92.
   94.   96.   99.   99.][-95. -94. -93. -91. -91. -90. -89. -89. -87. -86. -86. -85. -85. -82.
 -77. -76. -74. -74. -73. -71. -71. -70. -70. -68. -61. -60. -56. -56.
 -53. -52. -51. -50. -49. -49. -48. -47. -46. -44. -42. -40. -40. -38.
 -36. -36. -31. -29. -28. -27. -26. -24. -23. -18. -18. -17. -13. -12.
 -10.  -2.   1.   4.   5.   7.   7.  14.  18.  21.  21.  22.  23.  25.
  26.  26.  34.  36.  38.  39.  39.  42.  44.  47.  59.  60.  62.  62.
  66.  67.  67.  72.  72.  72.  74.  77.  82.  83.  86.  87.  88.  92.
  94.  97.][-91. -88. -88. -81. -80. -73. -69. -68. -67. -67. -66. -64. -62. -59.
 -58. -55. -50. -49. -44. -41. -41. -40. -38. -33. -31. -30. -29. -28.
 -26. -23. -21. -18. -17. -15. -15. -13. -13. -12.  -9.  -7.  -5.  -4.
  -3.   1.   2.   3.   6.   7.   8.   8.   9.  13.  16.  17.  23.  24.
  25.  25.  26.  26.  29.  30.  35.  39.  41.  44.  48.  52.  52.  55.
  56.  58.  58.  60.  63.  64.  65.  66.  66.  68.  68.  71.  72.  73.
  75.  76.  78.  80.  80.  83.  85.  86.  88.  88.  88.  90.  92.  94.
  95.  95.][-100.  -96.  -94.  -91.  -85.  -78.  -77.  -76.  -75.  -73.  -73.  -72.
  -69.  -61.  -61.  -58.  -56.  -54.  -52.  -51.  -47.  -47.  -45.  -45.
  -44.  -44.  -43.  -42.  -41.  -35.  -34.  -32.  -32.  -32.  -30.  -24.
  -20.  -20.  -18.  -15.  -14.  -13.  -11.   -7.   -7.   -6.   -6.   -4.
   -2.    2.    3.    4.    4.    4.    6.   10.   15.   16.   16.   18.
   20.   20.   21.   25.   25.   27.   27.   29.   31.   34.   35.   35.
   38.   40.   40.   41.   42.   47.   47.   48.   48.   50.   50.   50.
   54.   54.   57.   57.   65.   73.   77.   79.   83.   83.   84.   85.
   85.   92.   92.   98.][-98. -90. -86. -85. -82. -81. -81. -79. -77. -76. -76. -76. -75. -73.
 -71. -66. -66. -64. -63. -60. -60. -60. -55. -48. -47. -43. -40. -39.
 -38. -38. -35. -33. -33. -28. -27. -25. -24. -21. -19. -18. -17. -17.
 -16. -16. -15.  -9.  -9.  -8.  -5.  -1.   2.   3.   4.   6.   8.   9.
  10.  15.  16.  19.  20.  22.  22.  22.  22.  32.  32.  32.  33.  35.
  36.  40.  45.  46.  48.  55.  55.  56.  58.  59.  61.  66.  67.  68.
  73.  74.  75.  77.  77.  81.  83.  84.  88.  90.  91.  92.  95.  96.
  98.  99.][-100.  -92.  -92.  -90.  -86.  -86.  -83.  -76.  -76.  -75.  -75.  -74.
  -73.  -66.  -65.  -64.  -62.  -62.  -55.  -55.  -55.  -54.  -48.  -48.
  -47.  -45.  -40.  -39.  -38.  -36.  -36.  -32.  -31.  -31.  -29.  -22.
  -22.  -19.  -19.  -18.  -17.  -10.   -8.   -6.   -3.   -3.    0.    5.
    6.    9.   10.   10.   11.   13.   13.   15.   17.   18.   21.   26.
   27.   27.   27.   28.   34.   36.   37.   39.   44.   46.   50.   53.
   56.   56.   61.   62.   62.   68.   71.   71.   72.   74.   77.   77.
   78.   78.   81.   81.   83.   84.   85.   86.   86.   90.   92.   93.
   95.   97.   98.  100.][-97. -96. -95. -92. -86. -84. -82. -82. -82. -81. -78. -77. -75. -72.
 -71. -69. -66. -64. -61. -61. -57. -55. -53. -52. -52. -50. -45. -39.
 -37. -33. -30. -29. -28. -20. -19. -18. -14. -13. -11. -10.  -6.  -5.
  -3.   0.   0.   1.   2.   6.   9.  12.  12.  15.  16.  18.  19.  21.
  21.  21.  22.  24.  26.  27.  28.  34.  35.  35.  36.  38.  38.  38.
  39.  43.  45.  46.  47.  47.  52.  53.  53.  63.  65.  66.  67.  69.
  69.  71.  73.  75.  77.  77.  78.  80.  80.  84.  84.  90.  93.  95.
  98.  99.][-100.  -99.  -99.  -96.  -96.  -95.  -93.  -92.  -90.  -89.  -84.  -83.
  -80.  -79.  -76.  -70.  -69.  -68.  -68.  -64.  -64.  -61.  -58.  -57.
  -54.  -53.  -53.  -52.  -50.  -49.  -49.  -47.  -45.  -36.  -36.  -34.
  -33.  -31.  -28.  -26.  -24.  -22.  -21.  -21.  -16.  -11.  -11.   -6.
   -5.   -3.   -3.   -1.    1.    5.    5.    5.   10.   11.   11.   12.
   17.   19.   20.   20.   21.   22.   29.   31.   34.   39.   42.   49.
   51.   57.   60.   61.   65.   66.   67.   67.   68.   71.   71.   72.
   73.   73.   77.   78.   79.   80.   82.   84.   87.   89.   92.   95.
   98.   98.   99.  100.][-98. -98. -97. -95. -93. -92. -88. -86. -85. -83. -83. -82. -81. -81.
 -80. -78. -77. -75. -74. -68. -63. -62. -57. -53. -52. -52. -52. -52.
 -50. -50. -46. -43. -40. -36. -36. -35. -32. -31. -30. -26. -26. -25.
 -23. -20. -15. -10.  -8.  -5.  -4.  -4.   0.   2.   2.   5.  12.  13.
  14.  15.  17.  18.  19.  19.  25.  26.  28.  30.  30.  30.  34.  36.
  38.  45.  49.  50.  51.  53.  56.  57.  59.  59.  67.  69.  70.  70.
  70.  74.  76.  77.  77.  78.  79.  82.  86.  88.  89.  92.  92.  94.
  97.  99.][-100.  -99.  -98.  -95.  -95.  -90.  -90.  -89.  -88.  -84.  -82.  -78.
  -77.  -75.  -71.  -65.  -65.  -61.  -59.  -56.  -54.  -54.  -54.  -53.
  -51.  -51.  -47.  -42.  -36.  -35.  -35.  -34.  -32.  -31.  -29.  -29.
  -28.  -27.  -25.  -22.  -22.  -20.  -17.  -17.  -15.  -15.   -2.   -1.
   -1.    0.    0.    0.    4.    6.   10.   12.   14.   16.   17.   21.
   24.   26.   27.   32.   32.   32.   34.   34.   36.   39.   46.   51.
   52.   54.   54.   60.   60.   62.   63.   66.   74.   74.   74.   77.
   80.   83.   83.   85.   88.   89.   91.   91.   91.   93.   93.   94.
   94.   94.   96.   98.][-100. -100.  -99.  -97.  -95.  -94.  -93.  -93.  -88.  -87.  -87.  -86.
  -85.  -81.  -81.  -77.  -76.  -76.  -74.  -69.  -65.  -64.  -61.  -59.
  -59.  -57.  -55.  -52.  -51.  -51.  -50.  -49.  -44.  -43.  -41.  -41.
  -40.  -38.  -38.  -34.  -31.  -28.  -25.  -24.  -22.  -21.  -19.  -18.
  -15.  -14.   -8.   -5.   -4.   -4.   -1.    3.    9.   13.   14.   15.
   17.   19.   20.   24.   24.   29.   30.   31.   31.   32.   35.   35.
   36.   36.   42.   44.   44.   47.   51.   56.   58.   60.   61.   61.
   63.   69.   70.   71.   73.   76.   78.   79.   79.   88.   88.   90.
   92.   94.   94.   96.][-99. -98. -96. -95. -93. -91. -90. -89. -89. -86. -86. -85. -80. -79.
 -78. -76. -75. -75. -65. -65. -61. -59. -58. -54. -54. -53. -46. -46.
 -45. -43. -41. -39. -38. -36. -35. -33. -33. -33. -28. -21. -18. -17.
 -16. -14.  -6.  -6.  -4.  -4.  -1.   2.   3.   4.   7.  11.  14.  14.
  15.  16.  16.  18.  21.  22.  22.  23.  26.  26.  26.  30.  32.  33.
  34.  35.  37.  39.  45.  45.  51.  58.  59.  64.  65.  66.  67.  71.
  72.  73.  73.  74.  74.  76.  80.  84.  87.  92.  93.  95.  98.  99.
  99. 100.][-97. -95. -95. -91. -91. -91. -91. -90. -89. -88. -87. -83. -83. -82.
 -80. -78. -78. -76. -74. -74. -73. -73. -71. -70. -67. -67. -67. -66.
 -65. -64. -61. -61. -60. -60. -58. -46. -43. -40. -38. -34. -31. -31.
 -29. -28. -15. -13. -12. -12.  -7.  -5.   0.   3.   7.   8.   9.  10.
  13.  16.  18.  25.  27.  29.  30.  31.  33.  41.  42.  44.  46.  47.
  48.  49.  50.  53.  53.  56.  56.  58.  59.  60.  61.  62.  68.  68.
  69.  73.  74.  76.  77.  77.  79.  80.  90.  90.  91.  93.  95.  95.
  96.  99.][-100.  -96.  -92.  -92.  -90.  -87.  -84.  -83.  -75.  -73.  -73.  -70.
  -69.  -69.  -68.  -66.  -59.  -54.  -51.  -50.  -49.  -47.  -46.  -46.
  -43.  -43.  -42.  -40.  -38.  -37.  -37.  -34.  -32.  -29.  -29.  -23.
  -23.  -20.  -20.  -19.  -19.  -18.  -16.  -13.  -10.  -10.   -9.   -5.
    0.    1.    4.    7.    7.    8.    8.   10.   11.   14.   15.   15.
   16.   17.   17.   19.   20.   21.   21.   25.   26.   29.   32.   33.
   35.   36.   40.   41.   42.   42.   46.   51.   52.   52.   55.   56.
   59.   61.   64.   69.   71.   72.   73.   75.   77.   82.   89.   89.
   94.   97.   98.  100.][-99. -96. -93. -90. -90. -88. -88. -87. -86. -86. -85. -84. -84. -83.
 -83. -83. -81. -74. -73. -72. -58. -56. -55. -51. -49. -48. -48. -44.
 -44. -43. -41. -39. -38. -36. -33. -32. -30. -29. -29. -29. -29. -29.
 -28. -28. -27. -22. -21. -18.  -8.  -6.  -4.  -2.  -1.   1.   1.   3.
   6.   7.   8.   9.   9.  12.  15.  19.  21.  24.  25.  26.  29.  29.
  30.  30.  30.  35.  41.  41.  42.  43.  44.  45.  45.  45.  46.  55.
  56.  59.  63.  64.  64.  74.  77.  81.  86.  88.  88.  88.  90.  94.
  98. 100.][-100.  -96.  -95.  -94.  -93.  -90.  -89.  -89.  -88.  -88.  -86.  -83.
  -83.  -82.  -81.  -71.  -69.  -63.  -61.  -56.  -55.  -54.  -52.  -51.
  -51.  -44.  -41.  -36.  -35.  -33.  -28.  -27.  -26.  -20.  -20.  -19.
  -18.  -16.  -15.  -15.  -13.  -12.  -12.  -11.  -10.   -8.   -6.   -6.
   -4.   -4.   -2.   -1.    7.   11.   16.   16.   16.   20.   21.   23.
   24.   25.   25.   27.   27.   32.   37.   39.   40.   40.   41.   43.
   47.   49.   55.   58.   59.   60.   62.   64.   67.   67.   68.   69.
   69.   70.   72.   72.   74.   78.   82.   83.   85.   86.   88.   90.
   91.   95.   98.  100.][-100.  -93.  -93.  -89.  -87.  -86.  -85.  -84.  -84.  -83.  -80.  -78.
  -72.  -72.  -70.  -70.  -69.  -69.  -68.  -66.  -66.  -65.  -65.  -65.
  -63.  -58.  -56.  -54.  -53.  -53.  -49.  -48.  -44.  -41.  -36.  -32.
  -30.  -29.  -27.  -12.  -10.   -3.   -3.   -2.   -1.    2.    3.    4.
    4.    6.   12.   15.   28.   28.   28.   29.   30.   30.   32.   33.
   38.   42.   43.   44.   44.   50.   51.   52.   53.   54.   55.   60.
   62.   64.   65.   67.   68.   68.   70.   71.   74.   75.   75.   76.
   77.   78.   80.   81.   83.   86.   87.   89.   92.   94.   94.   96.
   96.   96.   96.   98.][-99. -99. -98. -95. -94. -93. -92. -92. -91. -87. -87. -86. -79. -77.
 -77. -75. -69. -65. -63. -62. -61. -60. -58. -55. -53. -53. -51. -47.
 -44. -43. -42. -41. -37. -36. -35. -34. -33. -30. -30. -29. -25. -24.
 -23. -20. -19. -16. -15. -14. -12. -11.  -7.  -7.  -7.  -5.  -2.  -1.
   0.   4.   9.  10.  11.  13.  17.  18.  18.  19.  25.  25.  29.  30.
  30.  32.  32.  37.  42.  43.  45.  47.  47.  50.  51.  56.  56.  57.
  58.  60.  60.  61.  65.  66.  68.  72.  82.  87.  88.  90.  90.  98.
  99. 100.][-98. -96. -95. -95. -93. -88. -85. -82. -81. -78. -77. -76. -76. -73.
 -72. -66. -66. -61. -61. -60. -58. -56. -49. -49. -47. -46. -46. -46.
 -45. -44. -42. -42. -42. -39. -37. -37. -37. -33. -32. -31. -25. -23.
 -22. -20. -14. -11. -10.  -7.  -6.  -6.  -6.  -5.  -5.  -4.   1.   2.
   4.  11.  14.  16.  19.  20.  21.  22.  23.  23.  23.  26.  27.  30.
  30.  30.  31.  32.  39.  42.  43.  45.  46.  46.  47.  51.  56.  57.
  58.  59.  63.  64.  68.  73.  74.  84.  85.  87.  88.  92.  92.  94.
  98.  99.][-99. -99. -96. -93. -92. -88. -88. -87. -82. -77. -77. -76. -70. -68.
 -65. -65. -62. -62. -60. -59. -57. -52. -52. -48. -48. -48. -46. -44.
 -42. -40. -37. -37. -36. -35. -33. -30. -29. -21. -19. -18. -17. -14.
 -14. -11. -11.  -9.  -9.  -6.  -3.   1.   6.   6.   9.   9.  14.  16.
  18.  18.  19.  20.  22.  24.  26.  27.  28.  28.  28.  29.  30.  36.
  37.  38.  40.  45.  45.  56.  58.  58.  59.  59.  61.  63.  64.  64.
  65.  65.  69.  74.  76.  79.  81.  84.  85.  86.  86.  91.  92.  94.
  96.  97.][-100.  -98.  -96.  -94.  -94.  -93.  -92.  -90.  -89.  -89.  -87.  -81.
  -80.  -78.  -71.  -67.  -66.  -64.  -63.  -62.  -61.  -56.  -56.  -55.
  -53.  -49.  -47.  -46.  -43.  -40.  -39.  -38.  -38.  -38.  -37.  -37.
  -28.  -19.  -19.  -19.  -13.  -12.   -6.   -5.   -4.   -3.    1.    2.
    3.    4.    5.    6.    8.    8.    8.    9.   13.   13.   15.   16.
   17.   18.   18.   22.   24.   25.   29.   29.   31.   32.   33.   33.
   41.   41.   50.   51.   51.   58.   59.   59.   59.   60.   65.   67.
   71.   75.   76.   78.   78.   78.   78.   80.   83.   85.   89.   91.
   93.   94.  100.  100.][-100.  -99.  -98.  -96.  -96.  -95.  -94.  -90.  -88.  -87.  -86.  -81.
  -81.  -80.  -79.  -79.  -77.  -74.  -70.  -61.  -51.  -50.  -49.  -48.
  -46.  -45.  -44.  -44.  -43.  -40.  -39.  -34.  -34.  -29.  -19.  -19.
  -19.  -18.  -17.  -15.  -14.  -13.  -11.   -7.   -5.   -3.    1.    1.
    2.    8.    8.    8.   12.   18.   23.   23.   27.   28.   29.   30.
   30.   31.   35.   37.   38.   40.   40.   40.   41.   41.   46.   47.
   47.   49.   52.   53.   55.   59.   62.   62.   63.   63.   63.   67.
   68.   69.   70.   70.   74.   75.   77.   81.   82.   84.   85.   85.
   86.   91.   97.   99.][-99. -99. -96. -92. -92. -89. -85. -81. -79. -79. -79. -77. -76. -76.
 -75. -72. -68. -65. -64. -61. -58. -58. -56. -52. -49. -47. -46. -45.
 -44. -43. -43. -42. -41. -41. -40. -38. -37. -37. -34. -33. -31. -29.
 -26. -24. -20. -18. -17. -17. -15. -15. -15. -10.  -6.   1.   1.   2.
   2.   4.   6.  12.  16.  16.  19.  19.  22.  25.  27.  31.  31.  35.
  42.  42.  45.  45.  47.  48.  48.  49.  53.  53.  53.  60.  60.  63.
  72.  73.  74.  76.  87.  90.  91.  93.  94.  94.  96.  96.  96.  97.
  99.  99.][-98. -97. -93. -92. -92. -91. -85. -83. -80. -78. -72. -71. -65. -61.
 -61. -59. -58. -53. -52. -47. -41. -40. -37. -35. -33. -32. -30. -29.
 -27. -26. -23. -19. -18. -18. -16. -13. -11.  -8.  -5.  -4.   3.   4.
   8.  11.  12.  14.  18.  21.  31.  39.  42.  44.  44.  44.  46.  49.
  49.  49.  50.  51.  53.  54.  54.  55.  57.  57.  58.  60.  61.  61.
  63.  63.  65.  65.  65.  65.  65.  71.  72.  73.  74.  74.  74.  75.
  76.  76.  77.  82.  88.  88.  88.  89.  90.  90.  92.  93.  94.  95.
  96.  97.][-99. -98. -97. -97. -96. -96. -93. -92. -88. -85. -85. -85. -85. -84.
 -82. -75. -74. -74. -73. -70. -69. -69. -68. -67. -67. -66. -65. -60.
 -59. -59. -55. -54. -52. -49. -48. -47. -47. -45. -44. -44. -38. -37.
 -36. -34. -34. -33. -32. -27. -26. -25. -20. -20. -19. -19. -18. -17.
 -17. -13. -12. -11.  -3.  -1.   8.   9.  10.  10.  10.  11.  15.  24.
  24.  25.  26.  26.  28.  28.  30.  31.  34.  34.  47.  50.  50.  58.
  61.  67.  67.  69.  72.  75.  77.  77.  80.  81.  81.  81.  87.  89.
  92.  95.][-100.  -96.  -95.  -94.  -88.  -88.  -85.  -85.  -84.  -82.  -78.  -78.
  -75.  -71.  -67.  -66.  -63.  -62.  -62.  -57.  -57.  -54.  -49.  -49.
  -47.  -45.  -40.  -38.  -37.  -35.  -35.  -33.  -30.  -29.  -29.  -28.
  -28.  -22.  -21.  -21.  -17.  -14.  -14.  -13.  -13.  -13.  -12.   -7.
   -5.   -1.   -1.    0.    1.    4.    5.    6.    8.   11.   12.   13.
   13.   14.   17.   23.   24.   26.   26.   28.   30.   30.   30.   37.
   38.   41.   43.   45.   47.   49.   50.   53.   59.   60.   62.   62.
   64.   66.   66.   66.   70.   74.   76.   76.   78.   83.   84.   85.
   86.   88.   99.  100.][-100.  -98.  -98.  -97.  -97.  -94.  -92.  -85.  -85.  -84.  -81.  -79.
  -77.  -74.  -73.  -70.  -69.  -63.  -62.  -60.  -55.  -55.  -55.  -55.
  -55.  -52.  -50.  -47.  -47.  -46.  -45.  -40.  -37.  -36.  -36.  -32.
  -31.  -30.  -29.  -27.  -24.  -23.  -21.  -20.  -19.  -15.   -9.   -7.
   -6.   -3.   -1.   -1.    4.    8.    9.   10.   11.   11.   12.   13.
   14.   14.   16.   16.   17.   17.   20.   21.   22.   22.   24.   26.
   27.   29.   31.   35.   37.   41.   41.   47.   50.   51.   53.   57.
   57.   58.   59.   63.   65.   75.   75.   77.   78.   82.   84.   85.
   95.   96.   97.  100.][-100.  -99.  -96.  -95.  -92.  -91.  -90.  -86.  -84.  -81.  -77.  -77.
  -74.  -73.  -73.  -71.  -71.  -66.  -64.  -61.  -59.  -59.  -58.  -55.
  -54.  -51.  -50.  -43.  -39.  -39.  -36.  -32.  -22.  -20.  -16.  -15.
  -13.  -13.  -12.  -12.  -12.  -11.   -9.   -9.   -5.   -2.    1.    4.
    5.    7.    8.   10.   11.   13.   15.   15.   17.   17.   18.   21.
   22.   24.   24.   25.   33.   34.   37.   37.   41.   45.   45.   45.
   46.   50.   55.   55.   57.   64.   64.   65.   68.   69.   71.   73.
   74.   75.   76.   77.   77.   78.   79.   80.   82.   87.   87.   87.
   89.   92.   94.   98.][-98. -97. -97. -97. -95. -95. -92. -91. -91. -90. -90. -89. -88. -88.
 -84. -84. -84. -80. -77. -75. -74. -72. -69. -68. -65. -65. -62. -58.
 -56. -51. -51. -51. -50. -50. -48. -48. -46. -46. -44. -38. -36. -34.
 -34. -33. -29. -26. -23. -23. -21.  -8.  -6.  -4.  -1.   0.   5.   5.
   6.   8.   9.  15.  15.  17.  17.  18.  20.  20.  22.  25.  27.  28.
  28.  34.  35.  36.  36.  40.  41.  47.  48.  48.  53.  57.  58.  60.
  67.  69.  69.  72.  75.  77.  78.  78.  79.  80.  82.  84.  86.  93.
  98. 100.]