[-100.  -98.  -97.  -97.  -95.  -90.  -88.  -86.  -84.  -82.  -80.  -78.
  -78.  -77.  -71.  -69.  -65.  -60.  -56.  -51.  -47.  -47.  -45.  -44.
  -43.  -43.  -43.  -41.  -41.  -40.  -38.  -35.  -32.  -32.  -32.  -31.
  -29.  -24.  -23.  -21.  -20.  -17.  -12.  -12.   -9.   -8.   -7.   -7.
   -6.   -6.   -6.    0.    5.    8.   11.   17.   19.   21.   24.   27.
   30.   32.   36.   37.   43.   45.   46.   50.   52.   53.   56.   57.
   57.   59.   61.   62.   62.   63.   65.   65.   66.   67.   68.   70.
   72.   73.   76.   76.   78.   80.   80.   80.   82.   84.   87.   88.
   88.   93.   94.   97.][-98. -96. -96. -94. -93. -93. -87. -85. -83. -83. -82. -81. -81. -80.
 -77. -74. -73. -72. -71. -70. -67. -66. -66. -64. -54. -52. -52. -51.
 -46. -43. -43. -42. -41. -40. -40. -39. -39. -37. -32. -28. -28. -26.
 -26. -26. -21. -19. -17. -17. -15. -12. -10. -10.  -7.  -7.  -1.  -1.
   2.   5.   8.  10.  10.  12.  14.  17.  17.  18.  23.  25.  25.  26.
  30.  34.  35.  37.  37.  38.  45.  53.  53.  54.  57.  68.  69.  72.
  73.  81.  82.  83.  84.  84.  87.  89.  90.  92.  93.  94.  94.  95.
  95.  95.][-99. -98. -89. -89. -88. -86. -86. -85. -82. -80. -76. -76. -75. -74.
 -72. -71. -70. -69. -66. -66. -60. -59. -58. -54. -52. -52. -51. -50.
 -50. -48. -44. -44. -43. -41. -41. -40. -38. -36. -36. -35. -30. -26.
 -21. -18. -13. -13. -11. -10.  -9.  -8.  -7.  -5.  -3.  -3.   0.   1.
   3.   4.   6.  18.  23.  24.  25.  26.  30.  30.  37.  37.  38.  39.
  40.  45.  47.  47.  47.  48.  51.  58.  60.  65.  65.  69.  71.  73.
  73.  73.  76.  76.  78.  80.  80.  81.  83.  91.  94.  95.  95.  96.
  99. 100.][-100.  -98.  -97.  -93.  -92.  -89.  -89.  -88.  -83.  -80.  -80.  -77.
  -75.  -73.  -71.  -69.  -69.  -64.  -64.  -63.  -63.  -63.  -63.  -59.
  -58.  -58.  -56.  -51.  -47.  -42.  -41.  -36.  -35.  -32.  -31.  -30.
  -29.  -29.  -29.  -26.  -26.  -26.  -25.  -24.  -20.  -18.  -18.  -17.
  -16.  -15.  -10.   -3.   -2.    1.    1.    1.    4.    4.    5.    6.
    7.   10.   11.   12.   14.   14.   24.   32.   36.   37.   39.   39.
   41.   42.   42.   44.   46.   51.   52.   59.   65.   66.   72.   72.
   74.   76.   77.   77.   78.   79.   79.   79.   82.   89.   92.   93.
   94.   97.   98.   99.][-97. -95. -95. -94. -92. -92. -91. -91. -82. -79. -79. -77. -77. -76.
 -72. -65. -63. -58. -58. -57. -57. -57. -56. -55. -52. -51. -51. -49.
 -40. -39. -37. -33. -31. -31. -29. -27. -25. -20. -19. -19. -19. -18.
 -17. -15. -11. -10.  -7.  -4.  -1.  -1.   5.  10.  11.  11.  12.  13.
  13.  13.  14.  19.  21.  21.  22.  23.  26.  27.  30.  31.  31.  31.
  33.  33.  45.  45.  48.  48.  49.  50.  52.  61.  61.  61.  61.  63.
  65.  69.  71.  73.  74.  75.  79.  80.  83.  85.  87.  87.  88.  90.
 100. 100.][-96. -90. -88. -84. -83. -79. -79. -78. -74. -72. -72. -72. -69. -66.
 -65. -64. -62. -61. -58. -57. -54. -54. -53. -53. -53. -47. -46. -43.
 -43. -42. -41. -40. -40. -40. -40. -35. -33. -32. -32. -26. -21. -13.
 -12. -12.  -8.  -7.  -2.  -1.   4.   5.   6.   9.   9.  10.  11.  16.
  19.  20.  21.  22.  24.  24.  25.  26.  27.  30.  34.  36.  37.  38.
  38.  38.  39.  40.  40.  42.  43.  49.  51.  52.  53.  53.  55.  58.
  65.  65.  70.  74.  76.  79.  85.  85.  89.  93.  95.  95.  96.  97.
  99. 100.][-100. -100.  -99.  -94.  -92.  -92.  -89.  -88.  -84.  -78.  -78.  -77.
  -71.  -71.  -67.  -66.  -65.  -63.  -62.  -62.  -61.  -57.  -54.  -52.
  -52.  -52.  -51.  -49.  -47.  -39.  -39.  -35.  -34.  -32.  -30.  -28.
  -24.  -19.  -16.  -11.  -10.  -10.   -9.   -9.   -8.   -7.   -6.   -6.
   -2.    2.    7.   10.   11.   12.   16.   18.   21.   26.   27.   30.
   31.   35.   35.   36.   41.   42.   43.   45.   46.   48.   53.   56.
   56.   56.   60.   63.   64.   65.   65.   69.   70.   76.   76.   76.
   76.   80.   80.   81.   83.   84.   85.   86.   88.   90.   93.   93.
   94.   97.   99.  100.][-95. -93. -92. -92. -90. -87. -86. -85. -80. -80. -80. -77. -76. -73.
 -73. -72. -66. -66. -63. -61. -60. -58. -57. -56. -55. -53. -51. -49.
 -41. -38. -37. -37. -36. -32. -32. -32. -29. -28. -28. -25. -25. -23.
 -23. -19. -13.  -8.  -7.  -6.  -5.  -4.   2.   3.   4.   5.   5.  17.
  19.  21.  23.  26.  27.  29.  30.  34.  36.  37.  38.  39.  40.  43.
  43.  44.  48.  48.  51.  51.  52.  56.  61.  62.  66.  67.  70.  71.
  72.  74.  76.  77.  78.  79.  81.  82.  82.  82.  83.  84.  85.  85.
  92.  92.][-94. -91. -87. -85. -84. -83. -82. -81. -81. -76. -74. -73. -70. -60.
 -58. -56. -55. -40. -40. -35. -35. -32. -31. -30. -28. -27. -24. -23.
 -18. -17. -16. -16. -14. -12. -11. -11. -10.  -9.  -8.  -7.  -7.  -5.
  -4.  -3.  -2.  -1.   0.   0.   1.   2.   4.   7.   8.  11.  12.  13.
  15.  15.  16.  17.  17.  18.  20.  32.  33.  33.  34.  35.  35.  37.
  37.  43.  45.  46.  55.  58.  58.  60.  61.  62.  65.  67.  68.  69.
  70.  72.  72.  73.  75.  77.  77.  78.  80.  82.  82.  82.  83.  92.
  93. 100.][-100. -100.  -96.  -94.  -91.  -90.  -90.  -87.  -86.  -84.  -84.  -79.
  -75.  -72.  -72.  -68.  -66.  -66.  -59.  -56.  -52.  -51.  -50.  -47.
  -45.  -45.  -44.  -42.  -42.  -41.  -39.  -38.  -37.  -37.  -36.  -36.
  -34.  -34.  -28.  -27.  -26.  -25.  -21.  -17.  -17.  -15.  -14.  -11.
  -10.  -10.   -8.   -3.   -1.    1.    4.    7.    8.    9.   12.   16.
   17.   22.   24.   28.   29.   34.   38.   40.   40.   42.   43.   44.
   45.   47.   47.   50.   56.   57.   60.   61.   65.   67.   67.   69.
   71.   73.   74.   76.   77.   77.   85.   87.   89.   90.   91.   91.
   91.   92.   92.   99.][-99. -96. -94. -91. -89. -84. -80. -78. -74. -71. -71. -68. -68. -63.
 -63. -62. -58. -57. -57. -57. -54. -54. -53. -50. -49. -47. -47. -46.
 -45. -43. -40. -39. -38. -37. -31. -28. -28. -27. -27. -26. -20. -20.
 -18. -17. -17. -17. -15. -13. -13. -13.  -9.  -8.  -7.  -6.  -4.  -2.
  -1.   0.   4.   4.   4.   7.   8.  10.  12.  14.  15.  17.  20.  25.
  28.  29.  32.  35.  36.  38.  38.  38.  42.  46.  49.  50.  50.  51.
  62.  63.  66.  67.  69.  71.  73.  73.  73.  78.  79.  79.  83.  94.
  99. 100.][-100. -100.  -99.  -98.  -98.  -96.  -94.  -92.  -91.  -87.  -84.  -84.
  -82.  -81.  -78.  -71.  -70.  -70.  -69.  -68.  -66.  -63.  -62.  -61.
  -57.  -56.  -54.  -50.  -49.  -48.  -47.  -42.  -40.  -35.  -34.  -34.
  -31.  -30.  -29.  -28.  -26.  -26.  -23.  -22.  -20.  -19.  -18.  -18.
  -16.  -14.  -12.  -11.  -11.   -7.   -4.   -3.   -2.   -1.    3.    4.
    5.    6.    6.    7.    8.    9.   10.   13.   17.   19.   28.   31.
   33.   41.   43.   43.   44.   48.   48.   48.   56.   57.   57.   60.
   63.   63.   69.   74.   75.   76.   77.   78.   78.   80.   85.   90.
   92.   92.   95.   97.][-100. -100.  -98.  -97.  -95.  -94.  -88.  -86.  -86.  -82.  -80.  -79.
  -78.  -75.  -72.  -72.  -70.  -70.  -68.  -64.  -64.  -59.  -55.  -55.
  -55.  -54.  -53.  -52.  -48.  -48.  -47.  -42.  -39.  -39.  -33.  -32.
  -24.  -19.  -18.  -15.  -14.  -13.  -11.   -6.   -6.   -3.   -3.    0.
    0.    6.    8.    8.   11.   12.   18.   18.   24.   25.   27.   30.
   33.   35.   43.   45.   46.   48.   49.   57.   58.   60.   61.   64.
   66.   66.   67.   70.   71.   73.   73.   75.   78.   80.   82.   83.
   84.   84.   84.   84.   85.   85.   90.   90.   92.   94.   94.   95.
   96.   97.   98.   98.][-100.  -98.  -98.  -94.  -93.  -89.  -88.  -88.  -87.  -83.  -81.  -80.
  -80.  -77.  -75.  -74.  -72.  -69.  -69.  -69.  -68.  -67.  -60.  -59.
  -58.  -57.  -56.  -56.  -54.  -53.  -52.  -50.  -48.  -42.  -34.  -33.
  -31.  -27.  -21.  -17.  -16.  -14.  -13.  -12.   -6.   -4.   -4.   -3.
   -1.   -1.    0.    1.    2.    6.    7.    8.    9.   13.   14.   17.
   20.   20.   22.   24.   25.   25.   26.   27.   30.   34.   35.   36.
   40.   43.   44.   44.   47.   48.   57.   58.   63.   66.   67.   73.
   74.   74.   74.   76.   76.   76.   76.   79.   79.   85.   88.   88.
   91.   98.   99.   99.][-99. -98. -97. -95. -94. -93. -90. -88. -86. -83. -82. -81. -80. -79.
 -71. -68. -67. -66. -56. -50. -47. -47. -46. -46. -45. -44. -44. -44.
 -43. -39. -35. -34. -28. -27. -22. -19. -19. -17. -15. -10.  -7.  -7.
  -4.  -4.  -3.  -3.  -3.  -2.  -1.   0.   0.   2.   7.   8.   9.  11.
  12.  12.  13.  15.  19.  19.  21.  23.  25.  31.  32.  33.  37.  44.
  47.  50.  50.  51.  52.  54.  60.  62.  66.  68.  68.  69.  69.  70.
  72.  75.  76.  80.  82.  82.  85.  88.  91.  92.  94.  94.  98.  99.
  99. 100.][-100. -100.  -98.  -96.  -92.  -90.  -90.  -89.  -87.  -86.  -83.  -82.
  -80.  -80.  -79.  -78.  -76.  -75.  -72.  -66.  -65.  -64.  -62.  -61.
  -61.  -60.  -57.  -54.  -54.  -51.  -51.  -50.  -49.  -45.  -42.  -41.
  -40.  -39.  -39.  -34.  -31.  -22.  -21.  -16.  -15.  -14.  -12.  -11.
   -9.   -6.   -3.   -2.   -2.    0.    6.    7.    7.   11.   12.   12.
   15.   16.   18.   21.   29.   34.   37.   37.   41.   43.   45.   48.
   52.   54.   54.   57.   57.   58.   59.   60.   64.   65.   66.   71.
   72.   76.   77.   78.   78.   84.   87.   87.   88.   90.   91.   91.
   93.   96.   99.  100.][-98. -97. -95. -94. -94. -92. -87. -87. -80. -79. -79. -76. -75. -74.
 -74. -74. -72. -71. -70. -69. -67. -67. -66. -61. -57. -54. -52. -52.
 -49. -44. -44. -41. -36. -36. -35. -33. -28. -22. -19. -19. -13.  -8.
  -8.  -6.  -4.  -2.  -1.   0.   1.   1.   2.   4.   5.   6.   8.   9.
  10.  13.  19.  21.  26.  31.  33.  35.  38.  38.  38.  40.  41.  41.
  47.  48.  50.  50.  52.  53.  63.  67.  68.  68.  69.  70.  72.  76.
  77.  77.  79.  80.  83.  83.  84.  92.  92.  93.  95.  97.  97.  99.
 100. 100.][-97. -95. -93. -91. -91. -90. -89. -86. -85. -84. -78. -77. -73. -72.
 -72. -70. -68. -65. -65. -63. -62. -61. -61. -59. -51. -48. -48. -44.
 -43. -42. -42. -40. -37. -35. -33. -32. -25. -25. -24. -23. -22. -20.
 -17. -14. -14. -10.  -6.  -5.  -1.   2.   2.   8.   9.  18.  20.  22.
  23.  24.  24.  25.  27.  30.  31.  33.  37.  39.  39.  40.  40.  41.
  49.  50.  50.  52.  56.  57.  58.  59.  61.  61.  62.  62.  62.  65.
  66.  68.  69.  73.  74.  74.  79.  81.  83.  84.  85.  89.  90.  91.
  99. 100.][-98. -97. -91. -91. -85. -84. -83. -81. -79. -78. -78. -72. -70. -68.
 -67. -62. -60. -58. -58. -56. -54. -52. -51. -51. -51. -49. -46. -46.
 -45. -45. -43. -39. -38. -32. -29. -28. -27. -26. -22. -22. -21. -20.
 -19. -17. -15. -15. -13. -12. -11.  -8.  -7.  -7.  -5.  -2.  -2.   1.
   3.   3.   7.   9.  11.  13.  14.  18.  24.  26.  29.  32.  34.  37.
  43.  46.  47.  49.  50.  50.  53.  53.  55.  56.  56.  58.  59.  63.
  68.  69.  71.  74.  75.  77.  79.  80.  80.  85.  87.  89.  90.  91.
  93.  98.][-100.  -99.  -99.  -99.  -98.  -98.  -97.  -95.  -93.  -88.  -86.  -81.
  -81.  -79.  -77.  -75.  -75.  -73.  -72.  -72.  -69.  -57.  -52.  -50.
  -50.  -47.  -46.  -46.  -42.  -39.  -38.  -38.  -34.  -33.  -29.  -28.
  -27.  -27.  -25.  -25.  -25.  -10.   -6.   -6.   -6.   -4.   -3.   -1.
    2.    5.    7.    8.    8.   10.   11.   12.   13.   15.   16.   17.
   19.   20.   23.   25.   25.   25.   30.   30.   31.   33.   40.   42.
   42.   42.   44.   44.   45.   49.   49.   50.   51.   51.   53.   54.
   55.   58.   59.   63.   67.   73.   88.   88.   89.   90.   91.   92.
   94.   94.   95.   98.][-97. -95. -95. -94. -93. -92. -91. -91. -84. -80. -79. -76. -75. -75.
 -74. -71. -70. -69. -69. -69. -69. -62. -59. -57. -56. -56. -56. -49.
 -46. -46. -45. -42. -41. -40. -39. -36. -35. -33. -33. -29. -29. -24.
 -24. -23. -22. -21. -20. -18. -18. -16. -15. -12. -10. -10.  -8.  -6.
  -3.  -2.  -2.  -1.   0.   3.   4.   8.  11.  14.  17.  19.  22.  22.
  27.  31.  31.  34.  35.  38.  40.  41.  42.  47.  50.  52.  56.  58.
  62.  63.  66.  69.  70.  71.  71.  73.  73.  73.  76.  77.  83.  91.
  91.  97.][-95. -92. -92. -91. -91. -88. -86. -86. -83. -82. -79. -76. -74. -72.
 -71. -68. -68. -63. -61. -57. -57. -55. -55. -54. -50. -47. -47. -43.
 -43. -42. -40. -31. -30. -30. -28. -28. -23. -23. -22. -22. -20. -19.
 -16. -15. -15. -15. -12. -11. -10.  -5.  -1.  -1.  -1.   4.   4.   4.
   6.   9.  10.  16.  24.  27.  28.  29.  32.  35.  39.  40.  42.  42.
  42.  43.  47.  47.  47.  48.  49.  49.  50.  50.  50.  51.  55.  59.
  60.  61.  64.  65.  67.  68.  70.  70.  77.  79.  80.  87.  89.  89.
  90.  91.][-100.  -96.  -96.  -96.  -95.  -88.  -87.  -86.  -79.  -76.  -71.  -68.
  -64.  -63.  -61.  -51.  -48.  -48.  -40.  -40.  -38.  -37.  -33.  -32.
  -29.  -25.  -25.  -24.  -23.  -23.  -21.  -20.  -20.  -18.  -15.  -12.
  -12.   -9.   -7.   -6.   -4.   -1.    0.    1.    2.    2.    5.    6.
   10.   11.   11.   12.   16.   20.   26.   26.   26.   28.   30.   31.
   35.   36.   38.   39.   40.   40.   42.   44.   45.   46.   48.   50.
   56.   57.   59.   60.   60.   62.   71.   71.   73.   73.   78.   78.
   79.   80.   89.   91.   91.   92.   93.   95.   95.   96.   97.   97.
   97.   98.   98.  100.][-98. -98. -94. -94. -94. -92. -90. -88. -84. -84. -80. -79. -78. -78.
 -77. -72. -65. -64. -63. -61. -59. -56. -52. -51. -46. -44. -42. -41.
 -41. -38. -37. -36. -36. -36. -33. -32. -32. -31. -29. -29. -28. -27.
 -25. -25. -19. -19. -17. -15. -12.  -9.  -7.  -5.  -4.  -2.  -1.  -1.
  -1.   0.   1.   5.   6.   7.   7.  11.  12.  15.  17.  25.  26.  27.
  31.  31.  34.  40.  45.  48.  48.  50.  50.  51.  52.  54.  54.  60.
  62.  65.  66.  71.  73.  73.  79.  79.  83.  84.  85.  88.  89.  90.
  92.  93.][-100. -100.  -98.  -98.  -97.  -97.  -95.  -93.  -93.  -91.  -89.  -84.
  -82.  -81.  -72.  -70.  -67.  -66.  -65.  -64.  -63.  -61.  -60.  -55.
  -54.  -53.  -47.  -47.  -46.  -44.  -44.  -44.  -42.  -41.  -38.  -38.
  -37.  -35.  -33.  -32.  -32.  -31.  -31.  -27.  -24.  -22.  -21.  -20.
  -11.   -7.   -7.   -5.   -4.   -1.    0.    2.    2.    3.    5.    6.
    6.    7.    8.   10.   13.   13.   14.   14.   16.   18.   18.   19.
   21.   21.   24.   29.   32.   36.   36.   37.   37.   40.   41.   47.
   51.   52.   62.   65.   69.   69.   77.   79.   85.   85.   86.   88.
   93.   93.   97.  100.][-100.  -98.  -97.  -94.  -89.  -86.  -84.  -82.  -80.  -78.  -77.  -74.
  -73.  -71.  -71.  -68.  -64.  -61.  -59.  -57.  -55.  -54.  -53.  -52.
  -50.  -50.  -49.  -48.  -47.  -46.  -42.  -41.  -41.  -41.  -40.  -38.
  -37.  -34.  -31.  -19.  -19.  -19.   -8.   -8.   -6.   -3.   -1.    0.
    1.    3.    4.    5.    5.    8.    9.   12.   12.   18.   19.   19.
   20.   23.   26.   33.   33.   39.   41.   42.   44.   45.   46.   47.
   48.   51.   54.   55.   56.   56.   56.   58.   59.   60.   60.   63.
   63.   68.   70.   71.   71.   74.   76.   79.   79.   80.   94.   94.
   95.   95.   96.   99.][-100. -100.  -97.  -96.  -92.  -89.  -85.  -83.  -82.  -82.  -81.  -78.
  -73.  -72.  -70.  -68.  -68.  -65.  -64.  -64.  -59.  -56.  -56.  -56.
  -53.  -52.  -43.  -43.  -41.  -39.  -38.  -34.  -29.  -29.  -29.  -29.
  -28.  -28.  -27.  -27.  -26.  -18.  -17.  -16.  -16.  -15.  -15.  -13.
  -13.  -12.   -5.   -2.    1.    3.    6.    6.   10.   16.   16.   23.
   23.   25.   25.   26.   26.   27.   27.   30.   34.   36.   39.   44.
   50.   51.   52.   52.   52.   53.   55.   56.   56.   58.   61.   62.
   65.   69.   70.   71.   73.   78.   81.   82.   85.   85.   91.   91.
   93.   95.   95.   98.][-98. -94. -94. -90. -88. -88. -88. -87. -84. -82. -80. -78. -72. -72.
 -69. -67. -66. -62. -61. -60. -60. -59. -59. -58. -58. -55. -54. -53.
 -51. -48. -47. -38. -37. -29. -29. -28. -28. -27. -26. -23. -19. -19.
 -19. -15. -14. -12. -11. -10.  -5.  -4.  -2.  -2.   3.   3.   5.   7.
  10.  11.  11.  11.  12.  13.  15.  19.  20.  20.  20.  22.  27.  28.
  28.  29.  30.  30.  31.  32.  33.  35.  37.  37.  38.  41.  44.  44.
  50.  50.  52.  56.  56.  66.  73.  73.  73.  79.  84.  87.  90.  91.
  95. 100.][-100. -100.  -98.  -98.  -98.  -97.  -97.  -92.  -91.  -89.  -86.  -86.
  -83.  -81.  -80.  -79.  -75.  -74.  -73.  -71.  -69.  -68.  -68.  -67.
  -65.  -64.  -62.  -61.  -57.  -57.  -54.  -53.  -53.  -51.  -49.  -44.
  -34.  -31.  -30.  -30.  -19.  -18.  -16.  -13.  -12.   -9.   -8.   -8.
   -6.   -4.   -2.   -2.    3.    4.    8.   10.   11.   12.   15.   15.
   17.   18.   24.   24.   25.   29.   29.   33.   36.   37.   42.   44.
   47.   50.   52.   55.   55.   58.   63.   65.   67.   70.   74.   77.
   78.   80.   81.   82.   82.   83.   83.   86.   87.   88.   89.   90.
   93.   93.   94.   96.][-100.  -98.  -95.  -95.  -92.  -91.  -90.  -90.  -90.  -82.  -80.  -78.
  -76.  -74.  -73.  -70.  -69.  -67.  -66.  -61.  -60.  -57.  -56.  -55.
  -53.  -50.  -50.  -49.  -44.  -38.  -38.  -33.  -32.  -30.  -30.  -29.
  -28.  -25.  -20.  -18.  -15.  -11.   -9.   -6.   -6.   -5.   -3.   -2.
   -1.    3.    4.    5.    6.    7.    9.   10.   12.   14.   15.   19.
   21.   23.   27.   29.   33.   36.   38.   38.   38.   41.   41.   50.
   52.   53.   53.   54.   55.   55.   58.   61.   61.   62.   64.   66.
   67.   67.   69.   74.   74.   75.   77.   79.   79.   81.   82.   84.
   85.   86.   96.   97.][-100.  -99.  -99.  -98.  -93.  -91.  -90.  -88.  -85.  -80.  -75.  -72.
  -72.  -66.  -65.  -57.  -56.  -50.  -49.  -48.  -46.  -43.  -39.  -35.
  -30.  -28.  -27.  -27.  -26.  -21.  -21.  -18.  -17.  -17.  -15.  -12.
   -9.   -8.   -7.   -4.    5.    5.    9.   10.   11.   12.   12.   16.
   17.   23.   25.   29.   29.   30.   31.   31.   31.   31.   36.   37.
   38.   39.   41.   42.   42.   43.   45.   46.   46.   48.   50.   52.
   56.   57.   59.   61.   61.   63.   65.   68.   69.   70.   72.   73.
   76.   82.   83.   85.   90.   91.   92.   93.   94.   96.   97.   97.
   97.   98.   99.   99.][-96. -96. -88. -86. -86. -85. -85. -83. -80. -78. -75. -71. -69. -69.
 -68. -68. -67. -64. -63. -61. -58. -58. -56. -54. -51. -47. -47. -44.
 -43. -42. -39. -39. -32. -32. -29. -28. -28. -27. -25. -18. -17. -15.
 -14. -13. -12.  -9.  -8.  -4.  -4.  -4.   4.   4.   6.  11.  12.  13.
  15.  15.  16.  16.  17.  23.  27.  32.  35.  35.  36.  37.  37.  39.
  41.  41.  44.  45.  49.  50.  50.  50.  51.  52.  53.  55.  55.  59.
  59.  59.  61.  65.  67.  77.  77.  82.  82.  83.  85.  86.  89.  89.
  89. 100.][-99. -98. -93. -92. -82. -80. -79. -79. -78. -72. -70. -69. -69. -64.
 -62. -60. -56. -54. -53. -51. -50. -48. -44. -44. -40. -39. -39. -37.
 -31. -31. -28. -27. -27. -23. -20. -20. -20. -19. -19. -18. -17. -15.
 -13. -13. -11.  -5.   6.   9.   9.   9.  10.  13.  13.  14.  15.  16.
  16.  20.  21.  21.  21.  22.  24.  32.  33.  33.  35.  36.  43.  50.
  50.  52.  56.  57.  58.  60.  60.  63.  66.  67.  67.  67.  76.  78.
  79.  80.  81.  82.  83.  84.  85.  87.  88.  91.  94.  96.  96.  99.
  99. 100.][-99. -98. -94. -93. -93. -91. -88. -86. -84. -84. -82. -81. -80. -77.
 -74. -63. -62. -62. -61. -60. -60. -59. -58. -58. -56. -56. -56. -56.
 -55. -55. -51. -43. -39. -39. -37. -33. -32. -26. -23. -17.  -8.  -8.
  -8.  -6.  -4.  -3.  -1.   1.   4.   5.  10.  10.  11.  12.  15.  15.
  16.  18.  18.  21.  32.  33.  34.  37.  38.  39.  42.  44.  48.  48.
  52.  53.  53.  54.  61.  61.  66.  66.  67.  68.  75.  75.  77.  77.
  78.  79.  79.  86.  86.  87.  88.  89.  90.  90.  93.  94.  95.  98.
  99.  99.][-98. -95. -95. -94. -92. -89. -87. -86. -86. -85. -85. -84. -82. -80.
 -76. -75. -74. -74. -73. -73. -71. -68. -68. -67. -65. -64. -63. -62.
 -59. -56. -55. -52. -52. -50. -46. -30. -28. -23. -21. -20. -20. -17.
 -17. -15. -13. -12. -11. -10.  -8.  -4.  -2.  -2.   2.   3.   4.   6.
   6.   7.   9.  10.  11.  14.  15.  16.  17.  17.  18.  19.  24.  25.
  25.  27.  31.  33.  35.  38.  44.  49.  50.  55.  57.  58.  59.  61.
  66.  67.  71.  71.  73.  73.  77.  81.  82.  83.  87.  88.  91.  94.
  97. 100.][-100.  -99.  -94.  -88.  -88.  -85.  -84.  -81.  -79.  -79.  -78.  -78.
  -74.  -72.  -71.  -71.  -70.  -62.  -58.  -56.  -55.  -52.  -52.  -51.
  -50.  -46.  -45.  -45.  -45.  -43.  -39.  -37.  -36.  -36.  -36.  -31.
  -30.  -28.  -25.  -25.  -25.  -23.  -21.  -21.  -21.  -21.  -20.  -19.
  -16.  -15.  -12.   -8.   -8.   -6.   -5.   -4.   -3.    3.    6.    6.
    7.    8.   11.   12.   14.   15.   15.   16.   17.   18.   19.   20.
   29.   30.   31.   35.   36.   37.   38.   39.   43.   43.   45.   45.
   47.   50.   59.   61.   67.   69.   70.   76.   78.   81.   81.   82.
   82.   85.   88.   88.][-100.  -99.  -93.  -88.  -82.  -76.  -74.  -70.  -68.  -66.  -65.  -64.
  -62.  -60.  -58.  -49.  -49.  -48.  -47.  -47.  -46.  -46.  -44.  -39.
  -38.  -34.  -34.  -33.  -33.  -32.  -31.  -29.  -28.  -26.  -20.  -19.
  -17.  -16.  -15.  -11.  -10.  -10.   -9.   -8.   -6.   -6.   -5.   -3.
   -1.    1.    2.    3.    6.    8.   10.   11.   12.   15.   18.   18.
   21.   22.   24.   25.   26.   26.   27.   28.   28.   29.   30.   31.
   32.   32.   43.   52.   54.   61.   61.   62.   63.   68.   70.   71.
   72.   73.   77.   78.   79.   80.   81.   84.   84.   87.   91.   92.
   94.   97.   99.   99.][-99. -97. -94. -92. -90. -89. -87. -86. -84. -83. -82. -81. -79. -78.
 -76. -74. -74. -73. -72. -70. -61. -61. -59. -58. -56. -56. -55. -55.
 -55. -54. -50. -48. -48. -47. -47. -46. -41. -38. -37. -35. -33. -32.
 -28. -26. -24. -24. -22. -22. -15. -12.  -9.  -5.  -3.  -1.  -1.   0.
   1.   1.   3.   8.   9.   9.  15.  16.  16.  19.  19.  21.  23.  26.
  28.  29.  29.  31.  32.  34.  38.  43.  46.  51.  53.  56.  66.  68.
  70.  73.  74.  75.  75.  76.  82.  83.  84.  84.  88.  89.  95.  98.
  98. 100.][-100.  -91.  -86.  -85.  -83.  -80.  -80.  -79.  -77.  -74.  -73.  -72.
  -70.  -69.  -67.  -67.  -66.  -65.  -59.  -59.  -58.  -57.  -56.  -56.
  -55.  -53.  -46.  -46.  -44.  -43.  -43.  -41.  -37.  -23.  -18.  -17.
  -16.  -11.   -9.   -9.   -8.   -6.   -6.   -5.   -5.   -5.    8.    9.
   11.   14.   15.   15.   17.   19.   19.   21.   22.   22.   23.   24.
   26.   36.   37.   38.   38.   39.   40.   41.   42.   42.   46.   46.
   46.   50.   54.   55.   58.   59.   62.   65.   66.   69.   71.   74.
   74.   75.   83.   83.   85.   85.   86.   87.   92.   93.   94.   96.
   96.   97.   99.  100.][-98. -96. -92. -92. -92. -89. -89. -86. -86. -84. -83. -82. -81. -78.
 -74. -71. -68. -68. -67. -62. -60. -54. -52. -50. -48. -47. -46. -37.
 -33. -32. -31. -30. -27. -27. -25. -23. -20. -17. -13. -12. -12.  -9.
  -8.  -7.  -7.  -6.  -2.  -1.   0.   0.   0.   3.   7.   8.  13.  16.
  19.  20.  23.  24.  31.  31.  39.  40.  41.  42.  48.  51.  53.  54.
  55.  59.  61.  63.  66.  70.  71.  72.  73.  77.  78.  79.  80.  81.
  84.  85.  86.  89.  90.  90.  90.  91.  91.  96.  96.  98.  99.  99.
 100. 100.][-100. -100.  -97.  -97.  -96.  -92.  -90.  -88.  -86.  -85.  -80.  -79.
  -73.  -71.  -70.  -69.  -63.  -62.  -61.  -60.  -60.  -57.  -52.  -50.
  -43.  -42.  -42.  -41.  -35.  -33.  -33.  -28.  -27.  -25.  -23.  -14.
  -13.  -12.  -10.   -9.   -7.   -5.   -5.   -3.   -3.    1.    3.    3.
    4.    6.    8.    8.    9.    9.   10.   14.   18.   19.   20.   20.
   22.   23.   24.   26.   28.   32.   32.   34.   35.   36.   36.   39.
   50.   50.   52.   53.   61.   66.   67.   69.   70.   73.   76.   76.
   79.   79.   80.   82.   84.   84.   86.   88.   88.   88.   90.   91.
   94.   98.   99.  100.][-98. -98. -94. -94. -92. -90. -90. -90. -89. -88. -78. -74. -69. -67.
 -64. -64. -61. -61. -60. -59. -56. -56. -54. -52. -52. -52. -48. -45.
 -42. -42. -39. -34. -33. -32. -30. -20. -20. -20. -19. -19. -19. -16.
 -15.  -9.  -9.  -2.   1.   2.   4.   5.   5.  10.  10.  11.  14.  15.
  15.  17.  17.  17.  21.  21.  21.  22.  28.  30.  31.  33.  40.  41.
  42.  45.  48.  49.  54.  55.  55.  56.  60.  60.  61.  62.  64.  68.
  75.  75.  76.  76.  77.  83.  84.  85.  88.  89.  90.  93.  95.  98.
  98.  99.][-100.  -92.  -88.  -88.  -87.  -85.  -84.  -81.  -80.  -80.  -80.  -72.
  -71.  -70.  -67.  -66.  -60.  -59.  -58.  -58.  -56.  -53.  -52.  -46.
  -45.  -41.  -40.  -35.  -28.  -28.  -28.  -25.  -24.  -21.  -20.  -18.
  -18.  -14.  -13.  -10.   -6.   -4.   -4.   -3.   -1.    3.    4.    7.
    7.    9.    9.   10.   16.   17.   18.   19.   21.   21.   21.   21.
   25.   26.   27.   30.   31.   34.   34.   35.   36.   36.   37.   39.
   40.   40.   46.   46.   47.   49.   50.   51.   55.   56.   58.   60.
   66.   66.   68.   69.   71.   77.   82.   82.   87.   89.   92.   93.
   95.   96.   99.  100.][-100. -100.  -96.  -94.  -89.  -86.  -84.  -84.  -81.  -80.  -80.  -76.
  -75.  -74.  -73.  -68.  -66.  -65.  -64.  -59.  -57.  -51.  -51.  -48.
  -48.  -42.  -42.  -42.  -41.  -38.  -38.  -27.  -26.  -25.  -19.  -17.
  -17.  -17.  -17.  -14.  -12.  -12.  -12.  -12.  -10.   -7.    3.    6.
    7.    7.    7.   11.   11.   13.   17.   17.   18.   19.   22.   22.
   22.   24.   25.   33.   33.   35.   36.   38.   40.   42.   43.   44.
   45.   48.   51.   51.   52.   52.   54.   56.   57.   65.   65.   67.
   68.   71.   71.   72.   74.   75.   77.   79.   83.   89.   93.   98.
   99.  100.  100.  100.][-99. -91. -90. -89. -89. -87. -81. -77. -75. -74. -73. -73. -73. -73.
 -73. -72. -72. -71. -66. -64. -62. -60. -57. -54. -53. -53. -49. -42.
 -34. -27. -25. -24. -23. -15. -14. -14. -13. -11. -10. -10.  -9.  -4.
  -1.  -1.   1.   1.   4.   6.   6.   8.   9.  15.  18.  21.  22.  23.
  29.  31.  36.  39.  39.  39.  43.  43.  44.  48.  53.  53.  57.  58.
  60.  60.  61.  63.  67.  68.  71.  73.  74.  75.  77.  77.  77.  80.
  81.  82.  84.  86.  87.  89.  92.  94.  96.  96.  96.  97.  97.  97.
  98.  98.][-99. -98. -96. -95. -94. -93. -93. -90. -89. -82. -82. -80. -77. -67.
 -59. -59. -55. -55. -52. -52. -52. -51. -44. -42. -42. -40. -35. -34.
 -34. -33. -33. -30. -26. -26. -21. -20. -19. -19. -16. -15. -13. -11.
  -8.  -8.  -4.  -2.   0.   2.   2.   4.   6.   7.   8.   9.  10.  11.
  12.  18.  23.  24.  26.  27.  28.  32.  33.  34.  40.  45.  45.  50.
  52.  52.  53.  54.  55.  59.  59.  60.  65.  65.  66.  68.  68.  68.
  73.  74.  75.  76.  79.  79.  81.  82.  86.  87.  88.  91.  93.  98.
  99. 100.][-97. -96. -95. -91. -91. -91. -89. -83. -81. -80. -80. -71. -71. -69.
 -66. -61. -59. -59. -56. -54. -54. -53. -51. -50. -45. -41. -41. -40.
 -37. -36. -32. -30. -24. -24. -22. -20. -19. -16. -16. -15. -14. -14.
 -11.  -9.  -9.  -6.  -5.  -1.   3.   6.   9.  11.  13.  13.  16.  16.
  17.  18.  19.  23.  24.  28.  28.  30.  30.  31.  36.  37.  38.  48.
  51.  53.  54.  59.  59.  61.  65.  67.  67.  68.  70.  72.  73.  73.
  74.  80.  81.  81.  84.  85.  86.  88.  90.  90.  96.  97.  97.  99.
 100. 100.][-100.  -99.  -98.  -95.  -92.  -86.  -84.  -84.  -81.  -74.  -71.  -67.
  -66.  -65.  -65.  -64.  -64.  -62.  -61.  -61.  -60.  -58.  -55.  -53.
  -51.  -48.  -47.  -46.  -45.  -43.  -42.  -41.  -39.  -34.  -33.  -25.
  -25.  -22.  -20.  -18.  -18.  -16.  -12.  -11.   -9.   -8.   -7.   -5.
   -4.   -4.   -3.    1.    5.    6.    6.    9.   11.   11.   12.   15.
   15.   21.   22.   25.   25.   26.   33.   38.   39.   43.   44.   45.
   50.   51.   51.   51.   55.   56.   61.   62.   65.   65.   68.   69.
   71.   72.   72.   73.   73.   74.   77.   78.   78.   80.   80.   81.
   85.   86.   89.   98.][-99. -97. -91. -87. -87. -87. -85. -82. -80. -77. -76. -76. -73. -72.
 -72. -69. -69. -57. -57. -55. -52. -51. -51. -48. -47. -46. -42. -36.
 -35. -33. -31. -24. -23. -21. -19. -15. -15. -14. -12. -11. -10.  -9.
  -1.   2.   3.   3.   5.   8.  10.  11.  13.  16.  18.  22.  23.  27.
  27.  28.  28.  28.  31.  35.  36.  36.  39.  39.  41.  41.  43.  43.
  43.  43.  45.  50.  51.  53.  53.  54.  56.  57.  57.  58.  59.  64.
  64.  65.  67.  70.  76.  80.  80.  81.  84.  88.  92.  96.  96.  97.
  99. 100.][-99. -92. -90. -88. -87. -84. -83. -83. -81. -81. -80. -78. -77. -72.
 -71. -69. -64. -63. -60. -58. -56. -54. -53. -53. -53. -51. -47. -42.
 -40. -37. -37. -37. -37. -36. -34. -32. -26. -24. -24. -24. -22. -17.
 -16. -16. -15. -10.  -9.  -8.  -5.  -2.   0.   1.   2.   2.   2.   3.
   7.   8.  10.  10.  12.  12.  13.  13.  21.  24.  24.  27.  31.  35.
  36.  36.  37.  38.  39.  41.  46.  51.  51.  54.  54.  55.  60.  63.
  64.  65.  66.  68.  68.  69.  70.  70.  75.  77.  81.  83.  83.  91.
  94.  98.][-98. -92. -90. -89. -89. -88. -87. -87. -86. -84. -83. -82. -82. -79.
 -79. -77. -74. -73. -70. -67. -61. -60. -60. -59. -57. -56. -55. -53.
 -52. -48. -48. -48. -38. -36. -31. -28. -28. -25. -24. -22. -20. -20.
 -19. -18. -17. -16. -15. -15. -10.  -6.  -5.  -4.  -3.   0.   3.   5.
   6.   8.  19.  21.  22.  22.  31.  31.  32.  33.  34.  37.  39.  40.
  41.  41.  44.  44.  46.  49.  50.  51.  52.  56.  58.  58.  62.  65.
  65.  67.  68.  70.  70.  72.  72.  76.  81.  82.  83.  85.  87.  90.
  95.  98.][-96. -94. -92. -91. -90. -89. -87. -87. -83. -78. -69. -68. -68. -67.
 -66. -63. -62. -58. -57. -56. -54. -54. -54. -51. -50. -50. -48. -48.
 -47. -45. -39. -31. -30. -27. -24. -22. -22. -19. -14. -13. -11.  -8.
  -7.  -4.  -4.  -3.  -2.   0.   5.   8.   9.   9.  11.  12.  14.  14.
  16.  17.  23.  25.  27.  34.  36.  39.  46.  47.  47.  47.  47.  57.
  57.  58.  58.  60.  62.  62.  65.  65.  69.  71.  71.  71.  76.  76.
  79.  81.  82.  82.  83.  88.  91.  91.  93.  94.  94.  95.  96.  96.
  97.  98.][-99. -93. -92. -90. -90. -86. -85. -82. -81. -77. -74. -67. -67. -65.
 -62. -61. -58. -56. -56. -53. -51. -50. -50. -47. -45. -42. -38. -38.
 -37. -35. -33. -32. -31. -25. -21. -17. -15. -14. -14. -11.  -5.  -3.
  -2.  -1.   5.   5.   6.   9.   9.  11.  11.  11.  12.  13.  13.  14.
  16.  16.  18.  21.  21.  23.  25.  26.  28.  28.  33.  33.  34.  36.
  39.  47.  47.  50.  51.  53.  56.  57.  64.  66.  66.  66.  69.  69.
  69.  71.  71.  73.  76.  80.  87.  87.  89.  90.  93.  93.  95.  96.
  97.  97.][-98. -94. -91. -90. -88. -84. -84. -81. -79. -78. -76. -76. -75. -75.
 -73. -72. -71. -70. -69. -65. -65. -62. -62. -61. -54. -49. -48. -46.
 -45. -43. -43. -42. -41. -40. -39. -39. -34. -32. -30. -26. -24. -23.
 -22. -20. -19. -18. -18. -16. -14.  -8.  -7.  -6.  -5.  -4.   0.   3.
   3.   5.   5.   6.   8.   9.  13.  14.  14.  18.  19.  19.  20.  24.
  25.  29.  31.  35.  38.  39.  41.  48.  51.  52.  54.  57.  59.  63.
  63.  67.  68.  75.  76.  76.  83.  85.  86.  89.  90.  92.  94.  97.
  97.  99.][-98. -88. -86. -82. -78. -71. -70. -70. -68. -67. -66. -66. -65. -65.
 -63. -63. -61. -60. -59. -55. -55. -52. -49. -49. -48. -48. -44. -42.
 -42. -40. -40. -39. -39. -37. -37. -35. -31. -28. -27. -27. -26. -26.
 -23. -19. -17. -17. -16. -16. -12.   0.   0.   3.   4.   5.   7.   8.
  10.  14.  16.  17.  18.  18.  19.  22.  22.  22.  25.  26.  26.  26.
  28.  28.  28.  29.  41.  43.  45.  49.  51.  54.  57.  60.  63.  72.
  73.  76.  78.  79.  81.  82.  82.  82.  84.  87.  94.  95.  96.  96.
  99.  99.][-100.  -98.  -92.  -92.  -91.  -89.  -88.  -87.  -87.  -85.  -85.  -83.
  -80.  -79.  -77.  -74.  -73.  -71.  -69.  -68.  -61.  -58.  -51.  -50.
  -49.  -47.  -45.  -44.  -43.  -36.  -35.  -33.  -30.  -24.  -16.  -16.
  -11.  -10.   -8.   -8.   -6.   -3.   -1.    2.    7.    9.   10.   11.
   15.   15.   16.   19.   22.   23.   25.   30.   31.   32.   33.   34.
   37.   38.   38.   40.   43.   46.   47.   48.   48.   50.   52.   53.
   54.   54.   56.   56.   56.   58.   59.   61.   61.   62.   62.   64.
   67.   68.   69.   72.   75.   76.   78.   84.   85.   86.   87.   88.
   88.   96.   99.   99.][-100.  -97.  -92.  -90.  -89.  -87.  -86.  -86.  -84.  -82.  -80.  -78.
  -72.  -70.  -70.  -67.  -66.  -62.  -62.  -60.  -60.  -56.  -54.  -50.
  -48.  -47.  -47.  -46.  -46.  -45.  -43.  -42.  -41.  -41.  -41.  -40.
  -38.  -36.  -35.  -33.  -31.  -31.  -29.  -28.  -28.  -28.  -28.  -26.
  -25.  -25.  -24.  -20.  -19.  -19.  -15.  -13.  -13.  -10.   -9.   -5.
   -2.    2.   11.   12.   14.   19.   22.   25.   25.   25.   27.   28.
   31.   32.   37.   48.   51.   52.   53.   54.   57.   59.   59.   60.
   60.   60.   67.   71.   75.   76.   79.   80.   82.   84.   84.   84.
   89.   93.   96.  100.][-97. -96. -92. -92. -92. -91. -90. -84. -83. -78. -77. -77. -75. -72.
 -70. -69. -62. -60. -60. -58. -53. -50. -49. -49. -48. -47. -46. -34.
 -29. -25. -19. -17. -16. -14. -13.  -8.  -7.  -5.  -5.  -2.   0.   4.
   8.   8.  10.  13.  16.  17.  19.  20.  20.  23.  25.  27.  27.  29.
  29.  33.  33.  37.  37.  38.  40.  43.  44.  44.  44.  48.  50.  51.
  51.  51.  52.  53.  54.  55.  55.  56.  56.  57.  59.  61.  65.  66.
  68.  71.  71.  74.  74.  80.  83.  83.  83.  84.  84.  91.  93.  94.
  96.  96.][-95. -95. -95. -94. -90. -88. -88. -87. -86. -84. -79. -78. -77. -75.
 -72. -70. -67. -66. -61. -56. -54. -48. -44. -42. -42. -39. -37. -36.
 -33. -32. -28. -26. -26. -24. -23. -22. -22. -20. -18.  -6.  -2.  -1.
   1.   4.   4.   9.  11.  15.  15.  15.  18.  23.  25.  29.  30.  31.
  32.  32.  38.  38.  43.  46.  47.  47.  49.  51.  52.  54.  55.  56.
  57.  58.  59.  60.  65.  73.  74.  74.  75.  78.  79.  80.  81.  81.
  82.  83.  84.  84.  84.  85.  85.  86.  87.  88.  88.  91.  91.  99.
 100. 100.][-100.  -96.  -96.  -96.  -95.  -92.  -92.  -89.  -89.  -88.  -87.  -85.
  -85.  -84.  -83.  -82.  -80.  -76.  -76.  -74.  -65.  -64.  -63.  -59.
  -58.  -55.  -51.  -49.  -43.  -42.  -41.  -39.  -37.  -37.  -37.  -36.
  -33.  -32.  -32.  -27.  -23.  -22.  -22.  -20.  -20.  -17.  -17.  -17.
  -16.  -14.  -12.  -12.  -10.   -9.   -9.   -7.   -6.   -6.   -4.   -2.
   -1.    2.    2.    5.    6.    8.   15.   15.   20.   22.   23.   24.
   26.   29.   30.   31.   34.   36.   37.   44.   45.   46.   50.   52.
   55.   56.   63.   65.   68.   72.   75.   77.   79.   80.   89.   89.
   91.   96.   96.   98.][-100.  -99.  -95.  -95.  -94.  -92.  -90.  -89.  -87.  -87.  -86.  -85.
  -83.  -82.  -79.  -78.  -75.  -75.  -69.  -69.  -67.  -67.  -67.  -67.
  -67.  -66.  -61.  -57.  -54.  -51.  -50.  -48.  -45.  -35.  -34.  -33.
  -32.  -29.  -26.  -25.  -21.  -21.  -11.   -9.   -4.   -3.   -2.   -2.
    1.    3.    4.    5.    6.    9.   11.   13.   13.   14.   14.   15.
   18.   23.   30.   32.   33.   36.   39.   39.   39.   40.   43.   44.
   44.   44.   45.   49.   51.   52.   55.   56.   57.   60.   62.   64.
   64.   67.   67.   70.   72.   72.   73.   76.   78.   79.   79.   81.
   94.   95.   98.   99.][-100.  -95.  -95.  -92.  -92.  -91.  -84.  -82.  -80.  -79.  -78.  -77.
  -75.  -75.  -74.  -73.  -73.  -70.  -68.  -65.  -61.  -61.  -61.  -59.
  -57.  -54.  -53.  -53.  -51.  -50.  -43.  -41.  -40.  -39.  -38.  -37.
  -32.  -30.  -28.  -27.  -26.  -24.  -22.  -21.  -13.  -10.   -8.   -6.
   -4.    1.    5.    6.    8.    8.    8.    9.   10.   11.   12.   16.
   20.   21.   22.   22.   24.   25.   27.   31.   43.   48.   51.   51.
   51.   54.   60.   61.   61.   61.   63.   65.   65.   71.   71.   72.
   73.   78.   81.   82.   82.   83.   84.   84.   87.   90.   92.   92.
   93.   95.   98.   99.][-99. -97. -95. -94. -93. -93. -90. -89. -87. -82. -81. -80. -79. -76.
 -73. -73. -69. -65. -62. -59. -47. -45. -41. -39. -36. -36. -34. -33.
 -33. -29. -26. -22. -20. -19. -17. -15. -14.  -9.  -9.  -6.  -5.  -1.
   0.   0.   0.   4.   8.  10.  10.  12.  14.  17.  20.  21.  23.  24.
  27.  27.  28.  33.  35.  36.  38.  39.  40.  42.  44.  44.  46.  48.
  49.  51.  54.  55.  57.  58.  59.  59.  59.  61.  67.  67.  68.  73.
  74.  75.  75.  79.  82.  85.  85.  85.  85.  86.  88.  89.  92.  92.
  94.  94.][-99. -99. -95. -94. -93. -90. -89. -88. -88. -87. -87. -80. -79. -77.
 -76. -75. -74. -72. -71. -68. -66. -63. -63. -62. -54. -52. -51. -50.
 -50. -45. -40. -37. -37. -37. -33. -27. -27. -25. -23. -18. -12. -12.
  -9.  -8.  -8.  -3.  -2.  -2.   0.   3.   3.   4.   4.   9.  10.  12.
  16.  16.  17.  18.  19.  22.  25.  26.  34.  34.  37.  37.  38.  39.
  45.  46.  49.  52.  52.  53.  54.  56.  58.  58.  62.  67.  68.  69.
  69.  70.  71.  72.  74.  77.  78.  79.  83.  84.  86.  89.  89.  94.
  95.  99.][-96. -95. -91. -91. -91. -89. -87. -87. -86. -85. -78. -78. -73. -72.
 -65. -64. -56. -55. -50. -50. -49. -48. -47. -46. -44. -41. -38. -37.
 -36. -33. -32. -31. -31. -25. -25. -23. -22. -21. -21. -20. -18. -13.
 -11.  -8.  -8.  -6.  -4.  -4.  -4.  -3.  -1.  -1.   2.   3.   4.   5.
   9.  10.  17.  21.  21.  24.  27.  30.  35.  35.  36.  37.  38.  43.
  43.  46.  46.  50.  50.  55.  56.  56.  57.  59.  60.  61.  61.  64.
  64.  69.  71.  71.  76.  81.  84.  86.  86.  87.  88.  88.  91.  97.
  97.  99.][-100.  -96.  -95.  -94.  -92.  -87.  -83.  -83.  -79.  -78.  -78.  -78.
  -77.  -76.  -75.  -62.  -61.  -60.  -58.  -57.  -52.  -51.  -46.  -45.
  -44.  -43.  -41.  -39.  -39.  -39.  -38.  -37.  -31.  -27.  -26.  -23.
  -21.  -20.  -17.  -16.  -15.  -14.  -10.   -3.   -3.    0.    1.    2.
    2.    5.   13.   14.   15.   16.   26.   27.   30.   31.   32.   32.
   35.   40.   42.   49.   49.   49.   50.   53.   53.   55.   56.   57.
   57.   61.   62.   63.   63.   64.   67.   68.   69.   70.   72.   73.
   76.   76.   78.   79.   81.   84.   84.   84.   85.   86.   87.   92.
   96.   96.  100.  100.][-100.  -99.  -99.  -95.  -94.  -94.  -93.  -93.  -92.  -91.  -91.  -89.
  -87.  -86.  -86.  -83.  -79.  -79.  -74.  -72.  -72.  -66.  -65.  -65.
  -63.  -60.  -60.  -54.  -51.  -49.  -49.  -47.  -46.  -43.  -39.  -39.
  -38.  -37.  -36.  -33.  -33.  -33.  -33.  -32.  -32.  -31.  -30.  -28.
  -27.  -27.  -18.  -16.  -16.  -12.   -5.   -4.   -1.    7.    7.    8.
   12.   13.   13.   18.   20.   21.   22.   27.   33.   34.   35.   39.
   41.   42.   42.   44.   44.   47.   48.   48.   49.   49.   54.   60.
   60.   64.   67.   68.   71.   74.   77.   80.   81.   81.   85.   90.
   92.   93.   93.   97.][-96. -95. -95. -94. -94. -91. -80. -78. -77. -75. -74. -70. -64. -63.
 -58. -57. -55. -53. -51. -51. -49. -46. -45. -41. -41. -36. -35. -32.
 -31. -30. -29. -29. -23. -20. -16. -15. -14. -13.  -9.  -8.  -7.  -6.
  -5.  -5.  -4.  -2.  -1.   1.   3.   5.   6.   6.   9.  13.  15.  17.
  19.  20.  22.  22.  30.  33.  33.  38.  38.  41.  42.  43.  43.  48.
  51.  51.  51.  53.  61.  62.  63.  64.  65.  68.  69.  70.  72.  72.
  72.  74.  74.  75.  82.  84.  87.  87.  88.  89.  90.  90.  92.  94.
  96.  97.][-96. -96. -96. -96. -93. -93. -87. -86. -83. -79. -76. -72. -71. -70.
 -69. -68. -62. -59. -59. -58. -58. -55. -55. -55. -52. -51. -48. -44.
 -41. -38. -36. -36. -35. -33. -31. -30. -27. -24. -21. -19. -19. -19.
 -17. -15. -14.  -9.  -5.  -2.   0.   2.   4.   5.   6.  12.  13.  15.
  16.  16.  19.  26.  27.  28.  29.  30.  33.  36.  39.  39.  41.  41.
  41.  45.  55.  57.  58.  59.  62.  64.  64.  65.  69.  69.  69.  70.
  71.  73.  75.  79.  79.  80.  82.  86.  88.  88.  90.  93.  94.  97.
  98. 100.][-100. -100.  -97.  -96.  -94.  -94.  -91.  -89.  -87.  -86.  -85.  -83.
  -83.  -83.  -78.  -74.  -73.  -73.  -68.  -67.  -67.  -64.  -64.  -64.
  -61.  -56.  -49.  -49.  -47.  -45.  -45.  -44.  -43.  -42.  -41.  -41.
  -31.  -24.  -23.  -21.  -20.  -18.  -18.  -17.  -17.  -11.   -9.   -6.
   -5.   -3.   -3.    3.    6.    6.    7.    8.   12.   12.   13.   14.
   15.   23.   23.   24.   24.   25.   26.   33.   35.   37.   37.   39.
   39.   43.   44.   46.   47.   48.   52.   56.   60.   60.   62.   63.
   68.   68.   68.   72.   73.   73.   75.   75.   76.   77.   81.   89.
   92.   92.   97.  100.][-91. -91. -90. -87. -86. -86. -86. -84. -83. -83. -79. -78. -77. -77.
 -75. -73. -67. -65. -64. -64. -63. -61. -59. -53. -53. -52. -52. -50.
 -49. -47. -46. -45. -45. -44. -40. -40. -38. -38. -37. -34. -32. -31.
 -25. -22. -18. -12.  -8.  -7.  -7.  -5.  -2.  -2.  -1.   3.   7.   7.
   9.  11.  12.  17.  19.  20.  26.  30.  36.  37.  43.  44.  47.  48.
  48.  49.  55.  58.  60.  63.  64.  68.  69.  69.  69.  71.  71.  76.
  77.  77.  82.  83.  85.  86.  86.  88.  89.  89.  91.  92.  93.  96.
  99. 100.][-99. -98. -97. -96. -93. -93. -90. -89. -89. -88. -87. -86. -84. -82.
 -81. -81. -80. -79. -76. -75. -71. -70. -66. -64. -61. -57. -55. -55.
 -55. -54. -54. -51. -47. -46. -46. -40. -39. -37. -34. -32. -28. -19.
 -18. -15. -14. -14. -11. -11.  -9.  -7.   1.   1.   2.   5.   5.   5.
   5.   6.  11.  14.  16.  17.  19.  21.  28.  30.  32.  34.  38.  39.
  40.  45.  47.  48.  54.  54.  54.  55.  56.  56.  56.  65.  65.  67.
  68.  70.  71.  78.  79.  81.  81.  83.  84.  87.  89.  91.  92.  92.
  97.  99.][-100.  -96.  -93.  -92.  -91.  -89.  -81.  -80.  -80.  -75.  -74.  -66.
  -65.  -60.  -58.  -57.  -57.  -54.  -52.  -51.  -49.  -46.  -45.  -41.
  -40.  -36.  -35.  -34.  -33.  -30.  -30.  -30.  -29.  -27.  -26.  -25.
  -24.  -21.  -19.  -16.  -16.  -15.  -10.  -10.   -6.   -5.   -4.    1.
    8.   12.   12.   12.   16.   17.   23.   23.   24.   24.   25.   29.
   33.   34.   37.   40.   41.   44.   47.   49.   50.   51.   52.   55.
   56.   60.   61.   61.   61.   62.   63.   64.   65.   65.   68.   69.
   72.   73.   76.   78.   80.   82.   84.   88.   91.   92.   94.   94.
   94.   95.   97.   99.][-91. -91. -86. -81. -77. -68. -65. -64. -61. -59. -57. -54. -53. -49.
 -48. -47. -47. -44. -40. -40. -40. -39. -38. -37. -35. -33. -33. -30.
 -29. -27. -26. -24. -22. -13. -11. -10. -10.  -5.  -5.  -3.  -3.  -2.
  -1.   2.   2.   4.  12.  12.  13.  14.  14.  19.  19.  23.  24.  25.
  25.  25.  28.  29.  29.  31.  33.  35.  38.  40.  42.  42.  44.  46.
  51.  52.  52.  56.  56.  58.  59.  60.  64.  66.  72.  73.  73.  77.
  77.  78.  82.  83.  86.  88.  91.  92.  94.  95.  95.  95.  97.  98.
 100. 100.][-100.  -92.  -92.  -90.  -90.  -87.  -79.  -78.  -78.  -76.  -72.  -70.
  -68.  -67.  -64.  -63.  -61.  -60.  -58.  -54.  -54.  -53.  -51.  -49.
  -48.  -47.  -47.  -46.  -39.  -38.  -35.  -29.  -28.  -26.  -24.  -24.
  -23.  -20.  -19.  -16.  -16.  -15.  -13.   -5.   -2.    4.    6.    7.
    9.    9.    9.   10.   11.   14.   14.   15.   16.   16.   17.   17.
   19.   21.   23.   27.   28.   30.   31.   35.   37.   41.   43.   44.
   48.   49.   51.   52.   54.   55.   57.   59.   68.   68.   69.   70.
   71.   71.   77.   78.   82.   84.   84.   85.   87.   91.   92.   92.
   92.   93.   94.  100.][-100.  -96.  -94.  -94.  -94.  -92.  -89.  -86.  -86.  -85.  -84.  -84.
  -82.  -80.  -79.  -76.  -76.  -75.  -71.  -70.  -68.  -65.  -61.  -57.
  -53.  -51.  -50.  -47.  -46.  -43.  -43.  -42.  -41.  -41.  -37.  -33.
  -33.  -26.  -23.  -22.  -17.  -17.  -17.  -15.  -15.  -14.  -11.   -9.
   -4.   -3.   -3.    4.    6.   10.   10.   11.   11.   14.   15.   16.
   17.   17.   21.   22.   23.   25.   25.   27.   28.   29.   29.   29.
   37.   42.   43.   46.   47.   48.   51.   53.   53.   56.   58.   61.
   62.   63.   66.   67.   69.   73.   74.   75.   83.   84.   91.   94.
   95.   96.   96.   96.][-100.  -99.  -98.  -98.  -96.  -93.  -85.  -84.  -82.  -82.  -82.  -80.
  -76.  -76.  -74.  -66.  -65.  -63.  -62.  -57.  -56.  -53.  -52.  -51.
  -48.  -45.  -44.  -37.  -34.  -34.  -30.  -27.  -26.  -23.  -22.  -19.
  -15.  -13.  -11.   -9.   -8.   -6.   -4.   -2.   -1.    0.    0.    1.
    3.    3.    7.    9.    9.   10.   19.   20.   23.   23.   25.   26.
   26.   28.   29.   29.   31.   33.   33.   35.   35.   36.   43.   47.
   50.   52.   57.   58.   61.   64.   65.   67.   72.   74.   75.   76.
   77.   78.   79.   79.   80.   82.   83.   85.   88.   88.   90.   93.
   96.   97.   97.   99.][-100.  -99.  -94.  -91.  -89.  -88.  -86.  -86.  -85.  -85.  -81.  -80.
  -80.  -79.  -77.  -77.  -75.  -75.  -74.  -64.  -62.  -62.  -61.  -59.
  -58.  -55.  -52.  -46.  -36.  -32.  -29.  -28.  -27.  -25.  -24.  -24.
  -23.  -22.  -20.  -15.  -15.  -13.  -10.   -8.   -8.   -7.   -6.   -6.
   -6.   -5.   -3.    0.    6.    7.    8.    8.   10.   11.   12.   14.
   16.   18.   18.   19.   22.   23.   31.   31.   35.   41.   41.   46.
   47.   47.   48.   54.   57.   58.   58.   59.   62.   62.   63.   63.
   73.   78.   81.   83.   85.   85.   86.   86.   88.   88.   89.   90.
   94.   96.   97.   97.][-100.  -98.  -92.  -88.  -85.  -85.  -83.  -83.  -79.  -78.  -76.  -75.
  -73.  -69.  -56.  -55.  -53.  -52.  -51.  -51.  -49.  -47.  -45.  -44.
  -42.  -41.  -37.  -35.  -34.  -33.  -30.  -23.  -23.  -22.  -21.  -18.
  -18.  -17.  -14.  -13.   -9.   -8.   -4.   -3.   -3.    0.    0.    3.
    7.    8.   12.   13.   18.   19.   22.   22.   24.   24.   25.   25.
   26.   29.   30.   33.   34.   35.   39.   40.   44.   46.   46.   47.
   49.   52.   52.   54.   54.   55.   56.   59.   61.   62.   75.   76.
   76.   77.   78.   80.   84.   84.   86.   86.   88.   91.   91.   91.
   92.   92.   93.   96.][-99. -99. -96. -96. -95. -92. -91. -90. -87. -86. -86. -86. -84. -82.
 -73. -72. -69. -62. -60. -58. -57. -56. -55. -52. -49. -49. -48. -44.
 -42. -42. -40. -39. -35. -35. -35. -34. -33. -33. -32. -31. -28. -26.
 -22. -22. -21. -20. -15. -12. -10.  -8.  -4.  -2.  -2.  -2.   4.   9.
  10.  14.  14.  15.  16.  17.  18.  21.  22.  23.  26.  30.  32.  33.
  37.  45.  49.  54.  54.  55.  56.  57.  58.  59.  61.  61.  63.  65.
  67.  68.  72.  72.  73.  73.  77.  78.  81.  85.  90.  94.  96.  96.
  97.  98.][-100.  -99.  -98.  -96.  -95.  -94.  -94.  -94.  -92.  -92.  -90.  -86.
  -85.  -85.  -84.  -82.  -79.  -78.  -77.  -76.  -69.  -67.  -65.  -64.
  -60.  -58.  -55.  -54.  -52.  -49.  -48.  -47.  -46.  -44.  -41.  -39.
  -37.  -37.  -36.  -35.  -35.  -34.  -31.  -27.  -22.  -21.  -21.  -20.
  -18.  -13.  -13.  -12.  -10.  -10.   -8.   -5.   -5.   -2.    0.    9.
   11.   11.   13.   15.   17.   19.   21.   22.   28.   30.   31.   33.
   34.   37.   38.   40.   42.   44.   46.   48.   50.   54.   57.   57.
   58.   60.   60.   61.   70.   71.   72.   72.   74.   77.   80.   82.
   95.   95.   96.   98.][-99. -97. -97. -96. -86. -85. -83. -83. -82. -76. -73. -68. -67. -66.
 -60. -58. -56. -54. -54. -53. -50. -49. -48. -43. -42. -40. -36. -35.
 -35. -33. -26. -24. -24. -23. -21. -15. -15. -15. -15. -14. -12. -11.
 -11.  -2.  -2.   1.   4.   5.   6.   9.  10.  12.  13.  15.  16.  20.
  20.  24.  27.  28.  29.  31.  35.  37.  38.  41.  42.  42.  44.  47.
  48.  51.  53.  54.  57.  57.  58.  60.  62.  64.  66.  68.  71.  73.
  75.  80.  81.  82.  86.  88.  89.  90.  90.  91.  95.  95.  96.  96.
  99. 100.][-98. -95. -95. -95. -93. -92. -90. -85. -84. -84. -73. -72. -71. -70.
 -68. -67. -67. -66. -65. -65. -63. -62. -61. -60. -60. -57. -54. -54.
 -53. -50. -49. -47. -47. -45. -44. -41. -39. -38. -38. -36. -36. -35.
 -27. -24. -22. -20. -14. -12.  -9.  -7.  -3.  -1.   0.   4.   5.   7.
   7.  10.  20.  22.  23.  24.  31.  35.  36.  36.  36.  36.  36.  42.
  43.  43.  46.  51.  57.  57.  57.  59.  59.  60.  61.  63.  65.  68.
  70.  71.  76.  78.  80.  82.  82.  83.  83.  86.  87.  89.  95.  96.
  98. 100.][-100.  -97.  -97.  -97.  -95.  -93.  -92.  -87.  -85.  -82.  -80.  -79.
  -77.  -75.  -69.  -69.  -68.  -67.  -67.  -62.  -61.  -59.  -56.  -52.
  -42.  -41.  -41.  -34.  -33.  -32.  -31.  -28.  -27.  -18.  -17.  -16.
  -16.  -15.  -13.  -12.  -12.  -12.  -12.  -11.   -7.   -5.   -4.   -3.
   -2.   -2.   -1.   -1.    1.    3.    7.    9.   10.   13.   15.   18.
   19.   20.   23.   25.   26.   27.   28.   30.   30.   31.   35.   35.
   37.   38.   39.   40.   44.   44.   51.   52.   52.   61.   65.   66.
   67.   72.   74.   78.   80.   82.   83.   84.   85.   86.   89.   89.
   95.   96.   99.  100.][-98. -92. -91. -90. -85. -84. -83. -81. -80. -80. -75. -69. -66. -66.
 -64. -62. -61. -59. -56. -54. -53. -53. -53. -51. -47. -47. -45. -45.
 -43. -40. -38. -38. -38. -37. -36. -34. -32. -30. -28. -24. -21. -19.
 -17. -14. -13. -13.  -9.  -9.  -4.  -4.  -3.   0.   1.   2.   2.   3.
   3.   4.   9.  10.  10.  12.  12.  15.  16.  20.  24.  29.  35.  36.
  38.  38.  40.  40.  41.  49.  49.  52.  52.  53.  57.  59.  62.  64.
  68.  70.  77.  80.  82.  83.  85.  86.  89.  90.  91.  91.  92.  93.
  97. 100.][-95. -94. -89. -81. -77. -76. -75. -71. -71. -70. -70. -65. -64. -63.
 -61. -59. -59. -58. -56. -56. -53. -49. -49. -46. -45. -44. -43. -40.
 -40. -39. -35. -32. -31. -30. -29. -28. -28. -25. -23. -19. -19. -17.
 -16. -16. -15. -14. -13. -12. -12. -11.  -4.  -1.   0.   3.   5.   6.
  10.  11.  12.  14.  14.  15.  16.  17.  17.  21.  22.  30.  32.  33.
  33.  33.  36.  41.  47.  51.  52.  53.  53.  55.  55.  55.  56.  61.
  61.  63.  65.  65.  65.  68.  68.  71.  79.  79.  82.  85.  85.  89.
  94.  97.][-98. -93. -92. -92. -90. -89. -88. -81. -79. -79. -77. -71. -70. -67.
 -67. -66. -65. -64. -61. -58. -55. -54. -50. -50. -46. -44. -42. -39.
 -39. -39. -37. -37. -37. -36. -36. -34. -31. -26. -24. -23. -20. -19.
 -16. -16. -11. -11. -11. -10.  -3.  -2.  -2.  -1.  -1.   0.   9.  15.
  16.  19.  22.  23.  23.  24.  27.  27.  28.  29.  31.  33.  35.  35.
  36.  38.  39.  40.  46.  47.  49.  50.  53.  54.  55.  56.  58.  59.
  61.  62.  71.  73.  73.  74.  76.  79.  82.  85.  87.  88.  89.  92.
  95.  99.][-100. -100.  -99.  -96.  -96.  -95.  -93.  -85.  -83.  -82.  -82.  -80.
  -79.  -78.  -75.  -74.  -74.  -71.  -70.  -69.  -67.  -66.  -60.  -54.
  -53.  -53.  -53.  -52.  -51.  -49.  -49.  -47.  -42.  -40.  -39.  -39.
  -37.  -37.  -32.  -32.  -28.  -28.  -26.  -24.  -20.  -19.  -14.   -8.
   -8.   -5.   -1.    0.    0.    3.    5.    6.    6.    6.    7.   11.
   13.   18.   19.   20.   20.   22.   22.   22.   24.   26.   26.   28.
   31.   38.   38.   41.   46.   47.   49.   50.   51.   53.   58.   62.
   74.   75.   75.   75.   76.   78.   79.   83.   84.   87.   88.   91.
   92.   95.   98.   99.][-97. -96. -94. -93. -89. -88. -87. -87. -86. -86. -81. -78. -76. -75.
 -74. -73. -66. -65. -64. -60. -60. -59. -58. -56. -53. -52. -51. -47.
 -45. -40. -40. -39. -38. -37. -36. -33. -32. -27. -26. -26. -24. -18.
 -17. -17. -15. -13. -12. -12. -11.  -7.  -3.  -1.   0.   0.   7.   8.
   8.  12.  13.  13.  19.  19.  24.  27.  29.  29.  29.  31.  32.  36.
  37.  39.  39.  40.  43.  45.  46.  46.  48.  51.  56.  60.  61.  62.
  65.  66.  68.  68.  69.  69.  70.  72.  76.  79.  83.  84.  85.  88.
  95.  98.][-97. -96. -95. -95. -95. -93. -92. -89. -89. -82. -76. -73. -73. -67.
 -63. -62. -62. -60. -58. -56. -54. -51. -47. -46. -45. -44. -40. -39.
 -37. -34. -33. -31. -25. -23. -18. -17. -17. -17. -16. -15. -13. -12.
 -11.  -3.  -3.   0.   5.   6.   7.  12.  15.  17.  18.  22.  22.  23.
  24.  25.  26.  30.  31.  31.  36.  37.  38.  40.  41.  41.  47.  50.
  50.  51.  52.  53.  57.  58.  58.  59.  59.  59.  61.  62.  66.  67.
  67.  67.  68.  74.  74.  74.  75.  78.  82.  89.  93.  96.  97.  99.
  99.  99.][-98. -94. -93. -92. -92. -90. -86. -85. -83. -80. -80. -80. -79. -76.
 -70. -69. -69. -68. -66. -66. -64. -63. -63. -63. -60. -55. -55. -53.
 -51. -47. -44. -41. -41. -40. -40. -37. -36. -35. -29. -26. -22. -20.
 -16. -15. -12. -12. -10.  -9.  -7.  -3.  -3.  -2.  -2.  -2.   0.   1.
   2.   3.   5.   7.   7.  13.  19.  20.  23.  24.  25.  26.  29.  30.
  31.  43.  44.  49.  50.  51.  53.  57.  57.  58.  59.  62.  63.  65.
  69.  71.  71.  72.  73.  74.  76.  76.  81.  83.  84.  86.  90.  97.
  98.  98.][-98. -97. -97. -95. -95. -91. -91. -89. -86. -85. -79. -79. -74. -71.
 -69. -68. -65. -64. -64. -59. -56. -52. -48. -48. -46. -41. -39. -39.
 -36. -36. -29. -25. -21. -18. -15. -12. -12.  -9.  -7.  -5.  -4.  -3.
  -2.  -2.   1.   2.   3.   6.  13.  13.  14.  14.  15.  16.  22.  22.
  22.  24.  26.  30.  30.  32.  33.  35.  37.  39.  43.  45.  47.  47.
  47.  50.  50.  58.  62.  64.  64.  64.  66.  68.  73.  74.  75.  78.
  83.  83.  85.  86.  86.  86.  87.  87.  88.  92.  93.  94.  95.  96.
  99.  99.][-98. -97. -97. -96. -93. -93. -92. -90. -84. -82. -76. -76. -68. -66.
 -66. -64. -63. -60. -59. -57. -56. -56. -53. -47. -46. -45. -41. -39.
 -37. -34. -33. -31. -24. -22. -19. -15. -14. -13. -11. -11. -10.  -8.
  -7.  -6.  -5.  -4.   5.   7.   8.   8.  11.  11.  12.  12.  13.  15.
  17.  19.  25.  29.  30.  31.  32.  34.  35.  35.  38.  41.  44.  47.
  49.  53.  53.  55.  57.  62.  62.  64.  64.  66.  68.  71.  71.  73.
  74.  74.  77.  82.  83.  84.  87.  89.  89.  90.  92.  92.  94.  94.
  99.  99.][-94. -93. -92. -87. -82. -81. -80. -77. -72. -70. -68. -65. -63. -62.
 -60. -58. -54. -43. -42. -40. -34. -30. -22. -20. -18. -16. -15. -15.
 -13. -13. -12. -10.  -9.  -9.  -8.  -5.  -3.   0.   1.   5.   5.   5.
   6.   6.   7.  11.  12.  12.  13.  17.  20.  24.  26.  26.  27.  27.
  27.  29.  32.  32.  34.  34.  35.  40.  41.  42.  43.  44.  46.  46.
  46.  47.  48.  48.  48.  50.  51.  61.  61.  62.  64.  67.  68.  71.
  71.  74.  75.  76.  77.  77.  78.  79.  83.  86.  89.  89.  90.  92.
  95.  98.][-100.  -94.  -94.  -88.  -87.  -85.  -85.  -83.  -80.  -79.  -79.  -76.
  -72.  -72.  -69.  -69.  -66.  -65.  -63.  -63.  -62.  -60.  -59.  -57.
  -56.  -55.  -52.  -52.  -51.  -49.  -48.  -36.  -36.  -36.  -32.  -31.
  -30.  -29.  -29.  -27.  -25.  -22.  -16.  -15.  -13.   -7.   -5.   -5.
   -4.   -4.    3.    5.    6.    6.    7.   10.   12.   12.   18.   19.
   21.   21.   25.   29.   33.   38.   39.   42.   44.   46.   49.   50.
   51.   55.   58.   59.   61.   61.   64.   68.   69.   72.   73.   73.
   75.   76.   78.   79.   79.   81.   82.   82.   83.   86.   88.   90.
   91.   93.   95.   98.][-100.  -99.  -98.  -98.  -97.  -96.  -93.  -91.  -91.  -89.  -89.  -87.
  -86.  -86.  -86.  -85.  -72.  -72.  -69.  -67.  -67.  -67.  -66.  -64.
  -64.  -63.  -62.  -58.  -57.  -57.  -56.  -52.  -51.  -51.  -46.  -41.
  -35.  -35.  -34.  -34.  -33.  -32.  -28.  -26.  -26.  -25.  -22.  -21.
  -18.  -15.  -12.  -11.   -7.   -4.    1.    3.    4.    7.    7.    7.
    8.   13.   14.   15.   16.   16.   17.   20.   21.   23.   27.   28.
   29.   38.   39.   43.   44.   48.   50.   51.   52.   57.   60.   60.
   66.   72.   72.   75.   77.   77.   77.   80.   80.   82.   85.   90.
   91.   95.   98.   99.][-98. -97. -96. -95. -91. -91. -90. -86. -84. -84. -78. -76. -74. -72.
 -72. -62. -62. -58. -56. -54. -54. -53. -52. -52. -51. -51. -49. -49.
 -48. -45. -45. -44. -37. -35. -34. -33. -32. -31. -25. -25. -22. -21.
 -20. -20. -20. -14. -13.  -9.  -6.  -4.   0.   0.   8.   9.  11.  12.
  14.  16.  17.  17.  19.  23.  25.  28.  30.  35.  36.  36.  38.  40.
  42.  43.  46.  48.  49.  52.  55.  58.  64.  64.  66.  66.  67.  70.
  70.  71.  73.  74.  76.  76.  79.  81.  84.  85.  87.  87.  91.  91.
  97. 100.][-92. -92. -90. -87. -84. -83. -80. -80. -76. -76. -74. -74. -73. -63.
 -62. -62. -62. -55. -54. -51. -49. -46. -44. -41. -36. -33. -30. -29.
 -29. -27. -26. -26. -23. -23. -22. -20. -18. -15. -14. -12.  -8.  -5.
  -4.  -1.   1.   1.   3.   7.   7.  11.  14.  16.  16.  17.  19.  23.
  25.  27.  27.  28.  31.  37.  38.  39.  42.  42.  42.  44.  45.  47.
  48.  58.  62.  62.  65.  65.  67.  68.  69.  70.  71.  71.  72.  74.
  74.  75.  77.  79.  81.  81.  82.  82.  89.  90.  92.  93.  95.  96.
  98. 100.][-100. -100.  -90.  -88.  -84.  -82.  -82.  -80.  -74.  -72.  -72.  -71.
  -70.  -65.  -62.  -62.  -61.  -59.  -57.  -55.  -54.  -49.  -49.  -46.
  -46.  -45.  -44.  -43.  -43.  -40.  -39.  -38.  -38.  -36.  -32.  -31.
  -30.  -29.  -27.  -26.  -24.  -20.  -18.  -16.  -14.  -12.  -11.  -10.
   -9.   -9.   -7.   -5.   -1.    0.    2.    8.   14.   17.   17.   21.
   22.   23.   25.   25.   29.   33.   34.   34.   39.   40.   41.   47.
   48.   48.   49.   52.   57.   58.   59.   59.   64.   65.   67.   69.
   70.   71.   76.   80.   81.   82.   87.   88.   88.   89.   91.   91.
   94.   97.  100.  100.][-96. -90. -86. -84. -84. -73. -70. -70. -68. -67. -66. -60. -57. -57.
 -56. -55. -54. -47. -47. -47. -46. -42. -42. -42. -39. -36. -33. -32.
 -31. -29. -29. -20. -16. -13. -12. -12. -11.  -8.  -6.  -5.  -2.  -1.
  -1.   3.   4.   7.   9.  12.  15.  16.  18.  24.  26.  27.  32.  32.
  33.  33.  34.  35.  35.  35.  39.  39.  41.  46.  47.  47.  48.  49.
  53.  59.  63.  63.  63.  65.  68.  69.  73.  73.  74.  76.  77.  77.
  78.  79.  82.  83.  83.  84.  84.  87.  88.  89.  89.  92.  96.  99.
 100. 100.]