[-99. -96. -93. -92. -80. -74. -73. -72. -71. -70. -69. -67. -63. -61.
 -60. -60. -59. -59. -57. -55. -50. -49. -47. -47. -35. -32. -30. -28.
 -28. -24. -24. -19. -18. -16. -14.  -7.  -5.  -3.   1.   1.   3.   5.
   6.   8.  11.  12.  12.  18.  19.  22.  24.  25.  26.  28.  30.  34.
  36.  37.  38.  39.  41.  41.  42.  43.  44.  44.  45.  46.  49.  52.
  53.  57.  59.  61.  63.  65.  65.  68.  68.  68.  71.  72.  75.  78.
  80.  81.  82.  83.  86.  88.  88.  90.  93.  95.  96.  96.  96.  98.
  99. 100.][-100.  -94.  -93.  -92.  -90.  -86.  -80.  -79.  -79.  -78.  -77.  -73.
  -72.  -71.  -69.  -67.  -65.  -63.  -59.  -52.  -35.  -33.  -32.  -28.
  -27.  -27.  -26.  -24.  -21.  -20.  -19.  -14.  -14.  -11.   -5.   -5.
   -4.   -3.   -2.   -2.   -1.    0.    1.    4.    4.    5.    6.    6.
   12.   15.   19.   19.   20.   20.   21.   22.   24.   26.   27.   28.
   29.   30.   36.   40.   41.   49.   52.   54.   55.   57.   61.   63.
   63.   64.   66.   66.   68.   69.   70.   75.   76.   80.   84.   85.
   85.   88.   88.   89.   89.   90.   93.   93.   93.   94.   95.   96.
   97.   97.   98.  100.][-100.  -97.  -97.  -94.  -87.  -85.  -85.  -81.  -81.  -78.  -74.  -74.
  -72.  -69.  -66.  -63.  -62.  -60.  -60.  -59.  -53.  -48.  -48.  -47.
  -39.  -37.  -35.  -35.  -32.  -22.  -21.  -21.  -21.  -18.  -12.  -12.
   -8.   -7.   -7.   -6.    0.    4.    5.    6.    6.    9.   10.   14.
   15.   18.   19.   23.   24.   24.   26.   27.   29.   32.   32.   34.
   34.   35.   35.   38.   41.   42.   44.   46.   46.   48.   51.   51.
   53.   57.   60.   62.   62.   64.   65.   67.   68.   69.   70.   74.
   74.   75.   79.   80.   81.   84.   85.   85.   86.   87.   88.   90.
   90.   90.   92.   98.][-92. -92. -91. -91. -90. -84. -83. -81. -81. -80. -76. -72. -69. -68.
 -67. -64. -64. -63. -62. -59. -54. -54. -52. -50. -47. -46. -46. -40.
 -39. -38. -37. -36. -35. -31. -30. -30. -29. -24. -23. -21. -20. -20.
 -17. -17. -17. -15. -10.  -8.  -8.  -8.  -7.  -7.  -4.  -3.  -1.  -1.
  -1.   1.  17.  19.  22.  24.  25.  26.  27.  28.  29.  34.  35.  36.
  38.  40.  43.  46.  47.  48.  53.  54.  56.  61.  63.  65.  71.  71.
  71.  72.  73.  74.  74.  78.  80.  82.  86.  91.  94.  94.  94.  96.
  96.  99.][-97. -94. -93. -93. -93. -93. -89. -88. -87. -87. -85. -83. -80. -79.
 -76. -74. -74. -72. -68. -65. -65. -62. -61. -61. -59. -56. -56. -56.
 -55. -55. -53. -48. -47. -46. -40. -37. -36. -35. -30. -27. -27. -24.
 -16. -15. -14. -14. -14. -13. -13. -11.  -8.  -7.  -7.  -3.   4.   4.
   4.   5.  13.  15.  28.  34.  34.  36.  37.  39.  41.  42.  42.  45.
  45.  46.  48.  49.  53.  54.  55.  55.  58.  62.  63.  70.  71.  71.
  73.  82.  83.  83.  86.  90.  91.  92.  94.  95.  96.  96.  97.  97.
  97. 100.][-98. -94. -90. -86. -86. -85. -84. -84. -83. -83. -82. -80. -80. -78.
 -78. -76. -70. -68. -64. -58. -54. -54. -52. -51. -43. -40. -38. -36.
 -35. -32. -29. -27. -22. -20. -20. -17. -13.  -9.  -9.  -7.  -7.  -5.
  -3.   2.   3.   5.   8.  11.  11.  15.  18.  20.  21.  22.  24.  25.
  26.  27.  27.  28.  29.  30.  30.  32.  32.  33.  39.  49.  50.  50.
  51.  51.  52.  52.  54.  56.  59.  60.  61.  64.  75.  75.  77.  78.
  78.  79.  80.  81.  82.  83.  86.  87.  87.  87.  92.  96.  96.  98.
  99.  99.][-100.  -99.  -98.  -92.  -91.  -89.  -88.  -88.  -87.  -86.  -84.  -81.
  -78.  -75.  -72.  -71.  -70.  -69.  -65.  -65.  -64.  -60.  -55.  -49.
  -47.  -46.  -46.  -43.  -38.  -37.  -34.  -34.  -32.  -31.  -28.  -27.
  -24.  -24.  -23.  -21.  -19.  -19.  -18.  -16.  -12.  -11.  -11.  -10.
   -7.   -4.   -3.   -2.   -1.    2.    3.    5.    7.   12.   12.   13.
   21.   22.   23.   29.   30.   33.   35.   35.   39.   41.   44.   44.
   47.   48.   51.   54.   56.   60.   67.   68.   71.   74.   75.   80.
   81.   82.   83.   85.   85.   86.   86.   88.   88.   89.   90.   93.
   95.   96.   98.   99.][-98. -97. -97. -96. -90. -87. -80. -77. -72. -70. -70. -70. -69. -67.
 -60. -59. -54. -52. -45. -44. -43. -42. -41. -38. -35. -33. -32. -25.
 -25. -24. -23. -21. -16. -16. -14. -12.  -9.  -7.  -7.  -5.  -5.  -3.
  -1.  -1.   0.   0.   1.   2.   2.   5.   5.   8.  12.  13.  18.  27.
  28.  28.  28.  29.  31.  31.  35.  36.  37.  41.  44.  45.  46.  47.
  49.  50.  52.  55.  56.  58.  59.  60.  60.  60.  63.  67.  67.  71.
  78.  82.  82.  83.  86.  87.  88.  90.  90.  91.  91.  96.  97.  97.
  98. 100.][-96. -93. -92. -91. -91. -90. -88. -87. -83. -82. -78. -75. -75. -70.
 -69. -65. -64. -62. -56. -53. -53. -51. -51. -47. -45. -45. -45. -43.
 -40. -37. -34. -33. -29. -28. -26. -24. -22. -22. -19. -18. -16. -14.
  -9.  -7.  -7.  -6.  -3.  -1.   0.   3.   5.   6.   9.  10.  12.  13.
  17.  20.  21.  23.  26.  27.  33.  33.  33.  34.  35.  40.  41.  43.
  44.  46.  47.  53.  53.  57.  61.  65.  66.  66.  70.  74.  74.  75.
  76.  77.  80.  80.  80.  83.  89.  91.  92.  92.  94.  94.  95.  96.
  96. 100.][-98. -97. -95. -93. -89. -88. -86. -85. -83. -81. -79. -79. -77. -75.
 -72. -71. -69. -65. -64. -63. -60. -53. -52. -52. -45. -44. -41. -41.
 -39. -39. -31. -26. -22. -17. -14. -13. -12.  -8.  -7.  -7.  -6.  -3.
   3.   3.   6.   8.   8.   8.   9.  10.  13.  15.  17.  19.  19.  21.
  23.  25.  26.  30.  30.  31.  35.  36.  37.  39.  39.  40.  45.  51.
  55.  57.  58.  60.  60.  62.  63.  63.  67.  68.  69.  72.  74.  74.
  74.  75.  76.  77.  80.  82.  82.  85.  85.  88.  90.  90.  93.  98.
  99. 100.][-100. -100.  -99.  -97.  -89.  -88.  -85.  -83.  -81.  -81.  -81.  -80.
  -79.  -78.  -77.  -77.  -75.  -75.  -73.  -67.  -64.  -64.  -62.  -61.
  -60.  -57.  -57.  -49.  -48.  -48.  -48.  -47.  -45.  -45.  -42.  -41.
  -40.  -39.  -37.  -37.  -35.  -35.  -33.  -32.  -30.  -30.  -25.  -20.
  -18.  -16.  -15.  -15.  -13.  -12.   -9.   -1.    0.    0.    0.    6.
   10.   11.   11.   13.   15.   17.   19.   20.   25.   26.   30.   32.
   34.   35.   37.   43.   44.   45.   46.   48.   49.   50.   57.   66.
   67.   68.   71.   74.   74.   75.   82.   83.   83.   84.   85.   85.
   88.   97.   98.   99.][-100.  -99.  -99.  -98.  -95.  -90.  -90.  -83.  -82.  -82.  -75.  -74.
  -73.  -69.  -67.  -66.  -64.  -64.  -62.  -61.  -60.  -59.  -58.  -58.
  -57.  -53.  -52.  -51.  -49.  -49.  -48.  -47.  -45.  -45.  -42.  -41.
  -41.  -39.  -39.  -38.  -38.  -37.  -27.  -25.  -21.  -20.  -12.  -10.
   -3.    0.    1.    2.    5.    6.    8.   12.   14.   15.   18.   18.
   26.   30.   30.   32.   33.   36.   38.   38.   39.   41.   44.   44.
   45.   51.   52.   52.   52.   54.   58.   61.   63.   65.   67.   69.
   71.   71.   73.   73.   74.   77.   77.   80.   81.   82.   83.   86.
   93.   94.   94.   94.][-100.  -99.  -94.  -87.  -85.  -83.  -83.  -81.  -79.  -78.  -75.  -75.
  -73.  -72.  -72.  -70.  -70.  -69.  -68.  -67.  -64.  -62.  -56.  -55.
  -54.  -53.  -53.  -50.  -49.  -48.  -46.  -45.  -42.  -41.  -39.  -34.
  -28.  -28.  -27.  -26.  -26.  -22.  -22.  -21.  -21.  -17.  -17.  -15.
  -15.  -14.  -14.  -12.  -11.  -10.   -7.   -7.   -5.   -2.    3.    6.
   11.   13.   14.   14.   16.   19.   21.   22.   25.   26.   28.   34.
   38.   42.   43.   48.   49.   52.   54.   57.   61.   63.   68.   76.
   79.   79.   80.   81.   82.   82.   83.   83.   85.   91.   92.   94.
   97.   98.   99.  100.][-96. -96. -95. -90. -90. -88. -86. -84. -83. -82. -81. -81. -79. -79.
 -77. -76. -74. -73. -72. -66. -66. -64. -64. -64. -63. -62. -61. -60.
 -58. -58. -52. -51. -51. -48. -46. -45. -42. -41. -41. -40. -37. -34.
 -33. -31. -27. -26. -26. -26. -25. -24. -22. -20. -20. -15. -11. -10.
 -10.  -8.  -6.  -6.  -4.  -4.  -2.   1.   1.   5.  10.  12.  15.  31.
  32.  34.  35.  36.  39.  40.  43.  45.  46.  47.  49.  52.  56.  59.
  60.  64.  76.  78.  79.  81.  83.  85.  91.  92.  93.  94.  94.  95.
  99. 100.][-100.  -98.  -95.  -88.  -82.  -74.  -72.  -72.  -71.  -70.  -69.  -67.
  -66.  -65.  -63.  -63.  -63.  -62.  -60.  -58.  -57.  -56.  -53.  -50.
  -47.  -42.  -41.  -41.  -41.  -39.  -36.  -35.  -35.  -33.  -31.  -30.
  -30.  -24.  -23.  -22.  -22.  -20.  -19.  -18.  -17.  -14.  -13.  -13.
  -13.   -8.   -7.   -7.   -7.   -6.   -5.   -2.    0.    2.    4.    4.
    4.    6.   10.   14.   14.   28.   28.   29.   30.   33.   33.   35.
   38.   39.   40.   42.   45.   45.   46.   46.   50.   52.   53.   57.
   57.   61.   67.   67.   71.   72.   74.   87.   87.   91.   91.   92.
   93.   96.   98.   98.][-100.  -94.  -92.  -90.  -89.  -88.  -88.  -87.  -85.  -84.  -82.  -80.
  -79.  -78.  -77.  -71.  -70.  -70.  -67.  -67.  -65.  -64.  -63.  -60.
  -57.  -56.  -49.  -48.  -43.  -42.  -42.  -40.  -37.  -36.  -33.  -31.
  -30.  -29.  -28.  -25.  -17.  -14.  -13.   -2.   -2.    5.    6.   10.
   10.   10.   11.   12.   13.   14.   15.   17.   18.   19.   19.   22.
   24.   27.   29.   30.   32.   34.   35.   35.   40.   40.   41.   45.
   47.   50.   52.   54.   55.   57.   59.   60.   62.   63.   64.   65.
   67.   67.   75.   75.   83.   84.   86.   88.   93.   95.   96.   97.
   97.   97.   97.  100.][-100.  -91.  -88.  -85.  -83.  -83.  -78.  -78.  -76.  -74.  -72.  -70.
  -69.  -68.  -62.  -61.  -58.  -58.  -58.  -56.  -55.  -52.  -44.  -41.
  -40.  -39.  -36.  -36.  -35.  -34.  -33.  -32.  -29.  -26.  -23.  -23.
  -20.  -20.  -20.  -17.  -17.  -12.  -11.   -8.   -7.   -6.   -4.   -1.
   -1.    2.    2.    6.    8.    9.   10.   11.   15.   17.   20.   22.
   22.   23.   26.   26.   27.   28.   29.   38.   38.   42.   44.   46.
   49.   50.   52.   52.   55.   58.   59.   59.   62.   64.   66.   68.
   71.   72.   73.   73.   74.   75.   79.   79.   81.   82.   90.   94.
   95.   98.   99.  100.][-98. -97. -96. -95. -94. -93. -92. -89. -83. -82. -82. -79. -78. -77.
 -76. -73. -71. -71. -69. -68. -66. -63. -58. -58. -58. -58. -57. -56.
 -53. -46. -41. -40. -37. -36. -33. -27. -26. -23. -22. -20. -19. -17.
 -17. -16. -15. -12. -11.  -9.  -8.  -8.  -5.  -1.   1.   1.   3.   4.
   4.   7.  11.  13.  18.  18.  25.  26.  29.  30.  30.  37.  41.  41.
  45.  48.  49.  50.  50.  51.  56.  57.  60.  62.  63.  64.  65.  67.
  73.  76.  77.  77.  78.  78.  85.  85.  85.  87.  87.  90.  91.  95.
  95.  99.][-100.  -97.  -96.  -96.  -95.  -91.  -90.  -88.  -87.  -79.  -79.  -75.
  -75.  -72.  -70.  -69.  -67.  -63.  -63.  -63.  -62.  -61.  -58.  -55.
  -50.  -45.  -37.  -37.  -36.  -36.  -35.  -34.  -28.  -27.  -26.  -22.
  -22.  -18.  -17.  -13.  -12.  -10.   -8.   -6.   -3.   -1.    4.    5.
    6.    7.    8.    8.   11.   13.   13.   13.   15.   15.   17.   17.
   17.   18.   20.   21.   22.   27.   29.   31.   33.   35.   40.   42.
   43.   43.   45.   50.   53.   57.   58.   59.   63.   63.   66.   69.
   71.   72.   73.   76.   78.   84.   86.   87.   88.   88.   88.   88.
   88.   91.   99.  100.][-98. -95. -94. -90. -89. -89. -88. -84. -78. -74. -71. -70. -64. -63.
 -63. -63. -60. -53. -51. -50. -47. -47. -45. -39. -36. -32. -32. -27.
 -24. -23. -22. -17. -16. -16. -15. -14. -13. -12. -11. -11. -10.  -3.
  -1.   5.   6.   6.   6.   7.   7.   9.   9.  10.  12.  13.  15.  16.
  17.  17.  18.  19.  19.  21.  22.  26.  26.  29.  30.  36.  37.  40.
  42.  42.  43.  45.  48.  50.  51.  51.  52.  58.  67.  68.  69.  70.
  71.  75.  77.  77.  80.  85.  87.  87.  89.  90.  91.  91.  98.  99.
 100. 100.][-99. -94. -92. -89. -88. -86. -85. -80. -79. -78. -77. -76. -71. -69.
 -54. -51. -51. -44. -39. -37. -34. -33. -32. -31. -28. -23. -22. -21.
 -16. -14. -13. -11.  -7.  -7.  -5.  -4.  -4.  -4.  -1.   2.   4.   4.
   5.  11.  12.  17.  17.  19.  22.  23.  25.  27.  29.  30.  31.  36.
  36.  40.  42.  43.  45.  45.  45.  50.  54.  55.  58.  58.  59.  59.
  60.  61.  62.  63.  66.  69.  69.  70.  74.  77.  79.  79.  80.  80.
  81.  82.  82.  83.  83.  84.  84.  87.  87.  88.  91.  92.  93.  97.
  97.  99.][-97. -94. -94. -90. -89. -89. -88. -87. -87. -86. -85. -84. -84. -81.
 -81. -79. -75. -75. -74. -70. -67. -64. -64. -62. -60. -59. -58. -57.
 -57. -54. -54. -53. -51. -50. -48. -47. -46. -44. -42. -37. -36. -28.
 -28. -25. -21. -11.  -9.  -3.  -3.  -2.   0.   3.   6.   6.   9.  13.
  14.  24.  24.  26.  28.  29.  29.  32.  33.  33.  41.  43.  45.  47.
  53.  54.  55.  56.  57.  62.  62.  67.  71.  72.  73.  75.  76.  77.
  77.  81.  83.  84.  84.  84.  85.  86.  88.  90.  90.  92.  93.  95.
  95.  98.][-100.  -98.  -89.  -86.  -85.  -77.  -77.  -74.  -73.  -72.  -68.  -67.
  -64.  -64.  -64.  -63.  -57.  -56.  -53.  -51.  -50.  -50.  -49.  -45.
  -43.  -43.  -41.  -37.  -36.  -36.  -36.  -34.  -33.  -31.  -30.  -29.
  -28.  -27.  -26.  -24.  -18.  -18.  -17.  -17.  -16.  -16.  -15.  -12.
   -7.   -3.    2.    2.    3.    5.    6.   19.   19.   21.   24.   25.
   26.   28.   31.   32.   32.   33.   35.   35.   35.   41.   44.   44.
   44.   47.   48.   50.   51.   54.   64.   72.   74.   75.   75.   76.
   78.   79.   80.   82.   83.   84.   85.   85.   86.   86.   91.   92.
   92.   93.   96.   96.][-98. -91. -89. -89. -85. -82. -80. -79. -78. -78. -77. -76. -67. -67.
 -65. -64. -64. -64. -62. -60. -59. -59. -57. -55. -52. -51. -50. -48.
 -48. -47. -46. -45. -44. -43. -40. -39. -37. -36. -24. -23. -21. -21.
 -20. -19. -15. -12. -11.  -8.  -8.  -7.  -7.  -6.  -4.  -2.   1.   5.
   6.   8.  11.  13.  14.  17.  17.  18.  19.  24.  25.  25.  29.  33.
  36.  44.  45.  46.  46.  50.  54.  54.  54.  55.  56.  58.  63.  65.
  67.  70.  71.  72.  73.  76.  77.  82.  82.  84.  86.  90.  91.  91.
  93.  97.][-98. -98. -95. -95. -89. -88. -86. -85. -82. -81. -81. -80. -80. -71.
 -71. -71. -68. -64. -64. -62. -60. -59. -57. -57. -57. -57. -56. -54.
 -53. -52. -52. -51. -48. -48. -48. -44. -44. -39. -38. -37. -32. -32.
 -32. -30. -29. -29. -27. -22. -21. -20. -17. -12.  -7.  -5.  -4.   0.
   0.   1.   1.   5.   6.   6.   7.  11.  11.  11.  16.  20.  23.  27.
  30.  37.  40.  49.  52.  56.  57.  58.  58.  58.  62.  68.  68.  68.
  69.  70.  71.  72.  75.  79.  80.  80.  82.  85.  87.  88.  95.  98.
 100. 100.][-93. -91. -88. -85. -82. -81. -80. -76. -76. -74. -72. -70. -68. -67.
 -66. -60. -59. -57. -55. -53. -52. -51. -50. -50. -47. -47. -46. -45.
 -42. -42. -39. -31. -26. -24. -24. -22. -20. -19. -17. -15. -13.  -8.
  -6.  -4.  -3.   2.   3.   8.   8.   8.  11.  13.  16.  25.  25.  26.
  26.  26.  29.  31.  31.  32.  33.  36.  38.  38.  38.  40.  42.  43.
  45.  46.  47.  49.  49.  50.  50.  50.  51.  51.  53.  59.  61.  63.
  64.  66.  72.  72.  75.  75.  77.  77.  79.  82.  83.  87.  89.  91.
  93.  98.][-100.  -98.  -97.  -97.  -96.  -94.  -93.  -92.  -92.  -90.  -87.  -73.
  -71.  -69.  -68.  -68.  -65.  -64.  -64.  -64.  -62.  -57.  -57.  -54.
  -53.  -50.  -49.  -48.  -48.  -48.  -46.  -44.  -43.  -42.  -42.  -39.
  -38.  -31.  -30.  -29.  -27.  -25.  -17.  -16.  -12.   -6.   -5.   -4.
   -4.   -2.   -2.    0.    5.    7.   18.   19.   21.   21.   22.   23.
   25.   28.   28.   31.   31.   34.   34.   39.   45.   46.   53.   53.
   60.   62.   62.   63.   64.   64.   66.   67.   68.   70.   76.   77.
   77.   79.   79.   80.   80.   81.   84.   84.   89.   90.   91.   94.
   95.   97.   98.  100.][-100.  -99.  -98.  -98.  -97.  -96.  -95.  -91.  -89.  -88.  -88.  -84.
  -84.  -81.  -80.  -79.  -73.  -70.  -65.  -63.  -52.  -48.  -46.  -46.
  -46.  -44.  -43.  -42.  -42.  -42.  -40.  -33.  -32.  -31.  -30.  -29.
  -29.  -29.  -28.  -25.  -24.  -20.  -19.  -18.  -17.  -17.  -12.  -12.
  -11.  -11.   -9.   -7.   -6.   -4.    0.    3.    5.    8.    8.    8.
   11.   11.   18.   18.   19.   20.   28.   30.   32.   35.   38.   38.
   39.   40.   41.   43.   44.   44.   48.   51.   58.   59.   61.   65.
   66.   68.   68.   69.   75.   75.   80.   84.   84.   86.   88.   89.
   92.   93.   95.   96.][-98. -97. -94. -90. -88. -88. -86. -84. -83. -81. -75. -74. -73. -70.
 -68. -68. -67. -62. -60. -59. -58. -48. -47. -47. -44. -44. -44. -43.
 -42. -42. -40. -39. -39. -37. -35. -29. -29. -26. -24. -23. -22. -21.
 -16. -13. -12. -11. -10.  -7.  -5.  -1.   0.   2.   4.   6.   6.   8.
   8.   9.  11.  14.  15.  15.  15.  15.  18.  18.  20.  20.  22.  29.
  29.  32.  33.  33.  37.  38.  39.  42.  43.  44.  51.  53.  54.  55.
  59.  62.  69.  72.  73.  74.  75.  77.  81.  85.  85.  86.  88.  89.
  91. 100.][-97. -94. -94. -92. -90. -87. -85. -85. -85. -82. -81. -75. -72. -70.
 -67. -66. -64. -64. -62. -61. -59. -56. -55. -54. -54. -49. -47. -47.
 -39. -35. -34. -33. -33. -32. -31. -30. -29. -26. -25. -25. -23. -20.
 -16. -16. -14. -14. -13. -11.  -8.  -7.  -6.  -4.   1.   2.   3.   3.
  13.  16.  16.  21.  21.  21.  23.  24.  25.  26.  29.  35.  37.  38.
  42.  43.  45.  45.  50.  52.  57.  57.  59.  63.  63.  66.  66.  67.
  67.  74.  79.  80.  80.  83.  86.  86.  87.  90.  90.  90.  95.  96.
  96.  97.][-100.  -95.  -93.  -91.  -89.  -86.  -86.  -83.  -82.  -82.  -82.  -76.
  -75.  -73.  -72.  -71.  -69.  -66.  -65.  -60.  -59.  -54.  -54.  -51.
  -47.  -44.  -44.  -43.  -38.  -35.  -34.  -30.  -29.  -28.  -26.  -25.
  -20.  -18.  -16.  -16.  -14.  -13.  -13.   -4.   -1.   -1.    1.    4.
    6.    9.    9.   10.   11.   14.   16.   16.   20.   34.   36.   37.
   38.   38.   40.   41.   41.   43.   44.   45.   46.   50.   52.   53.
   54.   55.   55.   55.   58.   60.   62.   65.   69.   69.   72.   72.
   75.   79.   81.   82.   84.   84.   85.   87.   88.   92.   93.   97.
   97.   99.   99.   99.][-99. -96. -96. -95. -94. -93. -86. -84. -81. -80. -78. -77. -75. -75.
 -73. -70. -70. -69. -67. -65. -55. -55. -49. -49. -45. -44. -43. -42.
 -39. -37. -34. -32. -31. -23. -19. -19. -16. -15.  -9.  -6.  -4.  -3.
   0.   2.   2.   3.   5.   7.  10.  12.  12.  13.  13.  14.  18.  21.
  22.  23.  23.  24.  25.  26.  30.  32.  33.  34.  35.  35.  36.  37.
  45.  47.  51.  52.  52.  54.  55.  58.  61.  61.  70.  72.  73.  73.
  75.  77.  77.  79.  81.  82.  83.  83.  86.  87.  87.  88.  92.  92.
  96. 100.][-100.  -98.  -97.  -97.  -94.  -94.  -93.  -89.  -88.  -88.  -82.  -81.
  -81.  -80.  -80.  -78.  -75.  -71.  -63.  -61.  -61.  -59.  -57.  -54.
  -53.  -53.  -46.  -46.  -46.  -45.  -45.  -44.  -41.  -40.  -37.  -35.
  -33.  -33.  -32.  -31.  -30.  -27.  -26.  -23.  -21.  -20.  -17.  -15.
  -14.  -13.  -12.  -12.  -10.  -10.  -10.   -4.   -2.   -1.   -1.    0.
    5.    6.    8.   17.   18.   19.   20.   22.   24.   27.   29.   34.
   36.   39.   39.   39.   43.   44.   45.   49.   62.   64.   65.   67.
   72.   76.   77.   79.   80.   80.   85.   85.   88.   89.   90.   94.
   95.   95.   97.  100.][-96. -94. -94. -93. -88. -87. -85. -84. -82. -82. -80. -79. -79. -78.
 -74. -71. -70. -69. -68. -63. -62. -61. -61. -54. -51. -50. -49. -46.
 -40. -38. -34. -32. -31. -31. -29. -29. -29. -27. -27. -27. -27. -26.
 -26. -25. -23. -15.  -8.  -7.  -5.  -3.  -3.  -1.   1.   1.   4.   7.
   8.  12.  20.  21.  27.  30.  31.  32.  35.  36.  36.  38.  41.  45.
  45.  50.  50.  52.  56.  56.  57.  58.  61.  67.  68.  69.  69.  71.
  71.  73.  77.  77.  78.  79.  80.  81.  82.  84.  85.  86.  88.  92.
  94. 100.][-100.  -99.  -95.  -91.  -91.  -89.  -86.  -86.  -82.  -80.  -79.  -78.
  -77.  -76.  -75.  -73.  -73.  -69.  -66.  -60.  -59.  -53.  -52.  -52.
  -49.  -43.  -42.  -39.  -38.  -38.  -38.  -38.  -38.  -36.  -35.  -34.
  -33.  -31.  -31.  -30.  -28.  -27.  -25.  -22.  -20.  -18.  -18.  -16.
  -16.  -13.  -12.  -10.   -9.   -7.   -6.   -5.   -5.   -4.   -4.   -2.
   -1.    0.    5.    6.    6.    8.   22.   34.   34.   34.   35.   42.
   43.   44.   45.   46.   51.   51.   54.   55.   63.   69.   71.   72.
   75.   75.   81.   84.   84.   88.   89.   89.   90.   90.   91.   91.
   94.   97.   99.  100.][-99. -98. -96. -96. -94. -94. -92. -87. -83. -80. -78. -78. -76. -73.
 -70. -69. -69. -68. -67. -67. -65. -64. -63. -62. -57. -49. -46. -46.
 -43. -42. -39. -39. -29. -29. -27. -27. -27. -26. -23. -22. -20. -19.
 -18. -17. -17. -17. -15. -15. -10. -10.  -9.  -4.  -3.   0.   9.   9.
  12.  13.  14.  19.  24.  25.  28.  32.  32.  39.  39.  40.  42.  42.
  44.  46.  47.  48.  49.  51.  54.  58.  68.  68.  69.  69.  70.  71.
  72.  73.  77.  78.  79.  79.  80.  82.  84.  90.  92.  92.  94.  95.
  96.  99.][-100.  -97.  -96.  -95.  -95.  -95.  -93.  -93.  -89.  -88.  -87.  -85.
  -84.  -80.  -79.  -79.  -79.  -79.  -78.  -75.  -73.  -73.  -71.  -70.
  -66.  -65.  -64.  -64.  -56.  -56.  -48.  -47.  -45.  -45.  -45.  -41.
  -33.  -27.  -25.  -24.  -22.  -19.  -18.  -11.  -10.   -8.   -7.    0.
    3.    9.   10.   12.   12.   15.   16.   19.   20.   20.   25.   25.
   25.   27.   30.   31.   32.   33.   41.   42.   43.   44.   44.   46.
   50.   52.   53.   54.   58.   60.   65.   71.   72.   73.   74.   74.
   78.   79.   80.   81.   84.   84.   86.   88.   89.   91.   93.   93.
   94.   97.   97.  100.][-100.  -99.  -97.  -95.  -94.  -87.  -84.  -84.  -78.  -78.  -75.  -73.
  -72.  -72.  -70.  -70.  -68.  -66.  -56.  -53.  -52.  -52.  -50.  -50.
  -47.  -47.  -45.  -41.  -39.  -38.  -37.  -37.  -36.  -36.  -36.  -35.
  -32.  -30.  -28.  -28.  -28.  -27.  -26.  -22.  -18.  -17.  -17.  -15.
  -14.  -11.  -10.   -6.    3.    7.    8.   14.   14.   16.   18.   25.
   26.   30.   34.   35.   35.   36.   36.   39.   42.   43.   44.   47.
   48.   50.   51.   55.   56.   56.   62.   62.   63.   64.   65.   69.
   70.   75.   75.   83.   84.   87.   88.   90.   90.   94.   95.   96.
   98.   99.   99.  100.][-100.  -97.  -95.  -94.  -94.  -93.  -91.  -89.  -88.  -86.  -85.  -84.
  -83.  -82.  -76.  -74.  -72.  -70.  -68.  -68.  -66.  -63.  -59.  -56.
  -56.  -55.  -55.  -53.  -52.  -48.  -45.  -45.  -44.  -43.  -41.  -40.
  -37.  -36.  -35.  -35.  -34.  -34.  -27.  -22.  -22.  -14.  -13.  -13.
  -13.  -11.  -10.   -9.   -8.    3.    4.    5.    6.   10.   10.   12.
   12.   13.   17.   19.   21.   21.   28.   29.   35.   40.   41.   43.
   48.   53.   53.   55.   57.   59.   61.   63.   64.   67.   71.   73.
   73.   73.   74.   74.   77.   78.   78.   83.   90.   92.   94.   95.
   95.   99.   99.  100.][-98. -96. -94. -93. -92. -92. -88. -87. -85. -81. -81. -80. -79. -78.
 -76. -71. -70. -70. -68. -67. -67. -65. -63. -61. -60. -60. -58. -57.
 -57. -52. -52. -49. -47. -47. -41. -38. -36. -34. -34. -34. -32. -31.
 -30. -28. -20. -19. -18. -15.  -9.  -9.  -2.   2.   4.   5.   7.   7.
  13.  14.  14.  16.  16.  16.  19.  20.  22.  23.  23.  24.  38.  39.
  44.  45.  47.  47.  48.  53.  53.  61.  62.  64.  64.  66.  75.  76.
  76.  77.  78.  82.  84.  84.  84.  85.  86.  87.  88.  89.  91.  92.
  98.  99.][-100.  -99.  -97.  -93.  -92.  -91.  -87.  -85.  -84.  -83.  -81.  -74.
  -73.  -72.  -72.  -64.  -62.  -60.  -57.  -55.  -55.  -53.  -52.  -51.
  -49.  -47.  -46.  -45.  -43.  -40.  -35.  -35.  -33.  -32.  -31.  -29.
  -29.  -25.  -24.  -24.  -23.  -21.  -18.  -17.  -16.  -15.  -10.   -9.
   -5.    1.    2.    4.    5.    8.   10.   14.   14.   17.   20.   21.
   24.   27.   28.   30.   31.   32.   34.   36.   37.   39.   40.   43.
   43.   44.   46.   48.   50.   50.   53.   56.   63.   63.   73.   74.
   77.   78.   78.   79.   80.   81.   82.   82.   83.   83.   87.   95.
   97.   99.   99.   99.][-100.  -98.  -96.  -86.  -78.  -77.  -76.  -73.  -73.  -71.  -69.  -66.
  -64.  -61.  -60.  -57.  -57.  -55.  -51.  -46.  -46.  -44.  -42.  -40.
  -35.  -31.  -30.  -29.  -28.  -28.  -21.  -17.  -14.  -13.  -12.   -9.
   -9.   -7.   -5.   -3.    1.    1.    6.    9.   10.   10.   12.   14.
   14.   16.   17.   17.   19.   20.   20.   20.   21.   21.   24.   29.
   32.   38.   39.   42.   45.   46.   47.   53.   56.   58.   60.   61.
   64.   65.   67.   67.   68.   69.   71.   71.   73.   75.   76.   76.
   77.   79.   79.   80.   81.   82.   86.   88.   90.   91.   91.   94.
   95.   98.   99.  100.][-93. -91. -90. -89. -81. -81. -81. -78. -77. -68. -65. -63. -60. -58.
 -57. -54. -51. -51. -48. -47. -46. -45. -44. -42. -36. -33. -32. -31.
 -29. -24. -24. -23. -22. -17. -16. -14. -12.  -6.  -3.   4.   6.   6.
   6.   7.   7.   9.  12.  13.  13.  15.  15.  16.  19.  19.  19.  21.
  21.  21.  22.  23.  23.  23.  25.  31.  31.  33.  42.  44.  46.  48.
  50.  52.  53.  54.  54.  55.  65.  65.  65.  65.  72.  75.  75.  76.
  80.  82.  83.  84.  84.  85.  86.  87.  87.  92.  94.  94.  96.  97.
  97. 100.][-93. -92. -91. -90. -89. -88. -84. -83. -83. -83. -81. -78. -72. -72.
 -72. -71. -67. -65. -59. -56. -56. -56. -55. -55. -53. -52. -49. -42.
 -40. -38. -36. -35. -34. -34. -33. -30. -26. -25. -22. -21. -20. -20.
 -19. -18. -15. -14. -12. -11. -10.  -7.  -5.  -2.   3.   9.  12.  12.
  14.  16.  18.  19.  19.  27.  28.  28.  29.  29.  30.  34.  34.  35.
  36.  38.  41.  41.  47.  49.  52.  53.  54.  56.  58.  59.  59.  62.
  72.  77.  77.  77.  79.  80.  81.  83.  83.  87.  91.  93.  94.  98.
  98.  99.][-99. -99. -97. -97. -97. -96. -95. -94. -94. -93. -91. -83. -81. -79.
 -78. -78. -74. -71. -69. -69. -67. -64. -64. -63. -61. -60. -60. -60.
 -59. -56. -53. -52. -50. -47. -46. -46. -45. -43. -42. -38. -32. -29.
 -25. -20. -20. -15. -14. -11.  -8.  -4.  -2.   0.   0.   0.   5.   7.
   7.   8.  11.  12.  13.  16.  17.  19.  21.  22.  24.  25.  27.  28.
  29.  29.  33.  34.  34.  35.  37.  40.  43.  44.  46.  52.  53.  56.
  57.  59.  62.  75.  76.  77.  77.  77.  78.  81.  83.  84.  88.  94.
  97. 100.][-100.  -99.  -97.  -93.  -93.  -91.  -87.  -83.  -81.  -78.  -76.  -74.
  -72.  -67.  -67.  -65.  -61.  -59.  -55.  -54.  -54.  -47.  -46.  -44.
  -41.  -41.  -40.  -39.  -38.  -37.  -36.  -36.  -35.  -32.  -31.  -30.
  -28.  -23.  -19.  -14.  -11.  -10.   -7.   -4.   -4.   -3.   -1.   -1.
    3.    3.    5.    6.    8.    8.   11.   12.   14.   20.   21.   22.
   22.   22.   25.   26.   27.   32.   34.   34.   35.   36.   37.   38.
   38.   38.   41.   42.   47.   49.   50.   52.   56.   63.   65.   65.
   69.   77.   78.   81.   82.   85.   86.   88.   89.   90.   92.   93.
   93.   93.   97.   99.][-96. -94. -88. -88. -87. -83. -82. -77. -76. -76. -74. -72. -71. -69.
 -65. -65. -64. -62. -60. -57. -57. -57. -56. -53. -52. -49. -48. -47.
 -47. -46. -44. -44. -40. -40. -36. -34. -33. -32. -29. -29. -25. -23.
 -23. -20. -19. -19. -15. -12. -11.  -6.  -5.  -4.  -3.  -1.   4.   4.
   8.  10.  12.  15.  18.  18.  20.  21.  21.  23.  24.  25.  26.  27.
  29.  30.  32.  34.  36.  36.  38.  40.  41.  41.  44.  44.  56.  56.
  60.  61.  61.  62.  64.  64.  65.  68.  69.  70.  78.  78.  79.  81.
  87. 100.][-96. -96. -93. -93. -90. -89. -87. -83. -83. -81. -81. -81. -80. -78.
 -77. -76. -76. -75. -74. -72. -70. -65. -64. -62. -60. -58. -58. -54.
 -50. -50. -48. -46. -46. -45. -43. -42. -42. -39. -36. -35. -35. -30.
 -28. -27. -19. -19. -16. -13. -12.  -8.  -5.  -5.  -4.  -1.   1.   5.
   6.   7.   7.   8.   8.   8.   9.   9.  10.  12.  14.  14.  15.  19.
  19.  21.  21.  27.  30.  31.  38.  40.  44.  46.  50.  50.  53.  59.
  61.  61.  63.  64.  64.  65.  68.  75.  77.  78.  91.  92.  95.  97.
  97.  99.][-99. -97. -97. -97. -89. -88. -88. -88. -88. -86. -78. -78. -78. -77.
 -72. -72. -71. -66. -59. -59. -57. -56. -55. -53. -53. -53. -53. -45.
 -40. -40. -37. -34. -32. -31. -27. -22. -19. -18. -17. -16. -16. -16.
 -10.  -7.  -6.  -5.  -2.   1.   6.   6.   7.   7.  16.  18.  19.  23.
  27.  28.  29.  29.  30.  33.  37.  39.  46.  46.  46.  48.  48.  52.
  52.  53.  60.  62.  62.  62.  68.  71.  71.  72.  74.  75.  76.  77.
  78.  79.  80.  80.  80.  81.  81.  85.  85.  86.  86.  86.  87.  91.
  93.  97.][-99. -98. -93. -93. -91. -90. -88. -87. -81. -78. -78. -77. -76. -73.
 -72. -72. -70. -69. -65. -64. -63. -62. -61. -60. -59. -59. -58. -55.
 -55. -51. -50. -48. -47. -45. -42. -41. -40. -38. -33. -30. -29. -28.
 -27. -27. -27. -25. -23. -22. -21. -20. -14. -12. -12. -11. -10.  -8.
  -8.  -7.  -7.  -6.  -5.  -4.  -4.  -1.   1.   1.   3.   3.   6.  12.
  13.  15.  20.  25.  32.  41.  45.  46.  48.  50.  58.  61.  61.  62.
  64.  65.  67.  69.  75.  78.  79.  79.  81.  81.  87.  89.  90.  91.
  94.  99.][-99. -99. -97. -95. -91. -90. -89. -87. -84. -81. -80. -79. -78. -77.
 -76. -74. -73. -72. -70. -68. -67. -67. -66. -63. -63. -62. -59. -59.
 -55. -54. -51. -51. -48. -48. -39. -38. -38. -37. -34. -26. -25. -21.
 -21. -19. -19. -15. -12. -10.  -9.  -8.  -3.  -3.  -1.   2.   3.   3.
   8.  19.  19.  20.  23.  33.  33.  34.  34.  35.  35.  38.  41.  41.
  49.  49.  50.  50.  50.  51.  53.  55.  56.  56.  57.  59.  60.  61.
  63.  63.  65.  70.  73.  74.  74.  75.  76.  79.  82.  83.  90.  92.
  92. 100.][-100.  -99.  -96.  -95.  -92.  -92.  -90.  -90.  -90.  -89.  -84.  -83.
  -82.  -81.  -80.  -80.  -80.  -78.  -75.  -72.  -72.  -72.  -70.  -69.
  -66.  -64.  -62.  -62.  -61.  -58.  -53.  -53.  -46.  -46.  -44.  -41.
  -39.  -33.  -33.  -31.  -30.  -28.  -27.  -21.  -21.  -17.  -16.  -13.
  -12.   -5.   -1.    1.    1.    2.    4.    4.    5.    6.    8.   10.
   16.   16.   22.   24.   24.   26.   29.   29.   35.   37.   39.   41.
   42.   43.   51.   51.   52.   69.   72.   73.   74.   74.   75.   76.
   76.   77.   77.   77.   77.   79.   79.   81.   85.   89.   89.   90.
   92.   97.   98.   99.][-98. -97. -96. -95. -93. -92. -90. -89. -89. -84. -84. -80. -77. -77.
 -71. -71. -68. -68. -67. -67. -66. -66. -64. -63. -62. -58. -57. -57.
 -55. -54. -53. -50. -45. -43. -30. -30. -29. -26. -25. -24. -19. -19.
 -18. -15. -15. -15. -14. -12.  -9.  -6.  -3.  -2.   1.   2.   3.  12.
  14.  16.  16.  17.  23.  27.  29.  33.  33.  36.  37.  38.  38.  39.
  44.  45.  46.  48.  49.  55.  56.  59.  60.  61.  62.  63.  66.  66.
  71.  77.  83.  83.  85.  88.  92.  94.  95.  97.  98.  98.  99. 100.
 100. 100.][-97. -95. -95. -95. -94. -93. -93. -91. -91. -88. -87. -86. -86. -84.
 -82. -78. -76. -74. -72. -71. -68. -65. -63. -60. -53. -47. -46. -43.
 -39. -33. -31. -28. -22. -21. -18. -17. -15. -14.  -6.  -5.  -4.  -3.
  -2.  -1.   2.   4.   5.   7.   9.  10.  10.  16.  19.  20.  21.  22.
  26.  26.  26.  30.  32.  32.  34.  34.  35.  35.  36.  37.  38.  40.
  41.  44.  46.  49.  50.  50.  55.  56.  56.  56.  59.  61.  68.  69.
  71.  71.  73.  73.  78.  79.  80.  81.  82.  86.  88.  93.  94.  95.
  99. 100.][-97. -97. -95. -95. -95. -94. -94. -93. -92. -90. -89. -87. -85. -82.
 -79. -78. -77. -76. -75. -72. -66. -65. -65. -64. -63. -62. -59. -55.
 -52. -49. -48. -48. -46. -46. -45. -43. -43. -40. -40. -34. -33. -28.
 -22. -19. -19. -12. -12. -10.  -9.  -5.  -5.  -4.   1.   3.  10.  12.
  16.  17.  21.  22.  22.  27.  28.  33.  36.  37.  44.  45.  45.  46.
  46.  46.  51.  56.  59.  61.  62.  62.  63.  63.  64.  65.  68.  72.
  73.  75.  76.  76.  78.  78.  79.  79.  79.  87.  89.  91.  92.  94.
  97.  98.][-88. -82. -82. -80. -75. -75. -72. -70. -67. -66. -63. -60. -59. -58.
 -57. -55. -51. -50. -48. -47. -47. -41. -34. -32. -29. -28. -25. -25.
 -24. -17. -14. -14. -13. -12.  -9.  -9.  -9.  -6.  -5.  -1.   1.   5.
   7.   7.   9.  11.  11.  16.  17.  18.  19.  20.  20.  22.  25.  25.
  25.  26.  27.  30.  30.  31.  34.  40.  41.  41.  47.  47.  53.  54.
  54.  56.  57.  58.  59.  62.  65.  66.  67.  68.  70.  72.  73.  74.
  75.  82.  83.  84.  86.  89.  90.  91.  91.  92.  94.  97.  99.  99.
 100. 100.][-100.  -92.  -91.  -89.  -86.  -85.  -84.  -79.  -78.  -76.  -75.  -72.
  -71.  -69.  -67.  -63.  -61.  -59.  -58.  -54.  -53.  -51.  -48.  -46.
  -42.  -39.  -36.  -28.  -27.  -26.  -24.  -24.  -21.  -19.  -18.  -17.
  -15.  -14.  -13.  -13.  -11.  -11.  -10.   -9.   -9.   -8.   -6.   -3.
    0.    0.    1.    2.    3.    7.    8.    9.    9.   14.   19.   21.
   21.   21.   21.   21.   23.   24.   26.   26.   32.   32.   33.   36.
   38.   39.   42.   45.   50.   51.   51.   54.   56.   59.   61.   62.
   65.   65.   68.   68.   74.   76.   77.   80.   80.   87.   87.   87.
   93.   93.   99.  100.][-100.  -99.  -93.  -92.  -91.  -90.  -89.  -88.  -87.  -84.  -83.  -78.
  -77.  -76.  -71.  -70.  -62.  -61.  -60.  -59.  -56.  -56.  -54.  -54.
  -51.  -49.  -44.  -40.  -39.  -39.  -39.  -35.  -28.  -24.  -23.  -21.
  -17.  -15.  -14.  -14.  -10.   -9.   -8.   -6.   -5.   -3.   -1.    0.
    1.    2.    3.    4.    5.    7.    8.    9.   13.   16.   17.   17.
   17.   18.   19.   21.   21.   23.   36.   41.   43.   44.   45.   47.
   48.   48.   53.   53.   55.   56.   60.   60.   60.   61.   61.   63.
   64.   65.   69.   73.   80.   80.   80.   85.   90.   92.   94.   96.
   96.   98.   98.   99.][-97. -97. -95. -93. -92. -91. -91. -88. -86. -85. -81. -80. -79. -79.
 -78. -76. -74. -72. -72. -72. -72. -71. -70. -69. -68. -64. -63. -62.
 -62. -60. -59. -59. -59. -58. -55. -55. -55. -53. -52. -51. -49. -46.
 -35. -33. -30. -29. -26. -25. -25. -24. -24. -19. -18. -17. -16. -13.
  -6.  -5.  -2.   0.   0.  10.  10.  13.  19.  20.  22.  27.  29.  30.
  30.  33.  34.  35.  39.  42.  49.  49.  53.  55.  55.  59.  61.  63.
  64.  66.  67.  69.  73.  74.  74.  75.  75.  79.  83.  88.  90.  95.
  96.  98.][-98. -92. -91. -91. -91. -90. -89. -87. -84. -83. -81. -80. -77. -76.
 -73. -72. -72. -72. -72. -62. -61. -61. -56. -52. -46. -43. -42. -42.
 -41. -40. -40. -38. -38. -36. -32. -32. -31. -31. -29. -26. -20. -18.
  -9.  -7.  -6.   0.   0.   9.  13.  14.  15.  20.  22.  22.  25.  27.
  27.  28.  32.  34.  35.  35.  36.  37.  42.  43.  44.  46.  48.  49.
  50.  52.  52.  53.  55.  56.  57.  65.  71.  71.  73.  74.  75.  83.
  84.  87.  87.  87.  87.  87.  88.  89.  89.  91.  93.  94.  94.  94.
  98.  98.][-100. -100.  -99.  -99.  -97.  -97.  -94.  -91.  -91.  -87.  -83.  -81.
  -79.  -76.  -75.  -72.  -71.  -66.  -65.  -62.  -59.  -57.  -54.  -54.
  -54.  -49.  -48.  -48.  -47.  -47.  -45.  -42.  -41.  -41.  -36.  -36.
  -34.  -26.  -23.  -20.  -18.  -16.  -16.  -15.  -15.  -13.   -6.   -4.
   -3.    1.    1.    1.    2.    2.    6.    8.   11.   12.   13.   15.
   15.   16.   17.   19.   20.   20.   25.   26.   26.   28.   29.   32.
   32.   32.   42.   45.   46.   47.   47.   50.   50.   52.   52.   62.
   62.   63.   68.   70.   71.   71.   74.   76.   77.   78.   82.   87.
   90.   93.   94.   98.][-97. -96. -93. -91. -90. -90. -88. -84. -84. -82. -80. -75. -73. -69.
 -66. -63. -60. -57. -53. -52. -51. -51. -49. -49. -49. -47. -46. -46.
 -45. -43. -39. -37. -25. -25. -24. -24. -22. -21. -15. -12. -11.  -6.
  -4.  -4.  -2.   0.   2.   3.   5.  10.  12.  17.  19.  20.  20.  24.
  25.  27.  28.  34.  35.  35.  37.  37.  40.  42.  45.  47.  49.  51.
  53.  57.  58.  61.  62.  62.  63.  69.  73.  73.  74.  74.  75.  75.
  78.  78.  78.  78.  85.  87.  88.  88.  89.  91.  93.  93.  96.  96.
  97.  99.][-99. -97. -96. -96. -95. -95. -92. -92. -80. -79. -75. -68. -67. -66.
 -64. -63. -63. -59. -58. -58. -50. -49. -46. -45. -43. -37. -37. -35.
 -32. -30. -29. -26. -26. -26. -23. -22. -22. -20. -20. -19. -12. -11.
  -6.  -6.  -3.  -1.   4.   7.   8.   8.  10.  10.  12.  14.  14.  16.
  16.  22.  27.  27.  28.  29.  31.  31.  35.  35.  35.  37.  38.  46.
  46.  48.  50.  56.  58.  59.  59.  61.  61.  62.  66.  73.  73.  77.
  80.  80.  82.  82.  83.  83.  88.  90.  91.  91.  91.  91.  91.  93.
  93.  95.][-100.  -94.  -94.  -94.  -86.  -81.  -79.  -72.  -69.  -67.  -63.  -62.
  -60.  -58.  -57.  -57.  -50.  -44.  -43.  -42.  -42.  -37.  -37.  -36.
  -36.  -33.  -25.  -22.  -21.  -20.  -20.  -20.  -19.  -17.  -15.  -14.
  -11.  -11.   -9.   -9.   -9.   -7.   -7.   -6.   -2.   -2.   -1.    0.
    1.    2.    4.    6.    7.    8.    9.   10.   15.   17.   21.   25.
   26.   28.   29.   29.   31.   34.   36.   40.   41.   42.   46.   53.
   54.   55.   55.   55.   57.   60.   67.   68.   68.   70.   71.   72.
   73.   73.   74.   76.   80.   81.   82.   85.   86.   87.   88.   88.
   88.   90.   90.   92.][-100.  -99.  -99.  -99.  -96.  -93.  -93.  -89.  -86.  -82.  -75.  -74.
  -72.  -69.  -63.  -63.  -60.  -59.  -57.  -56.  -55.  -54.  -54.  -47.
  -46.  -43.  -42.  -39.  -34.  -33.  -32.  -27.  -26.  -25.  -25.  -22.
  -22.  -19.  -16.  -15.  -14.  -13.  -10.   -9.   -7.    0.    1.    1.
    1.    2.    4.    4.    5.    9.   10.   11.   12.   16.   20.   20.
   21.   21.   22.   24.   28.   31.   34.   36.   39.   42.   43.   44.
   45.   49.   49.   49.   49.   52.   55.   57.   57.   57.   68.   73.
   73.   73.   74.   77.   77.   77.   79.   81.   83.   85.   87.   87.
   88.   96.   97.   99.][-100.  -99.  -98.  -96.  -94.  -93.  -93.  -93.  -88.  -88.  -86.  -85.
  -84.  -84.  -76.  -73.  -73.  -73.  -70.  -68.  -65.  -63.  -62.  -62.
  -61.  -60.  -59.  -59.  -57.  -55.  -53.  -51.  -46.  -41.  -40.  -39.
  -36.  -35.  -33.  -31.  -28.  -27.  -25.  -18.  -17.  -13.  -12.  -12.
  -11.  -10.  -10.   -9.   -7.   -5.   -4.   -3.   -1.    1.    3.    7.
   23.   26.   26.   29.   33.   33.   35.   36.   40.   42.   43.   43.
   44.   46.   46.   51.   51.   56.   57.   60.   61.   61.   66.   70.
   73.   73.   76.   77.   78.   79.   79.   80.   81.   85.   85.   91.
   95.   96.   99.  100.][-100.  -96.  -95.  -95.  -90.  -89.  -89.  -86.  -78.  -78.  -76.  -75.
  -74.  -74.  -73.  -72.  -71.  -69.  -69.  -69.  -68.  -66.  -64.  -56.
  -52.  -52.  -47.  -47.  -45.  -44.  -44.  -44.  -44.  -43.  -43.  -39.
  -39.  -37.  -33.  -32.  -31.  -28.  -25.  -24.  -23.  -20.  -18.  -13.
  -10.   -7.    2.    4.    4.    8.    8.   11.   11.   19.   20.   28.
   29.   30.   32.   34.   40.   42.   42.   45.   45.   47.   48.   50.
   52.   56.   60.   61.   61.   64.   65.   70.   71.   72.   76.   80.
   82.   82.   85.   86.   89.   89.   90.   90.   90.   92.   92.   95.
   95.   97.   97.   98.][-93. -92. -89. -88. -87. -86. -85. -83. -83. -80. -80. -80. -78. -74.
 -74. -73. -73. -72. -71. -68. -64. -63. -57. -56. -50. -50. -50. -50.
 -45. -32. -32. -30. -27. -24. -20. -16. -15. -12.  -8.  -8.  -7.  -6.
  -6.  -4.  -4.   0.   2.   2.   3.   3.   4.   4.   8.   8.   9.  11.
  12.  17.  18.  18.  19.  20.  21.  21.  25.  25.  37.  37.  37.  37.
  39.  42.  42.  44.  45.  48.  50.  52.  53.  61.  62.  64.  64.  67.
  68.  72.  72.  77.  79.  81.  82.  84.  84.  87.  88.  93.  93.  97.
  98. 100.][-98. -96. -94. -90. -90. -87. -86. -85. -85. -84. -80. -78. -76. -75.
 -72. -67. -63. -61. -61. -59. -58. -57. -56. -55. -51. -47. -42. -39.
 -38. -35. -33. -32. -29. -28. -27. -26. -25. -21. -19. -18. -17. -17.
 -15. -13. -13. -12.  -8.  -7.  -7.  -5.  -2.  -1.  -1.   0.   1.   3.
   4.   7.  10.  12.  15.  16.  17.  19.  20.  21.  24.  24.  24.  26.
  30.  32.  32.  33.  34.  38.  40.  41.  46.  47.  52.  52.  53.  54.
  56.  57.  60.  61.  64.  69.  69.  71.  73.  78.  93.  95.  96.  97.
  97.  98.][-98. -98. -94. -90. -89. -87. -87. -85. -85. -81. -76. -76. -74. -74.
 -74. -72. -72. -70. -69. -69. -67. -64. -63. -61. -60. -58. -53. -52.
 -49. -45. -41. -41. -36. -35. -35. -34. -22. -21. -21. -20. -14. -14.
 -13. -13.  -3.  -3.  -2.  -1.  -1.   1.   1.   2.   6.   7.   7.   7.
  11.  12.  14.  19.  20.  21.  23.  28.  29.  30.  31.  31.  31.  36.
  39.  41.  44.  48.  51.  53.  53.  54.  57.  58.  59.  61.  63.  65.
  65.  68.  68.  70.  71.  79.  81.  81.  83.  84.  85.  94.  97.  97.
  98. 100.][-99. -94. -93. -90. -87. -84. -83. -83. -81. -71. -67. -67. -65. -62.
 -62. -58. -56. -54. -53. -51. -47. -46. -46. -45. -44. -43. -39. -39.
 -31. -31. -29. -29. -29. -29. -28. -27. -26. -26. -25. -24. -23. -23.
 -21. -20. -16. -16. -12.  -9.  -6.  -5.  -1.   0.   1.   2.   5.   6.
  11.  13.  17.  19.  20.  22.  23.  28.  28.  28.  28.  29.  29.  31.
  32.  32.  37.  38.  39.  40.  42.  44.  51.  52.  57.  58.  59.  61.
  63.  63.  65.  68.  69.  72.  74.  75.  76.  77.  79.  79.  86.  87.
  93. 100.][-99. -97. -96. -93. -91. -88. -86. -84. -82. -80. -79. -77. -76. -75.
 -73. -73. -71. -67. -65. -65. -62. -61. -58. -51. -45. -42. -38. -37.
 -36. -34. -29. -28. -18. -18. -18. -16. -14. -14. -10.  -7.  -6.  -3.
  -1.   0.   1.   4.   6.   9.  11.  19.  20.  26.  27.  28.  29.  31.
  31.  33.  33.  34.  38.  39.  40.  41.  41.  42.  43.  44.  45.  46.
  47.  47.  53.  54.  56.  59.  60.  60.  61.  63.  67.  68.  71.  73.
  74.  77.  77.  81.  82.  83.  84.  85.  87.  88.  91.  94.  95.  97.
  99.  99.][-99. -98. -97. -91. -88. -87. -86. -85. -83. -79. -75. -75. -71. -70.
 -66. -66. -66. -65. -63. -62. -57. -56. -56. -55. -55. -52. -50. -49.
 -46. -46. -45. -38. -37. -33. -31. -30. -30. -29. -25. -25. -24. -19.
 -17. -11. -11. -10.  -8.  -8.  -7.  -6.   2.   5.   6.  10.  11.  12.
  14.  15.  16.  17.  18.  19.  21.  24.  25.  26.  27.  33.  34.  35.
  38.  41.  44.  53.  54.  55.  55.  59.  59.  61.  61.  61.  63.  66.
  67.  70.  71.  71.  72.  76.  84.  84.  85.  87.  90.  93.  97.  98.
 100. 100.][-93. -90. -90. -89. -84. -84. -83. -82. -82. -79. -75. -74. -73. -72.
 -71. -69. -69. -68. -65. -61. -60. -59. -59. -58. -58. -57. -56. -55.
 -54. -54. -52. -51. -48. -47. -46. -45. -45. -44. -43. -40. -38. -35.
 -34. -32. -31. -28. -26. -20.  -9.  -7.  -7.  -7.  -6.  -6.  -5.  -3.
  -2.   2.   3.   3.   7.   8.  12.  13.  15.  21.  21.  26.  30.  30.
  38.  39.  41.  42.  45.  45.  49.  49.  49.  51.  52.  53.  54.  54.
  55.  58.  64.  66.  68.  68.  68.  71.  71.  80.  80.  82.  86.  89.
  96.  96.][-98. -97. -96. -94. -94. -91. -91. -90. -89. -88. -87. -82. -82. -80.
 -80. -79. -74. -74. -74. -73. -71. -70. -67. -63. -56. -53. -53. -53.
 -52. -52. -51. -42. -40. -37. -37. -36. -33. -30. -30. -21. -18. -14.
 -11. -10.  -9.  -2.   2.   4.   4.   5.   6.   7.  12.  15.  18.  22.
  23.  26.  27.  28.  28.  29.  37.  39.  41.  41.  43.  44.  51.  53.
  53.  53.  53.  53.  55.  55.  57.  58.  60.  62.  65.  66.  67.  70.
  70.  71.  73.  74.  82.  83.  84.  86.  86.  87.  88.  90.  91.  92.
  94. 100.][-97. -96. -94. -89. -88. -87. -87. -83. -76. -75. -70. -65. -65. -64.
 -63. -62. -60. -59. -57. -56. -56. -55. -53. -47. -46. -44. -43. -40.
 -38. -32. -30. -29. -23. -23. -21. -20. -18. -16. -14. -14. -14. -13.
 -11.  -9.  -9.  -8.  -8.  -7.  -6.  -3.  -1.   4.   5.  10.  11.  12.
  13.  18.  18.  22.  22.  22.  23.  23.  25.  35.  38.  38.  38.  40.
  41.  46.  46.  46.  48.  52.  52.  52.  53.  56.  57.  57.  59.  60.
  64.  65.  68.  72.  77.  79.  80.  87.  87.  88.  90.  92.  92.  96.
  97.  97.][-99. -96. -95. -95. -95. -90. -85. -84. -82. -76. -75. -75. -75. -74.
 -74. -72. -70. -69. -68. -66. -65. -64. -62. -60. -57. -57. -53. -49.
 -43. -40. -38. -38. -36. -31. -30. -25. -25. -23. -23. -20. -14. -13.
 -10.  -8.  -5.  -4.  -4.  -2.  -2.  -1.  -1.   0.   6.  14.  20.  22.
  24.  26.  30.  30.  35.  37.  40.  43.  44.  45.  45.  45.  46.  46.
  48.  48.  48.  51.  52.  54.  55.  58.  59.  60.  62.  63.  68.  69.
  72.  74.  74.  74.  76.  78.  78.  79.  80.  81.  83.  85.  91.  91.
  97.  99.][-99. -97. -96. -94. -92. -91. -89. -88. -88. -88. -88. -86. -86. -85.
 -84. -80. -79. -78. -78. -76. -73. -71. -70. -68. -63. -54. -53. -52.
 -49. -48. -45. -43. -39. -33. -31. -30. -29. -25. -22. -21. -21. -21.
 -20. -17. -17.  -8.  -6.  -5.  -1.   2.   4.   5.   7.  10.  10.  10.
  15.  16.  16.  18.  19.  24.  24.  24.  27.  30.  31.  33.  33.  35.
  41.  42.  44.  48.  50.  51.  52.  55.  56.  56.  59.  60.  64.  65.
  66.  67.  69.  69.  72.  76.  78.  80.  80.  80.  80.  83.  85.  89.
  93. 100.][-97. -97. -97. -96. -95. -92. -91. -90. -89. -82. -79. -79. -79. -78.
 -76. -68. -56. -55. -51. -50. -49. -47. -47. -39. -39. -36. -33. -32.
 -31. -30. -26. -26. -26. -26. -26. -26. -25. -25. -23. -19. -18. -17.
 -15. -11. -11.  -9.  -7.  -5.  -5.  -1.   0.   2.   7.   7.  10.  10.
  11.  11.  11.  12.  13.  14.  15.  15.  15.  15.  17.  20.  23.  23.
  23.  24.  27.  27.  29.  30.  33.  36.  36.  43.  48.  49.  54.  59.
  62.  62.  63.  64.  66.  67.  69.  74.  77.  81.  81.  82.  85.  96.
  98.  99.][-98. -96. -94. -93. -91. -88. -87. -85. -82. -81. -72. -72. -70. -70.
 -67. -66. -65. -65. -61. -61. -61. -61. -57. -56. -54. -50. -50. -47.
 -46. -42. -41. -41. -35. -35. -33. -31. -31. -23. -14. -14. -14. -12.
 -11. -10. -10.  -5.   0.   3.   5.   6.  10.  11.  11.  13.  14.  16.
  20.  20.  21.  23.  24.  27.  28.  29.  34.  34.  37.  39.  41.  44.
  44.  44.  50.  50.  53.  58.  60.  60.  60.  64.  64.  65.  67.  67.
  68.  68.  71.  71.  76.  78.  78.  80.  82.  87.  87.  88.  93.  95.
  97.  99.][-94. -89. -89. -87. -86. -83. -82. -79. -78. -75. -75. -72. -71. -69.
 -65. -65. -64. -60. -60. -60. -56. -54. -54. -51. -50. -47. -47. -47.
 -46. -43. -42. -40. -37. -37. -32. -32. -30. -30. -30. -28. -22. -22.
 -20. -15. -15. -12.  -7.  -6.  -5.  -2.   2.   3.   5.  11.  14.  15.
  15.  16.  17.  19.  23.  24.  25.  26.  26.  30.  30.  31.  33.  37.
  37.  37.  39.  41.  42.  42.  48.  52.  52.  53.  59.  60.  63.  63.
  64.  68.  69.  70.  79.  82.  84.  85.  89.  89.  94.  98.  98.  98.
 100. 100.][-99. -98. -93. -91. -88. -88. -87. -85. -83. -78. -77. -75. -74. -71.
 -69. -69. -64. -64. -63. -57. -57. -57. -56. -56. -55. -55. -55. -51.
 -51. -49. -48. -47. -46. -46. -42. -41. -40. -39. -36. -36. -34. -33.
 -32. -30. -30. -23. -21. -21. -20. -20. -19. -14. -11.  -8.  -6.  -5.
  -4.  -3.   1.   5.   6.   7.   9.   9.  10.  11.  16.  17.  22.  26.
  28.  29.  33.  34.  36.  40.  42.  50.  56.  59.  61.  62.  63.  69.
  77.  80.  82.  83.  86.  86.  87.  90.  91.  93.  96.  96.  97.  97.
  98. 100.][-99. -94. -93. -92. -84. -82. -81. -80. -78. -78. -75. -72. -72. -66.
 -65. -64. -61. -60. -53. -52. -47. -44. -42. -36. -35. -34. -32. -30.
 -29. -29. -25. -22. -22. -22. -19. -18. -18. -18. -16. -16. -14. -13.
 -10.  -7.  -4.  -1.  -1.   2.   3.   4.   9.  11.  12.  13.  14.  14.
  15.  15.  15.  16.  17.  17.  18.  20.  23.  24.  24.  31.  33.  36.
  39.  41.  43.  48.  50.  50.  53.  54.  54.  55.  58.  59.  64.  65.
  65.  66.  68.  68.  70.  70.  72.  76.  77.  77.  83.  84.  84.  89.
  91. 100.][-97. -97. -96. -96. -94. -94. -93. -90. -87. -87. -86. -81. -76. -76.
 -75. -74. -73. -66. -64. -62. -58. -47. -46. -45. -44. -44. -42. -40.
 -38. -37. -35. -34. -31. -31. -31. -29. -27. -26. -26. -24. -20. -20.
 -18. -16. -16. -14. -14. -13. -11.  -5.  -4.  -3.   0.   4.   6.   7.
  15.  19.  20.  20.  23.  24.  26.  30.  31.  33.  33.  35.  36.  39.
  41.  41.  43.  43.  43.  45.  46.  46.  52.  53.  53.  56.  57.  58.
  59.  60.  67.  67.  72.  81.  81.  82.  85.  88.  89.  91.  92.  94.
  95.  95.][-98. -97. -91. -89. -89. -84. -83. -82. -78. -77. -72. -70. -70. -70.
 -69. -68. -64. -61. -61. -60. -60. -59. -59. -58. -54. -53. -53. -52.
 -46. -46. -44. -42. -41. -38. -38. -36. -31. -30. -28. -27. -26. -26.
 -23. -22. -21. -20. -19. -18. -15. -15. -13. -12. -11.  -4.  -2.  -1.
   1.   3.   4.  10.  11.  16.  18.  19.  20.  23.  26.  31.  33.  34.
  35.  36.  38.  39.  41.  41.  46.  54.  58.  59.  61.  62.  65.  68.
  71.  79.  79.  80.  81.  83.  85.  87.  88.  91.  92.  94.  94.  95.
  95.  98.][-100.  -97.  -96.  -94.  -91.  -91.  -91.  -90.  -87.  -87.  -87.  -81.
  -81.  -81.  -80.  -78.  -77.  -76.  -76.  -68.  -66.  -65.  -64.  -62.
  -60.  -58.  -55.  -54.  -54.  -48.  -47.  -47.  -46.  -46.  -46.  -45.
  -42.  -42.  -40.  -39.  -39.  -35.  -35.  -32.  -30.  -30.  -30.  -29.
  -29.  -25.  -24.  -23.  -21.  -21.  -20.  -18.  -16.  -12.    0.    2.
    3.    8.   13.   15.   16.   16.   17.   20.   28.   28.   29.   35.
   35.   37.   37.   38.   38.   41.   45.   52.   55.   56.   56.   58.
   58.   62.   63.   66.   69.   71.   72.   72.   72.   73.   76.   85.
   88.   88.   89.   98.][-100. -100.  -99.  -96.  -96.  -95.  -90.  -90.  -87.  -86.  -85.  -80.
  -77.  -76.  -73.  -73.  -72.  -71.  -71.  -68.  -67.  -61.  -60.  -47.
  -46.  -46.  -39.  -37.  -36.  -32.  -31.  -30.  -30.  -26.  -21.  -20.
  -17.  -15.  -14.  -12.  -12.   -9.   -5.   -3.   -3.   -1.   -1.    1.
    2.    3.    3.    6.    7.    7.   10.   19.   21.   22.   22.   23.
   24.   28.   29.   30.   34.   35.   37.   42.   43.   45.   46.   51.
   52.   58.   61.   65.   66.   66.   67.   68.   68.   70.   71.   72.
   72.   74.   74.   75.   76.   77.   79.   80.   83.   84.   86.   90.
   93.   98.   99.   99.][-100. -100.  -97.  -97.  -94.  -93.  -89.  -88.  -87.  -87.  -86.  -84.
  -83.  -82.  -81.  -79.  -77.  -74.  -71.  -71.  -68.  -68.  -67.  -67.
  -65.  -61.  -58.  -58.  -58.  -57.  -56.  -55.  -55.  -52.  -51.  -50.
  -48.  -45.  -43.  -41.  -40.  -40.  -39.  -38.  -38.  -31.  -31.  -29.
  -27.  -26.  -25.  -25.  -21.  -19.  -19.  -16.   -8.   -7.   -5.   -4.
   -3.    2.    2.    4.    8.    8.    9.   10.   11.   13.   19.   20.
   21.   24.   24.   34.   35.   36.   39.   39.   42.   44.   44.   48.
   54.   58.   62.   62.   72.   75.   75.   76.   76.   76.   80.   81.
   90.   94.   95.   99.][-98. -92. -90. -90. -90. -89. -88. -88. -85. -85. -78. -76. -76. -76.
 -75. -75. -74. -73. -73. -73. -71. -70. -68. -68. -68. -66. -64. -64.
 -64. -60. -57. -56. -53. -49. -49. -41. -39. -34. -32. -32. -29. -29.
 -28. -26. -20. -19. -15. -10.  -9.  -8.  -7.  -7.  -7.  -6.  -6.  -5.
  -5.  -4.  -3.   1.   1.   1.   2.   5.   5.   7.   7.   9.  17.  31.
  34.  41.  44.  45.  48.  48.  53.  58.  58.  61.  62.  65.  66.  67.
  70.  75.  76.  79.  81.  82.  82.  85.  87.  87.  89.  91.  95.  96.
  98. 100.][-100.  -99.  -97.  -97.  -96.  -92.  -91.  -91.  -83.  -83.  -83.  -73.
  -73.  -72.  -71.  -69.  -66.  -66.  -66.  -64.  -63.  -61.  -60.  -57.
  -50.  -50.  -48.  -48.  -45.  -45.  -42.  -37.  -34.  -34.  -32.  -30.
  -30.  -30.  -29.  -26.  -26.  -26.  -25.  -25.  -24.  -17.  -16.  -16.
  -13.  -12.   -9.   -8.   -7.   -5.   -1.    1.    4.    5.    5.    6.
   10.   10.   13.   19.   20.   23.   24.   24.   25.   26.   28.   34.
   36.   36.   36.   43.   48.   49.   51.   52.   57.   58.   60.   61.
   63.   64.   65.   70.   74.   75.   75.   76.   78.   80.   80.   82.
   84.   87.   89.   89.][-100.  -99.  -97.  -96.  -96.  -94.  -91.  -82.  -80.  -79.  -78.  -77.
  -76.  -75.  -75.  -74.  -71.  -70.  -69.  -68.  -65.  -65.  -63.  -60.
  -58.  -55.  -54.  -53.  -52.  -52.  -51.  -50.  -47.  -47.  -36.  -35.
  -30.  -27.  -26.  -25.  -22.  -21.  -20.  -19.  -19.  -17.  -15.  -14.
  -14.  -13.  -13.  -13.  -13.  -11.   -9.   -2.   -2.   -1.    0.    4.
    6.    8.    9.   10.   12.   13.   15.   18.   21.   22.   26.   28.
   32.   37.   38.   40.   42.   42.   44.   47.   48.   49.   50.   50.
   51.   51.   55.   56.   60.   62.   67.   69.   69.   76.   77.   80.
   87.   87.   93.  100.][-97. -93. -91. -90. -84. -84. -82. -80. -77. -73. -72. -69. -68. -66.
 -65. -62. -60. -59. -55. -51. -46. -46. -46. -38. -38. -32. -31. -30.
 -29. -28. -28. -25. -19. -18. -18. -13. -13. -13. -12. -12.  -9.  -4.
   3.   3.   4.   4.   5.   9.  11.  12.  14.  14.  20.  22.  23.  24.
  29.  33.  33.  33.  34.  34.  35.  36.  36.  37.  38.  40.  42.  43.
  43.  45.  46.  51.  54.  57.  59.  63.  64.  65.  68.  71.  72.  72.
  74.  75.  77.  77.  79.  80.  80.  83.  85.  87.  87.  88.  90.  95.
  97.  99.][-97. -97. -94. -92. -91. -90. -87. -82. -80. -79. -77. -77. -76. -76.
 -76. -75. -74. -72. -72. -71. -69. -65. -60. -60. -57. -51. -49. -49.
 -47. -42. -42. -38. -38. -38. -37. -36. -34. -32. -30. -30. -28. -27.
 -22. -20. -16. -13. -13. -12. -12. -11. -10. -10.  -8.  -8.  -7.   0.
   8.  13.  14.  15.  18.  20.  22.  29.  31.  34.  36.  38.  43.  44.
  49.  50.  50.  50.  51.  52.  54.  54.  55.  57.  58.  58.  59.  60.
  60.  62.  65.  66.  67.  68.  71.  72.  74.  75.  76.  79.  82.  85.
  86.  90.][-100. -100.  -98.  -93.  -93.  -92.  -89.  -87.  -87.  -86.  -86.  -84.
  -80.  -77.  -77.  -72.  -57.  -56.  -55.  -53.  -53.  -52.  -52.  -49.
  -47.  -43.  -43.  -42.  -40.  -39.  -37.  -37.  -37.  -35.  -33.  -32.
  -29.  -29.  -29.  -28.  -27.  -25.  -24.  -21.  -19.  -19.  -19.  -17.
  -16.  -16.  -14.  -12.  -12.  -12.  -11.   -9.   -4.   -2.    2.    5.
    8.   12.   14.   14.   14.   15.   16.   17.   18.   19.   20.   21.
   23.   26.   27.   27.   28.   29.   32.   33.   35.   36.   41.   54.
   57.   59.   62.   63.   65.   66.   67.   69.   70.   73.   81.   84.
   90.   91.   91.   99.][-98. -98. -96. -91. -91. -90. -90. -89. -88. -87. -86. -85. -83. -82.
 -82. -80. -78. -76. -76. -73. -70. -69. -63. -60. -56. -55. -55. -50.
 -47. -36. -35. -35. -31. -26. -26. -22. -22. -11.  -8.  -6.  -5.  -1.
   4.   7.   7.   7.   7.   9.  10.  12.  18.  19.  20.  21.  23.  23.
  25.  27.  31.  34.  34.  37.  37.  38.  38.  45.  45.  50.  55.  57.
  60.  60.  61.  62.  63.  68.  69.  70.  70.  70.  71.  73.  74.  77.
  79.  81.  87.  87.  88.  88.  89.  93.  93.  94.  95.  97.  99. 100.
 100. 100.][-99. -98. -98. -95. -94. -94. -92. -92. -92. -90. -90. -88. -79. -79.
 -74. -74. -73. -73. -72. -70. -70. -69. -66. -60. -55. -55. -52. -44.
 -42. -41. -41. -40. -39. -39. -38. -36. -35. -31. -31. -28. -22. -21.
 -17. -17. -12.  -9.  -3.   0.   0.   3.   5.   9.  10.  10.  11.  11.
  12.  14.  14.  16.  18.  19.  20.  23.  23.  24.  25.  25.  27.  30.
  30.  30.  33.  34.  37.  38.  40.  53.  58.  61.  62.  63.  64.  66.
  67.  68.  69.  70.  71.  76.  76.  78.  80.  82.  87.  90.  91.  96.
  97. 100.][-96. -96. -92. -92. -90. -88. -87. -85. -85. -84. -83. -82. -80. -80.
 -77. -76. -74. -74. -73. -69. -68. -65. -64. -60. -59. -57. -56. -55.
 -45. -45. -45. -44. -42. -41. -41. -40. -38. -34. -30. -27. -27. -21.
 -15. -12.  -9.  -6.  -3.  -3.   0.   1.   4.   5.   9.  10.  11.  14.
  17.  18.  19.  20.  22.  24.  25.  27.  29.  30.  31.  31.  32.  33.
  33.  35.  36.  38.  38.  39.  40.  44.  49.  53.  55.  59.  60.  63.
  68.  69.  72.  72.  74.  78.  82.  85.  86.  87.  87.  90.  91.  93.
  97.  98.][-98. -96. -94. -92. -86. -86. -85. -83. -83. -83. -79. -78. -75. -70.
 -70. -69. -68. -63. -62. -61. -60. -58. -58. -58. -57. -56. -54. -54.
 -51. -45. -42. -40. -39. -38. -36. -30. -30. -29. -28. -25. -22. -21.
 -20. -20. -18. -18. -16. -15. -12. -11.  -7.  -5.   0.   2.   7.   9.
  11.  13.  17.  18.  25.  26.  26.  33.  37.  38.  39.  39.  40.  44.
  44.  46.  48.  48.  49.  49.  50.  52.  53.  54.  56.  58.  59.  59.
  59.  61.  65.  67.  69.  71.  75.  77.  79.  81.  82.  83.  88.  96.
  99. 100.][-100.  -99.  -98.  -97.  -94.  -94.  -93.  -92.  -92.  -89.  -89.  -88.
  -88.  -86.  -86.  -86.  -81.  -75.  -73.  -68.  -56.  -55.  -55.  -55.
  -54.  -51.  -48.  -47.  -47.  -46.  -43.  -42.  -42.  -35.  -33.  -31.
  -29.  -24.  -24.  -23.  -23.  -22.  -22.  -21.  -20.  -19.  -19.  -16.
  -15.  -10.   -9.   -4.   -2.    3.    4.    5.    6.    7.   18.   20.
   20.   23.   25.   27.   30.   34.   41.   41.   41.   42.   44.   46.
   49.   50.   52.   52.   52.   55.   56.   57.   59.   64.   64.   68.
   69.   70.   72.   74.   74.   76.   77.   77.   79.   81.   82.   84.
   85.   90.   93.   98.][-100.  -99.  -98.  -95.  -94.  -93.  -92.  -92.  -92.  -89.  -88.  -88.
  -85.  -80.  -79.  -73.  -70.  -67.  -62.  -61.  -60.  -58.  -48.  -47.
  -43.  -43.  -41.  -35.  -32.  -32.  -29.  -28.  -25.  -23.  -23.  -22.
  -22.  -22.  -20.  -14.  -13.  -13.  -12.  -11.  -10.   -8.   -7.   -7.
   -5.   -2.   -2.   -2.    3.    6.   12.   15.   15.   17.   21.   21.
   23.   26.   29.   30.   33.   37.   38.   40.   41.   43.   44.   48.
   52.   53.   53.   57.   58.   59.   61.   61.   65.   65.   68.   69.
   70.   71.   72.   73.   74.   81.   82.   84.   86.   91.   92.   94.
   95.   99.   99.  100.]