[-99. -94. -91. -90. -88. -88. -86. -85. -82. -81. -77. -76. -75. -67.
 -65. -64. -64. -64. -64. -62. -61. -56. -56. -54. -54. -50. -45. -43.
 -40. -40. -35. -35. -33. -30. -26. -24. -24. -21. -19. -19. -17. -16.
 -14. -11.  -9.  -6.  -4.  -3.  -2.  -1.   2.   3.   3.   5.  10.  11.
  12.  13.  16.  17.  22.  23.  24.  26.  26.  26.  27.  29.  29.  29.
  38.  39.  43.  50.  52.  56.  56.  58.  60.  61.  61.  62.  63.  64.
  66.  69.  69.  72.  74.  78.  79.  80.  80.  82.  83.  84.  89.  90.
  92.  94.][-97. -95. -94. -92. -91. -90. -88. -83. -82. -81. -79. -78. -73. -73.
 -71. -70. -70. -69. -68. -65. -62. -60. -58. -57. -54. -53. -50. -49.
 -44. -43. -42. -40. -39. -35. -35. -31. -31. -27. -24. -22. -22. -21.
 -21. -20. -18. -17. -15. -13. -12. -11.  -2.  -1.   1.   5.   5.   8.
   9.  10.  14.  18.  20.  21.  21.  22.  26.  27.  27.  27.  28.  29.
  30.  31.  37.  39.  39.  40.  41.  48.  48.  51.  51.  64.  66.  69.
  76.  77.  77.  78.  78.  80.  81.  85.  86.  89.  89.  91.  94.  95.
  96.  99.][-96. -94. -93. -92. -92. -92. -92. -91. -90. -90. -88. -85. -80. -80.
 -79. -77. -77. -76. -70. -67. -66. -66. -64. -64. -59. -57. -56. -54.
 -53. -53. -53. -50. -47. -46. -41. -39. -34. -32. -29. -28. -28. -28.
 -28. -27. -26. -22. -22. -20. -16. -14. -12.  -8.  -3.   2.   4.   7.
   8.  15.  16.  17.  18.  18.  21.  22.  25.  28.  31.  35.  36.  36.
  37.  39.  39.  42.  46.  46.  53.  56.  57.  62.  62.  62.  63.  66.
  68.  70.  72.  74.  74.  74.  74.  76.  78.  80.  80.  84.  84.  90.
  92.  99.][-100.  -99.  -98.  -93.  -90.  -87.  -86.  -86.  -85.  -84.  -80.  -79.
  -79.  -78.  -78.  -76.  -75.  -74.  -73.  -72.  -71.  -71.  -67.  -65.
  -65.  -60.  -54.  -53.  -52.  -50.  -50.  -48.  -47.  -44.  -44.  -41.
  -40.  -34.  -33.  -30.  -28.  -27.  -25.  -25.  -22.  -21.  -18.  -13.
   -4.   -4.   -1.    4.    5.    7.    8.   12.   14.   14.   15.   17.
   23.   23.   27.   29.   33.   34.   37.   38.   42.   43.   47.   49.
   51.   52.   52.   53.   53.   60.   60.   60.   61.   64.   66.   67.
   67.   68.   73.   76.   79.   80.   83.   86.   86.   89.   92.   93.
   94.   95.   98.   99.][-97. -96. -95. -94. -93. -90. -90. -83. -82. -80. -79. -79. -77. -77.
 -75. -75. -74. -73. -72. -71. -66. -66. -63. -60. -58. -55. -54. -51.
 -48. -45. -44. -42. -40. -38. -38. -35. -35. -33. -33. -31. -23. -21.
 -21. -20. -12. -11.  -4.  -4.  -3.  -3.   1.  16.  20.  25.  27.  27.
  27.  30.  33.  34.  36.  37.  39.  39.  39.  41.  46.  47.  47.  49.
  51.  51.  56.  60.  61.  61.  62.  63.  64.  64.  66.  68.  68.  72.
  73.  73.  75.  77.  81.  82.  83.  83.  91.  92.  94.  95.  96.  97.
  98. 100.][-100.  -98.  -98.  -97.  -97.  -94.  -86.  -84.  -83.  -82.  -82.  -81.
  -74.  -73.  -73.  -71.  -67.  -65.  -63.  -63.  -62.  -60.  -59.  -58.
  -56.  -56.  -52.  -51.  -50.  -49.  -48.  -48.  -47.  -46.  -44.  -42.
  -40.  -38.  -38.  -32.  -29.  -29.  -27.  -26.  -21.  -13.  -13.  -10.
   -8.   -7.   -6.   -5.   -2.    1.    6.   13.   13.   15.   18.   18.
   34.   34.   35.   39.   40.   41.   44.   49.   49.   51.   53.   54.
   55.   56.   57.   58.   58.   59.   61.   62.   62.   65.   66.   72.
   72.   74.   75.   77.   77.   78.   81.   82.   84.   85.   88.   88.
   93.   94.   94.   95.][-95. -94. -94. -93. -93. -91. -90. -89. -87. -85. -84. -83. -83. -80.
 -80. -79. -77. -76. -74. -73. -70. -70. -66. -65. -63. -62. -60. -58.
 -56. -50. -49. -46. -43. -43. -41. -40. -39. -39. -36. -32. -31. -31.
 -29. -29. -28. -25. -24. -23. -21. -14. -13. -12. -11.  -8.  -5.  -4.
  -2.   5.   8.  11.  14.  14.  15.  18.  23.  25.  26.  27.  29.  30.
  31.  32.  34.  35.  36.  41.  44.  47.  47.  47.  48.  48.  48.  50.
  54.  58.  60.  61.  61.  67.  72.  84.  88.  88.  89.  90.  91.  93.
  96.  99.][-99. -98. -94. -92. -90. -90. -89. -87. -85. -81. -81. -79. -76. -70.
 -70. -70. -69. -69. -69. -68. -68. -66. -66. -65. -64. -60. -59. -59.
 -58. -58. -57. -54. -52. -51. -50. -49. -49. -45. -42. -41. -37. -36.
 -35. -29. -26. -22. -21. -20. -19. -17. -15. -10. -10.  -3.  -3.   0.
   6.  11.  11.  15.  18.  20.  20.  22.  23.  24.  25.  26.  27.  36.
  41.  42.  42.  43.  49.  49.  52.  54.  56.  57.  62.  62.  63.  63.
  64.  67.  70.  72.  72.  75.  80.  80.  80.  85.  85.  88.  92.  94.
  94.  97.][-92. -92. -85. -84. -83. -80. -77. -75. -74. -74. -74. -73. -71. -69.
 -67. -64. -63. -62. -62. -60. -59. -59. -50. -50. -48. -44. -42. -41.
 -40. -35. -34. -32. -31. -30. -26. -19. -15. -12. -12. -11. -10.  -9.
  -7.  -5.  -4.  -3.   2.   4.   5.   5.   8.   8.  10.  14.  16.  17.
  17.  19.  20.  24.  25.  28.  31.  32.  33.  35.  36.  37.  37.  38.
  40.  41.  41.  43.  44.  46.  47.  48.  50.  52.  54.  56.  58.  58.
  66.  67.  67.  71.  71.  71.  73.  76.  79.  82.  83.  88.  88.  93.
  98. 100.][-100.  -98.  -97.  -95.  -91.  -87.  -85.  -85.  -85.  -84.  -69.  -62.
  -61.  -58.  -58.  -56.  -51.  -49.  -47.  -46.  -36.  -36.  -35.  -33.
  -31.  -30.  -29.  -29.  -28.  -25.  -25.  -24.  -24.  -21.  -19.  -18.
  -17.  -15.  -15.  -15.   -8.   -6.   -6.   -1.   -1.    1.    3.    4.
    4.    9.   12.   14.   15.   15.   16.   19.   21.   24.   24.   24.
   27.   28.   29.   29.   30.   31.   32.   34.   36.   37.   40.   41.
   42.   45.   45.   48.   50.   50.   54.   55.   58.   58.   60.   64.
   67.   67.   67.   68.   68.   69.   71.   72.   76.   81.   81.   86.
   89.   91.   91.   99.][-96. -95. -92. -89. -88. -86. -86. -79. -77. -76. -74. -72. -72. -71.
 -71. -68. -68. -67. -64. -63. -62. -55. -54. -53. -51. -50. -47. -47.
 -44. -43. -40. -39. -39. -38. -36. -34. -34. -29. -28. -27. -22. -21.
 -19. -16.  -3.  -1.  -1.   0.  14.  18.  20.  22.  26.  27.  27.  27.
  29.  31.  34.  37.  39.  44.  45.  46.  49.  52.  59.  59.  60.  60.
  60.  60.  61.  61.  61.  61.  61.  63.  63.  63.  63.  66.  66.  67.
  68.  69.  70.  77.  81.  84.  86.  86.  86.  86.  87.  92.  95.  96.
  97. 100.][-100. -100.  -96.  -87.  -84.  -82.  -82.  -81.  -80.  -77.  -76.  -74.
  -69.  -64.  -63.  -58.  -58.  -57.  -51.  -49.  -43.  -43.  -43.  -41.
  -39.  -38.  -38.  -38.  -36.  -36.  -33.  -30.  -26.  -25.  -24.  -23.
  -22.  -21.  -18.  -14.   -9.   -7.   -1.    2.    3.    7.    7.    9.
    9.   10.   11.   13.   15.   17.   18.   23.   27.   29.   29.   32.
   33.   36.   37.   40.   42.   44.   46.   47.   48.   49.   50.   50.
   50.   51.   55.   55.   58.   61.   61.   69.   70.   72.   76.   76.
   79.   82.   82.   84.   90.   92.   94.   94.   95.   95.   97.   97.
   98.   98.  100.  100.][-100. -100.  -98.  -93.  -92.  -89.  -87.  -84.  -84.  -83.  -82.  -81.
  -79.  -77.  -69.  -69.  -65.  -65.  -58.  -57.  -56.  -55.  -54.  -52.
  -50.  -47.  -46.  -42.  -42.  -39.  -38.  -35.  -34.  -33.  -31.  -29.
  -29.  -29.  -27.  -26.  -26.  -25.  -25.  -24.  -23.  -21.   -6.   -4.
   -3.   -2.    4.    5.    5.    5.    7.    9.   12.   15.   16.   17.
   20.   21.   26.   26.   29.   31.   32.   35.   36.   37.   37.   37.
   39.   42.   43.   44.   49.   49.   51.   54.   57.   61.   61.   70.
   73.   73.   79.   83.   83.   84.   85.   86.   87.   89.   89.   89.
   90.   92.   95.   99.][-100.  -97.  -94.  -91.  -90.  -90.  -86.  -84.  -82.  -78.  -77.  -77.
  -77.  -74.  -74.  -72.  -71.  -70.  -66.  -63.  -59.  -58.  -57.  -57.
  -54.  -53.  -51.  -51.  -46.  -41.  -41.  -37.  -36.  -35.  -32.  -30.
  -28.  -25.  -23.  -23.  -21.  -20.  -19.  -11.  -10.   -6.   -6.   -4.
   -3.   -2.    0.    0.    1.    1.    4.    8.   10.   16.   17.   18.
   21.   21.   23.   27.   28.   29.   29.   30.   31.   34.   36.   37.
   39.   40.   43.   50.   55.   57.   57.   59.   61.   61.   64.   65.
   66.   66.   70.   71.   72.   72.   75.   78.   80.   82.   85.   87.
   88.   91.   93.   99.][-100. -100. -100.  -99.  -94.  -94.  -93.  -92.  -92.  -86.  -85.  -84.
  -84.  -80.  -79.  -78.  -77.  -77.  -64.  -64.  -63.  -59.  -56.  -55.
  -53.  -50.  -50.  -50.  -49.  -47.  -46.  -44.  -43.  -43.  -39.  -38.
  -34.  -34.  -34.  -32.  -31.  -30.  -21.  -19.  -18.  -17.  -12.  -10.
   -4.   -4.   -2.   -2.    1.    1.    2.    3.    8.    8.   11.   14.
   16.   18.   18.   20.   22.   29.   32.   33.   33.   34.   38.   40.
   41.   41.   43.   43.   45.   45.   52.   55.   60.   62.   62.   64.
   65.   66.   66.   68.   71.   72.   74.   75.   77.   79.   84.   87.
   95.   96.   97.  100.][-99. -99. -97. -96. -96. -95. -88. -87. -85. -84. -83. -83. -79. -79.
 -79. -78. -74. -73. -73. -72. -70. -70. -69. -68. -65. -63. -60. -60.
 -58. -57. -56. -53. -53. -49. -49. -48. -48. -47. -47. -47. -47. -46.
 -35. -30. -27. -23. -19. -19. -16. -15. -14. -12. -10.  -8.  -4.  -3.
  -2.   1.   2.   4.   6.   9.  10.  10.  14.  16.  17.  19.  22.  26.
  31.  34.  34.  38.  42.  42.  43.  47.  48.  50.  50.  56.  57.  61.
  62.  70.  70.  74.  78.  80.  80.  83.  86.  88.  92.  92.  93.  96.
  96.  99.][-96. -96. -95. -94. -90. -86. -84. -83. -83. -79. -78. -74. -70. -68.
 -67. -65. -63. -63. -63. -62. -62. -58. -52. -51. -50. -49. -49. -49.
 -48. -46. -44. -41. -39. -38. -38. -37. -26. -19. -19. -16. -12. -12.
 -11. -11.  -9.  -8.  -7.  -1.   3.   3.   6.   7.   7.   9.  10.  12.
  12.  13.  17.  18.  18.  21.  27.  28.  30.  31.  32.  34.  34.  36.
  36.  38.  40.  40.  43.  46.  47.  47.  49.  50.  51.  54.  56.  58.
  61.  68.  68.  69.  70.  70.  72.  72.  82.  83.  87.  90.  90.  91.
  96.  96.][-100.  -97.  -97.  -96.  -89.  -85.  -85.  -83.  -78.  -77.  -77.  -76.
  -74.  -72.  -67.  -67.  -67.  -63.  -57.  -55.  -54.  -52.  -50.  -47.
  -44.  -44.  -41.  -40.  -40.  -34.  -31.  -27.  -22.  -17.  -17.  -10.
  -10.   -9.   -9.   -8.   -2.    0.    2.    8.    9.   10.   14.   14.
   15.   16.   16.   17.   20.   21.   22.   22.   23.   25.   27.   29.
   30.   31.   31.   35.   37.   40.   40.   47.   48.   48.   48.   49.
   51.   54.   58.   59.   62.   64.   65.   65.   66.   67.   70.   73.
   73.   75.   77.   81.   87.   89.   89.   90.   94.   94.   94.   96.
   98.   98.   99.   99.][-97. -93. -91. -90. -90. -89. -88. -87. -85. -84. -84. -82. -81. -74.
 -74. -70. -69. -68. -64. -63. -63. -59. -53. -51. -49. -45. -44. -43.
 -39. -38. -36. -29. -28. -25. -23. -21. -16. -15. -14. -12. -10.  -3.
   2.   6.   8.  11.  14.  14.  15.  15.  17.  18.  18.  21.  21.  21.
  22.  25.  26.  27.  28.  30.  32.  33.  35.  36.  40.  44.  45.  47.
  47.  50.  50.  51.  52.  53.  55.  61.  65.  65.  68.  69.  69.  70.
  73.  73.  74.  78.  84.  85.  90.  93.  93.  95.  95.  95.  97. 100.
 100. 100.][-99. -98. -98. -96. -95. -94. -94. -89. -88. -88. -87. -84. -82. -81.
 -79. -78. -75. -67. -66. -66. -63. -61. -59. -59. -57. -56. -56. -48.
 -47. -47. -43. -41. -41. -39. -32. -31. -28. -28. -27. -25. -21. -18.
 -18. -16. -14. -11.  -9.  -7.  -7.  -3.   0.   2.   9.   9.  13.  15.
  18.  18.  20.  22.  24.  26.  29.  30.  30.  31.  35.  37.  37.  38.
  40.  46.  46.  51.  54.  55.  58.  58.  60.  61.  62.  68.  70.  70.
  71.  73.  85.  85.  85.  88.  92.  92.  94.  95.  96.  97.  98.  99.
 100. 100.][-99. -99. -97. -97. -96. -96. -91. -91. -87. -83. -82. -81. -81. -80.
 -80. -79. -77. -77. -75. -73. -73. -72. -71. -69. -68. -59. -58. -57.
 -50. -47. -44. -39. -36. -34. -32. -27. -27. -26. -22. -21. -20. -16.
 -12. -12. -12. -11. -11. -10.  -9.  -9.  -7.  -5.  -4.  -3.  -3.  -2.
   1.   7.   7.   9.  11.  12.  15.  16.  16.  20.  25.  31.  32.  32.
  40.  40.  43.  43.  44.  45.  45.  45.  48.  53.  54.  58.  60.  65.
  67.  69.  73.  78.  78.  82.  85.  86.  88.  88.  91.  91.  91.  92.
  96. 100.][-98. -98. -91. -91. -90. -89. -85. -84. -79. -76. -74. -70. -69. -68.
 -68. -63. -60. -58. -57. -57. -55. -53. -52. -51. -51. -48. -48. -45.
 -42. -40. -40. -40. -38. -36. -35. -27. -24. -24. -23. -20. -19. -14.
 -10.  -8.  -8.  -7.  -6.  -5.  -2.   0.   4.   5.   6.   6.   8.   9.
  15.  17.  18.  18.  20.  21.  22.  25.  27.  29.  31.  33.  42.  45.
  50.  52.  56.  58.  59.  60.  60.  60.  61.  62.  63.  70.  73.  73.
  74.  74.  75.  76.  77.  78.  80.  80.  81.  85.  86.  91.  91.  96.
  98.  98.][-99. -96. -91. -91. -83. -82. -82. -82. -82. -81. -81. -80. -76. -75.
 -73. -71. -67. -62. -59. -58. -58. -57. -53. -51. -51. -49. -48. -47.
 -47. -46. -44. -42. -42. -41. -40. -38. -35. -34. -33. -33. -30. -28.
 -28. -27. -12. -11. -10.  -4.   1.   2.   2.   3.   3.   5.   7.   9.
  13.  13.  15.  15.  16.  18.  21.  22.  23.  26.  29.  30.  30.  39.
  42.  43.  51.  54.  55.  56.  57.  58.  58.  61.  62.  66.  66.  68.
  69.  69.  74.  74.  77.  81.  89.  89.  90.  92.  93.  95.  95.  98.
  99.  99.][-97. -95. -93. -86. -84. -83. -83. -82. -82. -80. -76. -74. -72. -69.
 -63. -58. -58. -57. -57. -57. -53. -52. -50. -47. -47. -45. -44. -44.
 -44. -41. -41. -35. -34. -33. -32. -32. -31. -30. -29. -28. -27. -22.
 -22. -20. -19. -19. -18. -18. -15. -15. -15.  -8.  -6.  -5.  -3.   0.
   0.   2.   3.   3.   4.   4.   4.   8.   9.  15.  18.  19.  20.  26.
  26.  32.  33.  35.  38.  40.  41.  41.  46.  52.  53.  56.  57.  59.
  60.  60.  67.  69.  70.  73.  73.  75.  78.  84.  85.  86.  93.  98.
  98.  99.][-99. -95. -95. -90. -87. -85. -85. -83. -83. -83. -82. -77. -76. -75.
 -74. -71. -70. -69. -68. -68. -67. -66. -65. -65. -59. -54. -52. -48.
 -47. -47. -46. -45. -43. -43. -41. -39. -37. -36. -36. -35. -35. -30.
 -29. -28. -27. -26. -25. -24. -21. -16. -15. -12.  -9.  -7.  -2.   2.
   5.   6.   7.  10.  12.  12.  13.  13.  14.  23.  24.  25.  26.  29.
  31.  35.  45.  46.  47.  47.  50.  52.  62.  68.  70.  75.  76.  77.
  78.  78.  80.  82.  85.  85.  86.  87.  90.  90.  92.  93.  93.  96.
  96.  96.][-99. -98. -93. -84. -84. -83. -82. -79. -79. -77. -73. -72. -71. -70.
 -67. -66. -60. -56. -55. -54. -49. -47. -47. -46. -45. -42. -41. -39.
 -39. -39. -33. -32. -32. -32. -30. -27. -25. -21. -17. -16. -15. -11.
  -9.  -8.  -7.  -3.  -3.   0.   1.   1.   5.   6.   9.  13.  13.  17.
  17.  18.  20.  20.  21.  26.  27.  27.  28.  28.  29.  35.  37.  41.
  41.  43.  45.  47.  49.  51.  56.  57.  58.  61.  64.  66.  67.  69.
  72.  79.  79.  81.  83.  84.  88.  88.  92.  92.  93.  93.  93.  95.
  99. 100.][-100.  -99.  -98.  -96.  -96.  -89.  -83.  -83.  -82.  -82.  -82.  -79.
  -74.  -74.  -72.  -70.  -69.  -66.  -63.  -56.  -54.  -54.  -53.  -53.
  -51.  -51.  -47.  -43.  -42.  -40.  -39.  -32.  -30.  -28.  -24.  -18.
  -17.  -16.  -11.  -10.   -8.   -5.   -4.   -2.   -2.    0.    3.    7.
    7.   10.   12.   12.   23.   24.   26.   27.   28.   29.   29.   32.
   38.   47.   49.   50.   51.   51.   55.   55.   57.   57.   58.   59.
   60.   61.   68.   69.   72.   76.   76.   76.   77.   78.   81.   81.
   82.   83.   83.   85.   85.   86.   87.   88.   89.   90.   91.   92.
   92.   93.   94.   94.][-99. -96. -94. -91. -90. -88. -84. -84. -83. -79. -78. -75. -74. -74.
 -73. -73. -73. -68. -67. -64. -62. -60. -59. -54. -54. -54. -52. -51.
 -50. -48. -45. -45. -44. -42. -40. -39. -32. -32. -28. -25. -23. -22.
 -21. -17. -11. -11. -11. -11.  -9.  -8.  -7.  -6.  -5.  -2.  -1.   1.
   2.   6.   7.   9.  10.  16.  17.  17.  18.  19.  21.  22.  23.  28.
  30.  30.  41.  41.  42.  42.  43.  46.  48.  49.  52.  54.  58.  58.
  61.  67.  71.  74.  74.  75.  77.  78.  81.  84.  92.  95.  96.  99.
  99. 100.][-99. -98. -98. -90. -85. -78. -77. -76. -75. -71. -69. -67. -65. -65.
 -63. -61. -60. -60. -58. -58. -56. -52. -49. -46. -46. -39. -38. -36.
 -35. -34. -33. -31. -29. -28. -22. -20. -12. -11.  -8.  -8.  -7.  -7.
  -1.  -1.   0.   0.   0.   1.   1.   4.   6.   6.   7.   8.   8.   9.
  11.  11.  12.  13.  14.  14.  15.  20.  29.  30.  34.  36.  38.  40.
  40.  44.  46.  47.  49.  51.  55.  58.  61.  62.  64.  66.  68.  71.
  80.  81.  84.  86.  88.  89.  90.  90.  90.  91.  93.  94.  95.  95.
  98.  98.][-96. -87. -85. -85. -84. -84. -84. -84. -83. -78. -78. -78. -72. -71.
 -71. -71. -68. -66. -63. -53. -51. -51. -49. -48. -46. -46. -45. -42.
 -41. -38. -37. -35. -33. -29. -25. -24. -22. -21. -19. -12. -12. -11.
 -11. -10.  -8.  -7.  -4.  -2.   2.   6.   7.  13.  14.  17.  20.  20.
  23.  25.  26.  27.  28.  31.  34.  34.  37.  42.  43.  43.  44.  44.
  45.  48.  48.  49.  50.  50.  51.  56.  56.  57.  58.  60.  66.  69.
  69.  70.  70.  72.  76.  76.  76.  79.  82.  86.  86.  88.  92.  92.
  95.  97.][-94. -93. -88. -84. -78. -72. -71. -70. -70. -68. -65. -62. -60. -60.
 -59. -56. -54. -52. -49. -47. -44. -44. -41. -41. -37. -33. -32. -28.
 -24. -24. -22. -21. -20. -20. -20. -15. -15. -14. -14. -14. -12. -11.
 -11.  -9.  -9.  -6.  -6.  -5.  -4.  -3.  -2.  -1.  -1.   1.   3.   5.
   8.  11.  12.  15.  15.  18.  19.  22.  24.  25.  25.  27.  29.  30.
  32.  35.  39.  42.  43.  43.  47.  49.  50.  52.  53.  54.  55.  55.
  59.  61.  64.  68.  69.  70.  71.  72.  78.  78.  83.  83.  87.  88.
  88. 100.][-99. -99. -99. -96. -91. -90. -87. -86. -85. -85. -83. -82. -81. -77.
 -76. -76. -75. -68. -68. -62. -59. -59. -58. -57. -57. -56. -51. -50.
 -48. -48. -47. -45. -42. -41. -39. -35. -35. -34. -32. -22. -21. -21.
 -21. -19. -17. -15. -13.  -9.  -9.  -9.  -8.  -7.  -5.  -4.  -2.   1.
   1.  11.  16.  20.  20.  21.  26.  29.  32.  33.  34.  34.  38.  38.
  40.  40.  41.  43.  47.  48.  48.  50.  50.  50.  52.  57.  62.  62.
  63.  64.  64.  66.  74.  74.  76.  77.  81.  84.  87.  89.  92.  95.
  96.  99.][-97. -89. -89. -89. -84. -82. -81. -74. -74. -73. -73. -72. -70. -69.
 -67. -66. -65. -62. -61. -57. -53. -52. -51. -47. -47. -44. -44. -43.
 -43. -42. -39. -39. -39. -38. -38. -37. -36. -32. -32. -30. -28. -24.
 -23. -16. -15. -13. -12. -12. -11.  -3.  -3.  -2.  -1.   0.   1.   3.
   4.   7.   9.   9.  13.  17.  18.  22.  25.  28.  29.  30.  30.  35.
  35.  36.  38.  39.  40.  41.  43.  51.  52.  53.  56.  57.  63.  65.
  65.  71.  73.  73.  77.  79.  83.  85.  89.  91.  92.  93.  97.  97.
  99. 100.][-99. -97. -97. -95. -95. -95. -92. -91. -91. -88. -85. -83. -83. -83.
 -81. -77. -77. -75. -75. -71. -68. -64. -64. -62. -59. -54. -52. -51.
 -50. -49. -48. -47. -43. -43. -41. -41. -41. -41. -41. -40. -39. -36.
 -33. -25. -16. -15. -13.  -6.  -3.  -3.   1.   3.   5.   7.   7.   8.
   8.  10.  24.  25.  26.  27.  28.  29.  29.  30.  33.  33.  36.  39.
  44.  44.  45.  46.  48.  49.  56.  57.  57.  57.  60.  63.  63.  64.
  66.  69.  70.  72.  73.  75.  75.  77.  79.  80.  84.  91.  92.  95.
  96.  99.][-99. -99. -87. -86. -84. -81. -81. -79. -78. -73. -72. -72. -70. -64.
 -64. -63. -62. -58. -56. -55. -53. -53. -49. -48. -47. -47. -47. -45.
 -45. -42. -40. -39. -37. -35. -35. -29. -29. -29. -27. -26. -25. -22.
 -21. -20. -17. -16. -14. -11. -10.  -8.  -5.  -4.  -3.  -3.  -2.  -2.
  -2.   2.   6.  11.  11.  11.  17.  18.  31.  32.  34.  36.  37.  38.
  40.  42.  43.  45.  49.  49.  49.  53.  58.  59.  61.  65.  65.  67.
  71.  72.  74.  74.  76.  76.  76.  86.  87.  89.  94.  95.  96.  98.
  99. 100.][-98. -96. -95. -95. -89. -87. -87. -86. -85. -84. -79. -79. -76. -74.
 -74. -73. -72. -69. -68. -68. -66. -65. -64. -56. -54. -54. -51. -50.
 -50. -48. -43. -38. -36. -34. -32. -32. -26. -26. -25. -24. -24. -23.
 -22. -22. -19. -18. -17. -16. -14. -11.  -9.  -5.  -4.  -4.  -1.   1.
   2.   6.  11.  12.  15.  16.  17.  18.  18.  19.  20.  21.  22.  25.
  26.  29.  31.  39.  41.  48.  51.  51.  53.  53.  54.  55.  55.  56.
  57.  57.  60.  60.  61.  65.  66.  69.  70.  72.  73.  75.  78.  80.
  95.  97.][-99. -93. -92. -92. -90. -89. -88. -86. -86. -83. -82. -75. -74. -72.
 -67. -66. -65. -64. -64. -59. -55. -55. -53. -46. -45. -44. -43. -43.
 -43. -42. -41. -38. -36. -32. -30. -28. -25. -24. -24. -23. -23. -21.
 -17. -15.  -9.  -8.  -6.  -3.   0.   2.   2.   2.   3.   3.   5.   8.
  10.  11.  18.  21.  25.  25.  26.  27.  28.  37.  41.  42.  44.  45.
  46.  49.  50.  51.  51.  52.  52.  58.  64.  64.  65.  65.  66.  67.
  71.  81.  82.  82.  83.  84.  85.  86.  89.  90.  94.  94.  94.  95.
  96.  99.][-100.  -97.  -96.  -96.  -94.  -90.  -90.  -89.  -85.  -83.  -83.  -80.
  -79.  -78.  -76.  -75.  -75.  -72.  -71.  -63.  -63.  -59.  -57.  -57.
  -56.  -54.  -51.  -49.  -49.  -48.  -42.  -40.  -40.  -39.  -39.  -37.
  -37.  -34.  -33.  -30.  -29.  -29.  -29.  -23.  -22.  -21.  -18.  -17.
  -17.  -16.  -15.  -14.  -13.  -10.  -10.   -7.   -5.    0.    0.    0.
    3.    3.    4.    7.    7.   11.   13.   13.   14.   17.   18.   18.
   26.   27.   33.   34.   35.   37.   40.   44.   44.   45.   47.   49.
   50.   50.   52.   56.   59.   63.   64.   68.   73.   74.   79.   84.
   87.   88.   92.   97.][-99. -98. -94. -94. -93. -92. -92. -88. -88. -86. -85. -82. -82. -77.
 -73. -71. -64. -63. -61. -60. -59. -57. -56. -51. -50. -49. -45. -45.
 -44. -43. -40. -38. -37. -37. -34. -28. -28. -28. -27. -26. -25. -25.
 -23. -23. -23. -19. -18. -17. -15. -13. -12. -12. -11. -11.  -3.  -2.
   0.   6.   7.   9.  11.  16.  18.  20.  21.  24.  25.  29.  32.  33.
  35.  38.  39.  41.  42.  42.  43.  46.  46.  48.  48.  50.  52.  52.
  54.  65.  71.  74.  76.  77.  78.  78.  85.  85.  87.  87.  90.  91.
  92. 100.][-100.  -99.  -98.  -97.  -94.  -92.  -89.  -87.  -86.  -86.  -85.  -85.
  -84.  -83.  -82.  -81.  -81.  -81.  -81.  -75.  -74.  -73.  -71.  -70.
  -63.  -61.  -60.  -59.  -58.  -57.  -56.  -51.  -50.  -49.  -43.  -42.
  -40.  -40.  -39.  -38.  -35.  -33.  -32.  -32.  -31.  -26.  -23.  -16.
  -14.  -13.   -8.   -4.   -2.   -1.    2.    6.    6.    6.   10.   11.
   12.   16.   19.   19.   21.   26.   27.   32.   35.   35.   37.   38.
   38.   43.   48.   49.   50.   52.   54.   55.   57.   58.   59.   60.
   61.   62.   65.   66.   66.   72.   75.   79.   83.   84.   88.   96.
   97.   99.  100.  100.][-100.  -97.  -93.  -89.  -86.  -84.  -83.  -80.  -78.  -74.  -74.  -70.
  -68.  -68.  -66.  -65.  -62.  -61.  -59.  -54.  -54.  -54.  -52.  -52.
  -50.  -47.  -41.  -41.  -36.  -35.  -34.  -33.  -33.  -31.  -29.  -29.
  -21.  -20.  -19.  -18.  -11.  -11.   -9.   -9.   -6.   -5.   -4.   -3.
   -2.   -2.    1.    5.    7.   11.   11.   13.   15.   15.   17.   18.
   19.   20.   22.   26.   27.   29.   30.   32.   33.   35.   38.   39.
   39.   41.   41.   42.   44.   46.   47.   48.   54.   56.   63.   64.
   66.   70.   70.   79.   79.   83.   83.   84.   86.   90.   95.   97.
   97.   97.   97.  100.][-100.  -96.  -92.  -87.  -85.  -84.  -83.  -83.  -81.  -81.  -80.  -76.
  -76.  -74.  -69.  -67.  -67.  -66.  -63.  -62.  -61.  -60.  -60.  -59.
  -59.  -57.  -56.  -49.  -46.  -46.  -46.  -44.  -42.  -39.  -39.  -37.
  -37.  -33.  -29.  -28.  -26.  -26.  -23.  -18.  -18.  -17.  -17.  -16.
  -13.  -12.  -12.  -10.   -6.   -5.   -2.    1.    4.    4.    4.    5.
    5.    7.    8.    9.    9.   15.   18.   19.   19.   21.   24.   26.
   27.   31.   34.   35.   36.   38.   41.   45.   47.   53.   58.   71.
   73.   74.   75.   75.   76.   76.   76.   81.   81.   84.   85.   87.
   92.   93.   94.   98.][-97. -97. -92. -92. -91. -90. -89. -87. -86. -86. -84. -82. -79. -76.
 -74. -74. -72. -72. -67. -61. -59. -58. -58. -56. -56. -52. -51. -47.
 -45. -43. -40. -38. -38. -38. -37. -34. -32. -32. -31. -30. -22. -21.
 -20. -19. -18. -13. -12. -12. -11.  -9.  -8.  -4.  -2.  -1.  -1.   0.
   0.   5.   5.  13.  14.  14.  15.  17.  18.  19.  20.  21.  26.  27.
  30.  36.  38.  41.  44.  44.  46.  50.  54.  65.  65.  66.  68.  69.
  70.  72.  74.  79.  79.  80.  82.  85.  86.  93.  95.  95.  96.  97.
  99.  99.][-100. -100.  -97.  -96.  -95.  -93.  -92.  -87.  -84.  -82.  -79.  -78.
  -75.  -72.  -70.  -69.  -69.  -68.  -66.  -62.  -57.  -48.  -44.  -44.
  -42.  -39.  -39.  -39.  -38.  -38.  -37.  -32.  -32.  -31.  -29.  -28.
  -27.  -25.  -22.  -20.  -18.  -18.  -16.  -13.  -12.  -10.   -5.   -5.
   -3.   -1.   -1.    0.    0.    1.    4.    4.    8.    8.    9.   10.
   13.   17.   21.   26.   36.   37.   38.   40.   41.   41.   42.   48.
   50.   50.   51.   52.   54.   57.   57.   59.   60.   62.   64.   72.
   73.   75.   75.   76.   81.   81.   82.   86.   88.   88.   89.   92.
   96.   96.   97.   98.][-99. -98. -97. -96. -95. -95. -89. -84. -80. -79. -79. -79. -78. -78.
 -78. -77. -76. -76. -74. -72. -72. -71. -71. -71. -71. -70. -70. -63.
 -61. -61. -59. -58. -57. -56. -54. -51. -50. -46. -45. -44. -32. -30.
 -29. -28. -28. -25. -24. -22. -17. -10.  -7.  -3.   2.   3.   6.   7.
  12.  13.  13.  13.  14.  16.  17.  17.  19.  26.  31.  35.  36.  37.
  37.  40.  42.  44.  46.  48.  48.  49.  50.  56.  56.  56.  58.  63.
  65.  70.  71.  71.  74.  78.  78.  87.  88.  91.  92.  95.  98.  98.
  99. 100.][-97. -96. -93. -92. -90. -89. -89. -88. -84. -78. -78. -77. -77. -70.
 -69. -69. -66. -64. -63. -62. -61. -59. -53. -52. -52. -49. -42. -40.
 -39. -36. -30. -29. -29. -28. -28. -28. -26. -26. -25. -24. -20. -20.
 -19. -17. -16. -13. -10.  -8.  -8.  -2.  -1.   2.   3.   5.   7.   7.
  13.  16.  19.  19.  19.  20.  21.  22.  23.  26.  30.  31.  34.  40.
  44.  47.  48.  50.  52.  56.  60.  62.  64.  64.  65.  68.  68.  68.
  69.  70.  70.  72.  77.  78.  78.  79.  81.  83.  84.  86.  87.  89.
  92.  95.][-100.  -98.  -97.  -97.  -93.  -88.  -85.  -83.  -83.  -82.  -81.  -77.
  -75.  -72.  -72.  -70.  -70.  -69.  -66.  -64.  -57.  -55.  -54.  -53.
  -51.  -48.  -47.  -44.  -43.  -42.  -40.  -38.  -36.  -29.  -29.  -28.
  -25.  -23.  -21.  -16.  -15.  -14.  -11.   -8.   -7.   -2.    2.    3.
    4.    5.    5.    6.    7.    7.   13.   15.   18.   18.   18.   20.
   21.   21.   21.   21.   23.   24.   26.   27.   29.   29.   30.   37.
   39.   40.   40.   41.   52.   53.   59.   59.   61.   63.   64.   66.
   66.   67.   69.   72.   74.   76.   76.   80.   81.   85.   86.   88.
   90.   92.   93.   99.][-99. -99. -96. -95. -93. -86. -85. -84. -84. -81. -77. -72. -70. -66.
 -64. -60. -58. -54. -53. -52. -51. -45. -44. -43. -41. -41. -33. -31.
 -28. -27. -27. -24. -21. -20. -20. -19. -18. -15. -14. -14. -14. -13.
 -11. -11.  -3.  -2.   1.   2.   3.   4.   8.  13.  13.  15.  19.  20.
  22.  23.  23.  26.  28.  29.  34.  34.  36.  37.  41.  43.  46.  46.
  52.  52.  59.  60.  63.  63.  66.  67.  67.  72.  73.  74.  74.  75.
  78.  78.  79.  81.  82.  82.  83.  83.  84.  86.  90.  91.  92.  92.
  95. 100.][-100.  -99.  -99.  -97.  -97.  -97.  -96.  -96.  -95.  -93.  -92.  -88.
  -87.  -87.  -87.  -86.  -86.  -79.  -77.  -74.  -69.  -64.  -59.  -57.
  -56.  -56.  -53.  -52.  -52.  -49.  -48.  -48.  -47.  -46.  -39.  -39.
  -39.  -33.  -32.  -30.  -29.  -26.  -25.  -20.  -19.  -19.  -18.  -18.
  -17.  -13.  -12.  -11.   -7.   -6.   -5.   -5.   -5.   -4.   -2.   -1.
    2.    3.    6.   12.   14.   16.   22.   23.   23.   24.   24.   27.
   27.   31.   32.   33.   34.   35.   35.   42.   44.   45.   47.   54.
   54.   56.   58.   63.   64.   72.   73.   77.   77.   80.   83.   84.
   87.   93.   93.  100.][-100. -100.  -95.  -94.  -92.  -91.  -88.  -86.  -86.  -85.  -84.  -75.
  -74.  -70.  -69.  -67.  -64.  -63.  -62.  -61.  -61.  -60.  -56.  -56.
  -54.  -50.  -48.  -47.  -43.  -43.  -38.  -37.  -36.  -36.  -27.  -26.
  -26.  -24.  -24.  -19.  -17.  -16.  -15.  -14.  -13.   -6.   -6.   -6.
   -5.   -3.    2.    8.   11.   14.   14.   19.   22.   24.   28.   30.
   31.   32.   33.   33.   37.   38.   41.   42.   45.   45.   47.   51.
   51.   53.   53.   53.   53.   54.   58.   61.   71.   75.   76.   77.
   77.   77.   80.   80.   83.   87.   88.   90.   91.   94.   95.   97.
   99.  100.  100.  100.][-98. -96. -93. -91. -88. -84. -84. -82. -80. -79. -77. -76. -76. -75.
 -74. -73. -72. -70. -69. -63. -62. -62. -62. -61. -56. -55. -51. -50.
 -49. -47. -47. -46. -44. -43. -42. -42. -41. -41. -37. -37. -34. -33.
 -32. -30. -26. -23. -22. -18. -15. -12. -12.  -5.  -1.  -1.   0.   3.
   8.  10.  12.  14.  14.  15.  16.  18.  18.  20.  21.  22.  22.  29.
  32.  36.  37.  37.  39.  41.  43.  45.  47.  56.  59.  62.  63.  63.
  63.  69.  70.  75.  75.  75.  76.  78.  78.  83.  83.  84.  93. 100.
 100. 100.][-100. -100.  -99.  -97.  -97.  -90.  -86.  -85.  -85.  -84.  -82.  -82.
  -82.  -80.  -73.  -73.  -72.  -71.  -71.  -67.  -65.  -62.  -60.  -59.
  -56.  -53.  -53.  -52.  -51.  -48.  -44.  -41.  -41.  -32.  -30.  -29.
  -23.  -23.  -21.  -19.  -18.  -18.  -17.  -17.  -14.  -13.   -7.   -2.
    0.    3.    4.    4.    5.    6.   10.   10.   12.   12.   13.   18.
   18.   19.   19.   26.   27.   28.   28.   28.   35.   35.   38.   44.
   45.   45.   51.   55.   56.   57.   62.   66.   67.   67.   68.   71.
   72.   73.   73.   73.   75.   75.   77.   77.   78.   84.   85.   89.
   91.   93.   97.  100.][-97. -95. -95. -95. -93. -92. -92. -92. -88. -85. -85. -82. -81. -80.
 -75. -75. -74. -74. -71. -68. -64. -64. -59. -59. -54. -54. -50. -49.
 -47. -42. -41. -39. -38. -37. -36. -29. -29. -27. -26. -26. -26. -25.
 -21. -17. -11. -10.  -4.  -3.  -3.  -1.   1.   2.   5.   5.   6.   8.
  12.  13.  16.  17.  25.  25.  25.  29.  32.  32.  33.  33.  36.  37.
  42.  42.  42.  44.  45.  47.  48.  50.  51.  51.  52.  53.  55.  56.
  57.  58.  61.  61.  63.  66.  67.  68.  70.  75.  85.  91.  92.  93.
  96. 100.][-100.  -86.  -86.  -85.  -83.  -79.  -78.  -78.  -77.  -72.  -68.  -56.
  -54.  -54.  -54.  -51.  -49.  -48.  -47.  -46.  -45.  -44.  -42.  -38.
  -35.  -35.  -34.  -32.  -32.  -26.  -25.  -25.  -22.  -20.  -20.  -16.
  -11.   -7.   -2.    1.    3.    5.    5.   10.   15.   15.   16.   17.
   18.   18.   19.   19.   20.   20.   20.   24.   28.   30.   31.   31.
   36.   37.   37.   41.   42.   45.   45.   48.   53.   53.   57.   63.
   64.   67.   68.   70.   72.   73.   73.   73.   74.   75.   75.   79.
   79.   79.   80.   84.   88.   88.   88.   89.   91.   91.   94.   94.
   96.   97.   99.  100.][-95. -93. -92. -91. -90. -90. -89. -85. -78. -75. -74. -74. -74. -71.
 -67. -64. -57. -57. -56. -56. -49. -48. -48. -47. -45. -39. -38. -36.
 -35. -32. -31. -31. -28. -27. -27. -26. -26. -26. -25. -24. -23. -23.
 -19. -19. -13. -10.  -7.  -4.  -3.  -2.  -2.   3.   4.   5.   7.   8.
  11.  14.  15.  18.  20.  21.  23.  24.  24.  26.  32.  34.  35.  35.
  37.  37.  41.  46.  46.  50.  52.  58.  58.  61.  61.  67.  67.  71.
  72.  74.  79.  81.  82.  84.  86.  86.  89.  89.  92.  97.  98.  98.
 100. 100.][-97. -96. -96. -95. -94. -92. -90. -90. -89. -88. -85. -84. -76. -74.
 -74. -73. -72. -71. -69. -69. -69. -68. -64. -64. -63. -62. -59. -58.
 -52. -52. -49. -47. -47. -43. -41. -40. -39. -39. -33. -33. -32. -29.
 -26. -24. -22. -21. -19. -19. -18. -17. -16. -11.  -6.  -6.  -2.  -1.
  -1.   0.   1.   9.  10.  12.  14.  16.  17.  18.  21.  21.  21.  24.
  27.  30.  33.  35.  38.  39.  39.  40.  41.  45.  49.  50.  50.  56.
  62.  64.  65.  67.  70.  71.  71.  71.  72.  72.  78.  83.  83.  91.
  95. 100.][-100.  -99.  -98.  -98.  -96.  -93.  -91.  -91.  -91.  -87.  -83.  -80.
  -80.  -75.  -72.  -66.  -65.  -64.  -63.  -61.  -61.  -60.  -59.  -58.
  -57.  -56.  -54.  -54.  -53.  -53.  -53.  -50.  -49.  -45.  -43.  -39.
  -36.  -35.  -33.  -27.  -26.  -25.  -24.  -18.  -17.  -15.   -8.   -7.
   -5.   -2.   -1.   -1.    0.    0.    1.    4.    4.    4.    7.    7.
   15.   15.   21.   22.   23.   23.   26.   28.   29.   29.   31.   33.
   40.   40.   41.   48.   49.   52.   52.   54.   55.   68.   71.   72.
   76.   77.   78.   80.   81.   82.   83.   83.   85.   86.   87.   88.
   89.   91.   93.   98.][-100.  -94.  -94.  -90.  -90.  -89.  -89.  -88.  -87.  -85.  -83.  -83.
  -82.  -81.  -80.  -79.  -78.  -75.  -72.  -72.  -71.  -65.  -64.  -48.
  -47.  -44.  -43.  -43.  -40.  -35.  -33.  -31.  -31.  -31.  -29.  -28.
  -27.  -21.  -21.  -21.  -20.  -20.  -19.  -17.  -17.  -13.  -13.  -11.
  -11.   -6.    1.    3.    4.    7.    8.    9.   10.   11.   12.   12.
   22.   25.   29.   29.   32.   40.   40.   41.   45.   49.   50.   52.
   54.   55.   57.   58.   59.   59.   60.   63.   63.   66.   69.   69.
   71.   74.   79.   79.   80.   83.   84.   86.   88.   88.   94.   96.
   97.   97.   99.  100.][-99. -99. -97. -95. -95. -93. -87. -86. -84. -82. -80. -79. -79. -76.
 -71. -67. -65. -62. -57. -57. -56. -53. -53. -53. -52. -50. -45. -37.
 -37. -37. -36. -34. -28. -27. -21. -21. -20. -20. -17. -17. -17. -10.
  -9.  -8.  -7.  -6.  -2.   3.   5.   7.   8.   9.  10.  10.  14.  14.
  14.  21.  22.  24.  25.  26.  26.  27.  33.  33.  35.  39.  40.  44.
  45.  47.  48.  49.  56.  58.  58.  59.  60.  60.  61.  63.  63.  65.
  66.  67.  68.  72.  77.  77.  79.  85.  89.  90.  91.  91.  93.  93.
  93.  97.][-100. -100.  -94.  -94.  -94.  -93.  -90.  -78.  -77.  -71.  -70.  -67.
  -64.  -64.  -64.  -60.  -57.  -52.  -52.  -51.  -43.  -39.  -37.  -37.
  -35.  -33.  -31.  -31.  -30.  -30.  -29.  -27.  -26.  -25.  -23.  -21.
  -20.  -20.  -15.   -7.   -1.    0.    3.    5.    5.    6.    7.   12.
   13.   17.   19.   20.   21.   21.   22.   25.   25.   29.   29.   32.
   37.   37.   38.   39.   41.   44.   48.   48.   49.   50.   50.   53.
   57.   59.   59.   63.   65.   67.   69.   69.   69.   72.   72.   72.
   73.   76.   77.   79.   79.   81.   83.   84.   87.   88.   89.   92.
   92.   92.   96.   99.][-99. -92. -89. -84. -84. -82. -81. -81. -80. -79. -78. -75. -70. -70.
 -67. -67. -66. -66. -63. -60. -57. -53. -53. -51. -49. -48. -44. -41.
 -39. -39. -37. -36. -34. -32. -32. -29. -26. -25. -25. -25. -24. -23.
 -21. -13. -13. -12.  -8.  -5.  -4.  -3.  -3.   9.  12.  14.  15.  17.
  18.  20.  21.  22.  22.  23.  24.  29.  30.  32.  33.  34.  35.  36.
  36.  37.  37.  39.  41.  42.  44.  48.  49.  50.  50.  50.  52.  53.
  54.  54.  56.  58.  63.  67.  75.  84.  85.  86.  88.  89.  89.  90.
  91. 100.][-99. -98. -95. -88. -88. -88. -83. -81. -79. -78. -77. -76. -73. -73.
 -71. -69. -69. -68. -66. -64. -61. -61. -60. -56. -55. -54. -53. -52.
 -49. -47. -45. -45. -44. -38. -35. -34. -34. -34. -31. -26. -24. -24.
 -22. -19. -17. -13. -12.  -2.  -2.  -1.  -1.   1.   2.   7.   8.  12.
  12.  14.  15.  15.  20.  20.  23.  24.  27.  31.  35.  36.  39.  43.
  44.  46.  48.  52.  53.  54.  58.  59.  60.  63.  66.  66.  68.  73.
  73.  75.  75.  76.  76.  77.  77.  79.  83.  84.  87.  90.  93.  97.
  99. 100.][-98. -97. -96. -96. -96. -94. -94. -91. -91. -90. -88. -87. -84. -79.
 -77. -75. -70. -68. -67. -66. -65. -64. -63. -61. -52. -51. -48. -47.
 -45. -45. -43. -43. -42. -41. -37. -33. -30. -29. -20. -18. -16. -16.
  -7.  -7.  -4.  -3.  -3.  -1.   1.   5.   7.   9.  11.  11.  11.  12.
  15.  20.  21.  21.  23.  24.  26.  28.  28.  30.  33.  33.  33.  36.
  44.  44.  46.  46.  48.  49.  49.  49.  49.  52.  56.  59.  60.  61.
  61.  68.  70.  71.  72.  73.  73.  74.  74.  77.  82.  88.  92.  94.
  96. 100.][-100.  -99.  -97.  -96.  -95.  -94.  -92.  -92.  -91.  -91.  -88.  -88.
  -88.  -87.  -86.  -86.  -80.  -77.  -73.  -70.  -65.  -63.  -60.  -60.
  -60.  -60.  -58.  -57.  -55.  -55.  -53.  -47.  -47.  -47.  -43.  -39.
  -38.  -37.  -34.  -30.  -29.  -23.  -23.  -18.  -16.  -10.   -4.    0.
    0.    1.    2.    2.    3.    3.    4.   10.   13.   13.   18.   19.
   23.   24.   24.   26.   26.   28.   28.   34.   39.   42.   42.   42.
   49.   50.   53.   61.   63.   69.   72.   72.   73.   74.   76.   78.
   81.   82.   83.   83.   85.   85.   86.   86.   88.   89.   89.   91.
   93.   95.   96.   97.][-99. -98. -96. -91. -91. -88. -88. -85. -84. -83. -81. -80. -80. -78.
 -75. -75. -72. -72. -69. -68. -65. -64. -63. -63. -61. -59. -57. -56.
 -53. -51. -49. -47. -44. -43. -39. -38. -35. -35. -29. -28. -27. -27.
 -27. -26. -25. -20. -20. -17. -16. -16. -14. -14. -11. -10.  -9.  -8.
  -7.  -4.   0.   1.   3.   4.   8.  11.  14.  15.  15.  19.  22.  23.
  30.  31.  32.  35.  35.  37.  43.  43.  44.  45.  48.  51.  52.  61.
  62.  62.  62.  63.  65.  67.  75.  76.  76.  78.  79.  80.  81.  91.
  96.  98.][-100.  -99.  -93.  -93.  -90.  -87.  -87.  -86.  -86.  -83.  -82.  -80.
  -73.  -69.  -68.  -65.  -65.  -63.  -62.  -61.  -60.  -58.  -57.  -55.
  -55.  -53.  -51.  -50.  -50.  -49.  -48.  -48.  -47.  -42.  -40.  -36.
  -34.  -34.  -31.  -30.  -29.  -29.  -27.  -21.  -18.  -16.  -16.  -16.
  -15.  -15.   -7.   -7.   -2.    0.    0.    1.    7.    8.   11.   13.
   21.   22.   22.   27.   30.   30.   31.   33.   37.   38.   41.   42.
   43.   48.   49.   52.   52.   53.   54.   55.   55.   59.   60.   62.
   63.   65.   69.   74.   78.   78.   83.   83.   84.   85.   86.   91.
   93.   94.   96.   99.][-100.  -96.  -93.  -92.  -89.  -88.  -87.  -80.  -79.  -79.  -77.  -77.
  -77.  -72.  -67.  -65.  -63.  -62.  -59.  -56.  -54.  -54.  -48.  -47.
  -47.  -41.  -40.  -38.  -36.  -36.  -35.  -35.  -35.  -32.  -32.  -27.
  -27.  -22.  -22.  -19.  -19.  -19.  -14.  -13.  -13.  -12.   -6.   -5.
    1.    3.    5.   11.   13.   13.   15.   15.   17.   18.   19.   24.
   25.   28.   28.   30.   30.   37.   41.   42.   49.   51.   53.   56.
   59.   60.   61.   63.   66.   67.   69.   73.   75.   76.   76.   79.
   80.   80.   80.   81.   82.   83.   87.   87.   88.   93.   96.   97.
   98.   99.   99.  100.][-100.  -91.  -90.  -90.  -89.  -86.  -85.  -82.  -81.  -81.  -77.  -75.
  -74.  -73.  -73.  -73.  -72.  -72.  -72.  -71.  -68.  -65.  -61.  -57.
  -56.  -56.  -54.  -52.  -50.  -49.  -48.  -46.  -44.  -44.  -43.  -42.
  -41.  -40.  -40.  -40.  -38.  -32.  -30.  -24.  -22.  -21.  -21.  -17.
  -15.  -13.  -13.  -10.   -6.   -4.   -4.   -3.    1.    1.    2.    5.
   11.   12.   15.   16.   16.   22.   24.   26.   28.   32.   37.   46.
   46.   47.   48.   50.   50.   51.   53.   55.   60.   61.   62.   63.
   68.   71.   72.   77.   81.   84.   86.   88.   89.   90.   92.   93.
   96.   98.   99.   99.][-99. -97. -95. -93. -93. -93. -89. -89. -86. -85. -80. -78. -78. -77.
 -77. -75. -75. -74. -69. -67. -67. -67. -66. -63. -60. -52. -52. -52.
 -50. -50. -49. -48. -46. -45. -44. -39. -37. -31. -30. -28. -28. -25.
 -25. -24. -22. -19. -17. -17. -15. -14.  -6.  -1.   0.   1.   5.  10.
  11.  11.  12.  13.  14.  14.  15.  15.  16.  19.  23.  23.  25.  26.
  32.  38.  39.  40.  42.  47.  61.  62.  65.  65.  66.  67.  67.  67.
  68.  73.  75.  78.  80.  82.  84.  87.  89.  95.  97.  97.  98.  99.
 100. 100.][-98. -95. -93. -92. -92. -88. -86. -86. -86. -85. -84. -83. -79. -77.
 -71. -71. -63. -63. -63. -60. -60. -59. -55. -54. -51. -51. -48. -45.
 -44. -39. -38. -36. -36. -36. -35. -35. -29. -26. -25. -24. -23. -23.
 -21. -20. -18. -16. -15. -12. -11.  -7.  -7.  -2.  -2.   3.   4.   5.
   7.   8.   8.   9.  10.  16.  21.  23.  26.  28.  33.  34.  36.  37.
  39.  39.  39.  44.  46.  46.  47.  48.  49.  49.  50.  57.  59.  60.
  62.  64.  64.  65.  67.  69.  71.  75.  77.  80.  81.  84.  85.  87.
  90.  91.][-99. -99. -98. -98. -98. -93. -90. -88. -87. -80. -78. -78. -77. -76.
 -70. -70. -69. -68. -66. -63. -62. -61. -59. -57. -53. -53. -51. -50.
 -49. -47. -44. -42. -39. -39. -38. -38. -37. -36. -36. -36. -36. -34.
 -32. -31. -20. -15. -14. -13.  -6.  -6.  -3.   0.   0.   1.   4.   7.
   8.  13.  16.  16.  19.  20.  22.  24.  24.  27.  27.  38.  39.  44.
  46.  53.  55.  58.  61.  63.  64.  68.  72.  72.  75.  77.  79.  79.
  82.  84.  84.  84.  85.  85.  87.  88.  90.  91.  92.  96.  96.  98.
  99. 100.][-96. -90. -88. -81. -79. -77. -77. -70. -67. -65. -65. -64. -64. -62.
 -62. -61. -59. -58. -57. -57. -55. -54. -50. -48. -48. -43. -43. -43.
 -41. -37. -36. -35. -28. -28. -26. -24. -23. -23. -21. -16. -12. -12.
 -10. -10. -10.  -7.  -6.  -6.  -6.  -3.   1.   3.   4.   9.  10.  14.
  14.  14.  14.  16.  17.  19.  24.  26.  29.  31.  31.  37.  46.  48.
  48.  48.  52.  52.  55.  60.  60.  60.  73.  73.  75.  76.  77.  80.
  82.  84.  84.  87.  88.  88.  90.  90.  90.  93.  95.  96.  97.  97.
  97. 100.][-100.  -97.  -96.  -92.  -91.  -88.  -86.  -82.  -80.  -75.  -74.  -60.
  -57.  -54.  -50.  -49.  -49.  -42.  -42.  -39.  -39.  -31.  -31.  -30.
  -28.  -26.  -25.  -25.  -25.  -25.  -24.  -24.  -24.  -22.  -22.  -21.
  -16.  -14.  -14.  -14.  -13.  -12.   -8.   -8.   -6.   -5.   -2.   -1.
    1.    2.    3.    5.    8.   10.   13.   14.   16.   16.   20.   20.
   20.   22.   23.   24.   28.   32.   36.   41.   43.   45.   47.   49.
   51.   52.   53.   54.   55.   55.   65.   66.   67.   68.   70.   70.
   70.   73.   74.   76.   76.   76.   77.   79.   80.   85.   87.   90.
   91.   93.   94.  100.][-100.  -97.  -96.  -94.  -93.  -91.  -88.  -86.  -85.  -82.  -80.  -76.
  -73.  -73.  -70.  -67.  -62.  -61.  -59.  -59.  -56.  -53.  -48.  -48.
  -47.  -46.  -45.  -45.  -43.  -40.  -39.  -35.  -31.  -31.  -31.  -28.
  -26.  -25.  -24.  -22.  -20.  -17.  -14.  -14.  -11.  -10.   -8.   -7.
   -4.   -2.   -1.    7.    8.   10.   13.   16.   19.   20.   25.   28.
   31.   32.   34.   35.   35.   37.   38.   39.   43.   45.   45.   45.
   45.   50.   50.   51.   52.   56.   61.   62.   62.   68.   70.   74.
   79.   79.   79.   81.   82.   83.   83.   84.   88.   90.   92.   95.
   96.   97.   98.  100.][-98. -98. -98. -97. -97. -94. -90. -89. -84. -79. -79. -77. -76. -74.
 -72. -72. -70. -69. -69. -68. -65. -65. -62. -62. -59. -59. -57. -56.
 -51. -50. -40. -38. -38. -37. -36. -29. -29. -29. -27. -24. -21. -21.
 -21. -18. -16. -15. -15. -14.  -9.  -6.  -5.  -4.  -2.   0.   1.   1.
   5.  13.  14.  16.  16.  22.  22.  22.  24.  25.  28.  29.  31.  35.
  39.  40.  40.  40.  41.  41.  45.  46.  49.  54.  56.  59.  61.  63.
  63.  69.  71.  73.  75.  80.  82.  83.  87.  88.  89.  89.  98.  98.
  98. 100.][-100.  -99.  -99.  -98.  -95.  -92.  -90.  -88.  -84.  -83.  -81.  -81.
  -79.  -79.  -77.  -74.  -70.  -70.  -66.  -66.  -63.  -57.  -55.  -53.
  -52.  -49.  -48.  -44.  -43.  -38.  -37.  -35.  -23.  -23.  -22.  -21.
  -20.  -19.  -18.  -18.  -17.  -17.  -15.  -14.  -10.   -7.   -4.   -2.
   -1.    3.    4.    4.    5.    7.    7.    9.   15.   15.   16.   17.
   18.   21.   23.   25.   25.   26.   28.   29.   36.   37.   41.   42.
   48.   50.   51.   52.   52.   55.   57.   63.   67.   68.   73.   74.
   76.   76.   76.   79.   79.   79.   80.   83.   84.   85.   87.   92.
   94.   95.   97.   99.][-99. -99. -95. -92. -92. -88. -87. -86. -83. -82. -82. -82. -80. -79.
 -77. -77. -75. -73. -68. -60. -59. -56. -54. -49. -47. -46. -36. -34.
 -34. -33. -31. -27. -21. -21. -17.  -5.  -4.  -3.  -2.  -1.  -1.   0.
   6.   8.   9.  12.  15.  15.  15.  23.  23.  24.  24.  26.  28.  28.
  30.  32.  32.  33.  34.  38.  38.  39.  40.  41.  42.  42.  44.  45.
  46.  47.  48.  54.  56.  56.  58.  58.  62.  63.  64.  66.  67.  70.
  72.  72.  75.  78.  79.  80.  81.  84.  84.  87.  92.  95.  96.  96.
  97.  98.][-94. -92. -92. -90. -90. -90. -89. -89. -88. -86. -83. -82. -79. -75.
 -72. -72. -71. -68. -67. -64. -63. -62. -61. -60. -59. -56. -55. -52.
 -50. -47. -45. -35. -32. -27. -26. -24. -15. -15. -14.  -8.  -7.  -3.
  -2.  -1.   1.   3.   4.   5.   5.   9.   9.   9.  13.  14.  17.  19.
  20.  21.  21.  22.  24.  26.  27.  27.  30.  32.  33.  35.  36.  36.
  39.  40.  41.  43.  43.  47.  56.  57.  63.  65.  66.  68.  69.  72.
  72.  73.  74.  74.  75.  81.  87.  87.  88.  89.  90.  91.  92.  97.
 100. 100.][-97. -94. -93. -93. -89. -88. -84. -81. -73. -72. -72. -71. -67. -66.
 -62. -57. -57. -54. -54. -52. -51. -50. -49. -49. -48. -45. -42. -42.
 -40. -39. -37. -36. -34. -34. -33. -31. -30. -28. -26. -24. -24. -24.
 -19. -18. -18. -15. -14. -14. -12.  -5.  -5.  -5.  -4.  -4.  -1.   6.
   7.  11.  13.  14.  15.  16.  16.  18.  20.  21.  22.  24.  30.  38.
  42.  46.  48.  51.  54.  54.  58.  61.  63.  63.  64.  66.  68.  68.
  70.  70.  70.  71.  73.  76.  82.  82.  89.  90.  92.  96.  99. 100.
 100. 100.][-99. -96. -93. -92. -90. -88. -87. -87. -83. -80. -79. -78. -76. -71.
 -71. -69. -66. -65. -64. -63. -60. -60. -59. -58. -56. -56. -50. -50.
 -48. -46. -45. -44. -41. -41. -40. -40. -39. -37. -37. -37. -36. -33.
 -32. -30. -29. -22. -18. -18. -16. -15. -13. -13. -11.  -5.  -4.  -3.
   0.   4.  11.  12.  15.  17.  23.  24.  27.  32.  37.  38.  41.  42.
  42.  47.  47.  48.  51.  55.  59.  59.  62.  63.  64.  64.  65.  66.
  67.  68.  68.  73.  74.  76.  80.  91.  91.  92.  92.  94.  97.  97.
  97.  97.][-99. -98. -95. -94. -94. -93. -92. -86. -78. -76. -76. -74. -73. -73.
 -72. -67. -66. -65. -65. -64. -63. -62. -62. -58. -53. -51. -51. -48.
 -48. -46. -35. -29. -25. -22. -20. -18. -17. -17. -16. -12.  -9.  -4.
  -3.   0.   2.   4.   8.   9.  14.  15.  16.  17.  17.  19.  22.  24.
  24.  24.  25.  25.  25.  27.  31.  43.  44.  45.  45.  48.  51.  51.
  53.  57.  58.  59.  61.  62.  63.  63.  68.  68.  68.  68.  70.  72.
  77.  80.  80.  82.  85.  85.  87.  87.  88.  89.  91.  91.  92.  93.
  93.  98.][-98. -97. -95. -94. -91. -91. -90. -89. -87. -86. -84. -84. -80. -79.
 -78. -77. -75. -75. -74. -74. -69. -67. -67. -63. -62. -60. -57. -57.
 -54. -51. -48. -48. -48. -45. -44. -42. -38. -35. -32. -31. -29. -28.
 -26. -23. -22. -14. -14. -14. -13. -12.  -6.  -6.  -4.   0.   1.   9.
   9.  15.  18.  22.  22.  25.  26.  28.  28.  28.  32.  33.  33.  34.
  35.  38.  38.  38.  41.  42.  45.  47.  47.  49.  57.  65.  67.  69.
  70.  78.  78.  78.  79.  79.  79.  80.  80.  84.  87.  88.  91.  94.
  97. 100.][-98. -94. -91. -89. -85. -84. -82. -82. -81. -79. -79. -75. -69. -69.
 -64. -62. -60. -58. -56. -54. -52. -49. -48. -48. -48. -47. -47. -45.
 -44. -43. -43. -42. -41. -39. -38. -34. -34. -31. -28. -27. -23. -23.
 -21. -16. -16. -15. -14. -11. -11.  -8.  -7.  -5.  -3.  -2.   1.   3.
   3.   7.   8.  12.  13.  17.  18.  21.  21.  22.  22.  22.  23.  26.
  28.  31.  34.  35.  35.  39.  43.  43.  43.  46.  50.  50.  54.  56.
  61.  62.  64.  64.  65.  65.  66.  71.  73.  73.  74.  79.  83.  86.
  89.  94.][-96. -95. -89. -89. -84. -81. -81. -76. -76. -74. -74. -71. -70. -68.
 -66. -64. -62. -62. -58. -55. -54. -53. -52. -51. -48. -47. -47. -43.
 -42. -40. -39. -37. -35. -30. -29. -26. -25. -23. -23. -23. -22. -19.
 -19. -14. -11.  -9.  -6.  -5.  -3.   1.   2.   6.   7.   9.  11.  12.
  13.  14.  18.  21.  24.  39.  39.  40.  41.  45.  47.  49.  49.  50.
  51.  53.  54.  56.  57.  57.  58.  59.  59.  66.  68.  70.  71.  71.
  72.  72.  76.  78.  78.  78.  79.  80.  82.  86.  87.  94.  95.  97.
  99.  99.][-100.  -98.  -97.  -97.  -97.  -94.  -93.  -90.  -89.  -89.  -86.  -86.
  -86.  -85.  -83.  -83.  -81.  -77.  -74.  -68.  -67.  -62.  -60.  -60.
  -59.  -57.  -57.  -56.  -52.  -47.  -46.  -46.  -43.  -41.  -40.  -37.
  -35.  -32.  -29.  -24.  -20.  -16.  -14.  -10.   -3.   -2.   -2.   -1.
    0.    0.    1.    1.    2.    3.    6.    7.    9.    9.   14.   14.
   17.   20.   23.   25.   30.   30.   30.   31.   32.   32.   33.   38.
   41.   44.   46.   46.   47.   49.   49.   51.   52.   57.   58.   62.
   63.   66.   74.   75.   75.   78.   79.   81.   81.   82.   82.   83.
   84.   92.   99.  100.][-90. -90. -89. -83. -83. -81. -77. -77. -76. -76. -76. -66. -64. -62.
 -58. -58. -58. -57. -53. -53. -51. -50. -47. -46. -45. -44. -41. -39.
 -39. -38. -36. -35. -33. -26. -25. -20. -18. -15. -14. -14. -13. -13.
  -9.  -9.  -4.  -2.  -1.   0.   1.   1.   3.   4.   7.   8.   8.   9.
  16.  17.  17.  19.  20.  24.  26.  28.  29.  32.  32.  33.  40.  40.
  43.  45.  47.  55.  55.  57.  59.  60.  64.  65.  67.  68.  75.  75.
  77.  78.  82.  86.  89.  92.  93.  93.  93.  94.  94.  96.  97.  99.
  99. 100.][-100.  -99.  -95.  -92.  -89.  -89.  -88.  -83.  -83.  -78.  -76.  -72.
  -69.  -66.  -66.  -65.  -64.  -62.  -57.  -55.  -54.  -52.  -51.  -46.
  -41.  -37.  -36.  -32.  -29.  -29.  -27.  -23.  -19.  -19.  -16.  -16.
  -13.  -12.  -12.  -12.   -8.   -3.   -2.   -1.   -1.    2.    3.    4.
    4.    5.    6.    7.    8.    8.    8.    9.   12.   16.   18.   18.
   18.   19.   21.   23.   26.   28.   28.   30.   31.   32.   43.   43.
   45.   46.   46.   47.   49.   52.   53.   54.   56.   56.   57.   57.
   62.   63.   64.   65.   68.   68.   69.   76.   78.   80.   80.   81.
   84.   89.   89.   93.][-99. -99. -93. -90. -90. -89. -89. -88. -88. -88. -85. -84. -81. -80.
 -77. -75. -72. -67. -65. -63. -63. -61. -53. -53. -50. -49. -49. -45.
 -41. -38. -35. -35. -31. -29. -24. -18. -15. -15. -14. -12.  -8.  -5.
  -4.   0.   3.   3.   6.  10.  11.  12.  14.  16.  17.  17.  19.  19.
  19.  22.  24.  24.  26.  33.  33.  38.  45.  47.  49.  51.  52.  58.
  59.  62.  63.  65.  66.  72.  73.  73.  73.  75.  78.  78.  79.  80.
  82.  83.  83.  84.  88.  89.  89.  89.  90.  91.  92.  92.  92.  96.
  99. 100.][-100.  -99.  -98.  -94.  -92.  -92.  -90.  -87.  -84.  -82.  -80.  -80.
  -79.  -78.  -77.  -75.  -72.  -70.  -70.  -70.  -69.  -67.  -67.  -65.
  -64.  -64.  -64.  -62.  -56.  -56.  -50.  -48.  -48.  -47.  -43.  -41.
  -37.  -34.  -33.  -32.  -29.  -28.  -28.  -27.  -26.  -23.  -21.  -20.
  -20.  -20.  -18.  -17.  -15.  -14.  -14.  -12.   -9.   -5.   -4.   -1.
    2.    3.    5.   15.   17.   20.   22.   24.   25.   30.   33.   34.
   36.   36.   38.   41.   41.   43.   45.   45.   46.   46.   46.   47.
   47.   48.   51.   54.   61.   66.   73.   85.   90.   91.   94.   96.
   98.   99.  100.  100.][-91. -88. -85. -85. -84. -82. -78. -78. -77. -74. -74. -67. -67. -63.
 -61. -58. -57. -57. -56. -55. -55. -54. -53. -52. -50. -49. -46. -45.
 -44. -43. -42. -41. -39. -38. -36. -35. -34. -29. -29. -27. -23. -23.
 -16. -16. -16. -16. -13. -12. -12. -11.  -7.  -4.  -2.  -2.   2.   5.
  17.  18.  24.  25.  26.  27.  28.  30.  34.  34.  34.  40.  41.  41.
  44.  45.  46.  46.  48.  50.  55.  55.  56.  59.  64.  64.  65.  66.
  66.  76.  77.  78.  79.  81.  83.  84.  88.  89.  92.  94.  94.  96.
  98. 100.][-97. -96. -94. -92. -91. -86. -79. -79. -76. -71. -68. -67. -67. -66.
 -65. -61. -59. -56. -55. -55. -54. -53. -53. -52. -50. -49. -45. -41.
 -40. -38. -38. -36. -36. -34. -33. -32. -31. -30. -30. -27. -24. -24.
 -24. -23. -21. -18. -15. -12. -11. -10.  -9.  -8.   1.   2.   5.   6.
  10.  11.  14.  15.  17.  21.  21.  22.  26.  27.  30.  31.  32.  34.
  34.  35.  37.  44.  46.  50.  52.  53.  61.  63.  64.  66.  66.  67.
  67.  69.  70.  72.  73.  75.  76.  76.  86.  86.  86.  89.  94.  96.
  98. 100.][-100.  -99.  -92.  -92.  -82.  -82.  -82.  -78.  -76.  -74.  -72.  -68.
  -64.  -64.  -64.  -62.  -58.  -57.  -55.  -55.  -51.  -49.  -49.  -47.
  -42.  -34.  -34.  -34.  -32.  -27.  -26.  -26.  -23.  -20.  -18.  -16.
  -15.  -10.   -9.    1.    1.   12.   12.   13.   13.   13.   14.   14.
   14.   14.   20.   20.   21.   27.   27.   28.   29.   33.   34.   36.
   36.   39.   39.   44.   44.   48.   49.   52.   53.   54.   56.   57.
   57.   58.   58.   60.   62.   64.   65.   65.   67.   75.   76.   78.
   80.   82.   84.   86.   86.   87.   88.   88.   90.   91.   94.   98.
   98.   99.  100.  100.][-99. -98. -98. -97. -96. -95. -92. -89. -86. -86. -84. -79. -78. -76.
 -76. -75. -69. -68. -68. -67. -64. -64. -63. -63. -61. -60. -56. -54.
 -53. -52. -49. -49. -49. -49. -48. -46. -45. -41. -41. -38. -37. -32.
 -22. -20. -17. -14. -13.  -9.  -2.  -1.  -1.   0.   6.   9.  10.  10.
  11.  12.  12.  13.  13.  14.  15.  17.  21.  24.  25.  27.  28.  29.
  29.  29.  32.  38.  39.  41.  43.  47.  47.  55.  57.  57.  58.  58.
  58.  58.  58.  62.  67.  68.  76.  78.  82.  82.  84.  90.  90.  90.
  96.  98.][-100.  -98.  -96.  -94.  -94.  -93.  -91.  -91.  -90.  -87.  -84.  -79.
  -74.  -74.  -71.  -60.  -60.  -58.  -56.  -53.  -51.  -47.  -45.  -43.
  -41.  -35.  -35.  -35.  -34.  -32.  -29.  -28.  -26.  -21.  -21.  -19.
  -17.  -16.  -15.  -12.   -6.   -5.   -4.   -1.    1.    4.    5.    6.
    7.   15.   15.   17.   18.   19.   21.   23.   28.   30.   31.   34.
   36.   38.   41.   43.   44.   46.   48.   48.   52.   53.   55.   55.
   55.   59.   60.   60.   61.   63.   64.   66.   66.   68.   70.   73.
   80.   81.   84.   84.   85.   85.   88.   90.   90.   91.   91.   92.
   93.   93.   94.   98.][-100.  -97.  -96.  -96.  -93.  -92.  -91.  -85.  -81.  -80.  -79.  -78.
  -78.  -77.  -74.  -73.  -66.  -65.  -65.  -62.  -62.  -60.  -53.  -51.
  -49.  -49.  -47.  -46.  -44.  -44.  -42.  -40.  -36.  -35.  -34.  -33.
  -32.  -32.  -31.  -29.  -27.  -27.  -26.  -24.  -20.  -20.  -18.  -12.
  -12.   -8.   -3.   -2.    1.    1.    5.    8.   10.   14.   14.   18.
   19.   19.   22.   34.   40.   41.   41.   45.   48.   50.   53.   56.
   58.   60.   62.   63.   66.   67.   68.   70.   70.   72.   72.   73.
   73.   76.   76.   78.   81.   82.   84.   86.   88.   91.   96.   96.
   97.   98.   99.  100.][-98. -98. -95. -93. -93. -90. -90. -88. -86. -84. -84. -80. -79. -78.
 -75. -75. -74. -71. -69. -68. -65. -65. -63. -63. -63. -62. -62. -62.
 -51. -48. -46. -46. -46. -45. -44. -39. -38. -38. -37. -32. -28. -26.
 -24. -23. -21. -19. -17. -16. -12. -11. -11. -10.  -9.  -9.  -6.  -6.
  -6.  -1.  -1.   1.   1.   5.   6.   7.   8.   9.  11.  12.  16.  20.
  22.  23.  25.  26.  27.  29.  31.  32.  33.  43.  43.  47.  48.  52.
  53.  58.  59.  64.  65.  69.  72.  77.  80.  84.  87.  88.  93.  94.
  94.  98.][-98. -96. -94. -94. -87. -81. -81. -78. -78. -72. -68. -67. -66. -64.
 -57. -57. -56. -52. -43. -43. -41. -41. -34. -33. -32. -27. -24. -23.
 -22. -22. -20. -19. -16. -15. -14. -11. -10.  -5.  -2.  -1.  -1.   3.
  11.  11.  15.  15.  16.  19.  21.  21.  23.  23.  23.  25.  25.  25.
  27.  28.  31.  31.  32.  36.  36.  37.  38.  38.  38.  38.  40.  42.
  43.  46.  47.  50.  51.  51.  52.  58.  58.  59.  59.  59.  61.  61.
  68.  74.  78.  80.  82.  85.  85.  85.  86.  90.  92.  93.  93.  94.
  96.  99.][-95. -91. -90. -89. -87. -87. -81. -81. -80. -77. -76. -71. -70. -69.
 -65. -59. -59. -58. -55. -54. -53. -50. -47. -46. -44. -43. -40. -40.
 -39. -37. -32. -32. -28. -24. -22. -21. -20. -20. -16. -15. -14. -13.
 -11. -10.  -9.  -8.  -6.  -3.   1.   2.   7.   8.  12.  13.  16.  17.
  18.  22.  23.  23.  32.  33.  35.  38.  39.  39.  45.  45.  46.  46.
  51.  51.  54.  55.  55.  56.  58.  59.  59.  61.  62.  63.  63.  63.
  66.  67.  68.  71.  72.  73.  75.  76.  77.  81.  85.  87.  89.  90.
  97.  98.][-100.  -96.  -93.  -91.  -90.  -90.  -88.  -86.  -85.  -85.  -85.  -80.
  -77.  -77.  -76.  -71.  -69.  -66.  -63.  -58.  -56.  -53.  -52.  -51.
  -49.  -49.  -43.  -43.  -40.  -38.  -36.  -35.  -35.  -35.  -34.  -32.
  -30.  -27.  -27.  -25.  -21.  -21.  -19.  -19.  -19.  -16.  -13.  -13.
  -11.  -10.   -8.   -5.   -5.   -4.    0.    1.    5.    5.    6.    6.
    6.   11.   12.   14.   15.   15.   17.   20.   27.   28.   28.   35.
   38.   41.   45.   46.   48.   48.   49.   50.   52.   54.   57.   60.
   62.   66.   67.   67.   67.   68.   71.   71.   74.   76.   78.   80.
   88.   93.   98.   99.][-93. -93. -91. -89. -88. -85. -83. -75. -74. -70. -69. -69. -67. -67.
 -66. -66. -64. -63. -61. -57. -55. -51. -49. -43. -43. -42. -42. -41.
 -40. -39. -39. -38. -36. -30. -30. -29. -27. -27. -25. -23. -21. -16.
 -13. -11. -11.  -8.  -8.  -7.  -6.  -3.   1.   2.   2.   3.   5.   6.
   7.   8.  11.  14.  16.  18.  22.  23.  23.  25.  26.  28.  29.  34.
  37.  44.  45.  47.  47.  49.  51.  53.  59.  59.  60.  61.  62.  64.
  66.  66.  67.  67.  68.  69.  70.  74.  76.  77.  81.  81.  82.  86.
  89.  90.]