[-100.  -95.  -94.  -92.  -92.  -89.  -87.  -86.  -79.  -73.  -72.  -72.
  -65.  -65.  -63.  -59.  -56.  -50.  -50.  -49.  -49.  -46.  -46.  -46.
  -46.  -45.  -44.  -37.  -36.  -34.  -32.  -31.  -29.  -24.  -24.  -24.
  -22.  -22.  -22.  -21.  -21.  -21.  -19.  -19.  -17.  -17.  -14.  -11.
  -10.   -8.   -6.   -6.   -3.   -1.    0.    1.    3.    4.   14.   18.
   20.   22.   24.   24.   26.   27.   27.   34.   36.   38.   40.   41.
   41.   41.   42.   45.   49.   51.   51.   51.   52.   57.   58.   58.
   63.   65.   65.   70.   71.   71.   75.   76.   81.   86.   87.   88.
   88.   93.   96.  100.][-99. -96. -90. -89. -88. -87. -87. -87. -84. -82. -81. -75. -75. -73.
 -68. -67. -65. -61. -60. -58. -57. -55. -51. -50. -48. -44. -43. -41.
 -41. -40. -40. -39. -39. -35. -34. -32. -30. -29. -28. -27. -27. -24.
 -24. -24. -24. -24. -17. -14. -11.  -9.  -5.  -2.   0.   2.   6.   8.
   8.  13.  19.  19.  21.  21.  21.  27.  28.  28.  28.  34.  35.  36.
  37.  40.  44.  44.  51.  55.  58.  59.  60.  62.  63.  65.  67.  67.
  71.  75.  76.  77.  83.  84.  88.  89.  90.  91.  92.  94.  97.  97.
  97. 100.][-91. -89. -89. -89. -83. -80. -80. -74. -74. -74. -73. -72. -65. -64.
 -61. -60. -58. -57. -57. -55. -55. -52. -51. -49. -48. -47. -42. -40.
 -37. -34. -33. -33. -30. -28. -27. -27. -25. -19.  -7.  -6.  -3.  -1.
   0.   0.   1.   3.   8.  13.  14.  15.  17.  18.  19.  21.  23.  26.
  26.  27.  28.  32.  33.  37.  39.  45.  48.  49.  51.  51.  51.  51.
  53.  59.  59.  64.  65.  66.  66.  69.  71.  74.  75.  77.  78.  79.
  81.  82.  85.  86.  87.  89.  90.  92.  93.  96.  98.  99.  99.  99.
 100. 100.][-99. -97. -96. -94. -91. -91. -91. -90. -90. -88. -85. -85. -80. -75.
 -74. -74. -71. -70. -68. -65. -59. -57. -56. -56. -54. -53. -44. -41.
 -40. -37. -35. -35. -34. -33. -28. -26. -26. -21. -17. -17. -17. -16.
 -15. -11.  -9.  -5.   1.   2.   3.   7.   7.  12.  18.  18.  19.  20.
  20.  22.  23.  27.  29.  30.  34.  35.  35.  37.  39.  42.  42.  44.
  47.  48.  51.  55.  55.  58.  59.  61.  62.  62.  67.  70.  73.  73.
  75.  76.  78.  81.  82.  82.  86.  86.  86.  86.  92.  95.  96.  98.
  98. 100.][-100.  -99.  -99.  -98.  -95.  -91.  -89.  -87.  -83.  -82.  -76.  -75.
  -75.  -74.  -73.  -71.  -70.  -69.  -65.  -63.  -61.  -59.  -58.  -57.
  -53.  -51.  -50.  -49.  -48.  -46.  -46.  -45.  -39.  -39.  -36.  -33.
  -30.  -30.  -28.  -24.  -23.  -22.  -21.  -19.  -19.  -18.  -17.  -17.
  -17.  -12.   -9.   -6.   -6.   -5.   -3.   -2.   -1.    2.    9.   11.
   11.   12.   15.   18.   20.   20.   23.   24.   27.   30.   33.   33.
   34.   38.   40.   44.   46.   46.   50.   51.   54.   62.   63.   63.
   63.   65.   67.   68.   73.   75.   75.   76.   77.   79.   82.   83.
   91.   92.   96.   97.][-100.  -97.  -93.  -84.  -79.  -77.  -77.  -76.  -74.  -73.  -72.  -67.
  -64.  -63.  -59.  -54.  -52.  -49.  -49.  -47.  -46.  -45.  -42.  -41.
  -41.  -40.  -35.  -27.  -26.  -24.  -23.  -21.  -18.  -15.   -9.   -9.
   -9.   -3.   -3.   -2.   -1.    1.    1.    2.    5.    5.    5.    6.
    7.   12.   13.   18.   19.   19.   23.   23.   25.   26.   27.   27.
   31.   32.   32.   33.   37.   38.   38.   38.   39.   40.   42.   42.
   42.   43.   44.   51.   55.   57.   60.   61.   63.   63.   65.   68.
   75.   76.   76.   77.   82.   82.   83.   83.   84.   87.   87.   90.
   94.   95.   96.  100.][-96. -94. -93. -92. -91. -90. -90. -87. -86. -85. -82. -78. -74. -74.
 -72. -72. -70. -70. -64. -58. -58. -57. -57. -56. -55. -54. -53. -52.
 -49. -49. -48. -47. -47. -45. -43. -43. -40. -39. -37. -30. -29. -28.
 -23. -19. -17. -15. -14. -14. -11.  -8.  -6.  -5.  -4.  -3.   4.   6.
   8.  10.  12.  12.  13.  14.  19.  21.  22.  26.  27.  31.  32.  33.
  33.  35.  36.  37.  37.  37.  38.  38.  39.  39.  40.  42.  42.  43.
  44.  44.  50.  55.  58.  63.  64.  68.  68.  68.  71.  72.  74.  81.
  83.  87.][-100.  -99.  -98.  -91.  -91.  -90.  -86.  -85.  -84.  -84.  -84.  -82.
  -81.  -78.  -74.  -73.  -72.  -68.  -65.  -60.  -60.  -58.  -57.  -57.
  -49.  -47.  -44.  -42.  -39.  -33.  -31.  -28.  -28.  -25.  -20.  -19.
  -19.  -14.  -14.  -12.   -9.   -9.   -9.   -8.   -8.   -7.   -6.   -5.
   -5.   -4.   -4.   -2.   -1.   -1.    5.    7.    8.    9.   10.   15.
   16.   17.   19.   20.   21.   23.   28.   29.   30.   31.   32.   37.
   39.   41.   42.   50.   51.   52.   57.   59.   62.   62.   64.   67.
   68.   68.   70.   70.   72.   79.   81.   85.   87.   90.   92.   94.
   94.   94.  100.  100.][-100.  -91.  -90.  -90.  -89.  -88.  -87.  -85.  -84.  -81.  -81.  -81.
  -79.  -75.  -75.  -71.  -70.  -70.  -69.  -68.  -67.  -64.  -63.  -61.
  -58.  -55.  -55.  -52.  -51.  -50.  -49.  -43.  -39.  -38.  -37.  -36.
  -33.  -32.  -32.  -30.  -26.  -24.  -23.  -21.  -18.  -13.  -11.  -11.
  -11.   -8.   -8.   -6.    0.    3.   11.   15.   17.   26.   27.   28.
   32.   34.   35.   36.   36.   42.   48.   48.   49.   49.   53.   53.
   54.   55.   56.   57.   58.   61.   62.   62.   63.   63.   66.   66.
   66.   69.   72.   75.   76.   78.   78.   79.   84.   86.   87.   91.
   92.   93.   99.  100.][-100.  -99.  -98.  -96.  -95.  -94.  -94.  -93.  -93.  -86.  -85.  -82.
  -74.  -73.  -72.  -67.  -67.  -65.  -65.  -59.  -58.  -58.  -54.  -54.
  -51.  -50.  -49.  -49.  -46.  -45.  -37.  -33.  -32.  -30.  -27.  -26.
  -26.  -18.  -13.  -12.  -11.  -10.   -8.   -7.   -7.   -4.   -3.   -2.
    0.   10.   15.   27.   29.   30.   31.   32.   32.   33.   34.   35.
   35.   39.   39.   40.   41.   41.   43.   45.   48.   53.   54.   56.
   57.   59.   60.   61.   62.   65.   66.   66.   68.   71.   72.   73.
   73.   73.   75.   79.   80.   81.   83.   83.   89.   93.   94.   97.
   97.   98.   98.  100.][-100.  -94.  -93.  -93.  -92.  -91.  -87.  -87.  -87.  -84.  -79.  -76.
  -75.  -73.  -73.  -72.  -70.  -70.  -68.  -67.  -56.  -51.  -48.  -46.
  -43.  -42.  -41.  -40.  -40.  -40.  -39.  -38.  -38.  -30.  -28.  -27.
  -27.  -25.  -25.  -23.  -20.  -19.  -18.  -17.  -17.  -16.  -14.   -9.
   -6.   -4.   -3.   -3.    5.    8.    9.   10.   10.   13.   14.   15.
   20.   21.   21.   22.   23.   28.   30.   33.   35.   35.   37.   38.
   40.   41.   43.   45.   52.   53.   55.   55.   58.   60.   61.   66.
   68.   68.   69.   71.   76.   80.   82.   83.   83.   86.   87.   88.
   91.   92.   98.   98.][-97. -95. -94. -94. -91. -89. -87. -86. -85. -84. -82. -81. -80. -78.
 -78. -78. -75. -74. -70. -69. -69. -62. -58. -58. -52. -50. -45. -43.
 -41. -40. -36. -35. -34. -32. -31. -30. -27. -24. -22. -18. -17. -16.
 -10.  -7.  -6.  -2.   4.   5.   6.   9.  12.  12.  17.  17.  19.  20.
  21.  22.  25.  28.  30.  31.  31.  33.  35.  35.  39.  39.  39.  40.
  40.  40.  40.  43.  44.  47.  48.  50.  54.  55.  64.  67.  68.  70.
  75.  80.  82.  82.  84.  88.  88.  93.  93.  93.  94.  96.  96.  98.
  98. 100.][-98. -96. -96. -92. -92. -92. -92. -90. -85. -84. -84. -82. -80. -78.
 -75. -74. -73. -73. -72. -72. -65. -63. -63. -54. -51. -50. -48. -41.
 -37. -35. -31. -27. -26. -24. -24. -21. -18. -15. -11.  -7.  -4.  -4.
  -2.  -1.  -1.   2.   4.   6.   7.   9.   9.  10.  14.  15.  15.  18.
  19.  25.  26.  27.  27.  28.  29.  31.  35.  37.  38.  46.  47.  49.
  49.  50.  51.  53.  54.  57.  58.  58.  59.  61.  61.  63.  67.  67.
  69.  74.  75.  77.  77.  78.  79.  81.  81.  82.  82.  86.  86.  92.
  93.  95.][-96. -95. -92. -92. -85. -83. -82. -81. -81. -79. -76. -75. -74. -74.
 -71. -71. -71. -68. -67. -65. -65. -65. -64. -63. -63. -61. -59. -57.
 -52. -51. -49. -49. -47. -41. -38. -30. -30. -30. -27. -23. -20. -19.
 -18. -18. -17. -13. -12. -12. -10.  -6.  -6.  -4.  -4.  -4.  -3.   0.
   4.   5.   7.  16.  20.  20.  22.  23.  23.  28.  28.  29.  30.  30.
  31.  31.  32.  32.  35.  36.  38.  39.  40.  42.  47.  47.  50.  51.
  53.  56.  58.  58.  69.  70.  77.  77.  78.  83.  87.  87.  95.  96.
  97.  98.][-99. -98. -98. -97. -96. -95. -93. -93. -90. -89. -85. -84. -82. -81.
 -81. -78. -74. -71. -69. -65. -63. -62. -61. -59. -58. -57. -56. -55.
 -55. -54. -52. -49. -48. -41. -37. -36. -34. -28. -27. -27. -25. -24.
 -17. -15.  -4.  -2.   0.   1.   7.   7.   7.   8.  13.  13.  14.  16.
  17.  22.  25.  28.  30.  30.  33.  35.  36.  37.  37.  43.  44.  46.
  46.  46.  46.  47.  49.  50.  50.  54.  56.  58.  59.  60.  60.  60.
  61.  62.  64.  66.  68.  69.  79.  80.  82.  84.  86.  87.  88.  95.
  95.  97.][-99. -99. -97. -96. -95. -91. -86. -86. -85. -85. -83. -83. -80. -73.
 -66. -62. -62. -58. -58. -57. -52. -50. -45. -44. -43. -39. -37. -35.
 -31. -30. -26. -26. -25. -24. -24. -22. -21. -18. -14. -14. -12. -10.
  -8.  -7.  -6.  -5.  -2.   0.   1.   2.   3.   5.   5.   5.   7.   8.
   9.  12.  14.  21.  22.  23.  24.  24.  24.  28.  29.  29.  32.  33.
  33.  36.  38.  41.  45.  48.  53.  55.  55.  59.  62.  63.  66.  66.
  71.  71.  73.  74.  75.  76.  79.  79.  80.  83.  86.  97.  98.  99.
 100. 100.][-98. -97. -96. -93. -91. -88. -88. -88. -87. -83. -82. -80. -80. -79.
 -79. -78. -77. -76. -75. -73. -73. -70. -66. -66. -64. -61. -61. -61.
 -56. -52. -51. -48. -43. -41. -40. -40. -39. -35. -32. -31. -30. -29.
 -25. -24. -19. -19. -18. -15. -13. -12. -12.  -8.  -6.  -6.  -4.  -1.
  -1.   0.   1.   5.   5.   5.   6.   8.   9.  10.  11.  11.  16.  20.
  28.  31.  38.  40.  43.  46.  48.  49.  50.  54.  56.  58.  59.  60.
  62.  62.  66.  67.  74.  74.  75.  76.  81.  81.  84.  85.  89.  95.
  97. 100.][-97. -95. -95. -92. -91. -86. -82. -79. -71. -71. -71. -67. -64. -64.
 -64. -60. -59. -59. -59. -55. -55. -52. -52. -50. -49. -47. -47. -47.
 -45. -44. -43. -41. -41. -41. -29. -28. -27. -27. -27. -24. -15. -14.
 -14. -11. -11.  -8.  -8.  -5.  -2.  -1.   0.   3.   3.   5.   6.  10.
  13.  14.  18.  20.  24.  27.  29.  30.  36.  39.  39.  40.  40.  41.
  43.  46.  50.  50.  50.  52.  56.  57.  57.  60.  62.  65.  68.  68.
  68.  70.  70.  72.  75.  78.  79.  81.  82.  85.  87.  90.  90.  94.
  95.  97.][-100.  -99.  -98.  -97.  -96.  -92.  -87.  -86.  -85.  -83.  -82.  -81.
  -80.  -79.  -78.  -77.  -76.  -74.  -73.  -73.  -64.  -63.  -60.  -60.
  -59.  -58.  -55.  -54.  -53.  -47.  -46.  -44.  -38.  -32.  -32.  -32.
  -26.  -20.  -18.  -14.  -12.  -11.   -7.   -5.   -4.   -4.   -2.    1.
    8.    8.    9.   10.   14.   17.   20.   23.   25.   26.   27.   28.
   29.   30.   32.   37.   38.   40.   40.   41.   46.   48.   49.   53.
   55.   57.   57.   63.   64.   67.   67.   67.   68.   68.   71.   73.
   77.   79.   80.   80.   83.   85.   85.   87.   90.   92.   93.   95.
   95.   95.   95.   98.][-96. -96. -95. -91. -88. -83. -83. -80. -79. -79. -73. -71. -66. -63.
 -58. -57. -51. -50. -50. -49. -49. -47. -46. -43. -43. -43. -42. -41.
 -37. -37. -35. -33. -23. -18. -14. -14. -13. -12. -12.  -8.  -3.   0.
   0.   5.   7.  10.  11.  14.  15.  17.  18.  18.  20.  21.  23.  24.
  27.  28.  30.  31.  31.  33.  33.  34.  38.  41.  43.  44.  47.  48.
  49.  54.  56.  59.  60.  60.  61.  64.  66.  68.  71.  72.  73.  74.
  75.  77.  78.  78.  79.  79.  80.  82.  85.  88.  88.  91.  94.  94.
  95.  97.][-98. -97. -96. -95. -95. -93. -93. -93. -92. -90. -83. -82. -82. -77.
 -76. -75. -73. -68. -67. -65. -65. -63. -63. -63. -63. -60. -59. -58.
 -53. -52. -52. -52. -51. -51. -40. -35. -34. -33. -32. -30. -19. -18.
 -17. -17. -14. -11.  -8.  -2.  -1.  -1.  12.  12.  14.  14.  15.  17.
  17.  18.  18.  18.  18.  22.  22.  24.  25.  29.  29.  33.  36.  38.
  40.  41.  41.  43.  44.  45.  46.  47.  48.  49.  50.  50.  51.  54.
  57.  61.  62.  66.  70.  73.  74.  76.  82.  83.  88.  92.  92.  95.
  99. 100.][-100.  -98.  -97.  -96.  -95.  -95.  -89.  -83.  -82.  -82.  -78.  -77.
  -76.  -74.  -73.  -73.  -68.  -67.  -64.  -64.  -59.  -59.  -59.  -56.
  -55.  -53.  -48.  -43.  -41.  -37.  -36.  -34.  -33.  -30.  -29.  -27.
  -25.  -25.  -24.  -21.  -20.  -17.  -14.  -14.  -12.   -9.   -9.   -8.
   -7.   -5.   -4.   -4.    1.    2.    4.    4.    6.    8.   10.   11.
   14.   16.   17.   19.   20.   20.   22.   22.   23.   27.   28.   29.
   37.   38.   38.   44.   46.   49.   52.   59.   60.   62.   66.   67.
   67.   70.   71.   76.   79.   80.   80.   81.   81.   85.   93.   93.
   94.   96.   96.   97.][-98. -98. -97. -97. -96. -95. -93. -88. -88. -86. -86. -86. -83. -82.
 -81. -81. -79. -79. -79. -72. -71. -60. -59. -58. -57. -51. -49. -49.
 -48. -39. -37. -36. -35. -31. -26. -25. -25. -24. -18. -17. -17. -12.
 -12.  -9.  -8.  -6.  -2.  -1.   2.   5.   5.   6.   8.   8.   9.  10.
  14.  16.  16.  16.  18.  19.  22.  23.  25.  27.  27.  30.  30.  31.
  33.  35.  36.  36.  39.  41.  44.  45.  47.  50.  51.  55.  58.  61.
  61.  61.  64.  70.  72.  73.  74.  82.  83.  85.  87.  90.  92.  92.
  96.  96.][-100.  -98.  -98.  -96.  -94.  -89.  -88.  -85.  -85.  -84.  -84.  -84.
  -80.  -76.  -75.  -75.  -74.  -72.  -71.  -70.  -68.  -67.  -65.  -65.
  -64.  -60.  -57.  -56.  -52.  -51.  -47.  -46.  -41.  -37.  -34.  -33.
  -31.  -29.  -28.  -28.  -25.  -24.  -23.  -21.  -19.  -19.  -14.  -13.
  -10.   -7.   -2.   -1.   -1.    3.    4.    6.   10.   10.   11.   13.
   15.   16.   16.   17.   19.   22.   30.   30.   34.   35.   36.   41.
   43.   47.   47.   49.   53.   53.   54.   55.   55.   58.   58.   60.
   64.   66.   73.   76.   77.   78.   79.   86.   87.   87.   88.   89.
   89.   96.   99.  100.][-100. -100.  -97.  -93.  -92.  -92.  -90.  -89.  -88.  -87.  -85.  -85.
  -84.  -78.  -73.  -72.  -64.  -62.  -60.  -60.  -55.  -54.  -51.  -44.
  -43.  -43.  -42.  -40.  -39.  -36.  -36.  -34.  -32.  -32.  -32.  -31.
  -30.  -29.  -27.  -24.  -23.  -22.  -18.  -16.  -15.  -14.  -12.   -8.
   -6.   -4.   -3.   -1.    8.   11.   12.   15.   17.   18.   20.   20.
   21.   24.   24.   25.   31.   32.   33.   36.   38.   39.   41.   42.
   48.   49.   50.   50.   50.   51.   55.   55.   59.   59.   60.   62.
   62.   63.   71.   74.   75.   75.   77.   82.   83.   84.   85.   87.
   89.   93.   94.   95.][-100.  -99.  -98.  -98.  -96.  -95.  -87.  -76.  -74.  -74.  -72.  -69.
  -68.  -64.  -59.  -57.  -56.  -43.  -38.  -36.  -34.  -33.  -32.  -31.
  -30.  -29.  -28.  -26.  -26.  -19.  -19.  -17.  -17.  -16.  -16.  -14.
  -11.  -10.   -9.   -8.   -7.   -4.   -3.    3.    4.    5.    6.    7.
    7.    9.   11.   12.   13.   14.   15.   15.   15.   18.   18.   19.
   20.   20.   24.   25.   27.   32.   33.   33.   35.   38.   39.   40.
   43.   46.   58.   58.   64.   66.   67.   67.   67.   69.   70.   74.
   74.   77.   78.   79.   83.   86.   87.   88.   89.   90.   90.   91.
   91.   93.   94.   97.][-100.  -94.  -93.  -91.  -84.  -83.  -82.  -82.  -78.  -73.  -70.  -68.
  -62.  -61.  -59.  -59.  -58.  -58.  -57.  -54.  -53.  -51.  -50.  -48.
  -47.  -47.  -47.  -46.  -46.  -38.  -35.  -33.  -32.  -31.  -29.  -26.
  -25.  -22.  -19.  -19.  -18.  -17.  -12.  -11.   -7.   -5.   -5.   -4.
   -1.    3.    4.    4.    8.    9.   10.   10.   11.   11.   12.   17.
   19.   19.   20.   21.   21.   23.   25.   25.   26.   28.   29.   31.
   31.   34.   40.   52.   53.   53.   56.   58.   59.   71.   71.   73.
   73.   75.   78.   85.   86.   88.   89.   89.   90.   91.   93.   93.
   95.   96.   96.   97.][-100.  -97.  -94.  -94.  -86.  -83.  -79.  -77.  -77.  -76.  -75.  -67.
  -64.  -64.  -62.  -57.  -52.  -52.  -47.  -47.  -43.  -41.  -40.  -34.
  -34.  -31.  -30.  -30.  -30.  -23.  -22.  -22.  -19.  -19.  -18.  -17.
  -16.  -14.  -13.   -9.   -8.   -8.   -7.   -7.   -7.   -6.   -4.   -3.
   -3.   -2.   -1.    0.    3.    6.    6.    7.   10.   11.   13.   17.
   18.   19.   23.   25.   25.   27.   29.   33.   34.   34.   36.   36.
   36.   36.   37.   40.   40.   42.   47.   50.   50.   53.   54.   60.
   61.   62.   67.   70.   72.   72.   76.   78.   80.   82.   82.   84.
   86.   87.   88.   99.][-98. -97. -96. -94. -92. -87. -84. -84. -84. -80. -80. -79. -74. -73.
 -70. -68. -67. -65. -64. -63. -63. -63. -51. -48. -45. -43. -37. -37.
 -36. -34. -31. -31. -27. -26. -24. -23. -18. -17. -16. -11. -11. -11.
  -7.  -7.  -6.  -5.  -3.  -2.   1.   2.   3.   3.   5.   7.   7.   8.
  10.  11.  13.  20.  21.  24.  25.  26.  28.  28.  28.  29.  30.  33.
  33.  34.  37.  38.  39.  40.  40.  41.  43.  46.  46.  50.  53.  56.
  58.  60.  61.  63.  68.  69.  70.  71.  71.  72.  83.  84.  88.  97.
  99. 100.][-100.  -99.  -97.  -91.  -87.  -85.  -80.  -80.  -76.  -74.  -71.  -70.
  -69.  -67.  -66.  -63.  -60.  -59.  -58.  -56.  -55.  -55.  -54.  -53.
  -51.  -51.  -51.  -50.  -49.  -49.  -48.  -47.  -43.  -42.  -41.  -40.
  -39.  -37.  -37.  -33.  -30.  -29.  -28.  -25.  -25.  -24.  -23.  -20.
  -18.  -17.  -12.  -11.   -8.   -5.   -1.    1.    3.    9.    9.   12.
   13.   15.   16.   21.   27.   28.   28.   30.   31.   35.   36.   36.
   40.   41.   43.   43.   46.   47.   47.   52.   54.   58.   63.   65.
   71.   71.   71.   72.   73.   75.   82.   84.   91.   92.   97.   98.
   99.   99.  100.  100.][-100.  -99.  -98.  -94.  -88.  -86.  -85.  -83.  -83.  -80.  -76.  -75.
  -74.  -73.  -73.  -73.  -72.  -64.  -63.  -63.  -61.  -59.  -55.  -55.
  -52.  -51.  -48.  -43.  -43.  -41.  -41.  -38.  -35.  -31.  -29.  -28.
  -28.  -25.  -25.  -18.  -17.  -17.  -15.  -15.  -10.   -9.   -3.   -2.
    0.    3.    4.    9.   10.   11.   13.   14.   18.   23.   26.   29.
   30.   31.   32.   32.   33.   36.   36.   40.   42.   42.   43.   45.
   46.   49.   51.   52.   54.   54.   54.   62.   64.   65.   70.   70.
   71.   72.   72.   74.   75.   79.   80.   81.   82.   84.   89.   91.
   95.   98.   99.  100.][-95. -92. -90. -89. -88. -85. -80. -78. -74. -71. -71. -64. -61. -61.
 -58. -56. -56. -56. -54. -54. -50. -47. -46. -44. -42. -40. -38. -37.
 -37. -35. -34. -30. -25. -23. -22. -18. -15. -11. -11.  -3.  -3.  -1.
   3.   3.   5.   9.  14.  15.  17.  17.  18.  22.  24.  26.  27.  28.
  29.  29.  32.  32.  32.  34.  35.  38.  38.  39.  40.  40.  42.  42.
  43.  44.  44.  47.  50.  59.  59.  59.  61.  62.  64.  66.  68.  70.
  73.  81.  81.  83.  83.  84.  84.  87.  87.  87.  89.  95.  96.  96.
  97. 100.][-95. -90. -88. -87. -86. -85. -84. -82. -82. -73. -72. -71. -69. -67.
 -66. -66. -64. -64. -62. -62. -60. -60. -59. -55. -47. -42. -37. -33.
 -33. -29. -28. -28. -24. -24. -19. -16. -16. -15. -11. -10.  -8.  -8.
  -7.  -7.  -7.  -6.  -4.  -1.   1.   3.   6.   6.   8.  11.  11.  11.
  12.  13.  14.  16.  17.  19.  23.  29.  32.  37.  37.  39.  43.  43.
  43.  44.  44.  46.  46.  47.  48.  54.  56.  56.  56.  57.  58.  59.
  61.  62.  63.  64.  71.  71.  71.  75.  85.  89.  90.  95.  97.  97.
  97.  98.][-100.  -97.  -94.  -94.  -93.  -90.  -89.  -87.  -87.  -85.  -82.  -80.
  -79.  -76.  -75.  -72.  -71.  -70.  -70.  -69.  -69.  -63.  -56.  -53.
  -53.  -51.  -50.  -41.  -34.  -34.  -33.  -32.  -29.  -28.  -28.  -26.
  -21.  -19.  -15.  -11.  -11.   -8.   -8.   -6.    2.    4.    4.    5.
    6.    6.    9.   10.   10.   11.   14.   16.   16.   17.   19.   24.
   24.   28.   31.   32.   36.   36.   38.   43.   44.   45.   51.   51.
   53.   54.   54.   57.   57.   57.   58.   60.   63.   66.   67.   67.
   70.   71.   77.   77.   78.   80.   84.   85.   87.   89.   90.   90.
   91.   93.   95.   98.][-89. -88. -85. -83. -83. -82. -80. -72. -70. -69. -68. -67. -64. -63.
 -58. -56. -55. -55. -52. -51. -48. -45. -43. -38. -38. -36. -34. -33.
 -33. -32. -26. -24. -20. -20. -18. -16. -14. -13. -13. -13. -11. -10.
 -10. -10.  -9.  -7.  -5.  -2.  -1.  -1.   3.   3.   6.   7.   7.  11.
  12.  15.  15.  17.  19.  28.  28.  30.  35.  36.  37.  38.  40.  41.
  41.  43.  48.  49.  53.  55.  58.  59.  60.  61.  61.  64.  68.  69.
  78.  78.  78.  81.  81.  84.  85.  87.  88.  90.  90.  94.  95.  98.
  98. 100.][-99. -99. -98. -96. -88. -87. -86. -83. -77. -75. -71. -71. -68. -65.
 -63. -61. -59. -57. -56. -55. -54. -54. -53. -50. -46. -41. -41. -40.
 -39. -34. -33. -32. -30. -29. -28. -24. -23. -22. -21. -18. -17. -16.
 -15. -15. -10.  -9.  -7.  -7.  -5.  -2.  -2.  -1.   7.   8.  19.  22.
  22.  24.  24.  24.  29.  33.  33.  33.  33.  34.  40.  42.  43.  46.
  49.  53.  55.  57.  62.  64.  65.  65.  65.  66.  71.  72.  73.  75.
  76.  79.  79.  80.  83.  84.  88.  88.  91.  94.  94.  95.  97.  99.
 100. 100.][-100.  -99.  -98.  -97.  -93.  -89.  -89.  -86.  -85.  -84.  -84.  -84.
  -78.  -75.  -70.  -65.  -56.  -56.  -56.  -55.  -55.  -50.  -50.  -49.
  -49.  -49.  -46.  -45.  -43.  -43.  -43.  -42.  -42.  -41.  -41.  -33.
  -31.  -29.  -28.  -24.  -24.  -20.  -19.  -19.  -18.  -18.  -17.  -10.
   -9.   -9.   -6.   -4.   -3.    1.    5.    8.   10.   14.   17.   22.
   22.   22.   23.   23.   24.   24.   27.   29.   29.   31.   31.   32.
   34.   35.   39.   39.   39.   45.   49.   51.   51.   60.   60.   61.
   64.   64.   67.   69.   73.   74.   74.   76.   79.   82.   87.   87.
   91.   92.   92.   92.][-99. -97. -97. -94. -92. -92. -91. -89. -88. -88. -87. -85. -84. -80.
 -78. -75. -75. -73. -72. -68. -68. -67. -64. -58. -58. -57. -53. -47.
 -46. -46. -45. -45. -44. -44. -44. -41. -37. -33. -30. -29. -29. -29.
 -26. -23. -19. -14. -14. -14. -12.  -7.  -7.  -3.  -3.  -1.  -1.   0.
   3.   3.   5.   7.   7.  11.  12.  12.  14.  17.  20.  21.  24.  27.
  35.  40.  45.  47.  51.  52.  54.  56.  57.  58.  66.  66.  67.  68.
  70.  71.  73.  74.  77.  79.  83.  85.  86.  86.  89.  90.  91.  92.
  92.  93.][-100.  -95.  -95.  -92.  -91.  -88.  -85.  -81.  -80.  -80.  -77.  -76.
  -75.  -74.  -72.  -72.  -69.  -69.  -67.  -67.  -66.  -66.  -64.  -64.
  -61.  -59.  -52.  -50.  -49.  -47.  -47.  -45.  -44.  -44.  -37.  -37.
  -30.  -29.  -23.  -21.  -18.  -17.  -17.  -16.  -16.  -14.  -14.  -14.
  -12.   -8.   -7.   -7.   -6.   -1.    0.    3.    4.    4.    4.    5.
    7.    7.    7.   11.   11.   19.   20.   21.   21.   26.   38.   46.
   48.   59.   59.   62.   63.   63.   64.   64.   69.   69.   75.   76.
   78.   80.   81.   82.   83.   83.   84.   87.   88.   88.   91.   94.
   94.   95.   96.   98.][-100. -100.  -99.  -99.  -95.  -95.  -85.  -79.  -78.  -75.  -69.  -66.
  -66.  -65.  -62.  -62.  -58.  -57.  -51.  -49.  -44.  -42.  -42.  -41.
  -41.  -39.  -37.  -35.  -33.  -31.  -20.  -12.  -11.  -10.   -9.   -9.
   -2.   -1.    0.    0.    4.    4.    4.    5.    5.    6.    9.   12.
   13.   15.   15.   15.   17.   20.   21.   22.   23.   23.   27.   27.
   28.   30.   36.   37.   40.   45.   48.   49.   50.   52.   55.   60.
   61.   62.   63.   64.   64.   67.   69.   73.   74.   76.   77.   77.
   81.   81.   81.   83.   83.   84.   84.   84.   88.   89.   89.   92.
   94.   98.   99.   99.][-100.  -96.  -94.  -93.  -92.  -89.  -87.  -82.  -82.  -70.  -69.  -64.
  -63.  -62.  -60.  -56.  -56.  -52.  -50.  -45.  -43.  -43.  -39.  -38.
  -38.  -37.  -37.  -37.  -36.  -35.  -33.  -30.  -30.  -26.  -21.  -21.
  -20.  -19.  -17.  -11.   -8.   -8.   -6.   -5.   -3.   -2.   -2.    0.
    1.    2.    3.    4.    5.    6.   14.   16.   18.   19.   23.   28.
   28.   36.   36.   36.   39.   42.   42.   44.   44.   46.   47.   48.
   55.   55.   55.   57.   60.   61.   63.   65.   67.   67.   68.   69.
   69.   71.   73.   75.   77.   80.   81.   81.   81.   84.   86.   95.
   97.   98.  100.  100.][-99. -94. -93. -93. -92. -92. -88. -88. -88. -87. -86. -84. -84. -81.
 -81. -74. -70. -64. -64. -63. -61. -60. -60. -58. -55. -52. -52. -51.
 -49. -48. -43. -40. -39. -35. -27. -25. -20. -18. -16. -15. -14. -11.
 -10.  -7.  -2.  -1.   2.   4.  12.  13.  16.  20.  21.  21.  24.  24.
  26.  28.  30.  31.  33.  33.  34.  35.  36.  37.  43.  44.  45.  48.
  51.  52.  55.  56.  56.  57.  59.  59.  60.  60.  61.  63.  64.  66.
  66.  69.  72.  72.  73.  75.  76.  77.  79.  81.  82.  89.  95.  99.
 100. 100.][-100. -100.  -94.  -89.  -87.  -84.  -81.  -81.  -79.  -75.  -75.  -68.
  -67.  -67.  -66.  -57.  -56.  -53.  -53.  -52.  -52.  -48.  -48.  -44.
  -44.  -43.  -41.  -39.  -37.  -30.  -27.  -27.  -20.  -19.  -19.  -18.
  -12.   -8.   -4.   -4.   -4.   -2.    1.    5.    7.    7.    8.   12.
   12.   15.   16.   17.   17.   20.   21.   22.   25.   27.   28.   31.
   31.   33.   35.   37.   44.   45.   46.   50.   54.   57.   59.   59.
   60.   62.   62.   63.   69.   70.   70.   72.   72.   74.   76.   76.
   76.   78.   79.   80.   84.   85.   87.   88.   90.   90.   93.   95.
   96.   98.   98.   99.][-100.  -99.  -99.  -96.  -96.  -90.  -88.  -86.  -85.  -84.  -83.  -79.
  -78.  -78.  -73.  -67.  -63.  -58.  -57.  -56.  -52.  -50.  -49.  -48.
  -48.  -42.  -40.  -40.  -40.  -40.  -37.  -36.  -35.  -34.  -32.  -28.
  -25.  -25.  -23.  -23.  -22.  -17.  -15.  -14.   -7.    0.    5.    6.
   11.   12.   13.   14.   15.   15.   15.   15.   16.   17.   19.   21.
   23.   23.   24.   28.   31.   32.   33.   37.   37.   37.   43.   44.
   44.   46.   48.   51.   54.   61.   67.   70.   71.   71.   73.   75.
   76.   78.   78.   80.   84.   86.   91.   92.   92.   92.   93.   93.
   96.   99.  100.  100.][-98. -95. -91. -88. -86. -84. -82. -79. -78. -74. -67. -65. -64. -63.
 -49. -43. -42. -39. -36. -36. -35. -34. -34. -33. -25. -23. -22. -21.
 -21. -18. -17. -15. -15. -11.  -8.  -7.  -5.   0.   1.   4.   4.   5.
   6.   7.  10.  11.  12.  12.  13.  16.  17.  17.  21.  25.  27.  31.
  31.  32.  32.  34.  34.  37.  38.  41.  42.  44.  44.  45.  46.  48.
  52.  55.  56.  56.  57.  58.  63.  64.  65.  66.  74.  75.  75.  77.
  79.  79.  83.  84.  90.  94.  96.  97.  97.  98.  98.  98. 100. 100.
 100. 100.][-98. -97. -96. -92. -90. -89. -88. -88. -87. -87. -86. -85. -84. -83.
 -83. -82. -81. -76. -74. -72. -71. -70. -66. -62. -56. -54. -52. -48.
 -45. -44. -43. -42. -38. -36. -35. -35. -34. -31. -29. -27. -26. -23.
 -23. -22. -18. -17. -16.  -7.  -7.  -6.  -3.   0.   2.   2.   4.   5.
   6.   9.  16.  16.  17.  18.  19.  20.  21.  21.  21.  24.  25.  25.
  27.  29.  30.  42.  44.  47.  48.  48.  49.  49.  50.  56.  59.  65.
  66.  68.  69.  70.  75.  76.  78.  78.  79.  84.  85.  85.  88.  90.
  92. 100.][-100.  -96.  -96.  -93.  -89.  -89.  -88.  -88.  -88.  -80.  -80.  -80.
  -77.  -76.  -71.  -71.  -66.  -66.  -56.  -53.  -52.  -49.  -47.  -44.
  -38.  -36.  -34.  -34.  -33.  -32.  -32.  -32.  -30.  -30.  -29.  -27.
  -25.  -24.  -24.  -21.  -21.  -21.  -17.  -14.  -14.  -12.  -10.  -10.
   -8.   -5.   -5.   -5.   -3.    0.    0.    0.    1.    4.    6.   11.
   13.   15.   17.   18.   18.   20.   22.   22.   23.   25.   32.   33.
   34.   35.   35.   38.   39.   48.   48.   50.   63.   63.   64.   66.
   67.   69.   72.   72.   79.   80.   81.   82.   84.   88.   89.   89.
   90.   96.   99.  100.][-97. -96. -93. -92. -90. -87. -87. -87. -86. -83. -82. -81. -80. -78.
 -75. -73. -71. -66. -64. -62. -58. -57. -56. -56. -55. -55. -54. -51.
 -48. -44. -41. -37. -35. -35. -32. -31. -31. -27. -19. -18. -16. -12.
 -11. -10.  -9.  -6.   1.   6.   8.   8.  10.  14.  16.  17.  17.  20.
  23.  24.  26.  26.  33.  33.  34.  35.  35.  35.  38.  38.  41.  42.
  43.  45.  50.  52.  56.  58.  59.  66.  67.  67.  67.  69.  74.  74.
  75.  75.  75.  76.  77.  81.  82.  84.  86.  88.  92.  96.  96.  98.
  99. 100.][-98. -97. -96. -96. -94. -94. -91. -90. -89. -88. -86. -86. -86. -85.
 -84. -83. -83. -79. -78. -77. -77. -76. -75. -73. -72. -65. -63. -59.
 -57. -52. -49. -45. -45. -42. -41. -38. -37. -34. -31. -30. -23. -23.
 -19. -18. -18. -18.  -9.  -4.  -4.  -1.   1.   1.   3.   3.   4.   9.
  10.  12.  12.  12.  14.  17.  17.  27.  28.  29.  35.  35.  37.  37.
  39.  39.  40.  46.  47.  50.  57.  58.  59.  60.  61.  61.  63.  65.
  66.  67.  68.  70.  72.  72.  79.  81.  85.  89.  91.  92.  96.  97.
  99. 100.][-95. -95. -94. -93. -88. -84. -78. -75. -74. -71. -70. -69. -67. -66.
 -62. -60. -59. -58. -58. -54. -50. -50. -48. -48. -48. -47. -45. -43.
 -42. -40. -38. -30. -29. -27. -24. -18. -16. -10.  -9.  -9.  -4.  -2.
  -1.   0.   0.   0.   2.   4.   4.   5.  10.  13.  16.  19.  21.  21.
  22.  22.  23.  24.  26.  27.  28.  35.  37.  37.  45.  46.  47.  50.
  51.  52.  52.  54.  57.  58.  61.  62.  63.  65.  67.  68.  70.  70.
  70.  73.  74.  75.  77.  78.  79.  79.  82.  82.  86.  90.  92.  94.
  99.  99.][-100. -100. -100.  -94.  -94.  -93.  -90.  -80.  -78.  -78.  -74.  -74.
  -71.  -69.  -69.  -69.  -69.  -61.  -54.  -52.  -49.  -48.  -47.  -45.
  -44.  -41.  -40.  -40.  -37.  -37.  -35.  -33.  -32.  -26.  -26.  -23.
  -21.  -20.  -20.  -19.  -18.  -18.  -12.  -12.  -12.   -9.   -9.   -8.
   -2.   -1.   -1.   -1.    1.    1.    1.    3.    3.    4.    7.    8.
    8.   10.   10.   18.   20.   22.   23.   23.   26.   26.   31.   32.
   34.   34.   38.   38.   39.   40.   42.   43.   47.   48.   50.   52.
   52.   55.   58.   59.   64.   64.   68.   72.   73.   83.   84.   85.
   85.   88.   89.   97.][-99. -98. -97. -95. -94. -90. -85. -81. -78. -72. -62. -59. -58. -44.
 -44. -42. -41. -39. -39. -39. -37. -35. -35. -31. -29. -29. -27. -26.
 -25. -25. -22. -22. -19. -15. -15. -14. -13. -13. -11.  -9.  -6.  -6.
  -5.  -3.  -2.  -1.   1.   3.   4.   7.   7.   9.  10.  10.  17.  18.
  21.  22.  29.  31.  31.  31.  33.  33.  34.  36.  37.  38.  40.  42.
  43.  44.  45.  46.  48.  51.  58.  58.  61.  61.  61.  63.  66.  70.
  72.  73.  75.  77.  78.  80.  82.  83.  88.  88.  89.  90.  93.  94.
  96.  96.][-100.  -96.  -95.  -95.  -91.  -88.  -86.  -85.  -80.  -79.  -79.  -72.
  -69.  -67.  -66.  -66.  -66.  -65.  -64.  -62.  -61.  -61.  -60.  -58.
  -58.  -57.  -56.  -55.  -53.  -53.  -50.  -49.  -48.  -44.  -41.  -40.
  -39.  -38.  -36.  -36.  -35.  -34.  -31.  -26.  -24.  -23.  -21.  -17.
  -16.  -10.  -10.   -9.   -7.   -6.   -6.   -5.   -3.    0.    2.    6.
    6.    6.    6.    7.    8.   12.   14.   15.   16.   18.   25.   25.
   27.   30.   38.   38.   39.   44.   45.   46.   47.   47.   48.   48.
   55.   61.   63.   66.   70.   71.   71.   74.   81.   91.   95.   95.
   96.   98.   99.  100.][-95. -92. -90. -90. -87. -87. -83. -81. -79. -75. -74. -72. -72. -71.
 -69. -68. -62. -61. -61. -60. -59. -58. -56. -54. -53. -50. -42. -33.
 -32. -31. -24. -17. -15. -14. -12. -11.  -9.  -7.  -7.  -7.  -6.  -3.
  -3.   0.   6.   8.   9.  11.  12.  15.  15.  16.  20.  21.  23.  26.
  29.  31.  34.  40.  40.  44.  45.  45.  46.  46.  46.  49.  50.  50.
  53.  53.  54.  54.  57.  60.  61.  63.  69.  71.  72.  73.  73.  77.
  79.  80.  80.  81.  82.  82.  83.  85.  85.  89.  93.  94.  95.  95.
  97.  98.][-100.  -97.  -96.  -95.  -93.  -91.  -90.  -89.  -86.  -73.  -73.  -72.
  -64.  -64.  -61.  -60.  -60.  -58.  -57.  -57.  -53.  -52.  -51.  -49.
  -44.  -38.  -34.  -33.  -31.  -28.  -23.  -22.  -20.  -19.  -19.  -17.
  -16.   -8.   -7.   -7.   -3.    1.    1.    1.    5.    8.    9.   10.
   10.   11.   12.   16.   17.   17.   21.   22.   25.   26.   26.   27.
   34.   36.   37.   40.   44.   45.   45.   46.   49.   50.   52.   54.
   54.   58.   61.   62.   64.   66.   69.   69.   74.   74.   75.   76.
   76.   77.   77.   80.   82.   86.   87.   88.   88.   89.   90.   95.
   97.   98.   98.   99.][-99. -97. -94. -94. -93. -89. -87. -85. -83. -82. -82. -82. -81. -80.
 -80. -76. -68. -68. -67. -63. -59. -53. -53. -52. -50. -49. -45. -45.
 -43. -39. -38. -37. -35. -34. -33. -32. -29. -28. -28. -27. -26. -25.
 -25. -24. -23. -20. -19. -17. -15. -12.  -8.  -8.  -3.   0.   2.   3.
   3.   4.   5.   6.   7.  11.  12.  14.  15.  16.  19.  26.  29.  31.
  35.  36.  38.  40.  41.  43.  49.  51.  52.  55.  56.  58.  62.  62.
  64.  65.  66.  67.  67.  68.  71.  74.  76.  77.  79.  80.  81.  83.
  89.  95.][-98. -97. -96. -96. -91. -90. -88. -84. -83. -79. -77. -77. -76. -75.
 -75. -73. -72. -65. -58. -57. -47. -45. -42. -38. -36. -32. -30. -21.
 -20. -19. -19. -16. -14. -14. -13. -11.  -9.  -9.  -8.  -8.  -8.  -7.
  -3.  -2.   3.   4.   6.   7.   9.  10.  10.  12.  13.  14.  14.  15.
  18.  18.  20.  22.  22.  26.  27.  27.  29.  33.  34.  35.  37.  39.
  42.  42.  42.  43.  45.  45.  47.  50.  51.  54.  54.  55.  55.  59.
  61.  70.  75.  79.  83.  83.  85.  86.  90.  91.  92.  93.  95.  95.
  97.  98.][-100.  -94.  -93.  -93.  -91.  -86.  -82.  -78.  -77.  -77.  -76.  -70.
  -64.  -57.  -56.  -51.  -50.  -42.  -41.  -41.  -39.  -38.  -36.  -34.
  -30.  -30.  -29.  -28.  -27.  -23.  -20.  -18.  -14.  -14.  -12.  -11.
  -10.   -9.   -9.   -8.   -7.   -5.   -3.   -2.   -1.    1.    3.    4.
    5.    7.    8.    9.    9.   10.   17.   18.   20.   21.   21.   24.
   28.   28.   29.   31.   33.   36.   36.   37.   38.   39.   39.   40.
   43.   47.   49.   51.   51.   53.   54.   60.   61.   64.   65.   66.
   68.   68.   69.   69.   70.   70.   76.   76.   77.   79.   84.   86.
   89.   97.   97.   98.][-100.  -98.  -96.  -96.  -94.  -94.  -92.  -91.  -89.  -88.  -88.  -85.
  -83.  -83.  -82.  -81.  -76.  -71.  -70.  -69.  -65.  -64.  -64.  -62.
  -60.  -59.  -58.  -57.  -55.  -51.  -49.  -46.  -46.  -40.  -40.  -39.
  -37.  -36.  -36.  -35.  -33.  -28.  -24.  -19.  -19.  -14.  -10.   -5.
    0.    2.    2.    7.   11.   12.   15.   19.   20.   20.   23.   25.
   29.   30.   32.   33.   33.   33.   36.   40.   46.   47.   50.   54.
   56.   56.   59.   63.   65.   65.   66.   67.   71.   71.   74.   75.
   79.   80.   82.   83.   84.   87.   89.   90.   91.   91.   92.   93.
   93.   95.   96.   98.][-86. -86. -85. -83. -83. -83. -82. -82. -81. -78. -77. -71. -67. -65.
 -63. -63. -62. -61. -60. -57. -57. -57. -57. -56. -54. -53. -46. -44.
 -43. -43. -42. -40. -32. -29. -24. -20. -20. -19. -19. -17. -13. -13.
 -12. -10.  -2.   5.   8.   8.   9.  15.  17.  17.  17.  19.  20.  20.
  20.  22.  26.  27.  27.  29.  33.  34.  34.  34.  36.  38.  39.  42.
  43.  49.  49.  50.  50.  51.  52.  54.  54.  55.  55.  57.  57.  60.
  61.  68.  68.  70.  72.  73.  79.  79.  85.  86.  90.  90.  92.  93.
  97. 100.][-99. -98. -97. -95. -93. -89. -88. -86. -86. -85. -85. -82. -82. -81.
 -78. -77. -75. -74. -74. -73. -73. -73. -70. -69. -68. -66. -65. -63.
 -62. -58. -57. -56. -55. -55. -49. -48. -46. -45. -40. -39. -38. -35.
 -34. -33. -32. -31. -30. -30. -22. -19. -16. -12.  -5.  -4.  -3.  -2.
  -1.   0.   1.   2.   5.   7.  11.  11.  16.  17.  18.  19.  23.  25.
  25.  25.  26.  30.  30.  33.  40.  47.  52.  53.  54.  60.  63.  64.
  66.  66.  67.  71.  73.  77.  82.  82.  83.  90.  91.  93.  93.  96.
 100. 100.][-99. -98. -98. -96. -95. -91. -91. -89. -88. -82. -81. -80. -77. -76.
 -76. -67. -62. -62. -62. -60. -55. -53. -51. -50. -50. -49. -47. -46.
 -46. -43. -43. -42. -41. -39. -38. -37. -36. -34. -33. -30. -30. -27.
 -25. -24. -24. -24. -22. -22. -20. -19. -16. -15. -12. -12.  -9.  -2.
  -1.   0.   5.   5.   6.   9.  11.  11.  12.  19.  21.  22.  26.  34.
  35.  39.  41.  42.  46.  47.  48.  54.  55.  56.  57.  57.  59.  64.
  65.  67.  68.  73.  75.  82.  87.  87.  88.  91.  91.  91.  92.  93.
  99. 100.][-95. -95. -94. -94. -91. -90. -87. -86. -82. -81. -78. -77. -77. -77.
 -76. -72. -71. -71. -71. -68. -65. -61. -60. -58. -57. -57. -54. -53.
 -51. -51. -51. -50. -49. -48. -47. -38. -38. -36. -33. -33. -31. -31.
 -26. -25. -24. -21. -21. -17. -11.  -9.   1.   4.   4.   5.   5.   7.
   8.   9.  12.  18.  18.  19.  24.  27.  27.  27.  30.  30.  31.  32.
  37.  40.  40.  40.  43.  46.  49.  50.  51.  52.  53.  60.  63.  63.
  63.  65.  69.  69.  70.  78.  79.  80.  81.  84.  86.  87.  90.  91.
  92.  95.][-99. -96. -96. -95. -94. -91. -89. -89. -86. -83. -83. -82. -81. -80.
 -79. -79. -78. -77. -75. -73. -71. -70. -68. -67. -66. -57. -56. -56.
 -53. -52. -50. -48. -41. -39. -39. -37. -37. -36. -36. -35. -34. -34.
 -28. -26. -13.  -9.  -7.  -5.  -2.  -1.   0.   1.   4.   6.   7.   8.
   9.  13.  13.  15.  20.  20.  21.  22.  25.  27.  28.  29.  29.  29.
  31.  34.  37.  40.  42.  43.  47.  50.  55.  57.  57.  57.  58.  59.
  64.  64.  69.  73.  74.  77.  78.  87.  87.  87.  94.  94.  96.  96.
  97.  99.][-99. -98. -97. -95. -94. -89. -88. -88. -82. -80. -80. -77. -77. -77.
 -75. -73. -69. -67. -67. -67. -66. -64. -64. -62. -61. -61. -55. -55.
 -55. -52. -49. -47. -46. -40. -39. -38. -37. -36. -31. -30. -28. -16.
 -16. -16. -15. -10. -10.  -9.  -7.  -6.  -3.  -2.   1.   3.   3.   3.
   6.   8.  10.  12.  13.  15.  23.  27.  28.  29.  29.  30.  32.  34.
  40.  40.  45.  45.  46.  48.  48.  53.  56.  62.  64.  66.  68.  72.
  73.  75.  79.  80.  81.  82.  84.  84.  87.  87.  87.  92.  92.  93.
  93.  98.][-100.  -99.  -97.  -96.  -95.  -89.  -89.  -89.  -83.  -83.  -83.  -81.
  -80.  -79.  -79.  -77.  -74.  -70.  -68.  -67.  -65.  -63.  -63.  -63.
  -59.  -59.  -56.  -54.  -50.  -50.  -46.  -46.  -45.  -39.  -37.  -35.
  -34.  -31.  -30.  -27.  -27.  -23.  -22.  -22.  -22.  -18.  -14.  -14.
  -10.  -10.   -7.   -5.   -2.    3.    3.    3.    7.    8.   10.   12.
   17.   19.   20.   22.   23.   25.   27.   28.   29.   31.   31.   36.
   37.   39.   40.   40.   41.   44.   44.   49.   50.   53.   53.   53.
   54.   64.   67.   68.   72.   74.   77.   78.   78.   78.   82.   85.
   88.   91.   97.  100.][-98. -98. -92. -92. -91. -90. -89. -88. -88. -87. -85. -84. -81. -80.
 -79. -77. -76. -75. -71. -67. -67. -66. -62. -58. -56. -54. -50. -49.
 -45. -44. -44. -43. -43. -41. -39. -36. -29. -25. -25. -22. -22. -21.
 -21. -20. -12. -12. -12. -11. -10. -10. -10. -10.  -6.  -5.  -5.  -3.
   0.   1.   4.   6.   9.   9.  10.  14.  31.  32.  33.  33.  33.  38.
  38.  40.  41.  42.  43.  44.  44.  55.  57.  57.  57.  58.  60.  61.
  62.  62.  66.  67.  67.  70.  71.  72.  74.  75.  77.  79.  86.  88.
  95.  96.][-96. -92. -88. -87. -83. -80. -79. -75. -75. -72. -68. -68. -67. -63.
 -63. -59. -59. -57. -56. -56. -56. -53. -51. -48. -46. -44. -41. -41.
 -41. -36. -34. -31. -29. -27. -25. -22. -20. -19. -18. -14. -12.  -9.
  -9.  -6.  -5.  -2.   2.   5.   6.  10.  13.  13.  14.  20.  20.  22.
  28.  28.  29.  32.  35.  37.  39.  40.  41.  42.  44.  45.  55.  55.
  60.  62.  62.  62.  64.  65.  66.  69.  70.  74.  75.  76.  76.  77.
  83.  86.  88.  88.  89.  89.  89.  95.  95.  96.  96.  97.  98.  98.
  98.  99.][-100.  -99.  -94.  -93.  -88.  -86.  -84.  -84.  -84.  -82.  -81.  -80.
  -79.  -77.  -73.  -72.  -67.  -65.  -63.  -61.  -60.  -60.  -58.  -57.
  -52.  -51.  -51.  -51.  -47.  -44.  -43.  -41.  -41.  -39.  -36.  -34.
  -31.  -27.  -24.  -24.  -24.  -23.  -22.  -10.   -5.   -3.   -2.    2.
    2.    3.    3.    6.    8.   11.   12.   13.   17.   18.   18.   21.
   22.   22.   29.   30.   31.   32.   33.   36.   42.   42.   43.   43.
   44.   47.   48.   53.   55.   58.   60.   62.   66.   67.   70.   70.
   72.   73.   73.   75.   77.   79.   79.   80.   80.   82.   82.   85.
   90.   91.   99.  100.][-100. -100.  -98.  -97.  -83.  -82.  -82.  -81.  -80.  -80.  -78.  -76.
  -74.  -69.  -68.  -67.  -67.  -66.  -65.  -58.  -58.  -58.  -57.  -56.
  -55.  -55.  -53.  -52.  -46.  -43.  -40.  -39.  -39.  -39.  -38.  -37.
  -36.  -34.  -34.  -33.  -31.  -27.  -25.  -23.  -20.  -19.  -14.  -14.
  -14.  -12.   -7.   -4.   -3.   -2.   -1.    4.    5.    7.    8.   15.
   16.   18.   22.   25.   25.   27.   28.   29.   31.   32.   34.   36.
   38.   39.   40.   41.   41.   41.   43.   47.   47.   50.   51.   51.
   52.   55.   56.   57.   68.   69.   75.   78.   78.   80.   81.   85.
   87.   87.   88.   97.][-98. -94. -92. -92. -90. -90. -89. -88. -87. -86. -84. -84. -82. -78.
 -78. -75. -74. -73. -71. -70. -70. -66. -65. -65. -63. -63. -61. -60.
 -60. -58. -57. -43. -41. -37. -35. -30. -30. -28. -27. -25. -22. -21.
 -21. -20. -20. -19. -16. -15. -14. -14. -11. -11.  -6.  -4.  -4.   1.
   2.   2.   2.   3.   7.   8.  10.  12.  25.  25.  26.  32.  32.  33.
  36.  39.  40.  40.  46.  47.  51.  51.  52.  53.  53.  56.  57.  61.
  62.  67.  72.  74.  74.  76.  80.  82.  85.  93.  96.  97.  97.  97.
  99. 100.][-99. -99. -98. -97. -96. -95. -94. -91. -85. -85. -84. -84. -82. -81.
 -79. -77. -76. -75. -74. -72. -67. -65. -63. -62. -59. -58. -50. -50.
 -49. -48. -43. -41. -40. -35. -31. -30. -26. -20. -18. -17. -11.  -9.
  -9.  -8.  -7.  -2.  -1.   0.   1.   2.   4.   6.   9.  11.  14.  14.
  15.  15.  17.  17.  23.  23.  28.  29.  31.  34.  35.  37.  38.  38.
  40.  40.  41.  43.  43.  44.  44.  45.  45.  46.  49.  52.  62.  69.
  70.  73.  75.  81.  83.  87.  88.  89.  90.  94.  94.  95.  99. 100.
 100. 100.][-99. -98. -96. -96. -92. -92. -89. -89. -87. -86. -86. -84. -83. -79.
 -76. -76. -75. -73. -72. -67. -67. -64. -63. -63. -62. -61. -59. -54.
 -54. -53. -53. -50. -49. -48. -47. -46. -44. -41. -39. -37. -33. -29.
 -28. -22. -17. -17.  -8.  -7.  -6.  -3.   0.   1.   2.   2.   4.   8.
   8.   9.  10.  10.  13.  14.  14.  20.  23.  23.  27.  27.  27.  30.
  30.  30.  31.  33.  34.  36.  36.  36.  40.  45.  46.  48.  54.  55.
  68.  68.  69.  70.  73.  73.  73.  76.  77.  81.  83.  96.  99.  99.
 100. 100.][-98. -93. -89. -88. -88. -84. -79. -78. -78. -72. -69. -66. -66. -64.
 -62. -61. -58. -58. -56. -55. -50. -48. -47. -46. -43. -41. -41. -40.
 -39. -37. -36. -29. -27. -27. -27. -24. -21. -21. -14. -14. -13.  -8.
  -8.  -6.  -3.  -3.  -3.  -3.  -1.   2.   2.   4.   5.   5.  11.  13.
  16.  17.  17.  18.  24.  24.  27.  28.  28.  30.  31.  32.  33.  33.
  36.  37.  39.  47.  47.  51.  54.  57.  57.  58.  59.  61.  61.  65.
  67.  68.  69.  82.  83.  84.  84.  89.  90.  91.  93.  94.  96.  96.
  97.  99.][-99. -97. -92. -91. -89. -81. -78. -74. -73. -72. -71. -69. -69. -68.
 -61. -60. -59. -58. -57. -55. -51. -50. -48. -42. -40. -38. -38. -38.
 -37. -37. -36. -34. -31. -29. -28. -26. -24. -20. -19. -18. -18. -15.
 -13. -13. -11. -11. -10.  -4.  -2.  -1.   1.   4.  12.  14.  16.  17.
  18.  19.  26.  26.  30.  31.  33.  33.  33.  37.  40.  44.  52.  52.
  53.  56.  57.  61.  66.  68.  70.  70.  74.  75.  75.  77.  78.  83.
  83.  84.  86.  86.  86.  87.  89.  91.  94.  94.  94.  98.  98.  99.
  99.  99.][-99. -99. -99. -97. -97. -97. -91. -87. -86. -86. -85. -79. -79. -77.
 -77. -74. -73. -72. -72. -68. -68. -66. -64. -60. -58. -55. -54. -53.
 -52. -44. -44. -41. -41. -41. -38. -37. -36. -35. -33. -33. -29. -28.
 -25. -21. -18. -17. -16. -15.  -9.  -9.  -4.  -1.  -1.  -1.   0.   2.
   3.   4.   6.  10.  12.  15.  15.  18.  20.  26.  29.  29.  33.  35.
  35.  36.  36.  38.  41.  46.  48.  49.  56.  56.  62.  63.  63.  67.
  71.  73.  74.  76.  79.  80.  82.  83.  85.  86.  88.  89.  90.  91.
  95.  99.][-100.  -99.  -99.  -99.  -98.  -98.  -98.  -97.  -95.  -95.  -86.  -86.
  -83.  -81.  -80.  -78.  -78.  -76.  -75.  -60.  -59.  -58.  -57.  -52.
  -52.  -50.  -50.  -49.  -49.  -47.  -44.  -44.  -44.  -39.  -37.  -37.
  -35.  -34.  -29.  -26.  -26.  -25.  -24.  -22.  -21.  -15.  -12.  -11.
  -10.   -8.   -5.   -5.   -2.   -1.    3.    4.    6.    7.    8.   17.
   18.   19.   20.   21.   24.   27.   27.   27.   28.   28.   34.   34.
   36.   37.   37.   39.   40.   42.   43.   45.   46.   49.   51.   58.
   67.   68.   79.   79.   82.   83.   84.   85.   88.   89.   90.   95.
   95.   98.   98.  100.][-100.  -99.  -98.  -97.  -97.  -96.  -95.  -92.  -91.  -86.  -83.  -83.
  -83.  -81.  -78.  -77.  -74.  -71.  -71.  -68.  -67.  -58.  -55.  -54.
  -54.  -53.  -51.  -51.  -48.  -42.  -41.  -41.  -41.  -40.  -37.  -35.
  -34.  -32.  -29.  -27.  -25.  -20.  -18.  -18.  -18.  -17.  -14.  -14.
  -11.   -7.   -7.   -6.   -6.   -5.   -5.   -4.    0.    1.    8.    8.
   12.   12.   14.   17.   18.   20.   21.   22.   23.   24.   26.   28.
   31.   33.   39.   42.   42.   44.   46.   46.   48.   48.   51.   53.
   53.   58.   59.   59.   66.   69.   74.   80.   82.   90.   91.   94.
   94.   95.   99.  100.][-92. -90. -89. -82. -75. -74. -72. -71. -71. -69. -63. -63. -57. -55.
 -53. -46. -44. -41. -39. -39. -39. -36. -35. -35. -33. -32. -32. -31.
 -28. -27. -16. -14. -11.  -2.  -2.  -1.   1.   3.   3.   3.   6.  11.
  11.  13.  13.  14.  14.  19.  19.  21.  23.  24.  25.  26.  27.  28.
  29.  30.  30.  31.  33.  34.  34.  38.  39.  40.  40.  42.  42.  44.
  44.  45.  49.  50.  51.  52.  54.  55.  57.  58.  59.  60.  64.  65.
  69.  71.  72.  73.  75.  78.  82.  84.  85.  88.  89.  91.  91.  93.
  97. 100.][-99. -98. -96. -94. -87. -83. -82. -82. -81. -81. -78. -78. -78. -77.
 -76. -75. -70. -69. -66. -66. -65. -56. -46. -41. -34. -27. -25. -25.
 -23. -16. -16. -15. -14. -13. -13.  -5.  -3.   3.   3.   5.   6.   7.
   8.   9.  10.  13.  15.  16.  16.  17.  21.  24.  24.  25.  26.  27.
  31.  32.  39.  41.  41.  41.  42.  42.  43.  46.  47.  48.  51.  51.
  52.  54.  54.  54.  56.  57.  61.  63.  66.  66.  68.  68.  69.  76.
  77.  78.  78.  79.  81.  82.  85.  85.  88.  88.  89.  90.  95.  96.
  97.  97.][-100.  -99.  -99.  -96.  -88.  -87.  -85.  -84.  -83.  -80.  -77.  -74.
  -70.  -70.  -69.  -68.  -66.  -66.  -64.  -56.  -55.  -55.  -55.  -53.
  -51.  -51.  -49.  -46.  -40.  -37.  -37.  -34.  -28.  -25.  -20.  -19.
  -12.  -11.  -10.   -8.   -3.   -2.   -2.    1.    5.    6.    6.    6.
    7.    8.    8.    9.    9.   11.   12.   14.   16.   16.   17.   19.
   23.   25.   27.   28.   32.   32.   33.   34.   36.   37.   38.   38.
   40.   41.   42.   42.   43.   44.   46.   47.   50.   51.   52.   54.
   59.   60.   61.   64.   66.   67.   70.   77.   78.   78.   79.   81.
   90.   92.   99.  100.][-100.  -96.  -93.  -91.  -89.  -86.  -80.  -76.  -75.  -73.  -68.  -68.
  -68.  -66.  -65.  -63.  -61.  -60.  -53.  -48.  -47.  -46.  -45.  -43.
  -42.  -42.  -40.  -34.  -29.  -29.  -28.  -26.  -24.  -20.  -20.  -15.
  -13.   -7.   -7.   -6.   -5.   -4.   -4.   -3.    0.    2.    6.    8.
   10.   11.   14.   16.   16.   18.   23.   24.   28.   30.   30.   30.
   33.   38.   42.   42.   45.   45.   46.   46.   48.   49.   49.   50.
   51.   52.   57.   58.   59.   60.   63.   63.   66.   69.   70.   70.
   70.   71.   71.   73.   77.   78.   79.   80.   82.   85.   85.   86.
   88.   89.   97.   97.][-100.  -97.  -96.  -92.  -92.  -90.  -89.  -88.  -85.  -84.  -84.  -83.
  -79.  -78.  -76.  -74.  -74.  -74.  -73.  -70.  -70.  -68.  -64.  -62.
  -60.  -52.  -52.  -44.  -42.  -41.  -41.  -40.  -37.  -33.  -33.  -28.
  -28.  -25.  -22.  -21.  -18.  -18.  -14.   -7.   -2.    0.    2.    3.
    6.    6.   13.   17.   17.   20.   21.   22.   23.   23.   27.   27.
   28.   29.   33.   37.   38.   39.   39.   41.   41.   42.   45.   45.
   49.   53.   54.   55.   55.   56.   58.   59.   60.   60.   62.   65.
   66.   69.   71.   72.   75.   78.   79.   82.   82.   87.   88.   91.
   94.   95.   95.   95.][-100. -100.  -98.  -95.  -94.  -92.  -92.  -92.  -92.  -92.  -91.  -86.
  -82.  -81.  -79.  -78.  -70.  -69.  -65.  -63.  -62.  -60.  -51.  -50.
  -45.  -45.  -41.  -39.  -39.  -35.  -28.  -27.  -26.  -23.  -22.  -21.
  -20.  -18.  -18.  -13.   -9.   -5.   -5.    9.    9.   13.   15.   21.
   21.   21.   22.   27.   28.   30.   33.   33.   34.   36.   44.   46.
   46.   48.   48.   49.   51.   54.   55.   55.   57.   58.   59.   59.
   60.   63.   63.   64.   65.   66.   67.   67.   67.   69.   70.   71.
   71.   72.   73.   74.   75.   79.   80.   81.   81.   86.   89.   90.
   93.   94.   96.   97.][-95. -92. -90. -86. -85. -85. -84. -81. -79. -79. -78. -76. -74. -73.
 -72. -68. -68. -66. -66. -64. -61. -60. -57. -54. -53. -47. -44. -40.
 -40. -39. -36. -30. -30. -30. -30. -28. -26. -25. -24. -22. -21. -19.
 -18. -16. -16. -13. -13. -11. -10.  -8.  -8.  -6.  -5.  -4.  -3.  -2.
   0.   3.   6.   6.   7.   7.  11.  12.  15.  16.  17.  21.  23.  30.
  34.  35.  36.  43.  44.  45.  48.  50.  50.  54.  58.  61.  62.  63.
  65.  66.  70.  76.  79.  80.  85.  91.  92.  95.  96.  96.  97.  97.
  99. 100.][-99. -98. -98. -97. -97. -94. -89. -88. -84. -83. -82. -81. -80. -78.
 -75. -74. -68. -65. -64. -63. -61. -61. -56. -55. -54. -53. -53. -49.
 -48. -47. -46. -44. -43. -42. -39. -39. -32. -32. -31. -29. -26. -21.
 -21. -19. -16. -16. -16. -14.  -9.  -8.  -8.  -1.   4.   5.  11.  13.
  13.  15.  15.  18.  20.  22.  27.  28.  32.  32.  34.  35.  35.  35.
  37.  39.  42.  45.  49.  51.  56.  57.  57.  58.  59.  60.  65.  65.
  65.  67.  67.  71.  73.  79.  81.  83.  85.  86.  89.  91.  92.  95.
  97.  98.][-98. -98. -98. -95. -94. -90. -86. -85. -81. -80. -80. -78. -74. -71.
 -71. -70. -66. -66. -66. -66. -59. -46. -30. -28. -28. -27. -26. -21.
 -21. -21. -16. -15. -15. -13. -13. -12.  -7.  -6.  -4.   2.   7.   7.
  13.  14.  15.  17.  18.  20.  23.  23.  31.  31.  35.  35.  40.  41.
  41.  41.  45.  45.  46.  54.  54.  54.  55.  56.  56.  57.  57.  57.
  58.  59.  63.  64.  64.  65.  65.  66.  67.  68.  68.  68.  69.  74.
  77.  79.  80.  82.  85.  86.  86.  90.  90.  90.  91.  91.  94.  98.
 100. 100.][-100.  -99.  -98.  -97.  -96.  -95.  -88.  -84.  -75.  -72.  -71.  -69.
  -68.  -66.  -61.  -60.  -58.  -56.  -56.  -56.  -54.  -53.  -52.  -52.
  -50.  -48.  -45.  -44.  -43.  -42.  -41.  -39.  -39.  -39.  -37.  -36.
  -35.  -28.  -27.  -26.  -26.  -26.  -26.  -25.  -23.  -22.  -16.  -14.
  -11.  -11.   -8.   -3.    1.    2.    6.   12.   12.   14.   15.   16.
   24.   25.   27.   28.   28.   29.   33.   35.   35.   35.   36.   38.
   40.   40.   41.   42.   42.   44.   44.   50.   53.   56.   56.   57.
   58.   63.   68.   70.   71.   72.   72.   79.   79.   80.   87.   87.
   96.   96.   97.  100.][-100.  -98.  -92.  -91.  -89.  -88.  -85.  -75.  -73.  -72.  -70.  -69.
  -68.  -61.  -60.  -58.  -57.  -55.  -53.  -53.  -52.  -51.  -51.  -50.
  -50.  -47.  -44.  -43.  -41.  -40.  -40.  -39.  -37.  -34.  -33.  -33.
  -31.  -31.  -27.  -24.  -21.  -19.  -18.  -18.  -17.  -17.  -15.  -12.
  -11.   -8.   -7.   -2.   -2.   -2.    0.    3.    3.    5.    7.    8.
   11.   13.   13.   14.   17.   17.   23.   27.   29.   31.   31.   34.
   35.   41.   44.   45.   47.   48.   51.   54.   58.   59.   60.   61.
   61.   62.   62.   63.   64.   68.   76.   78.   83.   84.   86.   90.
   92.   93.   99.  100.][-100.  -98.  -91.  -88.  -84.  -84.  -80.  -77.  -72.  -67.  -64.  -61.
  -60.  -57.  -54.  -53.  -52.  -51.  -51.  -45.  -41.  -39.  -37.  -35.
  -32.  -31.  -29.  -27.  -25.  -24.  -24.  -21.  -20.  -16.  -13.  -11.
   -9.   -6.   -5.    1.    2.    2.    3.    4.    6.    7.   13.   16.
   17.   19.   25.   25.   27.   27.   29.   30.   30.   36.   38.   38.
   39.   41.   41.   41.   43.   43.   45.   46.   48.   50.   51.   52.
   59.   62.   65.   66.   66.   69.   71.   71.   72.   74.   78.   79.
   79.   83.   84.   85.   85.   87.   90.   91.   93.   93.   93.   97.
   97.   98.   99.  100.][-98. -96. -91. -89. -88. -85. -83. -83. -82. -78. -75. -75. -75. -73.
 -72. -71. -68. -67. -64. -60. -58. -58. -55. -54. -51. -50. -50. -49.
 -45. -42. -38. -38. -37. -35. -34. -33. -27. -26. -24. -22. -21. -19.
 -13.  -3.  -3.   0.   3.   3.   4.   6.   7.  10.  11.  13.  14.  15.
  16.  21.  26.  27.  31.  32.  36.  39.  46.  48.  49.  49.  51.  55.
  56.  57.  58.  59.  63.  65.  65.  65.  66.  68.  68.  71.  72.  72.
  74.  75.  77.  79.  81.  84.  84.  85.  87.  91.  92.  92.  94.  96.
  97.  97.][-99. -97. -95. -94. -92. -91. -90. -88. -86. -85. -81. -79. -76. -73.
 -68. -65. -65. -62. -59. -57. -55. -55. -55. -50. -49. -48. -46. -46.
 -45. -45. -45. -45. -44. -35. -34. -34. -32. -31. -27. -23. -16. -13.
 -13. -13. -12. -10.  -4.  -3.  -1.   0.  10.  10.  10.  11.  14.  18.
  23.  26.  26.  27.  30.  30.  34.  40.  41.  42.  42.  43.  45.  51.
  51.  53.  53.  55.  55.  62.  62.  62.  73.  75.  76.  80.  81.  81.
  81.  83.  84.  84.  85.  87.  87.  88.  89.  93.  93.  93.  95.  95.
  98.  99.][-100.  -98.  -97.  -93.  -93.  -92.  -92.  -89.  -84.  -83.  -83.  -82.
  -76.  -73.  -66.  -64.  -61.  -60.  -60.  -59.  -57.  -55.  -55.  -51.
  -48.  -44.  -42.  -39.  -38.  -37.  -37.  -36.  -35.  -32.  -32.  -31.
  -21.  -17.  -16.  -15.  -15.  -13.   -8.   -7.   -6.   -5.   -4.   -3.
   -2.   -2.    0.    0.    2.    3.    7.    8.   10.   10.   10.   12.
   12.   14.   17.   18.   19.   22.   32.   35.   37.   39.   43.   49.
   54.   54.   55.   57.   57.   63.   64.   68.   68.   69.   71.   71.
   72.   73.   74.   79.   83.   85.   87.   89.   90.   97.   98.   98.
   98.   98.   99.  100.][-100.  -96.  -96.  -94.  -93.  -89.  -89.  -89.  -88.  -87.  -86.  -85.
  -84.  -82.  -80.  -75.  -74.  -74.  -73.  -69.  -67.  -65.  -62.  -62.
  -61.  -59.  -58.  -58.  -58.  -57.  -53.  -52.  -49.  -49.  -44.  -42.
  -42.  -41.  -40.  -40.  -30.  -29.  -23.  -22.  -21.  -17.  -17.  -17.
  -17.  -14.  -12.   -5.   -5.   -4.   -1.   -1.    4.    6.    8.    8.
    9.   10.   10.   15.   16.   17.   19.   19.   19.   20.   24.   24.
   25.   31.   32.   32.   36.   38.   41.   42.   42.   45.   50.   51.
   55.   62.   68.   69.   73.   78.   80.   80.   81.   82.   83.   85.
   85.   94.   95.   97.][-100. -100. -100.  -93.  -92.  -90.  -87.  -86.  -82.  -79.  -78.  -77.
  -74.  -73.  -72.  -71.  -71.  -71.  -69.  -68.  -66.  -61.  -61.  -60.
  -57.  -53.  -51.  -49.  -49.  -48.  -47.  -47.  -46.  -45.  -42.  -41.
  -34.  -31.  -30.  -27.  -26.  -25.  -22.  -22.  -21.  -18.  -16.  -15.
  -12.  -11.   -8.   -7.    0.    0.    0.    0.    2.    5.    6.    7.
   12.   13.   17.   18.   19.   21.   21.   21.   22.   24.   25.   25.
   26.   26.   33.   33.   34.   37.   40.   46.   49.   58.   63.   65.
   67.   69.   70.   70.   70.   73.   79.   80.   82.   83.   85.   87.
   88.   88.   96.  100.][-100.  -96.  -93.  -91.  -89.  -85.  -83.  -83.  -82.  -81.  -77.  -76.
  -76.  -76.  -60.  -60.  -60.  -59.  -58.  -56.  -54.  -53.  -53.  -53.
  -53.  -52.  -49.  -49.  -45.  -42.  -41.  -32.  -30.  -29.  -27.  -27.
  -23.  -22.  -22.  -16.  -16.  -14.  -12.  -11.   -9.   -7.   -6.   -4.
    9.   10.   11.   13.   13.   14.   16.   20.   24.   28.   30.   31.
   31.   34.   35.   36.   37.   38.   39.   40.   41.   45.   49.   49.
   50.   51.   52.   53.   54.   55.   57.   62.   65.   66.   66.   66.
   67.   67.   69.   70.   71.   73.   74.   78.   86.   86.   87.   87.
   89.   90.   97.   99.][-97. -95. -95. -91. -90. -85. -80. -78. -76. -74. -71. -71. -69. -69.
 -65. -65. -64. -60. -59. -56. -56. -48. -45. -45. -44. -42. -39. -37.
 -29. -28. -26. -24. -20. -20. -17. -15. -14. -14. -13. -10.  -7.  -5.
  -4.  -4.  -2.   0.   1.   3.   4.   6.  12.  13.  14.  15.  16.  16.
  17.  19.  21.  23.  24.  26.  28.  30.  33.  36.  39.  40.  41.  41.
  50.  51.  51.  52.  52.  54.  57.  59.  59.  61.  63.  63.  68.  68.
  69.  72.  74.  74.  75.  76.  77.  78.  84.  85.  86.  91.  92.  97.
 100. 100.][-100.  -99.  -97.  -94.  -91.  -89.  -86.  -84.  -80.  -78.  -73.  -70.
  -70.  -68.  -66.  -66.  -63.  -63.  -52.  -51.  -50.  -46.  -44.  -43.
  -42.  -40.  -39.  -37.  -34.  -32.  -32.  -31.  -28.  -25.  -22.  -21.
  -18.  -16.  -12.  -11.   -9.   -9.   -7.   -7.   -6.   -1.    1.    3.
    5.    5.    7.   10.   13.   14.   14.   15.   16.   16.   20.   21.
   21.   28.   31.   31.   34.   37.   37.   39.   42.   45.   46.   46.
   47.   50.   50.   57.   57.   58.   61.   66.   68.   69.   69.   70.
   71.   74.   76.   77.   84.   84.   86.   88.   88.   91.   93.   93.
   94.   95.   98.   99.][-94. -89. -88. -87. -86. -85. -82. -75. -73. -73. -72. -71. -64. -58.
 -54. -54. -54. -52. -50. -49. -49. -46. -46. -41. -39. -39. -37. -36.
 -35. -33. -33. -32. -30. -29. -22. -22. -21. -21. -20. -20. -17. -16.
  -9.  -7.  -3.   2.   2.   3.   7.  11.  12.  15.  16.  21.  24.  25.
  28.  30.  31.  37.  43.  43.  46.  48.  49.  49.  49.  51.  51.  52.
  52.  53.  56.  58.  58.  58.  60.  63.  64.  65.  66.  67.  69.  74.
  75.  76.  77.  78.  78.  82.  83.  84.  84.  86.  88.  94.  95.  96.
  97.  98.][-100. -100.  -98.  -97.  -95.  -95.  -94.  -93.  -91.  -90.  -88.  -88.
  -85.  -82.  -74.  -69.  -68.  -67.  -66.  -66.  -63.  -59.  -54.  -49.
  -47.  -45.  -45.  -44.  -43.  -42.  -38.  -35.  -34.  -34.  -33.  -32.
  -32.  -31.  -28.  -27.  -27.  -24.  -23.  -21.  -20.  -20.  -18.  -17.
  -15.  -14.  -13.  -10.  -10.  -10.   -9.    2.    2.    3.    3.    6.
    7.    8.   10.   15.   19.   21.   22.   26.   26.   26.   27.   30.
   32.   36.   37.   39.   39.   40.   43.   48.   59.   59.   62.   62.
   63.   70.   71.   72.   79.   81.   83.   83.   85.   89.   90.   91.
   92.   93.   96.  100.]