[-98. -96. -92. -90. -90. -87. -82. -82. -80. -79. -79. -78. -78. -77.
 -73. -73. -70. -69. -66. -64. -61. -56. -54. -53. -52. -49. -49. -48.
 -47. -44. -38. -35. -35. -34. -32. -32. -32. -27. -26. -24. -23. -19.
 -17. -17. -17. -15. -14. -10.  -4.  -2.  -2.   0.   4.   8.   8.  11.
  12.  12.  16.  23.  26.  26.  27.  28.  31.  32.  33.  37.  38.  45.
  46.  46.  50.  52.  56.  57.  58.  61.  61.  61.  65.  65.  71.  72.
  76.  77.  83.  84.  84.  84.  86.  86.  87.  89.  91.  92.  92.  96.
  97.  98.][-97. -97. -96. -95. -95. -92. -92. -90. -85. -84. -82. -71. -62. -61.
 -61. -59. -58. -58. -57. -56. -52. -49. -47. -46. -45. -44. -44. -42.
 -41. -40. -37. -36. -33. -32. -24. -22. -20. -19. -19. -18. -17. -17.
 -15. -10.  -9.  -9.  -8.  -6.  -6.  -6.  -3.  -3.   0.   2.   5.   6.
   6.   7.  13.  13.  15.  17.  20.  20.  20.  28.  33.  35.  35.  36.
  42.  46.  47.  48.  49.  50.  53.  53.  54.  57.  59.  59.  62.  63.
  65.  70.  73.  79.  79.  82.  89.  90.  92.  93.  95.  95.  96.  97.
  99. 100.][-96. -95. -92. -91. -91. -90. -90. -90. -87. -85. -84. -80. -76. -76.
 -71. -68. -62. -60. -59. -56. -54. -54. -52. -51. -50. -50. -49. -49.
 -48. -48. -40. -34. -32. -32. -32. -29. -29. -27. -26. -26. -22. -20.
 -20. -19. -17. -10.  -9.  -8.  -8.  -7.  -5.   3.   4.   5.   5.   7.
   7.   7.   8.  11.  12.  13.  13.  14.  14.  14.  15.  17.  20.  20.
  21.  21.  25.  27.  33.  33.  33.  35.  37.  52.  57.  58.  58.  60.
  62.  68.  70.  71.  72.  72.  81.  83.  86.  88.  88.  91.  94.  95.
  96.  98.][-100.  -99.  -98.  -97.  -94.  -87.  -87.  -85.  -83.  -81.  -77.  -76.
  -75.  -75.  -74.  -71.  -71.  -70.  -69.  -66.  -63.  -63.  -61.  -60.
  -59.  -59.  -58.  -58.  -57.  -49.  -47.  -46.  -44.  -43.  -40.  -39.
  -39.  -38.  -34.  -34.  -31.  -26.  -25.  -23.  -21.  -10.  -10.   -8.
   -7.   -4.   -3.   -3.   -2.    4.    5.    8.    8.   10.   11.   11.
   13.   14.   16.   16.   19.   21.   23.   25.   25.   28.   31.   32.
   36.   39.   40.   41.   45.   45.   50.   50.   56.   57.   57.   59.
   59.   60.   63.   63.   66.   70.   72.   77.   79.   84.   87.   89.
   93.   94.   99.   99.][-98. -96. -95. -90. -89. -89. -88. -85. -85. -78. -77. -75. -73. -73.
 -73. -73. -72. -65. -58. -55. -52. -51. -51. -49. -49. -41. -40. -36.
 -30. -29. -28. -27. -24. -22. -17. -13. -11. -11. -10. -10.  -7.  -4.
  -1.   6.   9.  10.  12.  13.  14.  15.  16.  17.  18.  20.  21.  21.
  22.  26.  29.  30.  30.  36.  37.  41.  41.  41.  44.  44.  45.  46.
  46.  48.  49.  51.  53.  53.  55.  59.  59.  59.  61.  63.  63.  64.
  64.  70.  70.  70.  70.  72.  74.  75.  79.  81.  83.  83.  89.  90.
  92. 100.][-94. -93. -92. -92. -92. -91. -89. -89. -89. -89. -88. -87. -84. -83.
 -82. -82. -78. -75. -72. -70. -69. -66. -65. -64. -61. -60. -54. -53.
 -51. -41. -41. -39. -31. -30. -28. -27. -27. -24. -22. -21. -21. -16.
 -16. -14. -13. -13. -12. -12. -11.  -7.  -6.  -2.  -1.  -1.   0.   1.
   1.   3.   4.   5.   6.  11.  15.  17.  18.  20.  25.  26.  28.  28.
  29.  38.  40.  49.  49.  50.  51.  52.  55.  57.  58.  59.  60.  61.
  63.  66.  67.  67.  68.  69.  71.  73.  75.  76.  87.  90.  92.  99.
  99. 100.][-100.  -94.  -94.  -90.  -86.  -83.  -79.  -78.  -74.  -71.  -69.  -68.
  -65.  -62.  -62.  -61.  -59.  -59.  -57.  -55.  -49.  -46.  -46.  -44.
  -44.  -41.  -40.  -37.  -34.  -34.  -33.  -31.  -29.  -25.  -25.  -23.
  -21.  -21.  -21.  -20.  -19.  -17.  -17.  -15.  -12.  -11.   -8.   -7.
   -2.    0.    2.    7.    8.   10.   15.   15.   16.   20.   21.   21.
   22.   24.   24.   24.   25.   30.   31.   34.   37.   46.   46.   47.
   51.   51.   53.   56.   63.   64.   66.   66.   67.   70.   71.   75.
   75.   76.   76.   80.   82.   86.   88.   92.   94.   95.   95.   96.
   97.   98.   98.   99.][-100.  -92.  -91.  -85.  -81.  -80.  -80.  -79.  -77.  -77.  -71.  -69.
  -63.  -63.  -61.  -57.  -57.  -57.  -55.  -54.  -51.  -48.  -47.  -46.
  -45.  -45.  -43.  -43.  -41.  -40.  -39.  -38.  -37.  -36.  -36.  -35.
  -34.  -34.  -32.  -32.  -31.  -25.  -25.  -24.  -21.  -19.  -17.  -16.
  -16.  -13.   -7.   -7.   -2.    0.    0.    0.    1.    4.   13.   14.
   15.   18.   21.   22.   23.   24.   30.   32.   32.   33.   33.   33.
   37.   37.   37.   37.   44.   50.   56.   60.   65.   66.   67.   67.
   68.   72.   74.   74.   76.   77.   77.   77.   84.   87.   88.   96.
   97.   97.  100.  100.][-98. -98. -98. -92. -90. -86. -85. -85. -84. -82. -82. -78. -77. -75.
 -74. -69. -68. -68. -64. -62. -62. -61. -59. -58. -57. -54. -49. -48.
 -47. -45. -44. -44. -41. -39. -35. -31. -22. -18. -17. -16. -15. -14.
  -5.  -3.  -3.   0.   2.   2.   2.   5.   7.   7.   8.  10.  11.  13.
  20.  20.  22.  22.  23.  23.  24.  30.  31.  31.  32.  32.  34.  35.
  37.  39.  40.  40.  43.  44.  45.  45.  47.  48.  53.  55.  56.  58.
  59.  61.  62.  62.  66.  74.  78.  79.  79.  79.  85.  86.  87.  93.
  94. 100.][-98. -97. -94. -94. -92. -91. -91. -89. -89. -84. -83. -83. -83. -80.
 -79. -75. -74. -73. -70. -68. -68. -64. -64. -59. -56. -54. -48. -47.
 -47. -39. -38. -37. -32. -30. -30. -29. -29. -23. -22. -21. -21. -18.
 -15. -10.  -8.  -6.  -4.  -3.  -1.  -1.   0.   0.   2.   4.   5.   7.
   7.   8.  13.  16.  19.  19.  25.  26.  28.  31.  33.  33.  34.  36.
  41.  41.  41.  46.  47.  49.  50.  51.  53.  53.  55.  55.  55.  59.
  64.  67.  67.  69.  70.  71.  72.  77.  78.  78.  79.  80.  83.  88.
  96.  97.][-99. -93. -90. -89. -88. -87. -81. -80. -75. -75. -74. -67. -65. -65.
 -64. -63. -62. -61. -60. -58. -57. -57. -55. -50. -50. -48. -48. -45.
 -44. -41. -40. -40. -39. -37. -37. -33. -32. -29. -29. -20. -18. -16.
 -14. -14.  -8.  -5.  -5.  -5.  -4.  -4.  -4.  -3.   1.   3.   5.   6.
   7.   8.  16.  17.  18.  22.  23.  25.  25.  28.  29.  30.  37.  45.
  47.  47.  51.  52.  62.  63.  64.  64.  64.  66.  67.  71.  74.  75.
  76.  77.  77.  79.  79.  81.  81.  82.  83.  85.  90.  91.  95.  97.
  97. 100.][-99. -98. -98. -98. -96. -95. -92. -90. -90. -89. -89. -88. -87. -85.
 -82. -79. -79. -78. -74. -67. -63. -62. -62. -57. -54. -53. -51. -48.
 -45. -43. -42. -37. -34. -31. -27. -27. -23. -22. -20. -17.  -9.  -8.
  -6.  -2.  -2.  -1.  -1.   0.   3.   3.   7.   7.   7.   8.   9.  10.
  17.  19.  19.  20.  21.  21.  21.  24.  25.  25.  26.  39.  41.  43.
  44.  45.  45.  46.  46.  46.  47.  49.  52.  53.  54.  55.  56.  56.
  58.  60.  60.  66.  66.  67.  67.  71.  76.  77.  80.  87.  89.  90.
  95. 100.][-100.  -99.  -98.  -96.  -94.  -92.  -86.  -86.  -86.  -86.  -85.  -84.
  -81.  -79.  -78.  -77.  -75.  -73.  -69.  -66.  -65.  -63.  -63.  -61.
  -58.  -58.  -55.  -53.  -52.  -50.  -49.  -48.  -44.  -41.  -41.  -41.
  -39.  -38.  -35.  -31.  -31.  -30.  -30.  -29.  -24.  -23.  -14.  -10.
   -4.   -1.    0.    0.    2.    2.    4.    4.    5.    7.    7.    7.
    9.   10.   11.   11.   13.   14.   18.   25.   27.   27.   27.   28.
   29.   29.   34.   35.   38.   38.   38.   42.   43.   45.   48.   50.
   51.   53.   57.   59.   60.   60.   65.   67.   68.   73.   77.   81.
   83.   89.   91.   92.][-100.  -97.  -97.  -97.  -92.  -87.  -86.  -84.  -77.  -75.  -70.  -70.
  -69.  -69.  -64.  -62.  -62.  -62.  -59.  -59.  -58.  -58.  -58.  -55.
  -53.  -45.  -40.  -38.  -38.  -36.  -35.  -33.  -33.  -28.  -20.  -20.
  -19.  -19.  -18.  -18.  -16.  -15.  -14.  -13.   -8.   -5.   -4.   -2.
   -2.    1.    4.    4.    7.    8.    9.   11.   11.   14.   17.   21.
   25.   26.   26.   28.   28.   34.   37.   37.   38.   39.   42.   43.
   44.   45.   48.   49.   51.   54.   56.   58.   58.   61.   64.   66.
   67.   67.   69.   69.   70.   76.   79.   81.   87.   88.   92.   93.
   93.   96.   98.   99.][-99. -99. -99. -99. -96. -94. -94. -94. -89. -85. -84. -82. -80. -80.
 -76. -73. -72. -67. -67. -67. -66. -65. -64. -63. -62. -60. -59. -53.
 -52. -48. -46. -42. -37. -35. -28. -27. -27. -23. -20. -16. -15. -13.
 -12. -11. -10.  -9.  -6.  -5.  -4.  -3.  -1.   0.   3.   5.   9.  13.
  14.  17.  19.  21.  22.  22.  27.  30.  32.  32.  33.  33.  34.  36.
  40.  41.  42.  42.  43.  47.  47.  54.  59.  59.  61.  62.  65.  65.
  70.  71.  72.  73.  74.  79.  80.  83.  85.  86.  89.  90.  92.  93.
  95.  96.][-100.  -94.  -92.  -89.  -86.  -85.  -84.  -81.  -80.  -79.  -77.  -76.
  -75.  -61.  -61.  -61.  -58.  -58.  -57.  -57.  -56.  -55.  -54.  -53.
  -53.  -50.  -44.  -33.  -30.  -28.  -28.  -27.  -26.  -26.  -25.  -24.
  -24.  -16.  -16.  -11.  -10.   -8.   -6.   -1.    3.    4.    8.   12.
   16.   19.   20.   21.   22.   23.   25.   25.   26.   28.   28.   28.
   32.   32.   36.   36.   37.   39.   39.   40.   40.   41.   44.   46.
   48.   50.   52.   57.   57.   62.   64.   65.   66.   67.   70.   77.
   77.   78.   83.   84.   85.   86.   86.   92.   93.   94.   97.   98.
   98.   99.  100.  100.][-99. -97. -94. -92. -89. -88. -86. -80. -79. -77. -72. -70. -66. -65.
 -62. -60. -58. -56. -56. -55. -54. -54. -53. -53. -37. -36. -36. -35.
 -34. -33. -32. -31. -30. -28. -27. -27. -27. -26. -22. -21. -16. -15.
 -13. -11.  -8.  -8.  -7.  -6.  -6.  -6.  -5.  -4.  -4.  -1.   1.   1.
   2.   3.   4.   7.   9.  12.  14.  16.  18.  23.  26.  26.  27.  30.
  30.  32.  34.  38.  42.  45.  46.  46.  49.  50.  59.  62.  66.  68.
  68.  71.  73.  74.  74.  81.  83.  88.  90.  91.  92.  92.  92.  95.
  97.  97.][-99. -98. -96. -96. -93. -87. -86. -83. -82. -78. -72. -71. -71. -70.
 -69. -69. -67. -66. -65. -59. -56. -55. -55. -55. -49. -48. -43. -42.
 -42. -40. -39. -39. -35. -34. -33. -33. -31. -25. -22. -19. -17. -13.
 -10.  -7.  -5.  -1.   0.   1.   2.   5.   8.   9.   9.  12.  13.  14.
  14.  15.  17.  18.  22.  28.  29.  29.  35.  36.  38.  42.  43.  43.
  45.  49.  49.  51.  55.  55.  60.  60.  60.  60.  61.  63.  66.  69.
  70.  72.  73.  73.  74.  77.  77.  81.  84.  84.  88.  89.  93.  93.
  94.  99.][-100.  -99.  -97.  -96.  -88.  -85.  -83.  -81.  -80.  -79.  -75.  -69.
  -66.  -61.  -59.  -57.  -53.  -48.  -47.  -46.  -45.  -36.  -34.  -34.
  -34.  -33.  -32.  -31.  -30.  -30.  -30.  -29.  -27.  -26.  -26.  -23.
  -22.  -20.  -19.  -19.  -17.  -16.  -14.  -14.  -14.  -14.   -9.   -8.
   -7.   -4.   -3.    2.    2.    3.    6.    6.    8.   11.   20.   20.
   23.   25.   28.   28.   28.   28.   33.   37.   38.   38.   38.   38.
   39.   40.   42.   44.   44.   44.   45.   45.   54.   55.   57.   58.
   60.   65.   66.   68.   69.   70.   85.   87.   89.   89.   90.   92.
   92.   93.   98.  100.][-99. -98. -96. -92. -92. -91. -91. -90. -89. -89. -88. -82. -81. -81.
 -80. -80. -78. -78. -73. -69. -59. -58. -54. -54. -50. -48. -43. -42.
 -39. -38. -36. -36. -34. -32. -32. -28. -23. -22. -22. -21. -21. -20.
 -18. -12. -11. -11.  -8.  -6.  -1.  -1.   1.   1.   3.   7.   7.   7.
  11.  11.  14.  14.  15.  17.  21.  24.  25.  28.  31.  33.  34.  38.
  40.  42.  42.  44.  48.  50.  52.  53.  60.  62.  62.  65.  65.  66.
  66.  70.  70.  72.  72.  72.  73.  80.  80.  83.  87.  87.  88.  89.
  94.  94.][-99. -98. -97. -93. -92. -92. -91. -89. -89. -88. -85. -83. -82. -81.
 -80. -77. -76. -72. -72. -71. -70. -70. -69. -69. -65. -65. -63. -59.
 -56. -53. -46. -42. -39. -36. -35. -34. -31. -30. -30. -29. -28. -22.
 -21. -20. -18. -15. -15. -15. -14. -14. -13. -13. -12. -10.  -6.  -6.
  -3.   0.   0.   4.   4.   6.   9.  10.  10.  13.  14.  14.  15.  22.
  28.  30.  30.  32.  34.  35.  35.  38.  38.  48.  49.  53.  57.  61.
  62.  64.  64.  65.  68.  68.  68.  71.  74.  79.  82.  84.  90.  93.
  98. 100.][-97. -95. -91. -90. -87. -85. -85. -83. -82. -81. -81. -79. -77. -73.
 -70. -68. -66. -63. -62. -61. -58. -58. -50. -40. -38. -32. -29. -27.
 -26. -24. -22. -21. -19. -18. -16. -16. -15. -13. -10. -10.  -9.  -9.
  -8.  -4.  -3.  -2.  -2.   0.   5.   6.   6.   7.  12.  13.  17.  18.
  19.  22.  23.  24.  25.  26.  26.  28.  28.  28.  28.  28.  37.  39.
  47.  49.  50.  53.  55.  55.  55.  59.  59.  60.  62.  63.  63.  64.
  64.  66.  66.  66.  67.  67.  67.  70.  72.  74.  75.  82.  86.  91.
  92.  98.][-100.  -99.  -97.  -89.  -87.  -85.  -73.  -72.  -69.  -68.  -68.  -66.
  -65.  -64.  -62.  -60.  -60.  -53.  -51.  -48.  -48.  -42.  -42.  -37.
  -34.  -32.  -28.  -27.  -25.  -22.  -21.  -20.  -18.  -17.  -16.  -14.
  -12.  -11.   -9.   -9.   -9.   -8.   -7.   -7.   -4.   -4.    2.    5.
    5.    6.    7.    9.   12.   13.   15.   15.   16.   17.   19.   23.
   26.   32.   34.   37.   39.   42.   42.   50.   51.   51.   51.   53.
   57.   57.   58.   61.   62.   63.   65.   69.   69.   70.   70.   71.
   73.   74.   77.   77.   78.   79.   82.   83.   85.   88.   90.   93.
   94.   95.  100.  100.][-97. -96. -95. -94. -91. -86. -85. -85. -83. -83. -78. -75. -73. -69.
 -65. -61. -61. -60. -58. -57. -56. -54. -52. -51. -50. -48. -46. -44.
 -43. -41. -36. -30. -29. -28. -26. -26. -26. -24. -21. -20. -16. -15.
 -12. -11. -11.  -9.  -8.  -7.  -6.  -3.  -3.  -2.  -1.  -1.   2.   2.
   2.   4.   7.   8.   9.  10.  14.  15.  15.  18.  27.  28.  29.  35.
  35.  38.  40.  41.  41.  44.  47.  49.  51.  59.  59.  60.  63.  64.
  65.  69.  69.  69.  74.  75.  77.  81.  85.  86.  86.  88.  88.  89.
  90.  97.][-99. -96. -96. -92. -91. -90. -90. -88. -78. -77. -75. -70. -68. -66.
 -65. -64. -61. -56. -55. -55. -54. -52. -48. -47. -45. -45. -44. -40.
 -36. -33. -33. -33. -30. -28. -24. -23. -21. -17. -16. -12. -10.  -3.
  -3.  -2.  -2.  -2.  -1.  -1.   4.   4.   7.   8.   8.  10.  12.  14.
  15.  16.  19.  21.  23.  24.  25.  40.  41.  41.  42.  42.  43.  44.
  45.  45.  51.  59.  60.  61.  62.  64.  65.  66.  69.  69.  71.  76.
  76.  78.  79.  84.  86.  88.  88.  88.  88.  89.  93.  95.  97.  99.
 100. 100.][-100.  -98.  -87.  -85.  -85.  -83.  -83.  -82.  -81.  -81.  -80.  -77.
  -77.  -76.  -73.  -73.  -71.  -70.  -67.  -67.  -66.  -63.  -61.  -54.
  -54.  -54.  -49.  -48.  -41.  -40.  -37.  -36.  -35.  -35.  -30.  -27.
  -25.  -22.  -21.  -15.  -14.  -11.   -7.   -7.   -6.   -4.   -4.   -4.
   -2.    1.    3.    4.    5.    7.   11.   13.   19.   20.   24.   28.
   29.   32.   33.   35.   36.   39.   41.   42.   48.   50.   51.   54.
   54.   54.   55.   61.   62.   65.   66.   66.   68.   68.   68.   69.
   69.   73.   74.   76.   82.   84.   85.   87.   87.   96.   97.   98.
  100.  100.  100.  100.][-98. -98. -97. -97. -96. -95. -94. -92. -91. -90. -87. -87. -84. -81.
 -79. -78. -78. -78. -75. -74. -74. -71. -70. -65. -60. -58. -58. -53.
 -52. -49. -46. -46. -45. -43. -43. -38. -37. -34. -34. -32. -31. -26.
 -25. -24. -22. -20. -20. -20. -16. -12.  -9.  -7.  -1.   0.   3.   4.
   9.  15.  20.  24.  25.  26.  29.  31.  37.  40.  43.  45.  45.  48.
  50.  51.  52.  55.  56.  56.  57.  58.  60.  62.  67.  67.  72.  76.
  79.  81.  83.  85.  86.  86.  87.  88.  88.  89.  92.  95.  95.  95.
  97.  99.][-83. -79. -78. -78. -77. -75. -74. -73. -72. -64. -63. -62. -60. -57.
 -56. -53. -51. -51. -51. -50. -45. -45. -44. -44. -42. -42. -37. -36.
 -35. -35. -34. -31. -25. -18. -17. -15. -12. -10.  -8.  -8.  -6.  -3.
  -1.   2.   6.   7.   7.  14.  15.  18.  18.  19.  19.  20.  21.  22.
  22.  23.  24.  24.  32.  33.  34.  37.  37.  43.  44.  47.  49.  50.
  51.  53.  55.  56.  58.  59.  60.  60.  63.  66.  67.  67.  68.  74.
  75.  76.  77.  81.  88.  90.  91.  91.  92.  92.  94.  94.  96.  96.
  96.  98.][-100.  -98.  -94.  -94.  -93.  -86.  -85.  -79.  -74.  -74.  -72.  -68.
  -59.  -57.  -54.  -54.  -53.  -53.  -50.  -50.  -49.  -43.  -40.  -39.
  -37.  -34.  -27.  -23.  -22.  -22.  -19.  -17.  -16.  -16.  -15.  -14.
  -14.  -12.  -12.   -8.   -7.   -6.   -4.   -1.   -1.    0.    0.    5.
    6.    8.    9.   10.   10.   11.   15.   15.   16.   19.   25.   28.
   28.   28.   28.   28.   33.   34.   43.   44.   46.   47.   50.   53.
   53.   54.   58.   59.   60.   60.   60.   62.   63.   64.   66.   68.
   68.   69.   73.   74.   75.   79.   83.   83.   83.   84.   87.   90.
   92.   93.   95.   98.][-99. -98. -94. -94. -94. -94. -89. -87. -85. -82. -81. -73. -69. -65.
 -57. -54. -54. -53. -50. -46. -39. -39. -37. -33. -31. -29. -27. -26.
 -25. -22. -20. -20. -19. -19. -13. -12.  -2.   0.   0.   1.   2.   3.
   4.   7.   8.   8.  12.  16.  17.  20.  21.  21.  24.  27.  30.  33.
  33.  34.  35.  35.  39.  41.  49.  54.  55.  58.  59.  62.  63.  63.
  65.  67.  67.  67.  68.  68.  69.  71.  71.  73.  74.  74.  75.  78.
  80.  81.  81.  83.  85.  87.  87.  91.  91.  92.  93.  94.  94.  94.
  96.  97.][-99. -98. -96. -94. -91. -91. -89. -88. -88. -86. -85. -84. -84. -84.
 -83. -81. -79. -78. -70. -67. -66. -60. -55. -53. -53. -45. -41. -41.
 -38. -37. -35. -30. -28. -28. -26. -25. -21. -20. -20. -17. -16. -13.
 -13. -12. -11.  -9.  -7.  -5.   0.   1.   7.  10.  12.  13.  13.  16.
  26.  27.  28.  33.  34.  41.  41.  43.  44.  47.  48.  49.  50.  51.
  51.  52.  55.  55.  55.  57.  59.  59.  64.  64.  66.  69.  71.  75.
  76.  77.  78.  81.  83.  83.  86.  87.  90.  90.  91.  92.  94.  96.
  97.  99.][-99. -95. -89. -87. -86. -86. -85. -84. -84. -83. -81. -74. -74. -74.
 -72. -67. -62. -62. -61. -59. -58. -58. -57. -56. -56. -54. -48. -45.
 -44. -36. -35. -35. -26. -26. -24. -17. -14. -14. -13.  -7.  -7.  -6.
  -5.  -5.  -3.   0.   2.   3.   6.   7.   8.   9.  12.  13.  14.  16.
  17.  17.  19.  20.  25.  27.  30.  34.  35.  38.  42.  42.  43.  44.
  45.  46.  46.  48.  52.  52.  53.  60.  60.  61.  64.  68.  69.  69.
  70.  70.  73.  74.  76.  76.  81.  81.  81.  83.  84.  84.  85.  90.
  91.  97.][-100.  -96.  -94.  -94.  -94.  -94.  -93.  -91.  -90.  -86.  -85.  -82.
  -82.  -79.  -76.  -66.  -65.  -64.  -58.  -57.  -57.  -57.  -54.  -51.
  -48.  -48.  -44.  -44.  -42.  -41.  -40.  -39.  -38.  -38.  -37.  -37.
  -35.  -34.  -23.  -23.  -20.  -14.  -13.  -13.  -11.  -11.  -11.  -10.
   -8.   -8.   -6.   -3.   -3.   -2.    0.    0.    1.    3.    3.    4.
    4.    4.    6.    7.    7.    8.    9.   19.   20.   25.   25.   31.
   31.   32.   36.   36.   36.   37.   39.   40.   40.   49.   50.   50.
   60.   60.   61.   65.   70.   71.   72.   76.   79.   84.   88.   90.
   94.   95.   95.   97.][-99. -99. -98. -96. -85. -83. -82. -79. -78. -77. -77. -74. -72. -71.
 -67. -66. -64. -62. -54. -53. -52. -50. -50. -44. -44. -39. -39. -37.
 -36. -35. -33. -32. -31. -30. -28. -27. -26. -19. -17. -16. -14. -12.
 -11. -11.  -9.  -7.  -6.  -2.  -1.   1.   2.   3.   6.   9.  11.  15.
  15.  16.  18.  18.  18.  28.  29.  32.  35.  38.  39.  41.  41.  48.
  52.  52.  54.  55.  56.  61.  61.  61.  64.  64.  66.  67.  68.  71.
  73.  75.  75.  76.  77.  81.  83.  84.  84.  87.  87.  90.  90.  92.
  95.  96.][-99. -97. -96. -95. -94. -94. -93. -90. -90. -89. -88. -88. -87. -87.
 -85. -84. -83. -81. -80. -77. -73. -68. -66. -64. -63. -62. -59. -59.
 -56. -54. -53. -51. -49. -49. -48. -48. -40. -37. -37. -36. -33. -29.
 -25. -20. -18. -17. -16. -15. -13.  -9.  -8.  -2.  -2.   2.   4.   4.
   5.  10.  12.  15.  17.  18.  21.  22.  23.  23.  23.  28.  35.  36.
  38.  41.  42.  45.  45.  48.  48.  50.  54.  58.  59.  59.  60.  63.
  64.  65.  66.  71.  75.  75.  76.  80.  80.  80.  83.  85.  87.  96.
  96.  97.][-98. -97. -93. -93. -89. -83. -83. -83. -82. -79. -77. -75. -72. -72.
 -70. -69. -68. -66. -65. -65. -65. -61. -59. -57. -56. -55. -47. -46.
 -46. -43. -43. -42. -40. -39. -37. -30. -30. -29. -28. -27. -26. -26.
 -24. -19. -18. -18. -17. -15. -15. -13. -12. -11. -10.  -8.  -8.  -8.
  -7.  -2.  -2.   2.   6.   6.  11.  14.  15.  17.  19.  19.  23.  33.
  34.  43.  44.  48.  52.  52.  53.  54.  61.  61.  63.  65.  66.  72.
  73.  74.  77.  80.  81.  83.  83.  84.  84.  84.  86.  87.  87.  88.
  98.  98.][-99. -97. -94. -93. -89. -86. -83. -76. -75. -69. -67. -67. -66. -61.
 -60. -58. -58. -56. -56. -54. -53. -50. -45. -44. -44. -43. -43. -42.
 -40. -40. -39. -39. -36. -35. -35. -33. -32. -31. -31. -28. -25. -25.
 -24. -24. -23. -21. -20. -19. -16.  -3.  -2.   0.   0.   1.   1.   2.
   2.   3.   3.   3.   6.  11.  16.  17.  21.  21.  22.  23.  29.  37.
  40.  41.  44.  57.  58.  60.  60.  61.  61.  61.  66.  70.  72.  73.
  75.  80.  81.  83.  84.  85.  88.  89.  91.  92.  92.  93.  95.  97.
  97. 100.][-96. -95. -93. -91. -90. -88. -85. -84. -83. -81. -80. -79. -79. -77.
 -76. -73. -71. -66. -54. -54. -53. -51. -49. -48. -44. -42. -41. -41.
 -37. -34. -30. -30. -28. -27. -26. -25. -23. -22. -22. -18. -15. -13.
  -8.  -3.  -3.  -1.  -1.  -1.  -1.   1.   4.   6.   6.  16.  16.  17.
  18.  19.  24.  24.  25.  26.  26.  27.  30.  33.  39.  43.  45.  52.
  53.  57.  59.  64.  65.  65.  65.  66.  66.  67.  67.  70.  71.  71.
  72.  74.  77.  77.  78.  78.  83.  84.  84.  85.  85.  90.  90.  93.
  94.  99.][-93. -92. -92. -87. -86. -84. -72. -70. -65. -64. -63. -62. -60. -59.
 -58. -56. -54. -53. -51. -49. -48. -48. -45. -44. -41. -40. -38. -36.
 -36. -33. -24. -19. -17. -14. -11.  -9.  -7.  -6.  -5.  -1.   0.   1.
   6.   7.   7.   7.   7.   8.   8.   8.  12.  12.  13.  14.  15.  15.
  15.  15.  16.  27.  28.  30.  33.  34.  34.  34.  40.  41.  42.  43.
  44.  46.  49.  51.  51.  51.  52.  53.  53.  57.  58.  60.  61.  62.
  63.  68.  69.  71.  72.  79.  80.  82.  83.  84.  89.  90.  92.  93.
  96.  98.][-100.  -97.  -89.  -88.  -81.  -81.  -79.  -77.  -74.  -73.  -72.  -71.
  -67.  -67.  -67.  -63.  -63.  -63.  -60.  -57.  -55.  -54.  -53.  -50.
  -49.  -48.  -48.  -45.  -38.  -36.  -33.  -32.  -22.  -19.  -15.  -14.
  -13.  -11.  -10.   -9.   -8.   -8.   -8.   -8.   -7.    0.    2.    3.
    5.    6.    6.    7.   13.   16.   18.   18.   21.   21.   23.   27.
   27.   32.   32.   33.   33.   34.   38.   42.   49.   49.   51.   53.
   54.   58.   60.   61.   62.   63.   66.   68.   69.   70.   71.   71.
   73.   73.   74.   75.   76.   77.   80.   82.   82.   87.   93.   94.
   95.   98.   98.   99.][-98. -94. -90. -86. -77. -74. -74. -71. -68. -67. -66. -65. -65. -63.
 -61. -61. -61. -61. -60. -57. -56. -55. -54. -53. -52. -51. -49. -49.
 -48. -48. -45. -45. -41. -41. -37. -36. -29. -29. -27. -24. -22. -22.
 -20. -19. -18. -17. -17. -15. -13. -10. -10. -10.  -9.  -7.  -7.   0.
   5.   6.   7.  11.  12.  16.  18.  22.  23.  23.  27.  27.  27.  35.
  36.  36.  37.  37.  41.  42.  45.  50.  52.  55.  56.  56.  57.  62.
  66.  70.  73.  75.  78.  79.  80.  83.  83.  83.  85.  86.  88.  94.
  94. 100.][-100.  -99.  -97.  -96.  -93.  -92.  -91.  -88.  -88.  -85.  -84.  -84.
  -83.  -82.  -78.  -76.  -72.  -68.  -68.  -67.  -64.  -60.  -60.  -59.
  -59.  -59.  -58.  -58.  -52.  -48.  -45.  -41.  -37.  -36.  -33.  -24.
  -21.  -17.  -17.  -13.  -12.   -7.   -4.   -1.    8.    9.   11.   12.
   13.   22.   25.   25.   26.   27.   28.   31.   31.   33.   37.   38.
   39.   44.   48.   48.   48.   49.   50.   52.   52.   53.   55.   56.
   59.   59.   60.   60.   61.   62.   62.   63.   66.   70.   70.   74.
   75.   77.   78.   80.   81.   81.   82.   84.   84.   87.   88.   97.
   97.   98.   99.  100.][-100.  -98.  -96.  -94.  -93.  -93.  -93.  -90.  -88.  -88.  -87.  -87.
  -86.  -84.  -84.  -82.  -82.  -79.  -73.  -72.  -72.  -71.  -67.  -64.
  -62.  -60.  -59.  -59.  -55.  -55.  -54.  -54.  -52.  -52.  -51.  -50.
  -43.  -42.  -37.  -31.  -29.  -23.  -22.  -20.  -18.  -16.  -11.  -11.
  -11.   -7.   -6.   -1.    1.    8.    9.   10.   10.   10.   12.   16.
   17.   19.   20.   20.   22.   24.   28.   32.   33.   34.   37.   37.
   39.   39.   40.   40.   44.   45.   45.   46.   48.   50.   52.   54.
   62.   64.   64.   65.   66.   66.   68.   77.   78.   78.   79.   86.
   94.   97.   97.   97.][-100.  -96.  -95.  -91.  -89.  -89.  -87.  -85.  -85.  -83.  -76.  -76.
  -73.  -72.  -71.  -69.  -68.  -68.  -62.  -55.  -54.  -52.  -49.  -47.
  -44.  -40.  -40.  -40.  -39.  -38.  -37.  -35.  -34.  -32.  -30.  -28.
  -27.  -27.  -24.  -22.  -21.  -20.  -17.  -16.  -14.  -11.  -10.  -10.
  -10.  -10.   -8.   -8.   -5.   -4.   -2.    8.    8.   12.   12.   14.
   15.   17.   20.   21.   21.   22.   22.   24.   25.   27.   30.   30.
   30.   31.   32.   37.   39.   39.   47.   48.   52.   52.   59.   62.
   63.   64.   64.   67.   69.   69.   72.   76.   77.   83.   83.   84.
   86.   90.   91.   91.][-100.  -95.  -94.  -93.  -93.  -92.  -91.  -89.  -85.  -81.  -76.  -75.
  -75.  -72.  -71.  -71.  -67.  -66.  -62.  -60.  -59.  -55.  -51.  -48.
  -48.  -44.  -44.  -43.  -38.  -38.  -37.  -37.  -36.  -32.  -28.  -27.
  -24.  -21.  -18.  -16.  -16.  -14.  -14.  -13.  -13.  -13.   -9.   -7.
   -6.   -5.    1.    3.    5.    6.    8.   14.   15.   18.   19.   20.
   22.   25.   25.   29.   30.   33.   35.   45.   48.   51.   53.   57.
   57.   58.   59.   61.   61.   62.   62.   65.   66.   68.   68.   68.
   69.   72.   72.   74.   75.   75.   78.   84.   87.   87.   89.   91.
   93.   93.   98.  100.][-99. -94. -90. -90. -87. -86. -86. -85. -85. -84. -81. -79. -78. -78.
 -76. -76. -75. -75. -74. -71. -71. -71. -69. -67. -66. -65. -54. -53.
 -53. -50. -47. -40. -39. -36. -36. -36. -36. -35. -31. -31. -30. -29.
 -29. -28. -28. -27. -27. -22. -19. -19. -18. -17. -15. -10.  -2.   2.
   2.   9.  11.  14.  20.  21.  22.  24.  25.  26.  27.  27.  33.  33.
  35.  43.  44.  45.  47.  48.  49.  49.  51.  52.  55.  58.  62.  63.
  65.  66.  66.  67.  70.  73.  74.  76.  78.  81.  82.  84.  87.  90.
  96.  98.][-100.  -99.  -93.  -88.  -87.  -81.  -81.  -75.  -73.  -71.  -63.  -60.
  -59.  -59.  -54.  -54.  -53.  -50.  -50.  -47.  -45.  -40.  -29.  -29.
  -28.  -28.  -28.  -27.  -26.  -25.  -24.  -22.  -15.  -15.  -13.  -13.
  -12.  -11.   -9.   -6.   -3.    1.    2.    3.    3.    3.    5.    6.
    6.    6.    9.    9.   12.   16.   17.   18.   25.   25.   26.   27.
   30.   35.   35.   38.   40.   40.   41.   41.   43.   43.   44.   45.
   45.   48.   50.   56.   56.   61.   62.   65.   67.   69.   72.   75.
   75.   83.   83.   86.   87.   90.   90.   90.   93.   94.   95.   96.
   96.   96.   98.   99.][-100.  -99.  -98.  -98.  -96.  -93.  -92.  -92.  -90.  -86.  -80.  -79.
  -79.  -79.  -73.  -71.  -69.  -67.  -67.  -59.  -58.  -57.  -54.  -54.
  -52.  -48.  -48.  -44.  -43.  -43.  -40.  -38.  -37.  -37.  -36.  -33.
  -33.  -33.  -27.  -26.  -23.  -19.  -17.  -16.  -15.  -12.  -11.   -9.
   -7.   -7.   -6.   -5.   -1.    0.    1.    2.    4.    4.    4.    5.
    7.   11.   13.   14.   16.   17.   19.   20.   23.   27.   30.   30.
   37.   37.   38.   43.   52.   53.   53.   57.   57.   58.   61.   63.
   64.   66.   67.   69.   70.   71.   75.   81.   86.   90.   93.   97.
   97.   98.   98.  100.][-97. -93. -91. -91. -89. -89. -89. -85. -84. -81. -78. -77. -76. -76.
 -71. -66. -66. -65. -63. -63. -61. -59. -57. -57. -55. -54. -54. -53.
 -50. -50. -49. -40. -40. -38. -37. -36. -31. -30. -23. -20. -20. -14.
 -14. -11.  -9.  -9.  -8.  -7.  -4.  -3.  -2.  -1.   0.   1.   7.   8.
  10.  12.  17.  23.  26.  30.  30.  32.  32.  36.  36.  37.  37.  41.
  43.  48.  49.  51.  54.  56.  57.  57.  61.  63.  63.  75.  76.  77.
  79.  80.  80.  81.  82.  82.  85.  88.  92.  93.  95.  97.  97.  98.
  98. 100.][-96. -94. -93. -90. -88. -87. -84. -79. -72. -70. -69. -67. -66. -65.
 -63. -59. -59. -59. -56. -56. -53. -53. -51. -51. -49. -46. -45. -44.
 -44. -43. -42. -41. -39. -35. -35. -32. -31. -30. -30. -28. -24. -22.
 -22. -22. -22. -19. -19. -17. -14. -12.  -9.  -7.  -6.  -6.  -4.  -4.
  -3.  -3.   0.  14.  19.  19.  20.  22.  25.  26.  30.  34.  37.  37.
  38.  38.  43.  43.  44.  49.  49.  54.  56.  63.  64.  64.  65.  68.
  75.  76.  78.  82.  83.  85.  86.  87.  90.  91.  91.  91.  93.  98.
 100. 100.][-97. -96. -94. -87. -86. -85. -84. -77. -77. -76. -74. -73. -71. -69.
 -65. -64. -64. -63. -62. -60. -58. -56. -54. -54. -50. -48. -46. -35.
 -34. -33. -30. -30. -25. -19. -18. -17. -15. -14. -12. -12.  -8.  -6.
  -5.  -1.  -1.   5.   5.   6.  10.  11.  12.  14.  14.  16.  16.  18.
  25.  26.  27.  30.  31.  32.  34.  35.  36.  38.  40.  41.  42.  46.
  47.  48.  51.  53.  54.  54.  55.  57.  58.  58.  64.  65.  68.  69.
  71.  71.  72.  74.  75.  81.  84.  84.  85.  86.  88.  90.  95.  95.
  99.  99.][-100.  -99.  -97.  -96.  -94.  -92.  -91.  -88.  -86.  -86.  -82.  -77.
  -76.  -75.  -75.  -71.  -70.  -70.  -70.  -68.  -67.  -67.  -59.  -50.
  -50.  -43.  -43.  -40.  -40.  -38.  -35.  -35.  -33.  -31.  -30.  -30.
  -29.  -29.  -29.  -29.  -29.  -21.  -16.  -15.  -15.  -14.  -12.  -12.
   -8.   -3.    4.    4.    5.    6.    6.    7.    8.   15.   18.   22.
   23.   25.   25.   27.   34.   35.   37.   37.   38.   39.   40.   41.
   42.   44.   45.   51.   54.   58.   59.   59.   59.   60.   62.   65.
   68.   69.   69.   72.   74.   75.   80.   82.   84.   85.   86.   86.
   95.   97.   97.   98.][-100.  -96.  -95.  -94.  -91.  -89.  -88.  -86.  -85.  -85.  -84.  -83.
  -79.  -76.  -74.  -73.  -71.  -68.  -67.  -65.  -62.  -61.  -59.  -59.
  -58.  -56.  -55.  -54.  -53.  -51.  -51.  -50.  -48.  -47.  -46.  -45.
  -33.  -32.  -30.  -27.  -25.  -24.  -11.   -7.    3.    3.    5.    6.
    7.    7.   10.   11.   11.   12.   13.   15.   18.   20.   21.   22.
   29.   30.   31.   34.   36.   38.   38.   42.   45.   47.   49.   49.
   49.   51.   55.   55.   58.   58.   64.   66.   67.   68.   68.   68.
   69.   70.   72.   73.   75.   76.   81.   82.   82.   84.   86.   90.
   90.   96.   97.   98.][-99. -97. -93. -91. -91. -89. -88. -88. -87. -81. -80. -71. -69. -68.
 -64. -61. -57. -54. -53. -50. -48. -43. -42. -41. -41. -40. -37. -36.
 -31. -28. -24. -22. -20. -15. -14. -14. -14. -13. -10.  -9.  -3.  -3.
  -2.  -2.  -1.   1.   7.   7.   8.   9.  10.  10.  11.  12.  13.  16.
  16.  25.  30.  34.  35.  35.  40.  41.  41.  43.  43.  43.  44.  45.
  47.  50.  52.  52.  53.  54.  55.  63.  63.  65.  68.  68.  69.  70.
  71.  72.  76.  86.  87.  89.  89.  89.  90.  94.  96.  97.  97.  99.
  99. 100.][-98. -90. -86. -86. -83. -82. -78. -76. -76. -73. -73. -71. -71. -68.
 -66. -63. -61. -60. -60. -58. -58. -54. -54. -53. -51. -44. -42. -41.
 -41. -34. -33. -32. -27. -26. -26. -20. -20. -19. -18. -18. -17. -16.
 -16. -15. -15. -10.  -5.  -4.  -3.   1.   4.   6.  15.  17.  17.  18.
  21.  23.  24.  26.  27.  28.  32.  35.  39.  41.  42.  42.  43.  44.
  45.  48.  50.  51.  52.  53.  54.  55.  57.  57.  59.  61.  63.  63.
  65.  66.  66.  67.  68.  69.  72.  74.  75.  75.  77.  78.  81.  81.
  91.  93.][-100. -100.  -95.  -95.  -94.  -93.  -92.  -92.  -89.  -86.  -84.  -84.
  -82.  -78.  -78.  -75.  -73.  -68.  -62.  -59.  -58.  -56.  -54.  -52.
  -51.  -47.  -46.  -45.  -43.  -43.  -43.  -41.  -38.  -37.  -37.  -36.
  -34.  -31.  -29.  -26.  -23.  -23.  -23.  -20.  -18.  -13.   -5.   -4.
   -4.   -2.    0.    4.    5.    9.   12.   13.   17.   22.   24.   24.
   30.   30.   32.   33.   33.   34.   36.   38.   40.   40.   40.   44.
   47.   53.   53.   59.   60.   62.   62.   63.   64.   64.   65.   69.
   70.   71.   72.   74.   77.   83.   84.   84.   89.   89.   89.   92.
   95.   95.   96.   99.][-98. -94. -93. -89. -85. -85. -83. -80. -80. -79. -74. -73. -73. -71.
 -69. -69. -68. -68. -66. -60. -60. -59. -58. -56. -55. -52. -51. -49.
 -45. -45. -45. -43. -43. -40. -36. -35. -34. -25. -22. -18. -16. -16.
 -14. -13. -11.  -9.  -6.  -1.   0.   1.   2.   5.   6.   7.   9.  13.
  14.  16.  18.  18.  19.  20.  22.  22.  24.  25.  27.  28.  28.  32.
  33.  37.  38.  39.  40.  40.  43.  47.  47.  49.  52.  55.  55.  56.
  58.  61.  64.  69.  74.  75.  81.  83.  84.  85.  85.  86.  90.  91.
  92.  97.][-100.  -97.  -96.  -96.  -96.  -96.  -95.  -93.  -90.  -84.  -82.  -74.
  -73.  -70.  -68.  -67.  -58.  -54.  -54.  -53.  -53.  -51.  -47.  -47.
  -44.  -38.  -37.  -37.  -33.  -33.  -31.  -29.  -27.  -24.  -23.  -22.
  -22.  -21.  -20.  -19.  -16.  -16.   -7.   -7.   -6.   -4.   -2.   -1.
    4.    9.    9.   12.   13.   14.   14.   20.   21.   23.   24.   26.
   30.   34.   38.   38.   39.   40.   41.   41.   42.   43.   43.   44.
   44.   46.   46.   46.   55.   56.   58.   59.   61.   63.   65.   66.
   67.   69.   69.   73.   75.   75.   79.   83.   84.   86.   86.   92.
   93.   94.   99.  100.][-97. -96. -95. -94. -88. -86. -85. -84. -83. -82. -81. -79. -77. -73.
 -73. -70. -68. -68. -63. -60. -58. -58. -56. -52. -52. -51. -50. -49.
 -46. -43. -40. -38. -38. -35. -28. -20. -17. -17. -14. -11.  -8.  -5.
  -2.   0.   3.   7.  12.  12.  12.  13.  14.  14.  14.  20.  21.  21.
  21.  22.  25.  30.  30.  32.  34.  35.  35.  38.  39.  41.  41.  42.
  43.  44.  45.  45.  46.  48.  49.  51.  52.  54.  55.  59.  61.  67.
  67.  71.  71.  72.  74.  75.  77.  78.  79.  81.  84.  87.  89.  92.
  93.  98.][-99. -96. -95. -93. -93. -90. -87. -86. -85. -84. -79. -74. -74. -74.
 -71. -71. -62. -58. -56. -56. -54. -53. -53. -52. -49. -47. -46. -45.
 -45. -44. -43. -42. -35. -35. -33. -33. -27. -25. -23. -22. -17. -17.
 -17. -14. -11. -10.  -9.  -9.  -7.  -7.  -5.  -3.  -1.   0.   1.   1.
   2.   2.   6.  11.  14.  14.  14.  19.  21.  21.  21.  22.  24.  27.
  30.  31.  33.  34.  34.  38.  39.  40.  40.  44.  48.  49.  54.  60.
  66.  68.  69.  75.  79.  81.  83.  85.  86.  87.  89.  92.  94.  94.
  96.  99.][-100.  -98.  -91.  -88.  -87.  -86.  -81.  -78.  -78.  -72.  -71.  -70.
  -68.  -67.  -66.  -66.  -64.  -63.  -63.  -62.  -52.  -51.  -50.  -46.
  -43.  -41.  -36.  -35.  -34.  -32.  -31.  -30.  -30.  -26.  -24.  -24.
  -23.  -21.  -19.  -12.  -10.   -9.   -8.   -8.   -7.   -4.   -4.   -2.
    3.    8.    9.   10.   14.   15.   16.   18.   18.   18.   21.   21.
   23.   24.   27.   29.   31.   31.   32.   33.   33.   39.   40.   41.
   44.   48.   48.   49.   50.   50.   55.   55.   57.   58.   66.   66.
   73.   74.   74.   74.   76.   76.   76.   82.   88.   89.   90.   90.
   95.   96.   98.  100.][-99. -97. -97. -96. -96. -94. -94. -93. -92. -89. -87. -85. -82. -81.
 -80. -75. -75. -72. -66. -65. -65. -64. -61. -54. -48. -43. -42. -40.
 -39. -36. -33. -31. -30. -27. -26. -23. -21. -17. -12. -10.  -8.  -7.
  -7.  -6.  -3.  -1.   1.   1.   4.   7.   7.   8.   9.  11.  12.  13.
  14.  14.  15.  17.  20.  22.  22.  23.  23.  27.  28.  32.  33.  36.
  37.  39.  40.  42.  43.  45.  45.  50.  57.  57.  59.  66.  73.  73.
  75.  76.  78.  87.  87.  88.  90.  91.  92.  93.  94.  94.  95.  96.
  96.  97.][-97. -97. -96. -93. -88. -88. -87. -85. -81. -80. -78. -64. -58. -58.
 -57. -53. -50. -49. -49. -47. -45. -39. -39. -37. -32. -30. -26. -25.
 -22. -22. -21. -18. -16. -13. -12. -10.  -7.  -7.  -7.  -6.  -6.  -4.
  -3.  -2.  -2.   3.   4.   6.   7.   9.  10.  14.  18.  19.  20.  21.
  22.  22.  25.  26.  27.  28.  30.  31.  32.  33.  35.  36.  37.  37.
  39.  41.  47.  50.  51.  52.  52.  53.  55.  58.  60.  61.  61.  62.
  66.  66.  68.  69.  71.  73.  74.  77.  77.  86.  87.  90.  92.  94.
  96.  98.][-100.  -99.  -93.  -90.  -89.  -86.  -86.  -85.  -79.  -79.  -78.  -78.
  -77.  -70.  -68.  -67.  -67.  -64.  -63.  -63.  -56.  -53.  -52.  -47.
  -47.  -45.  -44.  -43.  -42.  -40.  -40.  -38.  -37.  -31.  -30.  -30.
  -21.  -21.  -20.  -19.  -14.  -14.  -14.  -12.   -9.   -4.   -3.   -3.
    1.    2.    7.    8.    8.   13.   15.   15.   15.   16.   17.   21.
   21.   24.   28.   29.   30.   30.   33.   34.   35.   36.   36.   37.
   39.   39.   40.   42.   52.   52.   52.   53.   57.   58.   60.   61.
   61.   62.   64.   65.   66.   68.   71.   73.   80.   82.   83.   89.
   91.   92.   98.   98.][-100. -100.  -99.  -96.  -96.  -87.  -85.  -84.  -81.  -78.  -78.  -76.
  -74.  -74.  -72.  -71.  -68.  -66.  -62.  -62.  -61.  -60.  -59.  -58.
  -57.  -57.  -53.  -53.  -51.  -51.  -49.  -43.  -43.  -37.  -37.  -36.
  -30.  -25.  -23.  -21.  -19.  -17.  -17.  -16.  -16.  -14.  -14.  -13.
  -13.  -13.  -10.   -8.   -6.   -4.    3.    5.    8.   10.   12.   14.
   14.   22.   24.   24.   30.   32.   34.   34.   35.   36.   39.   40.
   41.   43.   43.   44.   46.   47.   48.   49.   53.   61.   63.   64.
   69.   71.   71.   73.   73.   76.   76.   77.   79.   82.   84.   87.
   92.   93.   98.   99.][-100. -100.  -97.  -94.  -91.  -90.  -87.  -87.  -84.  -83.  -79.  -74.
  -72.  -67.  -67.  -64.  -61.  -59.  -58.  -56.  -56.  -56.  -55.  -53.
  -48.  -45.  -45.  -42.  -41.  -41.  -41.  -39.  -38.  -34.  -33.  -33.
  -30.  -28.  -26.  -25.  -22.  -21.  -20.  -18.  -15.  -14.  -12.  -12.
  -10.   -9.   -8.   -5.   -3.    1.    4.    4.    5.    7.   11.   14.
   17.   18.   18.   20.   22.   25.   26.   27.   29.   30.   30.   32.
   36.   46.   51.   51.   51.   54.   55.   56.   57.   60.   62.   63.
   65.   68.   68.   71.   72.   81.   81.   82.   83.   85.   88.   90.
   94.   96.   98.   99.][-99. -97. -97. -95. -89. -84. -81. -75. -72. -71. -70. -69. -67. -67.
 -63. -62. -60. -59. -59. -54. -52. -48. -43. -42. -40. -38. -36. -35.
 -35. -34. -31. -30. -29. -27. -23. -22. -20. -20. -19. -18. -13. -13.
  -8.  -4.  -3.  -3.   0.   1.   2.   3.   6.   6.  10.  11.  12.  12.
  14.  14.  15.  15.  20.  23.  25.  26.  30.  30.  32.  37.  40.  41.
  43.  45.  46.  49.  50.  52.  54.  54.  55.  60.  60.  61.  62.  62.
  63.  66.  69.  70.  71.  73.  74.  75.  79.  80.  81.  88.  90.  95.
  96.  99.][-99. -97. -83. -82. -78. -77. -75. -73. -68. -66. -59. -59. -56. -54.
 -53. -48. -45. -43. -41. -34. -33. -32. -32. -31. -27. -27. -27. -26.
 -23. -23. -21. -21. -20. -18. -17. -16. -13. -11.  -8.  -5.  -4.  -4.
  -2.  -2.   0.   2.   3.   3.   4.   7.   9.   9.  11.  15.  15.  16.
  17.  19.  20.  23.  27.  29.  30.  31.  32.  34.  35.  35.  39.  42.
  42.  45.  46.  49.  49.  52.  57.  59.  59.  61.  65.  69.  70.  74.
  74.  76.  79.  83.  86.  87.  88.  89.  90.  91.  92.  92.  92.  94.
  95.  99.][-94. -94. -92. -91. -89. -89. -89. -88. -86. -80. -79. -78. -78. -75.
 -73. -65. -61. -54. -53. -52. -46. -40. -38. -36. -35. -35. -34. -33.
 -28. -28. -26. -25. -25. -13. -13. -12. -11. -11. -10.  -9.  -8.  -8.
  -7.  -6.   0.   4.   8.  10.  12.  16.  18.  18.  23.  24.  25.  25.
  26.  28.  29.  29.  30.  31.  34.  39.  40.  41.  43.  44.  44.  45.
  51.  52.  58.  58.  60.  60.  61.  61.  64.  64.  69.  70.  70.  70.
  73.  79.  82.  83.  83.  84.  86.  88.  88.  89.  92.  94.  96.  98.
  99. 100.][-99. -95. -95. -94. -91. -90. -82. -81. -80. -80. -80. -79. -79. -79.
 -75. -75. -73. -69. -63. -61. -61. -60. -60. -60. -58. -58. -56. -53.
 -44. -42. -41. -39. -38. -33. -30. -29. -28. -28. -19. -16. -16. -15.
 -10.  -8.  -7.  -7.  -5.   0.   1.   1.   2.   2.   5.   6.   6.   8.
  10.  13.  15.  18.  20.  25.  28.  31.  34.  35.  42.  45.  45.  48.
  50.  55.  55.  56.  57.  59.  62.  63.  64.  64.  64.  70.  70.  74.
  76.  77.  79.  82.  86.  86.  88.  92.  92.  92.  95.  95.  97.  99.
  99.  99.][-93. -92. -91. -90. -87. -86. -85. -84. -83. -82. -79. -77. -75. -74.
 -73. -70. -68. -67. -67. -66. -66. -62. -59. -57. -56. -56. -50. -49.
 -48. -37. -37. -33. -32. -32. -31. -31. -29. -27. -25. -25. -25. -24.
 -24. -22. -21. -18. -16. -16. -12. -12. -12. -11.  -9.  -3.   3.   4.
   9.  11.  14.  15.  21.  21.  22.  24.  25.  27.  28.  28.  32.  33.
  35.  39.  41.  42.  43.  47.  47.  47.  50.  50.  51.  59.  61.  63.
  65.  68.  70.  72.  73.  73.  76.  81.  88.  88.  91.  95.  96.  97.
  98.  99.][-95. -95. -89. -81. -80. -78. -75. -72. -70. -69. -68. -68. -65. -64.
 -61. -58. -58. -53. -52. -51. -50. -50. -49. -48. -48. -47. -44. -43.
 -41. -38. -37. -35. -34. -29. -28. -27. -27. -25. -25. -24. -19. -15.
 -14. -11. -11. -10.  -8.  -7.  -7.  -3.   0.   0.   5.   6.   6.   8.
   9.  10.  12.  12.  16.  18.  19.  22.  23.  25.  26.  27.  30.  30.
  33.  34.  37.  42.  42.  42.  43.  45.  48.  48.  55.  56.  58.  62.
  66.  69.  69.  73.  74.  78.  82.  82.  82.  83.  86.  87.  89.  91.
  95. 100.][-100.  -98.  -96.  -91.  -90.  -90.  -89.  -87.  -80.  -79.  -78.  -76.
  -72.  -71.  -71.  -69.  -67.  -65.  -64.  -63.  -62.  -61.  -60.  -58.
  -57.  -56.  -54.  -53.  -49.  -47.  -45.  -44.  -44.  -39.  -34.  -33.
  -32.  -32.  -25.  -25.  -25.  -24.  -23.  -21.  -21.  -15.  -15.  -12.
   -9.   -8.   -8.   -5.   -5.   -4.    1.    5.    9.   11.   13.   13.
   14.   14.   16.   16.   20.   23.   28.   32.   34.   39.   39.   45.
   48.   49.   49.   54.   56.   58.   60.   61.   64.   66.   68.   69.
   72.   78.   80.   81.   81.   83.   83.   88.   89.   89.   90.   92.
   92.   97.   97.   98.][-96. -94. -85. -85. -84. -82. -80. -80. -79. -79. -73. -71. -70. -69.
 -66. -65. -64. -63. -63. -62. -61. -61. -60. -59. -55. -52. -51. -49.
 -49. -46. -46. -44. -41. -39. -36. -35. -31. -31. -29. -28. -23. -20.
 -19. -15. -13. -12. -12. -10.  -8.  -8.  -2.  -1.   0.   0.   0.   2.
   4.   5.  10.  14.  17.  21.  23.  25.  27.  27.  27.  28.  30.  30.
  33.  34.  34.  37.  41.  46.  46.  47.  47.  50.  53.  54.  54.  55.
  57.  58.  58.  61.  61.  63.  64.  66.  67.  70.  70.  84.  87.  88.
  89.  93.][-100.  -99.  -93.  -88.  -87.  -75.  -73.  -72.  -71.  -70.  -69.  -69.
  -59.  -57.  -56.  -54.  -54.  -53.  -49.  -48.  -44.  -43.  -41.  -39.
  -34.  -33.  -29.  -28.  -25.  -23.  -21.  -21.  -21.  -19.  -17.  -15.
  -15.  -13.  -11.  -10.   -9.   -7.   -7.   -7.   -6.   -4.   -4.   -2.
    0.    2.    4.    7.   11.   12.   17.   20.   23.   24.   28.   29.
   30.   31.   31.   32.   32.   37.   38.   42.   46.   47.   47.   49.
   52.   52.   57.   57.   59.   64.   67.   68.   69.   74.   74.   75.
   75.   75.   79.   79.   80.   80.   82.   83.   86.   88.   93.   96.
   96.   97.   99.   99.][-99. -98. -97. -97. -97. -97. -97. -97. -95. -95. -94. -93. -91. -91.
 -90. -90. -84. -82. -82. -81. -76. -76. -74. -72. -72. -63. -62. -61.
 -61. -59. -58. -57. -50. -41. -36. -31. -28. -28. -27. -26. -25. -22.
 -19. -19. -18. -18. -12. -11.  -3.  -1.  -1.   0.   7.   8.  11.  12.
  14.  16.  17.  20.  23.  25.  26.  27.  28.  28.  34.  39.  40.  41.
  42.  42.  43.  44.  44.  47.  48.  48.  48.  50.  50.  52.  55.  55.
  63.  64.  67.  69.  71.  72.  76.  83.  86.  89.  90.  92.  94.  96.
  98. 100.][-99. -89. -87. -86. -81. -79. -78. -68. -68. -67. -66. -66. -62. -62.
 -59. -56. -53. -45. -45. -41. -40. -38. -37. -37. -35. -35. -35. -34.
 -33. -32. -29. -28. -28. -24. -24. -21. -20. -19. -15. -13. -12. -11.
  -9.  -7.  -5.  -4.   1.   1.   4.   8.   9.   9.  10.  12.  13.  16.
  18.  18.  18.  20.  21.  22.  23.  24.  26.  29.  30.  30.  32.  33.
  35.  36.  36.  43.  45.  48.  48.  52.  56.  58.  58.  59.  62.  68.
  68.  68.  72.  74.  74.  75.  78.  79.  82.  92.  93.  95.  96.  96.
  96.  97.][-99. -97. -95. -94. -89. -88. -86. -83. -80. -78. -78. -76. -75. -73.
 -67. -66. -64. -64. -63. -56. -53. -51. -49. -47. -46. -44. -43. -43.
 -41. -40. -39. -38. -37. -37. -36. -36. -33. -31. -28. -20. -18. -18.
 -17. -12. -11. -11. -11. -10. -10.  -9.  -7.  -4.  -3.  -2.   0.   1.
   2.   3.   4.   6.   8.  13.  15.  21.  25.  25.  26.  27.  28.  28.
  32.  34.  34.  35.  37.  39.  43.  44.  47.  50.  50.  55.  57.  58.
  58.  66.  67.  71.  72.  74.  76.  78.  80.  83.  85.  94.  94.  97.
  99.  99.][-98. -96. -96. -95. -95. -91. -79. -79. -76. -76. -70. -70. -70. -69.
 -69. -64. -61. -60. -59. -57. -55. -54. -51. -47. -45. -44. -43. -39.
 -37. -37. -33. -33. -33. -24. -21. -19. -19. -17. -15. -13. -10.  -8.
  -4.  -2.   2.   5.   8.  11.  11.  11.  14.  15.  15.  19.  20.  22.
  22.  23.  24.  25.  27.  27.  28.  30.  32.  33.  36.  37.  38.  38.
  38.  39.  42.  43.  46.  48.  50.  51.  55.  60.  60.  61.  62.  63.
  63.  65.  65.  67.  72.  78.  84.  85.  87.  87.  89.  90.  90.  94.
 100. 100.][-98. -98. -97. -86. -86. -84. -78. -73. -69. -68. -67. -65. -65. -63.
 -62. -62. -62. -59. -57. -57. -56. -55. -50. -49. -46. -44. -39. -38.
 -37. -37. -31. -31. -30. -28. -23. -22. -21. -18. -16. -16. -12. -10.
 -10.  -9.  -5.  -5.  -2.   3.   4.   8.  12.  13.  15.  16.  17.  17.
  20.  22.  27.  30.  33.  34.  37.  38.  39.  41.  46.  47.  50.  50.
  51.  54.  55.  61.  62.  63.  63.  63.  63.  64.  65.  71.  71.  73.
  77.  78.  79.  80.  81.  83.  86.  90.  90.  91.  93.  94.  98.  98.
 100. 100.][-98. -92. -90. -90. -89. -87. -87. -86. -86. -82. -79. -79. -77. -71.
 -69. -65. -60. -60. -59. -56. -56. -51. -49. -37. -33. -32. -27. -25.
 -24. -21. -18. -14. -10.  -7.  -6.  -4.  -3.   1.   9.  11.  11.  11.
  13.  16.  17.  19.  19.  20.  22.  27.  29.  30.  33.  35.  35.  35.
  36.  36.  38.  38.  39.  41.  44.  45.  46.  47.  50.  51.  51.  53.
  54.  56.  58.  60.  62.  62.  64.  64.  66.  69.  69.  71.  73.  74.
  75.  78.  80.  83.  85.  86.  87.  87.  87.  91.  91.  93.  94.  98.
  99. 100.][-95. -95. -94. -92. -90. -89. -88. -86. -85. -82. -79. -78. -78. -77.
 -75. -73. -73. -72. -71. -70. -69. -66. -65. -64. -63. -62. -61. -58.
 -57. -56. -53. -49. -45. -44. -43. -43. -41. -39. -35. -32. -28. -28.
 -28. -27. -26. -25. -25. -25.  -8.  -8.  -7.  -6.  -6.  -4.   5.   7.
   8.   9.  13.  14.  15.  17.  20.  24.  24.  24.  26.  27.  28.  35.
  38.  39.  40.  40.  44.  49.  50.  51.  53.  54.  58.  62.  63.  71.
  71.  72.  72.  72.  75.  76.  77.  78.  83.  85.  86.  87.  87.  92.
  98.  98.][-98. -95. -95. -94. -91. -91. -91. -89. -89. -88. -85. -83. -78. -75.
 -74. -74. -73. -68. -68. -60. -60. -59. -59. -56. -54. -52. -50. -49.
 -48. -43. -42. -41. -37. -35. -34. -28. -25. -24. -22. -19. -19. -18.
 -18. -17. -15. -13. -13. -12. -12. -12.  -8.  -6.  -6.  -5.  -4.  -4.
  -1.   5.   5.   6.   8.   8.  15.  24.  26.  29.  30.  33.  34.  40.
  44.  46.  46.  46.  50.  55.  57.  58.  59.  59.  60.  66.  66.  69.
  73.  76.  78.  86.  86.  86.  87.  89.  89.  90.  91.  95.  95.  97.
  98. 100.][-98. -98. -98. -86. -82. -77. -75. -67. -65. -61. -59. -57. -56. -55.
 -50. -47. -47. -46. -45. -43. -40. -39. -36. -36. -29. -29. -27. -24.
 -22. -20. -17. -17. -14.  -7.  -6.  -4.  -4.   0.   0.   6.   7.   7.
   7.   7.   8.   9.  10.  10.  11.  14.  16.  17.  18.  21.  22.  28.
  28.  31.  32.  34.  35.  35.  37.  38.  39.  41.  41.  42.  42.  44.
  47.  48.  48.  49.  53.  54.  54.  56.  59.  60.  61.  62.  63.  64.
  64.  64.  65.  66.  69.  69.  72.  74.  77.  77.  81.  86.  90.  91.
  93.  95.][-99. -98. -94. -92. -91. -90. -89. -87. -86. -83. -82. -81. -80. -79.
 -74. -74. -67. -66. -66. -63. -61. -55. -55. -51. -51. -50. -50. -46.
 -42. -41. -39. -37. -30. -29. -29. -28. -27. -27. -26. -24. -21. -20.
 -17. -16. -15. -14. -11. -10.  -8.  -7.  -6.  -6.   0.   2.   3.   4.
  12.  13.  13.  14.  15.  17.  20.  21.  23.  30.  33.  35.  35.  44.
  48.  52.  54.  56.  58.  58.  60.  65.  66.  66.  68.  70.  70.  70.
  71.  73.  76.  77.  78.  81.  81.  86.  88.  89.  89.  95.  97.  98.
  99. 100.][-94. -93. -90. -85. -82. -78. -77. -74. -71. -71. -67. -63. -57. -56.
 -56. -56. -54. -54. -50. -49. -45. -44. -44. -42. -40. -39. -39. -39.
 -37. -36. -30. -30. -27. -27. -25. -23. -22. -21. -14. -14. -14.  -8.
  -7.  -6.  -5.  -4.  -4.   1.   3.   6.   7.   7.   8.   9.   9.  10.
  13.  14.  15.  17.  17.  20.  20.  21.  21.  23.  23.  23.  24.  29.
  29.  29.  32.  34.  34.  38.  39.  45.  49.  53.  54.  59.  62.  68.
  70.  75.  76.  81.  82.  86.  87.  87.  87.  89.  91.  91.  93.  93.
  94.  97.][-100.  -98.  -95.  -94.  -92.  -90.  -89.  -87.  -84.  -83.  -82.  -81.
  -79.  -73.  -69.  -63.  -61.  -58.  -55.  -55.  -48.  -45.  -45.  -39.
  -38.  -35.  -33.  -33.  -32.  -31.  -28.  -25.  -21.  -20.  -20.  -19.
  -14.  -14.  -12.  -11.  -11.   -7.   -5.    0.    2.    2.    3.    5.
    5.    6.   10.   10.   11.   12.   13.   14.   16.   20.   20.   21.
   21.   24.   24.   25.   31.   31.   34.   35.   38.   38.   40.   42.
   47.   52.   53.   53.   54.   55.   57.   60.   62.   62.   66.   67.
   67.   67.   69.   70.   72.   73.   73.   75.   82.   84.   86.   88.
   88.   91.   92.   98.][-99. -98. -95. -91. -91. -89. -88. -88. -88. -87. -85. -84. -84. -73.
 -73. -71. -68. -67. -67. -59. -56. -56. -53. -53. -52. -52. -51. -45.
 -39. -37. -34. -33. -29. -29. -28. -26. -26. -22. -21. -21. -20. -17.
 -17. -17. -16. -16. -14. -12. -11.  -8.  -7.  -6.  -6.  -1.   0.   1.
   3.   5.   5.   6.   8.   9.  15.  21.  22.  23.  29.  31.  33.  34.
  35.  37.  37.  40.  42.  44.  45.  45.  49.  50.  54.  58.  60.  61.
  62.  63.  65.  66.  67.  72.  76.  77.  78.  79.  81.  84.  86.  89.
  89.  93.][-96. -96. -96. -95. -82. -81. -80. -77. -75. -75. -73. -72. -71. -67.
 -67. -67. -67. -66. -66. -63. -63. -62. -61. -59. -56. -55. -55. -53.
 -50. -49. -47. -44. -39. -39. -38. -37. -35. -35. -30. -29. -26. -25.
 -25. -19. -16. -13. -13. -12. -10. -10.  -8.  -8.  -5.  -3.   5.   5.
  10.  10.  12.  16.  20.  25.  25.  26.  27.  33.  34.  38.  39.  42.
  43.  43.  45.  47.  47.  47.  51.  53.  55.  57.  58.  63.  64.  65.
  68.  70.  71.  72.  79.  79.  82.  82.  84.  84.  85.  93.  94.  94.
  95.  98.][-100.  -99.  -99.  -94.  -90.  -87.  -87.  -84.  -83.  -83.  -79.  -75.
  -74.  -70.  -69.  -67.  -66.  -64.  -63.  -61.  -59.  -57.  -55.  -54.
  -54.  -54.  -54.  -53.  -53.  -52.  -50.  -49.  -44.  -43.  -38.  -37.
  -36.  -35.  -33.  -31.  -29.  -25.  -23.  -22.  -21.  -19.  -18.  -18.
  -15.  -15.  -15.  -12.  -11.   -9.   -8.   -7.    0.    4.    6.    6.
   10.   11.   19.   23.   25.   25.   26.   28.   35.   36.   39.   42.
   43.   47.   51.   54.   55.   56.   57.   58.   58.   60.   60.   73.
   73.   76.   77.   78.   80.   80.   82.   83.   83.   84.   86.   90.
   90.   92.   94.   98.][-99. -97. -97. -93. -89. -88. -87. -87. -86. -84. -78. -75. -74. -74.
 -71. -70. -70. -68. -64. -62. -60. -56. -56. -56. -52. -51. -50. -50.
 -49. -48. -48. -46. -44. -41. -36. -35. -34. -33. -31. -31. -29. -29.
 -26. -26. -25. -23. -20. -18. -15. -13. -12. -10. -10.  -8.   0.   0.
   1.   1.   3.   4.   6.   6.  14.  15.  18.  21.  23.  25.  30.  34.
  34.  34.  36.  38.  38.  45.  47.  48.  51.  55.  56.  59.  65.  66.
  69.  74.  76.  77.  77.  78.  79.  80.  83.  87.  88.  91.  92.  95.
  97.  97.][-99. -96. -93. -88. -87. -83. -83. -82. -80. -76. -75. -74. -71. -71.
 -70. -63. -63. -61. -61. -61. -60. -52. -51. -50. -50. -49. -48. -47.
 -46. -45. -44. -44. -39. -33. -32. -32. -31. -30. -30. -28. -28. -26.
 -25. -21. -21. -16. -13. -11.  -9.  -7.  -6.  -6.  -3.  -2.  -1.   9.
   9.  11.  14.  26.  27.  28.  30.  37.  39.  41.  43.  44.  44.  48.
  52.  53.  53.  54.  57.  59.  60.  66.  68.  71.  72.  73.  73.  75.
  75.  77.  78.  83.  85.  86.  86.  87.  88.  89.  89.  92.  93.  95.
  97. 100.][-96. -94. -93. -93. -92. -92. -89. -84. -78. -76. -76. -75. -74. -74.
 -73. -72. -72. -71. -66. -61. -60. -59. -58. -54. -52. -49. -46. -46.
 -44. -42. -39. -38. -37. -36. -35. -35. -34. -31. -30. -30. -29. -23.
 -22. -22. -19. -19. -17. -16. -14. -11. -10.  -9.  -8.  -7.  -6.  -5.
  -3.  -3.  -3.  -2.   2.   2.   5.   6.   8.  10.  11.  12.  13.  13.
  18.  20.  24.  30.  31.  33.  34.  34.  35.  36.  38.  44.  44.  47.
  54.  59.  61.  63.  67.  70.  70.  76.  80.  85.  86.  87.  89.  92.
  96.  98.][-99. -96. -95. -89. -88. -86. -85. -83. -83. -82. -81. -81. -80. -80.
 -78. -78. -77. -73. -67. -64. -63. -61. -59. -56. -54. -50. -49. -48.
 -39. -38. -38. -34. -29. -26. -23. -23. -21. -18. -18. -12. -10.  -8.
  -8.  -6.  -5.  -2.  -1.   0.   1.   1.   2.   2.   5.   7.   9.  10.
  15.  21.  23.  23.  24.  32.  36.  37.  40.  40.  40.  41.  42.  43.
  46.  48.  48.  50.  51.  52.  53.  57.  58.  60.  64.  65.  65.  67.
  70.  75.  79.  80.  80.  83.  85.  86.  87.  91.  92.  92.  94.  94.
  94.  96.][-99. -99. -98. -98. -97. -96. -95. -94. -94. -88. -80. -80. -77. -77.
 -74. -70. -70. -68. -67. -66. -61. -59. -59. -59. -58. -57. -56. -53.
 -46. -46. -45. -45. -43. -42. -42. -40. -38. -34. -32. -31. -30. -30.
 -29. -26. -25. -25. -18. -16. -14.  -4.  -1.   1.   9.  10.  12.  14.
  16.  19.  20.  21.  23.  24.  25.  31.  36.  42.  46.  47.  47.  48.
  49.  50.  50.  52.  55.  55.  56.  57.  58.  59.  59.  60.  62.  63.
  66.  70.  73.  74.  78.  80.  82.  82.  84.  86.  91.  91.  92.  92.
  96. 100.][-98. -95. -94. -93. -91. -90. -89. -86. -83. -82. -80. -80. -79. -75.
 -73. -72. -68. -67. -66. -62. -61. -60. -59. -58. -57. -51. -50. -49.
 -40. -39. -39. -39. -37. -32. -32. -27. -27. -25. -24. -20.  -9.  -4.
  -2.   0.   3.   4.   4.   4.   6.   6.  11.  12.  13.  18.  19.  25.
  26.  27.  29.  30.  30.  31.  36.  39.  39.  45.  46.  48.  51.  52.
  53.  55.  55.  55.  56.  56.  58.  58.  60.  61.  62.  63.  65.  71.
  71.  72.  72.  76.  76.  78.  79.  83.  84.  87.  87.  89.  93.  97.
 100. 100.][-97. -96. -95. -94. -90. -89. -86. -86. -85. -84. -82. -79. -79. -76.
 -72. -71. -61. -60. -59. -57. -57. -51. -49. -49. -48. -47. -47. -46.
 -46. -43. -42. -35. -32. -31. -30. -28. -28. -25. -25. -24. -22. -20.
 -17. -16. -14. -13. -11. -11.  -8.  -5.  -5.  -2.  -2.  -1.   0.   1.
   2.   3.   4.   7.  11.  14.  17.  24.  27.  28.  29.  32.  38.  39.
  39.  39.  40.  40.  45.  46.  46.  46.  47.  48.  51.  51.  54.  62.
  63.  66.  66.  69.  74.  76.  76.  78.  80.  82.  83.  83.  89.  95.
  95.  95.][-96. -94. -94. -94. -94. -93. -88. -81. -80. -77. -72. -70. -69. -68.
 -65. -56. -56. -55. -49. -42. -40. -39. -35. -34. -34. -31. -29. -28.
 -28. -28. -28. -27. -22. -21. -18. -16. -16. -14. -12.  -8.  -8.  -7.
  -6.  -6.  -6.  -4.  -3.  -1.   2.   5.   6.   8.   9.  12.  14.  20.
  22.  25.  26.  27.  32.  33.  37.  38.  39.  41.  41.  42.  43.  44.
  44.  45.  46.  50.  57.  57.  59.  59.  62.  63.  65.  70.  70.  75.
  76.  76.  77.  78.  79.  81.  81.  81.  84.  84.  85.  86.  88.  91.
  92.  92.][-99. -94. -90. -90. -88. -78. -78. -70. -67. -67. -66. -66. -64. -64.
 -63. -62. -62. -58. -58. -57. -56. -55. -54. -54. -50. -45. -45. -41.
 -40. -39. -38. -28. -24. -23. -21. -16. -16.  -9.  -4.  -2.   0.   0.
   4.   4.   6.   6.  14.  18.  18.  18.  19.  20.  21.  21.  22.  25.
  25.  25.  26.  26.  29.  29.  30.  39.  44.  50.  50.  52.  53.  53.
  54.  54.  54.  57.  59.  60.  63.  63.  67.  68.  69.  69.  70.  73.
  74.  74.  76.  77.  87.  89.  91.  92.  93.  94.  94.  94.  94.  97.
  97.  99.][-98. -98. -95. -92. -91. -91. -87. -87. -83. -83. -83. -80. -79. -79.
 -76. -76. -76. -75. -75. -75. -69. -64. -63. -60. -59. -58. -57. -57.
 -55. -54. -54. -52. -51. -49. -48. -47. -46. -44. -42. -41. -41. -40.
 -33. -33. -30. -30. -26. -25. -24. -23. -22. -17. -15. -13. -11.  -5.
  -5.   5.   6.   6.  10.  10.  11.  16.  21.  23.  24.  26.  31.  36.
  39.  39.  40.  42.  43.  45.  50.  55.  55.  56.  57.  58.  59.  63.
  63.  64.  67.  73.  76.  79.  82.  85.  85.  86.  89.  91.  94.  94.
  95. 100.]