[-97. -96. -93. -91. -89. -86. -83. -76. -76. -73. -67. -62. -59. -58.
 -53. -53. -52. -52. -47. -47. -46. -42. -39. -26. -26. -25. -25. -23.
 -22. -22. -19. -18. -16. -15. -14. -14. -13. -13. -12. -12. -11. -10.
  -6.  -6.  -1.  -1.   0.   3.   5.   6.   6.   6.   9.  11.  15.  16.
  16.  16.  19.  21.  21.  23.  24.  25.  30.  31.  34.  36.  40.  40.
  42.  47.  53.  56.  56.  57.  58.  59.  60.  60.  64.  65.  65.  66.
  80.  81.  81.  81.  82.  83.  84.  84.  87.  88.  89.  89.  90.  91.
  91.  98.][-99. -96. -95. -94. -94. -94. -90. -89. -83. -69. -66. -65. -64. -60.
 -58. -56. -52. -50. -49. -48. -44. -44. -43. -42. -37. -36. -34. -32.
 -28. -26. -25. -24. -23. -22. -21. -21. -16. -15. -14. -11. -11.  -9.
  -9.  -8.  -5.  -4.  -2.  -1.   1.   3.   5.   6.   9.  10.  10.  17.
  19.  19.  23.  32.  33.  38.  41.  42.  43.  44.  44.  47.  49.  51.
  52.  52.  55.  57.  58.  59.  62.  63.  65.  65.  68.  73.  73.  74.
  78.  78.  79.  79.  79.  80.  81.  84.  89.  91.  92.  92.  94.  95.
  99. 100.][-98. -97. -96. -95. -94. -90. -90. -89. -88. -86. -86. -84. -83. -81.
 -81. -80. -79. -77. -76. -73. -72. -70. -67. -67. -67. -64. -62. -62.
 -62. -61. -61. -56. -51. -51. -50. -47. -45. -42. -41. -40. -33. -32.
 -29. -29. -29. -29. -24. -18. -18. -16. -16. -16. -15.  -4.   1.   7.
   9.  14.  14.  17.  18.  20.  22.  28.  32.  32.  34.  36.  44.  47.
  47.  48.  51.  56.  57.  57.  57.  58.  59.  61.  63.  71.  73.  74.
  78.  82.  82.  83.  83.  85.  86.  88.  89.  95.  96.  96.  96.  97.
  97. 100.][-100.  -97.  -97.  -96.  -96.  -96.  -90.  -90.  -84.  -84.  -82.  -79.
  -79.  -76.  -75.  -75.  -71.  -70.  -69.  -61.  -59.  -58.  -56.  -54.
  -53.  -53.  -52.  -52.  -51.  -51.  -50.  -48.  -48.  -46.  -44.  -41.
  -39.  -38.  -34.  -34.  -33.  -33.  -28.  -27.  -26.  -25.  -24.  -21.
  -18.  -15.  -13.  -13.  -10.   -5.    0.    1.    8.   11.   11.   12.
   23.   25.   26.   28.   29.   32.   34.   36.   38.   39.   40.   42.
   42.   43.   45.   45.   45.   47.   49.   51.   53.   57.   57.   58.
   62.   64.   67.   74.   74.   76.   81.   82.   82.   87.   87.   87.
   89.   90.   95.   99.][-99. -99. -98. -92. -90. -89. -81. -81. -80. -77. -74. -72. -69. -68.
 -66. -61. -56. -55. -54. -54. -51. -51. -48. -48. -46. -45. -45. -45.
 -41. -41. -38. -36. -35. -33. -27. -26. -21. -21. -20. -19. -14.  -9.
  -7.  -6.  -5.  -2.   0.   2.   6.   6.   7.   8.  10.  11.  18.  19.
  22.  22.  23.  28.  28.  30.  31.  33.  33.  36.  39.  40.  46.  46.
  46.  48.  52.  54.  56.  56.  58.  59.  60.  66.  67.  68.  69.  71.
  72.  79.  79.  81.  84.  84.  86.  88.  88.  88.  94.  98.  99.  99.
 100. 100.][-98. -97. -97. -93. -91. -91. -87. -83. -82. -78. -73. -72. -67. -65.
 -61. -61. -60. -60. -58. -54. -54. -53. -51. -50. -50. -49. -48. -46.
 -43. -42. -37. -34. -33. -32. -30. -24. -22. -21. -21. -17.  -7.  -7.
  -2.  -1.  -1.   3.   6.  12.  12.  14.  14.  16.  17.  18.  20.  22.
  24.  32.  32.  32.  38.  40.  45.  50.  53.  56.  57.  58.  59.  61.
  64.  65.  66.  67.  69.  69.  71.  75.  76.  78.  80.  82.  83.  84.
  85.  85.  86.  89.  90.  90.  90.  91.  93.  93.  93.  94.  96.  97.
  97.  99.][-96. -95. -94. -94. -94. -92. -86. -86. -85. -85. -82. -79. -72. -72.
 -70. -68. -66. -65. -64. -62. -61. -58. -57. -50. -48. -48. -46. -45.
 -43. -42. -39. -38. -38. -38. -33. -32. -31. -30. -28. -27. -26. -26.
 -25. -24. -23. -22. -22. -17. -15. -15. -11.  -9.  -7.  -5.  -4.  -4.
  -3.   1.   3.   5.   5.  10.  15.  15.  18.  20.  24.  25.  26.  28.
  30.  31.  31.  36.  39.  41.  41.  44.  49.  54.  54.  62.  64.  67.
  71.  71.  72.  73.  77.  78.  81.  81.  86.  87.  88.  90.  90.  92.
  92.  93.][-100.  -99.  -98.  -96.  -93.  -92.  -90.  -90.  -81.  -81.  -80.  -80.
  -79.  -69.  -66.  -65.  -64.  -60.  -59.  -59.  -58.  -58.  -52.  -51.
  -51.  -50.  -50.  -50.  -49.  -47.  -46.  -43.  -42.  -40.  -38.  -32.
  -32.  -30.  -30.  -27.  -23.  -23.  -22.  -17.  -15.  -13.  -11.   -9.
   -8.   -6.   -5.   -4.   -3.    0.    2.    2.    2.    3.    3.    5.
    7.   11.   11.   14.   21.   23.   24.   25.   25.   27.   45.   46.
   47.   54.   56.   56.   57.   57.   58.   63.   64.   65.   66.   67.
   68.   69.   69.   69.   70.   71.   74.   75.   85.   85.   87.   88.
   90.   91.   96.   96.][-100.  -90.  -87.  -87.  -84.  -80.  -78.  -74.  -71.  -68.  -68.  -66.
  -64.  -63.  -63.  -60.  -59.  -58.  -57.  -56.  -56.  -56.  -55.  -53.
  -50.  -50.  -50.  -48.  -44.  -37.  -33.  -32.  -30.  -28.  -28.  -28.
  -27.  -25.  -24.  -22.  -22.  -18.  -12.  -10.   -7.   -6.   -5.   -3.
   -3.    2.    8.    8.   13.   14.   14.   16.   16.   18.   26.   27.
   28.   30.   32.   33.   34.   41.   42.   42.   42.   46.   46.   47.
   48.   48.   54.   58.   59.   60.   60.   62.   64.   65.   66.   66.
   66.   67.   67.   67.   69.   71.   72.   78.   83.   84.   89.   90.
   93.   97.   98.   98.][-97. -97. -94. -94. -93. -91. -88. -88. -85. -83. -73. -73. -71. -69.
 -67. -62. -56. -56. -55. -54. -54. -53. -51. -49. -47. -45. -44. -44.
 -40. -40. -37. -33. -31. -30. -30. -29. -27. -24. -23. -21. -17. -13.
 -12. -11. -11. -10.  -9.  -8.  -7.  -7.  -5.  -1.   2.   2.   6.   6.
   7.  10.  11.  16.  16.  17.  24.  24.  25.  26.  27.  27.  32.  34.
  40.  42.  42.  45.  45.  48.  50.  52.  55.  56.  58.  60.  61.  62.
  63.  64.  65.  66.  66.  67.  72.  75.  80.  81.  82.  83.  88.  91.
 100. 100.][-100. -100.  -98.  -93.  -89.  -87.  -86.  -86.  -85.  -85.  -81.  -79.
  -78.  -75.  -74.  -71.  -69.  -68.  -66.  -65.  -61.  -58.  -52.  -46.
  -45.  -40.  -40.  -36.  -36.  -34.  -24.  -23.  -19.  -19.  -19.  -15.
  -15.  -11.   -9.   -8.   -7.   -7.   -4.    1.    4.    6.    6.    6.
   10.   11.   17.   21.   24.   24.   26.   26.   27.   28.   28.   31.
   32.   32.   34.   35.   38.   40.   40.   41.   42.   44.   45.   45.
   46.   50.   50.   55.   57.   58.   65.   66.   67.   68.   74.   77.
   78.   78.   79.   83.   85.   86.   86.   87.   89.   89.   90.   91.
   92.   93.   97.   98.][-98. -96. -91. -91. -88. -87. -86. -73. -72. -72. -69. -69. -66. -64.
 -63. -63. -61. -55. -53. -52. -50. -46. -44. -41. -40. -39. -39. -37.
 -35. -34. -32. -31. -31. -25. -24. -22. -21. -19. -15. -13. -11.  -8.
  -5.  -4.   2.   3.   4.   5.   7.   9.  10.  10.  12.  15.  17.  23.
  26.  26.  26.  27.  29.  29.  30.  31.  35.  35.  37.  43.  43.  44.
  45.  48.  49.  49.  51.  53.  58.  59.  59.  61.  64.  64.  68.  70.
  71.  74.  75.  76.  80.  81.  84.  85.  87.  90.  91.  93.  94.  97.
 100. 100.][-96. -95. -95. -94. -90. -88. -87. -86. -83. -79. -77. -77. -74. -70.
 -67. -64. -63. -63. -63. -62. -57. -55. -54. -53. -51. -48. -46. -42.
 -38. -37. -33. -30. -30. -29. -29. -28. -28. -27. -25. -25. -21. -15.
 -12.  -9.  -6.  -4.   0.   1.   1.   2.   9.  12.  14.  23.  24.  27.
  27.  30.  31.  32.  34.  35.  35.  35.  36.  37.  37.  38.  42.  42.
  44.  48.  49.  50.  52.  53.  54.  58.  58.  60.  61.  61.  61.  67.
  67.  72.  72.  74.  74.  76.  80.  86.  88.  88.  89.  90.  91.  91.
  99. 100.][-99. -98. -98. -98. -95. -94. -92. -87. -85. -82. -80. -76. -75. -72.
 -72. -68. -68. -65. -64. -62. -57. -53. -53. -52. -48. -48. -47. -45.
 -45. -44. -43. -41. -40. -36. -34. -33. -28. -24. -23. -20. -14. -13.
 -13. -13. -11.  -9.  -1.   3.   4.   5.   5.   5.  12.  20.  21.  21.
  23.  25.  27.  29.  29.  31.  31.  32.  34.  36.  36.  37.  41.  45.
  48.  50.  52.  52.  54.  55.  58.  59.  60.  61.  66.  70.  71.  76.
  77.  77.  79.  80.  81.  81.  84.  85.  87.  88.  90.  91.  93.  95.
  96.  99.][-99. -96. -93. -92. -91. -90. -90. -88. -86. -83. -82. -79. -79. -77.
 -76. -75. -72. -72. -70. -69. -69. -68. -67. -62. -61. -61. -59. -51.
 -48. -46. -43. -40. -37. -36. -34. -29. -26. -26. -22. -22. -20. -17.
 -14. -13. -11.  -8.  -8.  -6.  -6.  -4.  -3.   1.   5.   6.   8.  11.
  12.  15.  16.  17.  18.  21.  27.  30.  32.  34.  37.  38.  38.  39.
  41.  42.  43.  44.  45.  47.  47.  49.  54.  55.  58.  58.  59.  59.
  61.  62.  65.  77.  80.  83.  84.  84.  85.  86.  86.  88.  88.  90.
  94.  99.][-100.  -91.  -91.  -89.  -88.  -88.  -86.  -81.  -79.  -78.  -73.  -70.
  -69.  -66.  -65.  -62.  -59.  -58.  -57.  -56.  -56.  -55.  -54.  -52.
  -52.  -50.  -49.  -46.  -43.  -42.  -39.  -38.  -38.  -37.  -33.  -32.
  -29.  -25.  -24.  -23.  -21.  -20.  -18.  -17.  -14.  -13.  -13.  -12.
  -10.   -7.   -6.   -6.   -3.    6.    6.    6.    8.    9.    9.   10.
   11.   11.   11.   12.   12.   15.   19.   21.   22.   27.   28.   29.
   32.   33.   36.   43.   46.   50.   53.   54.   55.   56.   59.   61.
   64.   65.   67.   71.   72.   73.   74.   77.   81.   86.   89.   90.
   91.   93.   97.  100.][-100.  -99.  -89.  -89.  -88.  -87.  -87.  -87.  -83.  -82.  -82.  -76.
  -74.  -73.  -70.  -70.  -69.  -68.  -58.  -57.  -57.  -54.  -54.  -53.
  -52.  -49.  -49.  -47.  -45.  -42.  -41.  -37.  -36.  -35.  -34.  -34.
  -33.  -32.  -29.  -26.  -25.  -24.  -24.  -22.  -21.  -17.  -16.  -13.
  -13.  -13.  -10.   -8.   -7.   -5.   -5.   -3.   -2.    2.    6.    9.
   16.   16.   20.   21.   24.   27.   28.   29.   31.   36.   37.   37.
   37.   40.   42.   47.   47.   51.   55.   55.   56.   60.   60.   63.
   64.   68.   72.   74.   74.   76.   77.   78.   81.   81.   83.   85.
   88.   96.   99.  100.][-99. -94. -93. -92. -90. -86. -84. -83. -80. -77. -75. -73. -72. -70.
 -67. -65. -63. -60. -59. -58. -57. -55. -55. -52. -52. -52. -46. -46.
 -37. -36. -36. -33. -33. -32. -30. -29. -27. -23. -21. -20. -19. -16.
 -16. -15. -11.  -8.  -8.  -4.   1.   3.   3.   4.   5.  11.  11.  13.
  14.  16.  21.  22.  24.  24.  29.  29.  30.  31.  34.  35.  36.  38.
  40.  43.  43.  43.  45.  45.  47.  49.  50.  51.  52.  55.  63.  63.
  65.  69.  69.  74.  74.  74.  78.  82.  83.  83.  91.  91.  95.  96.
  97.  99.][-96. -95. -95. -94. -93. -91. -87. -87. -87. -80. -74. -73. -73. -72.
 -70. -69. -69. -68. -65. -64. -63. -61. -61. -60. -59. -58. -55. -52.
 -51. -42. -40. -40. -40. -40. -38. -37. -36. -35. -30. -29. -28. -20.
 -20. -18. -17. -16. -14.  -9.  -9.  -8.  -6.  -3.  -2.  -2.   2.   2.
   3.   5.   8.   9.  10.  11.  14.  15.  17.  20.  22.  23.  27.  27.
  27.  27.  30.  31.  43.  46.  50.  53.  62.  65.  67.  67.  67.  69.
  70.  71.  76.  83.  84.  85.  87.  88.  90.  92.  92.  94.  95.  96.
  97. 100.][-94. -94. -93. -92. -87. -86. -82. -79. -77. -77. -70. -69. -68. -66.
 -66. -65. -65. -58. -49. -49. -48. -44. -43. -42. -42. -37. -35. -33.
 -33. -33. -32. -28. -27. -27. -26. -24. -20. -18. -17. -16. -13. -11.
  -5.  -5.  -2.  -1.  -1.   1.   2.   3.   4.   8.   8.  11.  14.  18.
  19.  20.  21.  22.  27.  29.  31.  35.  35.  36.  38.  38.  52.  52.
  52.  54.  55.  56.  58.  59.  60.  64.  66.  68.  69.  69.  70.  72.
  74.  74.  77.  80.  83.  83.  84.  85.  89.  92.  92.  95.  98.  98.
 100. 100.][-99. -98. -97. -90. -90. -90. -90. -89. -87. -81. -79. -78. -65. -63.
 -63. -56. -55. -54. -53. -52. -48. -47. -45. -44. -42. -40. -40. -33.
 -30. -29. -28. -26. -20. -20. -19. -18. -15. -15. -14.  -9.  -7.  -5.
  -1.  -1.   2.   5.  12.  14.  17.  19.  21.  22.  24.  24.  24.  25.
  26.  27.  28.  30.  30.  34.  35.  37.  37.  40.  43.  44.  51.  55.
  57.  59.  62.  62.  63.  63.  68.  68.  71.  73.  76.  77.  79.  79.
  80.  81.  82.  82.  85.  88.  88.  90.  90.  94.  94.  94.  94.  95.
  95. 100.][-93. -92. -86. -85. -79. -74. -73. -73. -69. -68. -67. -67. -65. -61.
 -60. -60. -59. -57. -56. -56. -55. -55. -54. -54. -53. -52. -50. -49.
 -49. -34. -33. -33. -33. -30. -29. -28. -27. -24. -23. -21. -20. -19.
 -19. -10.  -9.  -8.  -7.  -5.  -4.  -3.  -1.   1.   5.   9.   9.  11.
  12.  14.  16.  16.  17.  17.  18.  19.  19.  24.  25.  30.  31.  31.
  31.  35.  37.  38.  40.  41.  49.  49.  53.  53.  58.  59.  59.  61.
  63.  65.  65.  69.  70.  76.  79.  81.  81.  82.  84.  85.  86.  94.
  96.  96.][-99. -97. -96. -96. -95. -93. -92. -89. -89. -89. -87. -85. -85. -84.
 -84. -82. -68. -67. -66. -64. -63. -61. -59. -58. -57. -49. -42. -41.
 -40. -36. -32. -28. -27. -24. -22. -20. -16. -16. -15. -13.  -8.  -7.
  -2.   0.   4.   5.   5.   5.   7.  15.  15.  16.  17.  18.  19.  19.
  21.  25.  26.  27.  27.  30.  31.  32.  34.  36.  37.  39.  40.  43.
  43.  46.  47.  48.  49.  49.  50.  52.  52.  53.  59.  61.  63.  77.
  79.  80.  81.  82.  84.  84.  84.  84.  86.  87.  88.  89.  90.  94.
  97.  98.][-98. -95. -89. -88. -81. -79. -79. -78. -78. -76. -74. -71. -68. -66.
 -64. -63. -59. -57. -57. -56. -56. -55. -55. -53. -53. -51. -51. -48.
 -45. -43. -43. -42. -42. -39. -39. -38. -32. -30. -28. -27. -26. -24.
 -23. -22. -20. -17. -17. -17. -15. -15. -15. -12.  -8.  -7.  -5.  -4.
  -3.   5.  16.  18.  18.  22.  25.  30.  35.  36.  39.  45.  46.  49.
  49.  50.  50.  51.  56.  57.  62.  62.  66.  67.  67.  70.  70.  71.
  73.  74.  74.  77.  77.  78.  78.  79.  80.  82.  83.  95.  96.  99.
  99. 100.][-100.  -98.  -96.  -96.  -95.  -95.  -87.  -84.  -84.  -80.  -76.  -75.
  -75.  -74.  -74.  -73.  -72.  -72.  -69.  -63.  -63.  -63.  -59.  -56.
  -55.  -54.  -50.  -49.  -48.  -46.  -45.  -42.  -41.  -40.  -32.  -29.
  -28.  -28.  -28.  -20.  -15.  -13.  -12.  -12.  -11.  -10.   -9.   -9.
   -8.   -6.   -6.   -4.   -4.   -2.    0.    3.    6.    7.   10.   11.
   13.   15.   17.   19.   20.   20.   20.   22.   27.   28.   28.   39.
   44.   47.   51.   54.   58.   59.   62.   62.   63.   63.   65.   69.
   71.   74.   82.   83.   84.   85.   88.   90.   91.   92.   94.   95.
   95.   97.   97.  100.][-98. -91. -89. -88. -86. -84. -81. -79. -79. -78. -76. -75. -73. -63.
 -62. -61. -60. -60. -58. -58. -56. -56. -54. -46. -45. -40. -39. -39.
 -36. -35. -34. -33. -31. -30. -29. -29. -24. -23. -20. -20. -18. -18.
 -17. -16. -13.  -3.  -2.   2.   6.   8.   8.  10.  12.  12.  12.  15.
  19.  21.  22.  25.  26.  27.  29.  32.  34.  39.  39.  46.  47.  48.
  52.  53.  54.  54.  55.  56.  56.  57.  59.  59.  59.  60.  61.  62.
  63.  64.  66.  66.  67.  70.  72.  74.  77.  81.  84.  88.  92.  94.
  99.  99.][-99. -98. -98. -96. -92. -92. -88. -86. -83. -81. -80. -80. -79. -76.
 -75. -71. -69. -69. -69. -65. -62. -61. -60. -60. -59. -55. -52. -45.
 -42. -40. -36. -33. -33. -31. -28. -26. -25. -25. -24. -24. -21. -17.
 -14. -14. -12.  -9.  -6.  -5.  -4.  -3.   3.   4.   6.   8.  11.  19.
  20.  21.  21.  22.  22.  27.  28.  31.  32.  32.  36.  36.  41.  43.
  44.  46.  52.  53.  55.  56.  60.  62.  63.  66.  67.  67.  68.  68.
  68.  69.  75.  76.  78.  83.  84.  84.  85.  91.  91.  91.  95.  97.
  97.  98.][-99. -96. -95. -92. -91. -90. -88. -84. -83. -81. -76. -75. -74. -72.
 -69. -68. -61. -60. -60. -58. -57. -54. -52. -49. -48. -47. -46. -46.
 -45. -43. -41. -40. -37. -34. -28. -24. -24. -17. -17. -16. -13. -12.
 -12. -11.  -3.   2.   3.   4.   9.  11.  13.  14.  16.  16.  19.  20.
  26.  27.  31.  33.  33.  33.  37.  37.  37.  41.  46.  47.  47.  48.
  51.  53.  54.  55.  56.  58.  62.  63.  64.  70.  72.  73.  73.  75.
  77.  77.  79.  80.  81.  82.  83.  83.  87.  89.  90.  91.  94.  98.
  98. 100.][-97. -96. -96. -93. -89. -80. -80. -80. -77. -71. -71. -67. -67. -65.
 -64. -63. -59. -57. -51. -49. -48. -40. -40. -39. -35. -34. -31. -31.
 -29. -29. -26. -24. -23. -22. -17. -15. -14. -12. -12. -12. -11.  -4.
  -1.  -1.   2.   2.   2.   6.   9.   9.  11.  15.  16.  18.  20.  22.
  24.  29.  30.  31.  32.  33.  35.  36.  40.  40.  41.  42.  45.  46.
  48.  50.  53.  53.  53.  53.  54.  58.  59.  62.  63.  66.  69.  70.
  70.  75.  77.  77.  78.  78.  79.  81.  86.  86.  89.  89.  94.  96.
  97.  99.][-100.  -99.  -98.  -97.  -96.  -95.  -93.  -91.  -91.  -86.  -86.  -85.
  -82.  -80.  -78.  -78.  -77.  -75.  -73.  -72.  -71.  -71.  -61.  -61.
  -60.  -57.  -55.  -54.  -54.  -52.  -50.  -50.  -49.  -48.  -44.  -40.
  -40.  -40.  -38.  -36.  -34.  -33.  -33.  -29.  -28.  -27.  -23.  -21.
  -17.   -6.   -5.   -3.    0.    3.    7.    9.   17.   17.   23.   24.
   24.   25.   26.   26.   27.   27.   27.   28.   35.   37.   37.   39.
   40.   44.   47.   53.   53.   55.   57.   59.   61.   63.   63.   63.
   64.   64.   69.   69.   74.   77.   78.   83.   84.   85.   88.   91.
   92.   94.   98.   98.][-99. -91. -88. -84. -84. -82. -78. -77. -77. -76. -75. -74. -73. -73.
 -69. -66. -65. -65. -64. -64. -63. -59. -53. -50. -45. -41. -38. -37.
 -36. -36. -35. -33. -28. -27. -25. -24. -22. -19. -18. -14. -13. -10.
  -9.  -6.  -3.   0.   1.   2.   7.   9.  11.  11.  11.  13.  16.  17.
  18.  19.  21.  25.  29.  31.  31.  32.  38.  39.  39.  41.  42.  42.
  42.  43.  43.  45.  47.  53.  53.  54.  58.  60.  61.  63.  66.  67.
  70.  79.  80.  80.  82.  83.  84.  86.  89.  91.  93.  94.  94.  97.
  99. 100.][-97. -97. -88. -84. -83. -82. -82. -81. -77. -74. -73. -72. -67. -67.
 -66. -65. -64. -64. -59. -57. -57. -54. -54. -52. -52. -51. -49. -48.
 -48. -45. -44. -43. -39. -33. -31. -31. -28. -26. -25. -23. -22. -21.
 -18. -17. -16. -15. -13. -12. -10. -10.  -8.  -5.  -4.   0.   0.   0.
   2.   4.   5.   7.  13.  13.  20.  25.  27.  30.  32.  33.  38.  39.
  42.  42.  42.  44.  49.  52.  56.  59.  60.  60.  61.  62.  64.  66.
  67.  68.  71.  74.  79.  79.  80.  83.  87.  90.  94.  94.  95.  98.
  98.  99.][-98. -97. -96. -95. -93. -93. -92. -88. -87. -85. -83. -80. -79. -79.
 -78. -77. -77. -76. -70. -70. -69. -65. -65. -63. -59. -58. -56. -54.
 -49. -49. -47. -42. -40. -39. -39. -38. -35. -30. -25. -22. -21. -20.
 -18. -13. -10.  -7.  -7.  -6.  -6.  -6.  -4.  -2.   0.   0.   3.   6.
   6.  13.  15.  16.  17.  18.  21.  23.  24.  31.  35.  36.  40.  45.
  47.  51.  53.  56.  57.  58.  60.  61.  62.  63.  64.  67.  67.  68.
  68.  73.  76.  77.  79.  80.  83.  85.  86.  87.  92.  93.  97.  97.
  97.  98.][-100.  -91.  -90.  -89.  -84.  -83.  -82.  -76.  -76.  -73.  -72.  -71.
  -71.  -71.  -69.  -69.  -69.  -68.  -67.  -64.  -63.  -62.  -61.  -57.
  -57.  -57.  -56.  -50.  -46.  -41.  -37.  -36.  -32.  -26.  -23.  -20.
  -11.   -7.   -7.   -5.   -4.   -3.   -1.    0.    0.    0.    2.    3.
    3.    7.    8.    8.   12.   13.   15.   15.   15.   16.   18.   20.
   21.   22.   23.   25.   26.   26.   28.   30.   31.   34.   36.   38.
   39.   40.   44.   44.   46.   52.   53.   55.   58.   58.   60.   60.
   64.   66.   68.   69.   70.   74.   79.   79.   81.   84.   87.   87.
   90.   92.   92.   93.][-99. -99. -99. -98. -96. -95. -93. -92. -92. -92. -89. -89. -89. -88.
 -83. -83. -80. -79. -79. -79. -75. -71. -70. -68. -62. -58. -57. -53.
 -51. -50. -49. -49. -48. -43. -41. -40. -40. -37. -35. -32. -30. -29.
 -29. -25. -23. -17. -14. -13. -13. -12. -12.  -8.  -6.  -6.  -5.  -5.
  -5.  -1.  -1.  -1.   0.   1.   2.   4.   5.   6.  10.  15.  16.  17.
  20.  20.  21.  21.  28.  28.  38.  38.  39.  43.  43.  46.  56.  59.
  60.  60.  62.  67.  71.  74.  74.  76.  80.  82.  83.  84.  88.  93.
  98.  99.][-99. -98. -97. -97. -96. -95. -94. -93. -92. -88. -88. -86. -82. -80.
 -77. -76. -73. -72. -70. -68. -68. -65. -64. -61. -60. -60. -49. -47.
 -47. -46. -42. -40. -35. -35. -31. -19. -18. -15. -15. -14. -14. -14.
 -12. -12. -10.  -7.  -5.  -4.  -3.  -2.   1.   1.   1.   4.   6.   6.
   6.   8.   8.   8.   9.  13.  14.  15.  17.  18.  24.  24.  25.  34.
  34.  35.  42.  42.  47.  48.  52.  56.  58.  59.  62.  66.  73.  73.
  78.  79.  84.  85.  86.  89.  89.  90.  91.  91.  94.  95.  96.  96.
  97.  97.][-98. -97. -95. -94. -90. -89. -88. -85. -85. -81. -80. -77. -76. -75.
 -68. -67. -66. -65. -65. -64. -64. -58. -58. -57. -47. -40. -40. -37.
 -33. -30. -19. -12. -11. -11.  -7.  -5.  -2.  -2.   1.   1.   6.   8.
   9.  10.  11.  14.  15.  15.  17.  17.  18.  18.  19.  20.  20.  27.
  31.  34.  35.  35.  36.  37.  41.  42.  45.  45.  46.  47.  51.  51.
  53.  56.  58.  58.  62.  64.  75.  80.  81.  81.  83.  83.  83.  83.
  84.  84.  86.  86.  88.  89.  92.  93.  94.  94.  95.  95.  95.  97.
  98.  99.][-98. -97. -92. -90. -88. -84. -79. -77. -76. -72. -71. -70. -63. -56.
 -55. -52. -51. -51. -48. -48. -45. -44. -39. -37. -31. -30. -27. -26.
 -25. -23. -22. -21. -21. -21. -20. -19. -18. -13. -10. -10. -10.  -6.
  -5.   0.   1.   3.   3.   3.   4.   7.  11.  13.  13.  15.  16.  17.
  18.  20.  21.  22.  24.  26.  34.  36.  37.  37.  37.  39.  41.  43.
  45.  49.  50.  51.  53.  55.  56.  58.  60.  60.  62.  64.  65.  68.
  76.  76.  81.  82.  83.  85.  85.  86.  87.  88.  88.  90.  95.  96.
  97. 100.][-98. -97. -96. -94. -93. -92. -90. -90. -90. -88. -87. -86. -82. -81.
 -74. -74. -73. -67. -65. -62. -61. -60. -59. -49. -47. -47. -46. -45.
 -45. -43. -43. -42. -41. -39. -31. -30. -28. -27. -27. -25. -20. -19.
 -18. -17. -17. -15. -14. -12. -11. -10.  -3.   1.   6.   7.   9.  11.
  12.  16.  17.  18.  18.  22.  24.  26.  32.  34.  37.  40.  41.  48.
  49.  51.  52.  57.  57.  58.  62.  62.  62.  62.  63.  63.  65.  66.
  66.  67.  71.  72.  75.  78.  79.  80.  82.  84.  86.  91.  93.  94.
  95.  97.][-100.  -99.  -97.  -95.  -95.  -93.  -91.  -90.  -85.  -84.  -82.  -74.
  -71.  -67.  -59.  -53.  -52.  -50.  -46.  -43.  -43.  -38.  -36.  -36.
  -34.  -34.  -33.  -30.  -28.  -28.  -28.  -26.  -26.  -26.  -25.  -24.
  -20.  -19.  -15.  -13.  -13.  -12.  -12.  -11.  -10.   -8.   -6.   -4.
    1.    2.    2.    2.    5.    5.    6.    7.   10.   11.   11.   14.
   14.   16.   16.   17.   18.   18.   21.   25.   25.   29.   31.   32.
   32.   34.   35.   36.   38.   39.   40.   45.   46.   50.   51.   56.
   56.   57.   61.   65.   72.   79.   79.   81.   90.   90.   91.   95.
   96.   96.   98.   99.][-96. -96. -94. -93. -93. -93. -89. -89. -87. -86. -84. -84. -83. -82.
 -79. -78. -77. -77. -75. -75. -71. -71. -70. -68. -68. -67. -66. -62.
 -60. -58. -52. -50. -46. -42. -40. -40. -36. -30. -29. -28. -26. -26.
 -19. -18. -18. -17. -17. -17. -13.  -8.  -2.  -2.  -1.  -1.   2.   3.
   5.   8.   9.   9.  14.  15.  16.  19.  20.  21.  28.  28.  32.  34.
  35.  38.  38.  39.  48.  50.  54.  54.  55.  56.  59.  59.  60.  61.
  63.  63.  66.  68.  71.  73.  74.  79.  80.  80.  83.  88.  89.  89.
  90.  93.][-93. -92. -89. -86. -86. -82. -80. -80. -79. -79. -79. -79. -78. -77.
 -76. -73. -71. -70. -70. -68. -66. -64. -63. -61. -59. -53. -53. -53.
 -48. -47. -42. -41. -41. -40. -40. -40. -39. -38. -37. -37. -35. -34.
 -31. -30. -28. -27. -23. -20. -19. -11.  -7.  -3.  -2.  -2.  -1.   0.
   1.   1.   2.   2.   3.   3.   4.   5.  19.  20.  22.  26.  28.  31.
  33.  33.  35.  38.  42.  44.  44.  47.  48.  49.  52.  53.  55.  59.
  61.  62.  63.  63.  65.  70.  73.  74.  81.  81.  83.  88.  91.  93.
  94.  98.][-99. -98. -98. -98. -97. -94. -93. -87. -86. -86. -85. -84. -81. -79.
 -76. -72. -71. -70. -69. -59. -58. -56. -54. -51. -51. -48. -43. -41.
 -38. -36. -30. -28. -27. -25. -24. -22. -21. -18. -11. -11. -10. -10.
  -9.  -9.  -7.  -6.  -6.  -5.  -4.  -3.  -2.   0.   4.   5.   7.  10.
  10.  11.  13.  13.  14.  17.  20.  21.  22.  22.  22.  23.  26.  28.
  30.  36.  40.  43.  43.  51.  54.  55.  57.  57.  61.  61.  64.  66.
  69.  72.  76.  82.  83.  84.  85.  86.  90.  91.  92.  92.  93.  98.
 100. 100.][-100. -100.  -98.  -98.  -98.  -96.  -94.  -86.  -80.  -77.  -74.  -73.
  -69.  -68.  -68.  -67.  -67.  -62.  -61.  -59.  -58.  -53.  -52.  -50.
  -48.  -48.  -46.  -44.  -40.  -39.  -37.  -36.  -32.  -31.  -30.  -25.
  -24.  -20.  -19.  -19.  -18.  -14.  -14.  -12.  -11.  -11.  -11.  -11.
   -8.   -6.   -4.   -3.   -3.    0.    3.    8.   11.   13.   15.   15.
   15.   20.   20.   20.   22.   22.   27.   28.   29.   30.   31.   33.
   35.   42.   42.   45.   46.   46.   47.   50.   50.   54.   55.   62.
   63.   66.   67.   68.   69.   75.   78.   80.   80.   80.   88.   91.
   91.   92.   99.  100.][-100.  -99.  -93.  -93.  -92.  -87.  -84.  -83.  -82.  -80.  -80.  -77.
  -77.  -64.  -63.  -54.  -52.  -51.  -51.  -50.  -49.  -43.  -42.  -36.
  -35.  -35.  -33.  -32.  -30.  -28.  -26.  -24.  -22.  -21.  -17.  -14.
  -14.   -8.   -7.   -7.   -5.   -4.    0.    1.    1.    1.    4.    5.
    6.    7.   10.   10.   12.   15.   15.   15.   17.   19.   21.   24.
   25.   25.   27.   27.   31.   31.   32.   32.   35.   40.   41.   42.
   45.   50.   52.   54.   57.   61.   61.   62.   66.   67.   68.   71.
   72.   74.   75.   75.   76.   78.   80.   85.   86.   87.   91.   92.
   97.   98.   98.   99.][-98. -97. -94. -94. -93. -88. -86. -85. -85. -82. -81. -79. -78. -76.
 -75. -72. -71. -71. -69. -69. -67. -67. -65. -64. -60. -59. -57. -56.
 -52. -50. -49. -48. -46. -46. -44. -42. -36. -31. -30. -28. -26. -25.
 -24. -24. -24. -23. -22. -20. -17. -14. -13. -13. -11. -10.  -9.  -6.
   6.   6.   7.   8.  11.  13.  17.  17.  17.  19.  23.  25.  30.  32.
  36.  37.  40.  41.  42.  43.  46.  47.  50.  50.  51.  54.  55.  56.
  58.  63.  67.  68.  75.  76.  77.  78.  79.  79.  84.  89.  93.  96.
  99.  99.][-99. -98. -97. -96. -96. -93. -93. -90. -89. -87. -86. -83. -81. -76.
 -74. -74. -73. -69. -68. -66. -63. -60. -60. -58. -57. -55. -52. -52.
 -50. -50. -49. -43. -42. -41. -40. -38. -37. -36. -35. -32. -31. -30.
 -29. -24. -23. -17. -17. -14.  -8.  -2.  -2.  -1.   0.   1.   3.   4.
   5.   6.   7.  14.  14.  21.  24.  25.  27.  29.  33.  34.  34.  35.
  36.  39.  42.  42.  42.  45.  45.  49.  49.  51.  59.  62.  63.  65.
  67.  67.  68.  70.  72.  76.  76.  77.  78.  79.  83.  85.  87.  92.
  95.  96.][-100.  -97.  -96.  -96.  -95.  -89.  -89.  -87.  -87.  -87.  -85.  -85.
  -83.  -78.  -73.  -69.  -68.  -68.  -65.  -64.  -64.  -63.  -62.  -61.
  -58.  -55.  -51.  -48.  -44.  -41.  -39.  -38.  -36.  -32.  -27.  -27.
  -23.  -21.  -14.  -11.  -10.   -9.   -9.   -9.   -1.   -1.    2.    4.
    4.    4.    5.    9.   11.   13.   15.   15.   21.   22.   22.   24.
   24.   25.   29.   33.   33.   35.   36.   42.   43.   43.   45.   48.
   50.   54.   58.   61.   62.   62.   63.   66.   69.   70.   74.   80.
   80.   80.   81.   81.   81.   85.   88.   88.   89.   93.   93.   97.
   99.   99.  100.  100.][-100.  -99.  -98.  -96.  -93.  -92.  -89.  -88.  -87.  -86.  -84.  -84.
  -83.  -83.  -81.  -77.  -77.  -74.  -70.  -68.  -68.  -64.  -63.  -63.
  -61.  -60.  -55.  -55.  -54.  -51.  -51.  -48.  -46.  -43.  -40.  -39.
  -38.  -26.  -26.  -25.  -24.  -24.  -23.  -23.  -22.  -17.  -15.  -13.
  -13.   -8.   -5.    1.    4.    6.    7.    8.    8.   11.   14.   18.
   19.   27.   27.   33.   33.   35.   36.   37.   37.   42.   43.   44.
   48.   48.   49.   51.   52.   52.   53.   55.   58.   60.   62.   62.
   64.   66.   66.   66.   68.   71.   74.   78.   79.   80.   82.   84.
   89.   92.   95.   99.][-99. -99. -99. -98. -97. -97. -96. -92. -92. -88. -88. -86. -86. -85.
 -84. -83. -78. -78. -72. -65. -64. -64. -62. -60. -59. -59. -58. -57.
 -56. -55. -52. -50. -49. -44. -41. -39. -38. -29. -28. -24. -23. -20.
 -20. -20. -14. -11.  -9.  -8.  -7.  -6.   1.   5.   5.   5.   5.   7.
   7.   8.   8.  14.  17.  18.  20.  22.  23.  26.  31.  34.  34.  35.
  40.  42.  47.  51.  53.  55.  57.  58.  58.  64.  64.  67.  71.  73.
  75.  75.  78.  78.  79.  81.  85.  86.  89.  93.  95.  96.  98.  99.
  99. 100.][-100.  -98.  -97.  -94.  -92.  -91.  -91.  -91.  -88.  -88.  -86.  -84.
  -83.  -81.  -81.  -80.  -78.  -77.  -76.  -75.  -74.  -72.  -71.  -71.
  -70.  -66.  -62.  -61.  -55.  -49.  -47.  -47.  -44.  -42.  -42.  -40.
  -39.  -38.  -38.  -36.  -34.  -28.  -27.  -27.  -23.  -20.  -18.  -11.
   -9.   -8.   -7.   -6.   -5.   -3.    2.    2.    5.    9.   11.   12.
   12.   13.   14.   15.   15.   15.   22.   23.   28.   29.   32.   37.
   40.   43.   46.   48.   50.   52.   57.   58.   59.   63.   66.   67.
   68.   70.   73.   78.   80.   81.   83.   83.   86.   87.   87.   89.
   90.   92.   93.   96.][-100.  -97.  -96.  -96.  -94.  -92.  -88.  -87.  -86.  -84.  -84.  -75.
  -74.  -70.  -69.  -67.  -67.  -65.  -64.  -64.  -62.  -62.  -61.  -60.
  -60.  -58.  -57.  -53.  -52.  -52.  -50.  -48.  -48.  -47.  -43.  -42.
  -41.  -35.  -34.  -33.  -33.  -32.  -31.  -31.  -31.  -27.  -26.  -26.
  -18.  -15.  -12.  -12.  -10.  -10.   -2.   -1.    2.    3.    9.   12.
   16.   16.   17.   18.   20.   22.   25.   25.   28.   28.   37.   37.
   43.   43.   43.   45.   47.   47.   52.   57.   58.   59.   61.   63.
   63.   66.   66.   74.   77.   78.   79.   85.   87.   87.   91.   93.
   96.   99.   99.  100.][-99. -97. -97. -94. -94. -90. -89. -87. -86. -84. -83. -82. -80. -80.
 -77. -75. -70. -70. -70. -60. -60. -57. -54. -53. -49. -45. -43. -43.
 -43. -38. -37. -35. -31. -30. -28. -27. -26. -24. -22. -22. -16. -16.
 -16. -16. -11. -10.  -7.  -2.   2.   4.   4.   6.   7.   9.  10.  14.
  14.  22.  23.  24.  27.  28.  29.  32.  32.  32.  33.  33.  34.  35.
  37.  45.  46.  50.  52.  54.  61.  61.  64.  66.  66.  68.  70.  72.
  73.  73.  76.  79.  79.  80.  83.  84.  85.  86.  89.  91.  92.  94.
  99. 100.][-100. -100.  -95.  -94.  -88.  -88.  -85.  -85.  -84.  -83.  -83.  -82.
  -81.  -81.  -78.  -72.  -67.  -62.  -61.  -59.  -53.  -51.  -49.  -47.
  -46.  -43.  -41.  -39.  -37.  -35.  -24.  -23.  -22.  -22.  -20.  -19.
  -18.  -17.  -13.  -11.  -11.   -9.   -8.   -4.   -1.   -1.   -1.    0.
    1.    4.    5.    5.    7.   10.   14.   15.   15.   16.   17.   21.
   23.   25.   25.   26.   30.   35.   37.   39.   40.   43.   47.   47.
   49.   50.   53.   54.   54.   55.   57.   58.   58.   64.   67.   71.
   71.   73.   74.   78.   79.   81.   83.   83.   85.   85.   87.   88.
   88.   90.   98.   98.][-98. -96. -95. -93. -92. -91. -83. -80. -78. -73. -71. -67. -65. -64.
 -55. -54. -54. -52. -51. -49. -48. -47. -47. -46. -44. -43. -39. -39.
 -37. -36. -36. -33. -31. -29. -28. -28. -28. -28. -27. -25. -22. -19.
 -19. -19. -19. -17. -16. -13. -10.  -9.  -6.  -5.   2.   2.   4.   8.
   9.  10.  13.  13.  14.  15.  17.  17.  18.  21.  25.  26.  30.  31.
  31.  33.  34.  37.  37.  38.  39.  41.  42.  43.  44.  49.  50.  51.
  52.  64.  66.  68.  69.  70.  70.  73.  74.  74.  74.  79.  81.  82.
  84.  89.][-100.  -96.  -90.  -90.  -89.  -89.  -88.  -85.  -82.  -80.  -79.  -74.
  -72.  -69.  -62.  -61.  -61.  -60.  -58.  -58.  -56.  -53.  -53.  -52.
  -51.  -47.  -46.  -46.  -43.  -42.  -42.  -39.  -39.  -38.  -38.  -36.
  -34.  -32.  -31.  -30.  -29.  -26.  -23.  -22.  -20.  -19.  -15.  -13.
  -13.  -11.  -10.   -9.   -9.   -8.   -8.   -7.   -5.    0.    1.    7.
    7.   11.   12.   12.   14.   16.   16.   17.   18.   19.   24.   25.
   29.   38.   38.   39.   41.   46.   48.   48.   48.   48.   53.   53.
   55.   56.   56.   59.   62.   65.   65.   66.   67.   70.   73.   82.
   88.   88.   95.  100.][-95. -95. -94. -94. -94. -90. -90. -90. -89. -83. -82. -81. -78. -75.
 -75. -75. -72. -71. -62. -61. -58. -58. -57. -57. -56. -54. -53. -53.
 -52. -49. -48. -47. -46. -45. -44. -41. -40. -40. -35. -31. -30. -29.
 -25. -24. -14. -14.  -8.  -5.  -4.  -3.  -1.   0.   2.   4.   4.   9.
  10.  16.  17.  17.  18.  20.  21.  22.  24.  24.  29.  29.  30.  32.
  34.  36.  36.  40.  42.  43.  43.  46.  49.  49.  55.  56.  57.  57.
  58.  60.  61.  62.  66.  67.  68.  69.  69.  72.  77.  78.  79.  80.
  90. 100.][-98. -97. -97. -96. -96. -95. -95. -93. -88. -88. -86. -84. -81. -80.
 -80. -68. -68. -67. -67. -63. -61. -55. -51. -50. -50. -48. -47. -44.
 -44. -40. -39. -39. -37. -31. -28. -22. -22. -19. -19. -17. -14. -11.
  -9.  -7.  -7.  -5.  -5.  -4.  -2.   0.   2.   4.   5.   8.   9.  17.
  17.  18.  18.  19.  21.  22.  25.  28.  30.  30.  31.  31.  34.  35.
  35.  38.  40.  40.  42.  49.  56.  58.  58.  60.  64.  66.  69.  70.
  70.  71.  72.  78.  78.  79.  80.  82.  82.  83.  83.  91.  96.  97.
  98.  99.][-100.  -96.  -95.  -93.  -93.  -91.  -91.  -90.  -86.  -85.  -83.  -79.
  -79.  -78.  -72.  -68.  -67.  -67.  -67.  -59.  -59.  -58.  -58.  -53.
  -53.  -50.  -50.  -45.  -44.  -44.  -43.  -41.  -41.  -38.  -38.  -38.
  -34.  -31.  -30.  -29.  -24.  -24.  -23.  -22.  -18.  -18.  -15.  -10.
   -8.    0.    5.    5.   10.   12.   12.   17.   18.   19.   19.   20.
   24.   25.   27.   27.   28.   29.   30.   31.   33.   39.   39.   40.
   40.   41.   42.   46.   52.   53.   55.   55.   56.   57.   58.   59.
   66.   71.   71.   72.   72.   75.   77.   86.   87.   87.   89.   92.
   93.   93.   95.  100.][-94. -94. -93. -92. -84. -83. -80. -80. -78. -77. -77. -77. -75. -75.
 -75. -73. -67. -66. -65. -65. -57. -56. -56. -54. -52. -50. -48. -46.
 -44. -44. -44. -43. -40. -38. -35. -33. -31. -28. -26. -25. -22. -12.
 -12. -10.  -9.  -8.  -6.  -1.   3.   4.   4.   5.   5.   6.   8.  10.
  10.  12.  13.  14.  14.  16.  18.  19.  29.  33.  33.  36.  39.  40.
  41.  42.  43.  44.  45.  50.  53.  57.  58.  58.  63.  65.  68.  69.
  70.  74.  74.  82.  82.  86.  87.  88.  89.  89.  91.  92.  95.  95.
  97.  98.][-96. -96. -95. -95. -90. -86. -85. -79. -78. -77. -77. -75. -73. -63.
 -62. -61. -59. -57. -57. -56. -56. -55. -54. -53. -49. -47. -45. -43.
 -32. -31. -31. -30. -29. -28. -28. -23. -18. -18. -11.  -6.  -3.  -1.
  -1.  -1.   0.   0.   1.   1.   2.   3.   8.   8.  10.  10.  12.  15.
  20.  22.  23.  26.  32.  34.  35.  39.  42.  43.  45.  48.  50.  51.
  53.  54.  55.  55.  59.  61.  61.  63.  69.  69.  69.  70.  71.  71.
  73.  74.  75.  75.  76.  76.  79.  80.  85.  86.  87.  91.  94.  96.
  98.  98.][-99. -99. -95. -95. -88. -88. -87. -83. -80. -76. -71. -65. -65. -65.
 -62. -62. -59. -58. -56. -55. -55. -54. -54. -52. -49. -48. -43. -43.
 -42. -41. -36. -35. -32. -29. -28. -28. -27. -27. -25. -23. -23. -20.
 -19. -16. -14. -14. -14. -11.  -6.  -5.  -2.   9.  16.  18.  19.  19.
  21.  22.  25.  28.  28.  28.  29.  31.  31.  35.  39.  40.  44.  44.
  46.  47.  48.  51.  53.  58.  59.  60.  61.  62.  62.  67.  67.  69.
  70.  72.  73.  76.  78.  78.  84.  85.  87.  87.  91.  92.  94.  95.
  98.  98.][-100.  -99.  -98.  -94.  -91.  -89.  -88.  -85.  -83.  -75.  -75.  -74.
  -73.  -72.  -71.  -71.  -67.  -62.  -59.  -59.  -59.  -59.  -55.  -50.
  -50.  -44.  -40.  -38.  -35.  -35.  -32.  -31.  -28.  -28.  -27.  -26.
  -25.  -24.  -22.  -21.  -21.  -19.  -19.  -16.  -15.  -12.   -9.   -9.
   -7.   -5.   -5.   -5.   -4.   -4.   -2.    1.    3.    5.    9.    9.
   11.   11.   13.   14.   22.   24.   24.   28.   31.   31.   31.   33.
   34.   35.   37.   38.   39.   39.   39.   39.   43.   46.   49.   49.
   59.   60.   60.   64.   67.   67.   69.   75.   77.   78.   81.   85.
   88.   95.   98.   99.][-98. -98. -96. -93. -89. -85. -84. -83. -83. -82. -81. -80. -79. -74.
 -71. -70. -68. -62. -61. -60. -59. -58. -56. -54. -50. -49. -46. -45.
 -43. -42. -40. -36. -34. -31. -30. -29. -25. -22. -21. -20. -20. -19.
 -14. -14. -13. -12. -12. -10.  -4.  -3.  -3.  -3.  -2.   2.   2.   3.
   5.   7.   8.   9.   9.  12.  15.  19.  19.  21.  22.  24.  25.  26.
  30.  33.  33.  35.  35.  35.  38.  39.  40.  41.  44.  45.  50.  61.
  63.  64.  65.  67.  68.  69.  72.  73.  76.  82.  85.  88.  93.  95.
  95.  96.][-97. -95. -93. -92. -92. -91. -91. -90. -90. -84. -84. -83. -82. -81.
 -79. -77. -66. -65. -63. -61. -58. -57. -57. -57. -56. -54. -47. -46.
 -44. -43. -38. -35. -34. -33. -30. -29. -29. -29. -29. -27. -26. -26.
 -21. -20. -20. -18. -16. -15. -12. -12.   2.   2.   4.   5.   7.   8.
   9.  13.  15.  18.  23.  23.  28.  31.  31.  32.  38.  38.  41.  46.
  48.  49.  51.  54.  54.  54.  55.  58.  58.  60.  61.  62.  63.  63.
  65.  66.  67.  68.  71.  71.  72.  72.  73.  74.  82.  88.  89.  95.
  95.  98.][-98. -98. -95. -94. -93. -92. -90. -88. -86. -82. -81. -79. -71. -65.
 -63. -60. -59. -57. -56. -54. -50. -50. -46. -45. -44. -40. -40. -37.
 -37. -35. -32. -32. -31. -31. -30. -29. -26. -25. -25. -24. -24. -22.
 -22. -21. -17. -15. -15.  -8.  -5.  -5.  -2.   3.   5.   9.   9.  11.
  12.  15.  19.  20.  20.  24.  24.  28.  29.  36.  37.  40.  40.  41.
  44.  45.  45.  49.  49.  50.  50.  51.  54.  56.  60.  60.  67.  67.
  67.  68.  69.  71.  71.  72.  80.  84.  84.  90.  90.  92.  92.  92.
  93.  94.][-100.  -98.  -95.  -94.  -92.  -91.  -85.  -83.  -83.  -82.  -81.  -78.
  -78.  -73.  -72.  -71.  -70.  -67.  -67.  -65.  -60.  -55.  -54.  -54.
  -54.  -53.  -51.  -51.  -47.  -46.  -46.  -45.  -44.  -40.  -38.  -30.
  -30.  -25.  -24.  -24.  -22.  -18.  -16.  -12.   -9.   -3.    0.    0.
    0.    6.   10.   11.   13.   15.   15.   17.   27.   27.   28.   28.
   30.   36.   36.   38.   38.   39.   39.   40.   41.   43.   49.   49.
   52.   52.   52.   53.   56.   56.   56.   58.   59.   60.   61.   63.
   65.   67.   67.   71.   72.   74.   75.   76.   77.   86.   87.   89.
   89.   93.   94.   97.][-99. -98. -97. -89. -88. -87. -85. -81. -80. -80. -78. -71. -70. -68.
 -67. -64. -62. -61. -60. -54. -54. -49. -47. -45. -45. -41. -41. -38.
 -35. -33. -32. -32. -31. -27. -26. -22. -22. -21. -19. -18. -15. -10.
  -8.  -2.   0.   1.   2.   2.   2.   7.   7.  13.  13.  19.  20.  21.
  22.  23.  24.  41.  42.  46.  46.  46.  48.  49.  50.  52.  54.  54.
  55.  55.  55.  58.  60.  62.  62.  64.  68.  72.  72.  73.  73.  74.
  76.  79.  81.  83.  84.  84.  87.  87.  88.  88.  89.  90.  92.  95.
  95.  98.][-96. -89. -85. -84. -79. -75. -72. -72. -70. -70. -69. -69. -69. -69.
 -68. -64. -63. -63. -60. -60. -56. -56. -53. -46. -44. -41. -40. -40.
 -30. -28. -26. -26. -25. -24. -22. -22. -22. -17. -15. -13. -11.  -9.
  -9.  -4.  -3.  -2.  -1.   3.   3.   5.   7.   8.  12.  12.  14.  14.
  15.  17.  19.  20.  21.  21.  27.  30.  31.  33.  35.  36.  36.  37.
  41.  41.  44.  44.  45.  46.  49.  52.  52.  54.  54.  57.  62.  64.
  65.  68.  78.  80.  82.  84.  84.  88.  89.  92.  92.  94.  96.  99.
  99. 100.][-99. -97. -95. -95. -94. -93. -93. -93. -89. -89. -87. -86. -85. -81.
 -71. -69. -68. -61. -58. -55. -54. -52. -51. -50. -50. -43. -42. -40.
 -40. -34. -30. -29. -20. -20. -15. -14. -13.  -9.  -8.  -3.  -1.  -1.
   2.   2.   2.   4.  10.  18.  23.  24.  26.  28.  30.  32.  35.  42.
  43.  45.  46.  48.  48.  50.  51.  51.  51.  54.  57.  57.  61.  61.
  62.  63.  63.  64.  64.  67.  68.  69.  69.  69.  72.  72.  78.  79.
  80.  82.  82.  85.  85.  86.  88.  89.  91.  93.  94.  94.  96.  97.
  97.  97.][-99. -95. -95. -95. -92. -88. -86. -82. -80. -76. -75. -75. -74. -74.
 -68. -68. -67. -65. -64. -63. -60. -60. -58. -53. -53. -52. -51. -49.
 -45. -45. -38. -38. -37. -36. -36. -34. -33. -31. -30. -25. -24. -22.
 -16. -15. -14. -14. -13. -13. -12. -12.  -9.  -8.  -8.  -7.  -3.  -2.
   0.   0.   2.   4.   5.   6.   7.   7.  10.  10.  11.  15.  17.  18.
  21.  25.  31.  32.  35.  37.  40.  42.  49.  52.  54.  55.  55.  59.
  63.  65.  66.  68.  70.  77.  79.  82.  87.  87.  91.  92.  92.  92.
  97.  98.][-99. -97. -95. -94. -93. -93. -92. -91. -91. -90. -90. -90. -85. -84.
 -84. -70. -70. -66. -66. -66. -66. -62. -60. -57. -56. -54. -50. -49.
 -46. -43. -43. -41. -37. -35. -34. -34. -32. -32. -29. -26. -26. -23.
 -16. -14. -12. -11. -10.  -8.  -6.  -5.   6.   7.  12.  12.  12.  12.
  15.  15.  18.  24.  27.  29.  30.  33.  35.  38.  42.  45.  46.  46.
  46.  49.  51.  55.  55.  58.  59.  59.  62.  67.  67.  71.  72.  72.
  73.  74.  79.  79.  79.  81.  83.  87.  87.  88.  90.  90.  92.  94.
  96.  98.][-98. -98. -97. -93. -91. -90. -88. -84. -81. -80. -78. -78. -77. -77.
 -75. -74. -69. -66. -65. -63. -62. -61. -61. -59. -56. -52. -52. -48.
 -46. -45. -44. -39. -37. -32. -28. -23. -22. -19. -19. -14.  -9.  -7.
  -6.  -4.  -4.  -3.  -3.  -2.  -2.   0.   3.   3.   3.   5.  12.  14.
  14.  16.  21.  22.  22.  29.  30.  31.  33.  34.  35.  45.  48.  48.
  48.  53.  53.  57.  57.  58.  59.  62.  63.  63.  64.  66.  71.  71.
  74.  76.  78.  81.  85.  87.  88.  90.  91.  91.  93.  97.  97.  98.
  98.  99.][-98. -98. -94. -91. -91. -91. -90. -89. -88. -87. -87. -86. -80. -79.
 -75. -74. -72. -72. -71. -71. -62. -60. -59. -58. -58. -56. -54. -51.
 -50. -49. -48. -40. -40. -31. -29. -19. -15. -14. -14. -10.  -9.  -7.
  -7.  -5.  -4.  -4.  -3.  -2.   2.   3.   4.   5.   6.   9.  10.  10.
  15.  15.  16.  16.  17.  18.  21.  26.  27.  32.  32.  35.  36.  38.
  41.  41.  43.  49.  49.  53.  55.  57.  57.  59.  59.  60.  60.  62.
  63.  64.  64.  71.  75.  77.  78.  80.  80.  82.  85.  87.  91.  92.
  96.  99.][-99. -98. -94. -94. -92. -91. -86. -83. -79. -78. -77. -77. -75. -75.
 -69. -68. -65. -64. -64. -62. -60. -59. -59. -57. -51. -51. -50. -48.
 -40. -37. -32. -29. -25. -23. -18. -18. -16. -12.  -8.  -8.  -7.  -6.
  -6.  -6.  -4.   6.   6.   7.   8.   9.   9.  13.  15.  18.  21.  25.
  25.  27.  27.  30.  42.  42.  42.  46.  47.  53.  54.  54.  55.  56.
  57.  58.  61.  62.  63.  66.  66.  67.  68.  68.  74.  75.  77.  79.
  79.  81.  83.  84.  88.  89.  90.  91.  91.  92.  95.  95.  97.  98.
  99. 100.][-99. -96. -96. -92. -90. -86. -86. -85. -83. -74. -71. -71. -71. -70.
 -66. -62. -62. -61. -58. -56. -51. -49. -47. -43. -42. -41. -37. -36.
 -35. -34. -34. -29. -27. -27. -24. -21. -19. -17. -15. -15. -15. -14.
 -12. -11. -11. -11. -10.  -6.  -4.  -4.  -1.   0.   1.   2.   6.   6.
   8.  18.  18.  19.  20.  21.  23.  24.  25.  26.  27.  28.  30.  31.
  33.  38.  41.  41.  42.  42.  42.  43.  43.  51.  52.  55.  57.  59.
  61.  62.  63.  63.  64.  70.  70.  70.  78.  80.  85.  87.  88.  89.
  94.  96.][-99. -97. -92. -91. -90. -89. -89. -83. -79. -77. -76. -74. -73. -69.
 -69. -68. -66. -65. -64. -64. -64. -63. -56. -54. -54. -53. -51. -51.
 -47. -46. -44. -42. -42. -41. -41. -39. -26. -23. -19. -16. -13. -13.
 -12. -12. -12. -12. -11. -10.  -9.  -7.  -6.  -5.  -4.  -2.   0.   1.
   5.   6.  11.  12.  15.  16.  16.  18.  18.  20.  21.  22.  23.  24.
  29.  40.  40.  41.  43.  47.  49.  56.  57.  61.  63.  64.  66.  69.
  69.  74.  78.  78.  79.  80.  82.  83.  86.  89.  89.  92.  92.  94.
  96. 100.][-100.  -97.  -97.  -96.  -96.  -93.  -93.  -91.  -90.  -87.  -84.  -84.
  -74.  -68.  -68.  -65.  -65.  -64.  -62.  -62.  -59.  -59.  -59.  -57.
  -55.  -51.  -49.  -49.  -44.  -43.  -37.  -36.  -35.  -34.  -31.  -28.
  -27.  -26.  -24.  -22.  -19.  -11.  -10.   -9.   -6.   -4.   -4.   -3.
    3.    5.    5.    5.    5.   11.   13.   14.   14.   15.   17.   18.
   21.   23.   25.   26.   30.   30.   32.   32.   34.   35.   36.   38.
   40.   42.   43.   45.   46.   48.   50.   51.   54.   60.   65.   71.
   76.   76.   77.   81.   82.   82.   88.   88.   89.   90.   90.   92.
   92.   93.   95.   99.][-100.  -92.  -90.  -89.  -87.  -81.  -80.  -72.  -70.  -64.  -58.  -55.
  -53.  -51.  -47.  -46.  -45.  -44.  -44.  -43.  -39.  -38.  -36.  -36.
  -36.  -34.  -34.  -30.  -28.  -24.  -24.  -23.  -22.  -21.  -15.  -13.
   -8.   -7.   -4.   -3.   -2.   -2.   -2.   -1.    1.    3.    3.    4.
    6.    8.   14.   14.   16.   22.   23.   26.   27.   27.   28.   29.
   29.   32.   33.   36.   39.   41.   49.   50.   50.   51.   53.   53.
   54.   59.   61.   62.   62.   62.   63.   66.   67.   68.   70.   71.
   72.   73.   73.   78.   78.   78.   79.   79.   88.   89.   90.   90.
   93.   93.   95.  100.][-96. -92. -92. -90. -89. -87. -86. -84. -83. -83. -82. -80. -79. -78.
 -77. -75. -75. -70. -67. -67. -65. -62. -62. -60. -57. -56. -54. -51.
 -48. -45. -45. -43. -42. -33. -30. -30. -29. -29. -28. -23. -17. -16.
 -13. -12. -12. -11. -10.  -4.  -4.  -2.  -2.   5.  13.  17.  20.  20.
  21.  23.  23.  24.  25.  26.  32.  32.  33.  38.  41.  44.  45.  47.
  47.  48.  49.  50.  50.  51.  52.  52.  53.  54.  54.  60.  61.  68.
  69.  74.  74.  76.  76.  81.  81.  81.  85.  85.  87.  87.  91.  92.
  96.  96.][-99. -96. -94. -92. -92. -90. -88. -88. -87. -83. -81. -81. -79. -75.
 -68. -67. -65. -64. -62. -62. -61. -58. -53. -52. -50. -50. -45. -43.
 -42. -38. -38. -35. -31. -31. -27. -25. -25. -23. -22. -22. -22. -21.
 -21. -19. -19. -18. -17. -16. -16. -14. -13. -10.  -8.  -7.  -5.  -4.
  -2.  -1.   3.   7.   8.   8.   8.  12.  12.  19.  19.  23.  24.  26.
  28.  29.  31.  31.  32.  32.  33.  36.  36.  37.  39.  45.  46.  47.
  48.  49.  52.  54.  56.  56.  59.  60.  63.  70.  70.  74.  85.  92.
  93.  94.][-100.  -99.  -99.  -91.  -91.  -90.  -90.  -90.  -89.  -87.  -87.  -84.
  -83.  -82.  -80.  -75.  -73.  -70.  -68.  -64.  -63.  -61.  -56.  -54.
  -54.  -50.  -50.  -49.  -49.  -49.  -49.  -47.  -47.  -47.  -45.  -38.
  -36.  -35.  -34.  -34.  -31.  -30.  -29.  -29.  -28.  -23.  -20.  -19.
  -15.  -12.  -11.   -8.   -8.   -5.   -5.   -5.   -4.   -3.    4.    8.
   15.   16.   22.   24.   25.   25.   29.   30.   32.   34.   35.   35.
   43.   44.   45.   46.   49.   55.   56.   59.   61.   62.   62.   63.
   67.   70.   73.   74.   79.   80.   87.   91.   92.   93.   94.   94.
   95.   96.   99.  100.][-100. -100.  -99.  -99.  -98.  -97.  -90.  -88.  -87.  -86.  -83.  -82.
  -81.  -78.  -76.  -74.  -74.  -72.  -71.  -69.  -69.  -68.  -63.  -59.
  -56.  -55.  -53.  -53.  -52.  -48.  -45.  -43.  -41.  -39.  -38.  -37.
  -37.  -37.  -36.  -30.  -23.  -21.  -19.  -19.  -16.  -15.  -11.  -10.
    0.    0.    2.    3.    6.    6.    7.   10.   11.   11.   13.   13.
   19.   22.   25.   25.   25.   26.   26.   31.   34.   35.   37.   38.
   41.   41.   42.   43.   43.   45.   46.   47.   49.   52.   54.   56.
   58.   62.   67.   69.   71.   76.   76.   82.   89.   90.   90.   90.
   91.   99.   99.  100.][-97. -94. -94. -87. -84. -83. -81. -80. -71. -67. -67. -65. -63. -60.
 -59. -57. -56. -55. -51. -49. -46. -46. -45. -44. -38. -37. -34. -32.
 -28. -27. -21. -21. -18. -15.  -6.  -5.  -2.  -1.   2.   3.   4.   5.
   8.   8.  10.  14.  15.  17.  18.  20.  20.  20.  22.  22.  24.  25.
  31.  33.  34.  39.  39.  42.  42.  42.  43.  47.  48.  49.  50.  51.
  55.  58.  61.  62.  63.  66.  67.  68.  71.  72.  72.  74.  80.  82.
  82.  84.  84.  85.  88.  88.  90.  90.  92.  93.  94.  97.  97.  99.
  99. 100.][-100.  -99.  -98.  -97.  -95.  -93.  -90.  -83.  -81.  -76.  -75.  -75.
  -68.  -65.  -62.  -57.  -53.  -53.  -52.  -51.  -47.  -45.  -41.  -40.
  -35.  -34.  -29.  -29.  -28.  -25.  -21.  -19.  -17.  -17.  -17.  -17.
  -16.  -16.  -14.  -13.  -10.  -10.   -9.   -3.   -1.    1.    3.    5.
    6.   10.   18.   23.   24.   24.   26.   26.   30.   33.   33.   36.
   40.   44.   46.   46.   46.   48.   54.   58.   58.   62.   64.   64.
   65.   66.   67.   69.   73.   74.   75.   76.   77.   82.   84.   84.
   86.   87.   87.   88.   88.   89.   89.   91.   92.   93.   93.   95.
   97.   97.   97.   99.][-100. -100.  -99.  -98.  -96.  -95.  -95.  -92.  -91.  -87.  -82.  -81.
  -79.  -73.  -72.  -72.  -71.  -70.  -69.  -68.  -67.  -65.  -64.  -62.
  -61.  -58.  -58.  -57.  -57.  -53.  -53.  -51.  -49.  -47.  -42.  -41.
  -41.  -41.  -39.  -37.  -31.  -31.  -29.  -24.  -22.  -18.  -17.  -16.
  -14.   -9.   -9.   -6.   -4.   -3.   -2.   -1.   -1.    0.    2.    4.
    6.    7.    9.   10.   11.   13.   15.   16.   16.   17.   18.   19.
   20.   21.   23.   25.   25.   25.   28.   30.   35.   37.   40.   41.
   41.   44.   45.   48.   51.   56.   64.   65.   67.   76.   78.   78.
   79.   85.   88.   90.][-100.  -99.  -98.  -97.  -97.  -97.  -97.  -96.  -96.  -94.  -93.  -85.
  -82.  -78.  -77.  -75.  -67.  -66.  -66.  -65.  -64.  -62.  -62.  -59.
  -58.  -56.  -56.  -55.  -47.  -41.  -41.  -39.  -36.  -36.  -33.  -31.
  -31.  -28.  -28.  -23.  -22.  -20.  -19.  -16.  -13.  -12.  -11.  -10.
   -9.   -5.   -4.   -4.   -3.   -2.    0.    3.    4.    5.    9.   14.
   15.   18.   18.   19.   22.   24.   29.   31.   31.   34.   35.   36.
   37.   38.   39.   40.   45.   46.   52.   54.   55.   57.   57.   60.
   61.   64.   66.   66.   71.   76.   79.   80.   86.   91.   92.   93.
   95.   97.   97.   98.][-98. -97. -95. -95. -92. -86. -85. -83. -83. -83. -82. -82. -81. -79.
 -79. -74. -72. -72. -72. -71. -70. -70. -69. -68. -67. -64. -62. -58.
 -56. -56. -47. -42. -42. -37. -36. -32. -31. -26. -19. -17. -15. -14.
 -12.  -6.  -5.  -4.  -3.  -2.   6.   6.   6.   6.   7.   7.   8.  10.
  11.  11.  12.  12.  17.  19.  20.  22.  22.  25.  33.  35.  37.  39.
  43.  43.  44.  44.  46.  47.  54.  60.  60.  63.  64.  64.  67.  69.
  69.  69.  70.  70.  72.  73.  76.  79.  79.  81.  84.  85.  93.  97.
  98.  99.][-100.  -97.  -97.  -96.  -92.  -91.  -88.  -85.  -83.  -81.  -80.  -78.
  -78.  -78.  -77.  -76.  -76.  -72.  -70.  -69.  -68.  -64.  -64.  -56.
  -55.  -54.  -54.  -51.  -51.  -48.  -47.  -43.  -41.  -34.  -31.  -30.
  -29.  -24.  -23.  -19.  -17.   -8.   -7.   -7.   -6.   -5.    1.    1.
    3.    5.   11.   13.   14.   17.   17.   18.   23.   24.   25.   27.
   27.   28.   30.   32.   35.   39.   40.   45.   45.   49.   49.   56.
   64.   66.   67.   70.   71.   73.   75.   76.   76.   79.   80.   82.
   82.   84.   84.   85.   87.   88.   88.   89.   90.   90.   92.   96.
   97.   98.   99.  100.][-99. -92. -89. -88. -88. -85. -84. -83. -80. -78. -74. -74. -72. -71.
 -69. -69. -64. -59. -59. -53. -52. -52. -49. -44. -43. -40. -39. -38.
 -37. -34. -32. -31. -26. -26. -25. -23. -20. -17. -15. -13.  -9.  -8.
  -8.  -7.  -6.  -6.  -5.  -5.  -2.   0.   4.   5.   8.  10.  10.  15.
  16.  17.  18.  18.  21.  21.  22.  28.  29.  34.  34.  35.  35.  35.
  36.  43.  44.  49.  49.  51.  54.  55.  56.  56.  60.  63.  64.  66.
  66.  68.  73.  73.  76.  77.  80.  85.  86.  89.  90.  91.  92.  92.
  93.  98.][-99. -97. -95. -92. -92. -91. -86. -85. -78. -76. -76. -75. -75. -74.
 -72. -71. -71. -69. -67. -66. -65. -63. -58. -52. -50. -50. -50. -49.
 -47. -46. -46. -44. -42. -39. -36. -35. -35. -33. -33. -32. -32. -31.
 -30. -26. -22. -15. -12. -11.  -9.  -9.  -8.  -5.  -4.  -4.  -2.  -2.
  -1.  -1.   4.   6.  11.  16.  20.  31.  32.  33.  33.  37.  38.  40.
  48.  49.  50.  54.  56.  58.  60.  60.  60.  61.  63.  63.  63.  64.
  66.  67.  70.  76.  79.  81.  81.  81.  82.  86.  88.  88.  90.  90.
  98. 100.][-98. -96. -96. -95. -92. -92. -91. -89. -87. -86. -86. -86. -83. -83.
 -82. -82. -80. -79. -67. -65. -62. -62. -61. -60. -57. -56. -55. -55.
 -52. -50. -47. -46. -45. -44. -42. -29. -27. -26. -26. -26. -24. -18.
 -17. -15. -14. -13.  -9.  -8.  -8.  -7.  -7.  -4.  -2.  -2.  -1.   0.
   1.   1.   3.   4.  12.  14.  16.  17.  18.  22.  24.  29.  29.  29.
  33.  35.  37.  39.  40.  44.  44.  45.  50.  52.  54.  57.  58.  58.
  62.  64.  64.  70.  72.  72.  74.  75.  76.  80.  81.  91.  91.  93.
  93.  95.][-98. -95. -95. -90. -89. -85. -84. -84. -76. -75. -74. -71. -70. -70.
 -70. -69. -68. -67. -62. -60. -60. -59. -58. -57. -56. -54. -54. -53.
 -46. -45. -42. -42. -41. -40. -39. -39. -35. -34. -33. -32. -28. -27.
 -25. -25. -22. -19. -19. -18. -17. -17. -15. -14. -11.  -5.  -4.  -4.
  -1.  -1.   1.   1.   1.   2.   3.   7.   7.  10.  16.  19.  22.  27.
  28.  28.  30.  32.  39.  40.  40.  44.  45.  46.  49.  51.  54.  54.
  55.  57.  58.  59.  61.  75.  78.  80.  80.  80.  84.  86.  91.  96.
  98.  98.][-98. -96. -95. -94. -88. -88. -88. -86. -83. -82. -82. -78. -78. -75.
 -75. -74. -71. -71. -69. -69. -65. -63. -57. -54. -53. -53. -52. -50.
 -50. -46. -45. -38. -34. -34. -33. -32. -32. -29. -28. -27. -26. -24.
 -21. -19. -18. -17. -17. -15. -14. -12. -12. -11. -10.  -3.   2.   5.
   8.   9.   9.  10.  13.  14.  18.  20.  29.  32.  36.  36.  41.  47.
  47.  47.  50.  52.  57.  58.  59.  60.  60.  61.  63.  64.  68.  69.
  70.  72.  73.  75.  77.  81.  84.  85.  90.  92.  93.  95.  95.  97.
  99. 100.][-99. -98. -97. -91. -90. -88. -88. -84. -77. -77. -76. -76. -75. -73.
 -70. -68. -67. -67. -60. -60. -59. -59. -59. -53. -51. -44. -44. -43.
 -43. -37. -36. -34. -32. -31. -30. -25. -25. -23. -22. -21. -21. -20.
 -14. -13. -12. -12. -10. -10.  -8.  -7.  -7.  -5.  -5.  -1.   0.   1.
   4.   5.  12.  13.  13.  18.  19.  19.  21.  22.  24.  26.  27.  27.
  28.  30.  35.  37.  38.  39.  40.  42.  45.  46.  48.  54.  62.  64.
  65.  65.  66.  67.  68.  73.  74.  82.  82.  83.  84.  85.  93.  93.
  94.  99.][-99. -99. -96. -94. -93. -92. -91. -90. -82. -81. -81. -77. -76. -75.
 -75. -71. -69. -62. -61. -61. -57. -56. -54. -52. -51. -49. -47. -44.
 -43. -43. -42. -41. -39. -38. -37. -30. -30. -26. -21. -19. -18. -13.
 -10.  -8.  -8.  -7.  -7.   1.   8.  10.  13.  14.  14.  15.  17.  19.
  21.  23.  27.  29.  31.  33.  40.  43.  43.  44.  45.  46.  51.  54.
  54.  54.  56.  57.  58.  60.  61.  61.  62.  66.  70.  70.  71.  74.
  74.  76.  76.  76.  80.  80.  81.  83.  84.  87.  89.  89.  89.  89.
  93.  97.][-95. -93. -90. -81. -79. -79. -74. -74. -72. -69. -67. -67. -62. -61.
 -58. -57. -56. -56. -50. -46. -44. -43. -41. -39. -38. -33. -31. -31.
 -30. -29. -29. -24. -23. -20. -20. -19. -18. -17. -16. -15. -11.  -9.
  -7.  -7.  -6.  -6.  -4.   0.   3.   3.   5.   5.   6.   6.   7.   7.
   8.  13.  14.  16.  20.  20.  20.  21.  23.  24.  28.  29.  36.  37.
  40.  41.  44.  46.  46.  48.  50.  52.  52.  56.  61.  64.  64.  64.
  65.  69.  69.  70.  72.  73.  78.  80.  81.  81.  82.  85.  93.  97.
  98.  99.][-100.  -97.  -95.  -93.  -91.  -90.  -89.  -88.  -87.  -84.  -81.  -81.
  -77.  -77.  -76.  -74.  -74.  -73.  -71.  -68.  -68.  -64.  -62.  -62.
  -60.  -60.  -60.  -57.  -57.  -54.  -54.  -51.  -50.  -50.  -50.  -50.
  -39.  -34.  -33.  -29.  -25.  -20.  -19.  -17.  -16.   -8.   -8.   -8.
   -7.   -6.   -1.    0.    3.   13.   17.   18.   19.   22.   23.   25.
   28.   30.   34.   34.   35.   35.   36.   36.   37.   38.   40.   41.
   42.   42.   46.   48.   49.   50.   53.   54.   56.   57.   60.   65.
   67.   68.   72.   72.   73.   77.   77.   78.   81.   81.   87.   88.
   89.   94.   97.   98.][-94. -91. -87. -87. -83. -82. -82. -80. -78. -77. -73. -71. -70. -69.
 -68. -67. -63. -62. -62. -58. -56. -56. -55. -54. -52. -47. -47. -47.
 -46. -42. -37. -34. -33. -33. -25. -23. -21. -21. -18. -16. -15. -15.
 -13. -12. -11.  -6.  -5.  -3.  -3.   0.   5.   5.   5.   9.   9.  10.
  10.  12.  19.  20.  21.  22.  22.  23.  27.  28.  29.  29.  30.  31.
  31.  34.  38.  40.  42.  43.  44.  52.  53.  54.  58.  58.  60.  62.
  65.  71.  72.  72.  73.  75.  78.  80.  80.  88.  91.  96.  96.  97.
  99.  99.][-100.  -98.  -98.  -95.  -94.  -92.  -91.  -91.  -82.  -82.  -76.  -74.
  -74.  -71.  -70.  -70.  -66.  -66.  -65.  -65.  -64.  -64.  -64.  -63.
  -59.  -57.  -55.  -52.  -51.  -49.  -43.  -42.  -38.  -37.  -37.  -37.
  -35.  -31.  -31.  -30.  -30.  -29.  -29.  -22.  -21.  -14.  -13.  -13.
  -11.  -11.   -8.   -8.   -8.   -5.   -4.    0.    1.    4.    4.    7.
    8.    8.   10.   13.   14.   15.   16.   17.   18.   19.   21.   23.
   24.   28.   37.   39.   39.   40.   40.   42.   42.   50.   55.   55.
   59.   59.   63.   64.   68.   78.   78.   81.   83.   85.   87.   88.
   88.   90.   90.   95.]