[-98. -96. -94. -94. -91. -91. -82. -80. -77. -71. -70. -69. -68. -66.
 -64. -64. -64. -62. -61. -58. -57. -54. -54. -53. -47. -42. -41. -40.
 -39. -33. -33. -32. -30. -30. -25. -23. -21. -20. -20. -19. -19. -18.
 -17. -15. -13. -10.  -7.  -5.  -4.  -4.  -4.  -1.   6.  10.  14.  15.
  20.  22.  26.  29.  30.  34.  35.  36.  38.  39.  43.  43.  43.  44.
  46.  49.  51.  51.  52.  52.  53.  54.  54.  56.  58.  63.  64.  66.
  70.  71.  74.  74.  75.  77.  78.  78.  83.  85.  86.  88.  91.  95.
  97.  98.][-100. -100. -100.  -98.  -96.  -95.  -90.  -84.  -84.  -83.  -82.  -81.
  -80.  -79.  -72.  -71.  -68.  -66.  -66.  -64.  -63.  -61.  -57.  -57.
  -53.  -52.  -43.  -43.  -41.  -40.  -39.  -37.  -37.  -36.  -35.  -35.
  -33.  -32.  -30.  -26.  -26.  -26.  -25.  -25.  -24.  -22.  -19.  -19.
  -19.  -18.  -15.   -9.   -8.   -8.   -7.   -5.   -5.   -2.   -2.    0.
    0.    2.    4.    6.    7.    7.   10.   18.   19.   21.   24.   29.
   33.   36.   37.   39.   44.   46.   50.   52.   53.   54.   56.   59.
   59.   63.   69.   70.   73.   74.   81.   81.   84.   86.   91.   93.
   95.   99.  100.  100.][-98. -93. -92. -92. -91. -91. -89. -89. -82. -82. -82. -81. -81. -80.
 -79. -79. -78. -74. -71. -70. -69. -67. -66. -64. -61. -60. -58. -53.
 -50. -48. -39. -38. -36. -35. -35. -28. -26. -24. -20. -17. -13. -11.
 -11. -10. -10.  -9.  -7.  -4.  -2.  -1.  -1.   3.   6.  11.  13.  14.
  17.  17.  19.  19.  22.  22.  25.  25.  27.  30.  32.  32.  33.  33.
  38.  40.  43.  43.  47.  48.  50.  52.  53.  53.  54.  57.  59.  60.
  64.  65.  66.  67.  72.  74.  79.  81.  82.  84.  89.  91.  92.  95.
  96.  98.][-100.  -99.  -98.  -96.  -94.  -93.  -92.  -90.  -88.  -88.  -87.  -85.
  -85.  -84.  -83.  -79.  -77.  -75.  -73.  -70.  -68.  -68.  -64.  -64.
  -57.  -53.  -52.  -51.  -44.  -42.  -39.  -36.  -35.  -35.  -34.  -34.
  -32.  -31.  -29.  -24.  -22.  -16.  -15.  -14.  -12.  -11.   -7.   -6.
   -3.   -2.    2.    4.    5.    9.   13.   14.   16.   17.   19.   19.
   22.   22.   26.   32.   34.   35.   41.   41.   42.   43.   44.   44.
   48.   49.   50.   52.   52.   56.   58.   59.   59.   62.   65.   67.
   68.   69.   71.   78.   78.   84.   84.   87.   90.   91.   91.   92.
   93.   98.   99.   99.][-98. -97. -97. -96. -95. -93. -90. -88. -88. -81. -81. -78. -72. -70.
 -68. -66. -66. -63. -61. -59. -58. -57. -56. -52. -50. -46. -44. -44.
 -42. -34. -33. -32. -31. -28. -28. -25. -22. -20. -20. -18. -18. -18.
 -16. -14. -12.  -7.  -5.   0.   2.   2.   3.   4.   7.  11.  12.  17.
  17.  18.  21.  21.  24.  26.  27.  31.  31.  31.  33.  34.  34.  35.
  35.  37.  38.  39.  41.  42.  46.  46.  50.  50.  52.  56.  58.  70.
  71.  76.  77.  80.  83.  84.  86.  88.  88.  89.  89.  92.  92.  95.
  97.  98.][-99. -98. -97. -96. -93. -89. -89. -85. -81. -80. -78. -75. -74. -74.
 -72. -72. -71. -70. -68. -64. -61. -60. -60. -57. -56. -55. -54. -53.
 -53. -50. -48. -45. -44. -44. -39. -39. -37. -31. -27. -20. -19. -17.
 -14.  -9.  -6.  -5.  -5.  -3.  -1.   0.   2.   3.   4.  11.  12.  13.
  16.  22.  27.  31.  34.  35.  35.  38.  38.  39.  42.  44.  46.  47.
  48.  53.  58.  58.  59.  61.  62.  63.  65.  67.  69.  71.  72.  72.
  75.  77.  78.  80.  87.  88.  90.  91.  93.  93.  93.  95.  96.  96.
  96.  99.][-100.  -97.  -97.  -93.  -92.  -91.  -90.  -88.  -82.  -82.  -79.  -79.
  -78.  -78.  -72.  -71.  -71.  -59.  -58.  -56.  -52.  -50.  -50.  -50.
  -48.  -47.  -39.  -39.  -36.  -34.  -31.  -31.  -28.  -18.  -18.  -17.
  -14.  -14.  -13.  -12.  -12.  -12.  -10.  -10.  -10.   -9.   -5.   -4.
   -1.    1.    2.    2.    5.    6.    7.    7.   14.   14.   17.   18.
   18.   18.   25.   31.   31.   35.   36.   36.   36.   37.   38.   38.
   38.   39.   40.   40.   46.   47.   51.   52.   54.   57.   58.   58.
   59.   60.   61.   61.   64.   65.   66.   69.   70.   79.   82.   84.
   84.   91.   92.   95.][-98. -97. -94. -89. -86. -85. -83. -83. -77. -77. -75. -67. -66. -62.
 -62. -61. -59. -56. -53. -50. -47. -46. -44. -38. -37. -36. -33. -32.
 -31. -30. -23. -23. -19. -17. -17. -14. -14. -12. -11. -10.  -9.  -6.
   0.   8.   9.  10.  13.  16.  18.  18.  19.  21.  23.  23.  26.  27.
  31.  32.  32.  33.  34.  36.  38.  39.  42.  44.  44.  45.  45.  50.
  51.  52.  52.  53.  55.  57.  60.  64.  65.  68.  69.  70.  71.  73.
  77.  79.  82.  82.  83.  85.  85.  86.  87.  88.  88.  92.  92.  93.
  97.  98.][-99. -98. -97. -94. -93. -92. -92. -92. -87. -86. -84. -83. -83. -78.
 -75. -75. -74. -73. -73. -72. -69. -61. -61. -60. -54. -53. -50. -50.
 -48. -48. -46. -44. -44. -44. -43. -42. -41. -40. -38. -33. -32. -29.
 -27. -26. -22. -20. -16. -14. -12.  -8.   1.   3.   6.  10.  10.  11.
  16.  17.  18.  19.  21.  21.  22.  23.  24.  27.  28.  29.  33.  34.
  36.  40.  43.  45.  47.  49.  51.  53.  56.  57.  64.  64.  68.  71.
  71.  73.  74.  77.  82.  85.  85.  88.  89.  91.  91.  96.  97.  97.
 100. 100.][-98. -98. -97. -97. -93. -91. -85. -84. -83. -82. -82. -78. -77. -73.
 -68. -66. -60. -60. -59. -57. -56. -54. -53. -51. -50. -49. -42. -40.
 -40. -40. -36. -32. -30. -29. -26. -23. -20. -17. -15. -13. -11. -10.
 -10.  -6.  -3.  -1.   0.   2.   3.   3.   7.   9.  10.  15.  15.  16.
  17.  17.  18.  19.  19.  20.  23.  23.  23.  31.  32.  33.  37.  39.
  42.  46.  48.  48.  49.  51.  52.  53.  54.  55.  57.  57.  61.  63.
  63.  64.  65.  69.  74.  77.  81.  82.  85.  89.  90.  94.  96.  97.
  97.  98.][-99. -98. -93. -91. -91. -87. -85. -84. -82. -81. -80. -75. -75. -71.
 -69. -58. -55. -44. -44. -43. -41. -40. -39. -37. -37. -36. -35. -34.
 -32. -31. -28. -28. -27. -24. -24. -24. -22. -21. -21. -17. -16. -15.
 -15. -10.  -4.  -1.  -1.   0.   1.   2.   2.   4.   5.   5.   7.  12.
  13.  15.  16.  19.  19.  22.  22.  26.  30.  32.  35.  38.  39.  39.
  45.  47.  48.  49.  49.  51.  52.  54.  56.  58.  61.  62.  62.  63.
  65.  65.  74.  77.  77.  77.  81.  81.  85.  87.  88.  89.  91.  93.
  97. 100.][-100.  -99.  -98.  -96.  -96.  -96.  -94.  -92.  -91.  -91.  -89.  -89.
  -88.  -88.  -87.  -85.  -85.  -78.  -77.  -74.  -74.  -74.  -73.  -68.
  -68.  -67.  -66.  -62.  -61.  -54.  -53.  -50.  -49.  -44.  -42.  -42.
  -39.  -33.  -33.  -32.  -32.  -28.  -22.  -21.  -20.  -19.  -13.  -13.
   -9.   -8.   -7.   -7.   -6.   -5.   -4.   -3.    0.    0.    1.    1.
    1.    1.    4.    4.    8.   12.   18.   20.   27.   27.   29.   29.
   31.   31.   34.   36.   39.   41.   45.   47.   49.   51.   55.   55.
   65.   70.   72.   72.   72.   74.   75.   76.   78.   78.   79.   85.
   88.   95.   96.   98.][-99. -99. -97. -97. -97. -97. -96. -95. -93. -91. -90. -87. -87. -85.
 -85. -83. -80. -78. -77. -76. -73. -71. -71. -66. -66. -61. -61. -58.
 -57. -55. -52. -50. -49. -46. -45. -45. -44. -43. -43. -42. -42. -41.
 -34. -33. -29. -29. -28. -23. -20. -17.  -5.  -5.  -4.  -3.   0.   4.
   5.   6.  11.  13.  16.  18.  18.  20.  26.  28.  28.  28.  31.  31.
  32.  43.  43.  49.  50.  53.  59.  61.  62.  62.  67.  69.  69.  70.
  70.  73.  74.  74.  75.  81.  82.  84.  90.  92.  93.  93.  95.  96.
  97. 100.][-100.  -98.  -92.  -92.  -90.  -86.  -85.  -85.  -84.  -83.  -82.  -81.
  -80.  -77.  -75.  -74.  -69.  -67.  -65.  -64.  -62.  -61.  -60.  -58.
  -57.  -57.  -56.  -53.  -51.  -48.  -42.  -41.  -38.  -36.  -30.  -27.
  -26.  -26.  -24.  -24.  -20.  -19.  -18.  -17.  -17.  -15.  -15.   -9.
   -7.   -5.   -3.   -3.   -3.   -2.    2.    3.    4.    5.    5.    9.
   11.   13.   16.   17.   17.   22.   29.   29.   30.   32.   35.   35.
   39.   42.   46.   48.   51.   53.   53.   54.   56.   57.   65.   66.
   70.   71.   73.   76.   77.   77.   79.   79.   80.   80.   81.   87.
   90.   91.   93.  100.][-100.  -98.  -97.  -92.  -86.  -84.  -84.  -83.  -83.  -82.  -81.  -79.
  -76.  -73.  -69.  -65.  -63.  -62.  -62.  -61.  -61.  -60.  -57.  -49.
  -48.  -44.  -42.  -37.  -36.  -36.  -35.  -34.  -32.  -31.  -31.  -29.
  -26.  -24.  -21.  -19.  -18.  -16.  -14.  -11.  -10.   -7.   -7.   -1.
    0.    0.    0.    6.    8.   10.   11.   12.   13.   14.   14.   15.
   18.   22.   23.   25.   27.   28.   29.   30.   31.   31.   34.   34.
   44.   44.   48.   54.   60.   62.   67.   70.   70.   70.   75.   78.
   80.   85.   85.   87.   88.   91.   93.   94.   94.   94.   95.   95.
   96.   97.   98.  100.][-100.  -99.  -99.  -97.  -97.  -97.  -96.  -96.  -96.  -95.  -94.  -92.
  -91.  -89.  -87.  -87.  -82.  -79.  -76.  -76.  -76.  -73.  -58.  -56.
  -47.  -45.  -41.  -39.  -38.  -38.  -37.  -36.  -35.  -31.  -31.  -30.
  -29.  -29.  -28.  -26.  -24.  -24.  -23.  -19.  -17.   -9.   -7.   -7.
   -6.   -6.   -1.    1.    4.   12.   13.   14.   15.   16.   19.   19.
   22.   24.   27.   28.   30.   34.   37.   39.   44.   47.   47.   48.
   48.   51.   54.   58.   59.   60.   62.   63.   67.   68.   68.   71.
   74.   76.   80.   80.   81.   82.   83.   84.   86.   87.   91.   92.
   94.   94.   94.   95.][-97. -94. -93. -87. -85. -83. -82. -80. -79. -77. -76. -74. -73. -72.
 -72. -71. -71. -71. -64. -58. -58. -58. -57. -56. -55. -52. -45. -45.
 -42. -36. -31. -28. -24. -24. -23. -21. -20. -20. -18. -11.  -9.  -7.
  -7.  -3.  -3.   0.   3.   3.   5.   6.   9.   9.   9.  11.  12.  12.
  12.  14.  14.  15.  16.  16.  18.  19.  22.  23.  24.  24.  24.  29.
  32.  42.  42.  43.  44.  44.  44.  45.  48.  50.  50.  50.  57.  58.
  59.  60.  62.  64.  67.  76.  78.  84.  90.  91.  93.  96.  96.  96.
  98.  99.][-95. -93. -93. -92. -91. -89. -87. -86. -86. -85. -84. -83. -83. -82.
 -77. -76. -74. -73. -63. -62. -59. -55. -53. -49. -48. -46. -44. -42.
 -37. -31. -25. -24. -21. -17. -16. -16. -15.  -9.  -7.  -7.   1.   2.
   5.   6.   6.   7.  17.  17.  20.  21.  21.  30.  30.  32.  32.  33.
  34.  40.  41.  42.  43.  45.  46.  46.  46.  46.  48.  49.  51.  52.
  56.  57.  58.  62.  62.  64.  66.  68.  70.  72.  76.  76.  81.  81.
  82.  84.  89.  90.  90.  92.  93.  94.  94.  94.  95.  95.  95.  97.
  97. 100.][-99. -96. -90. -89. -88. -87. -87. -87. -84. -84. -81. -80. -79. -79.
 -76. -74. -74. -61. -60. -59. -57. -57. -55. -54. -52. -46. -42. -40.
 -37. -36. -35. -35. -35. -33. -32. -32. -30. -25. -25. -23. -21. -18.
 -16. -16. -15. -15. -13. -12. -11. -11. -10.  -6.  -4.  -4.  -2.   0.
   0.   0.   3.  10.  13.  14.  16.  17.  22.  23.  24.  26.  28.  33.
  33.  40.  42.  44.  46.  48.  50.  51.  57.  59.  60.  62.  71.  72.
  73.  73.  74.  75.  76.  78.  78.  80.  81.  82.  86.  87.  88.  88.
  92.  95.][-100. -100.  -97.  -96.  -96.  -94.  -91.  -90.  -86.  -86.  -84.  -83.
  -83.  -83.  -82.  -81.  -78.  -77.  -77.  -75.  -73.  -71.  -70.  -69.
  -68.  -66.  -62.  -60.  -60.  -59.  -59.  -59.  -54.  -52.  -51.  -48.
  -42.  -40.  -37.  -31.  -31.  -29.  -28.  -28.  -24.  -23.  -20.  -13.
  -12.  -10.   -7.   -1.    2.    2.    7.   12.   14.   15.   16.   17.
   18.   19.   19.   19.   20.   21.   22.   23.   27.   27.   28.   28.
   29.   32.   33.   38.   39.   40.   42.   44.   45.   46.   46.   51.
   52.   52.   61.   62.   63.   63.   64.   64.   65.   71.   82.   86.
   90.   94.   98.   99.][-99. -97. -97. -95. -95. -94. -89. -89. -89. -86. -84. -77. -76. -75.
 -75. -71. -68. -67. -66. -63. -61. -61. -57. -54. -51. -51. -49. -45.
 -42. -40. -37. -36. -34. -33. -28. -28. -24. -23. -20. -18. -18. -18.
 -16. -16. -15. -15. -12. -10.  -9.  -8.  -7.  -6.  -3.  -3.  -2.   1.
   4.   5.   5.   6.   7.   9.  10.  12.  14.  17.  20.  21.  22.  29.
  32.  35.  37.  39.  52.  52.  52.  52.  53.  57.  58.  58.  58.  59.
  59.  60.  60.  62.  71.  71.  73.  74.  75.  76.  86.  92.  94.  95.
  99. 100.][-100.  -98.  -95.  -94.  -92.  -92.  -92.  -92.  -91.  -84.  -83.  -79.
  -78.  -75.  -75.  -75.  -60.  -58.  -56.  -54.  -54.  -53.  -52.  -52.
  -48.  -47.  -42.  -42.  -40.  -30.  -27.  -26.  -19.  -18.  -17.  -15.
  -15.  -15.  -14.  -14.   -9.   -5.   -1.    1.    1.    1.    1.    7.
   13.   15.   16.   17.   18.   22.   23.   23.   25.   28.   29.   29.
   29.   29.   29.   30.   32.   32.   39.   41.   41.   42.   47.   49.
   51.   56.   56.   60.   61.   62.   63.   64.   66.   66.   67.   73.
   73.   76.   77.   78.   80.   80.   80.   84.   86.   87.   89.   91.
   92.   95.   97.  100.][-100.  -99.  -98.  -98.  -96.  -94.  -89.  -89.  -87.  -86.  -80.  -80.
  -78.  -77.  -77.  -76.  -76.  -71.  -69.  -69.  -66.  -65.  -58.  -57.
  -56.  -55.  -54.  -53.  -49.  -47.  -44.  -42.  -40.  -40.  -36.  -33.
  -32.  -32.  -30.  -28.  -28.  -27.  -27.  -21.  -20.  -15.  -14.  -13.
  -11.   -9.   -9.   -8.   -8.   -7.   -7.   -5.    2.    3.    5.    8.
    8.   13.   15.   16.   17.   18.   18.   18.   19.   20.   24.   26.
   26.   30.   34.   40.   40.   40.   42.   42.   42.   44.   47.   55.
   57.   57.   61.   61.   62.   65.   67.   68.   71.   77.   78.   84.
   84.   85.   95.   97.][-99. -91. -91. -89. -88. -86. -84. -79. -78. -76. -76. -75. -69. -67.
 -65. -65. -63. -61. -61. -61. -57. -48. -47. -45. -44. -38. -35. -35.
 -35. -34. -34. -34. -33. -32. -31. -31. -31. -28. -27. -24. -22. -20.
 -18. -17. -17. -11. -10.  -7.  -4.  -3.  -3.  -2.   1.   2.   2.   4.
   6.  10.  12.  13.  15.  20.  23.  24.  27.  34.  36.  41.  42.  46.
  47.  47.  52.  52.  53.  55.  56.  57.  59.  60.  63.  65.  66.  67.
  69.  69.  69.  72.  72.  75.  79.  80.  82.  83.  87.  87.  88.  93.
  94.  95.][-100. -100.  -99.  -95.  -94.  -93.  -93.  -90.  -86.  -84.  -79.  -78.
  -75.  -72.  -70.  -67.  -65.  -63.  -60.  -58.  -56.  -54.  -51.  -47.
  -46.  -41.  -41.  -37.  -35.  -34.  -33.  -28.  -27.  -26.  -25.  -23.
  -22.  -22.  -16.  -15.  -14.  -14.  -12.   -7.   -6.   -4.   -2.   -1.
    0.    1.    3.    4.    5.    8.    9.   12.   14.   17.   18.   18.
   19.   20.   22.   24.   27.   29.   30.   35.   38.   44.   44.   46.
   50.   54.   54.   55.   56.   60.   61.   62.   62.   68.   70.   71.
   71.   73.   79.   79.   81.   81.   87.   89.   90.   92.   93.   96.
   98.   99.  100.  100.][-100.  -96.  -96.  -90.  -89.  -88.  -85.  -85.  -79.  -75.  -75.  -74.
  -74.  -74.  -71.  -71.  -69.  -68.  -64.  -64.  -62.  -60.  -59.  -58.
  -55.  -52.  -51.  -48.  -48.  -47.  -42.  -37.  -35.  -35.  -32.  -31.
  -31.  -30.  -30.  -27.  -23.  -14.  -14.  -14.  -11.   -9.   -5.   -3.
   -1.    1.    2.    5.    9.   10.   10.   17.   18.   20.   24.   26.
   26.   29.   30.   31.   33.   34.   34.   36.   36.   38.   39.   39.
   43.   43.   46.   47.   48.   50.   55.   55.   60.   67.   69.   69.
   69.   73.   74.   75.   76.   76.   77.   80.   81.   90.   90.   91.
   92.   94.   94.   96.][-100.  -97.  -94.  -94.  -87.  -87.  -83.  -76.  -75.  -74.  -74.  -72.
  -67.  -67.  -65.  -64.  -64.  -63.  -62.  -62.  -60.  -60.  -59.  -55.
  -54.  -53.  -53.  -52.  -50.  -50.  -38.  -36.  -30.  -29.  -29.  -29.
  -28.  -22.  -16.   -7.   -5.   -5.   -2.   -1.    0.    2.    5.    5.
   13.   17.   21.   21.   22.   22.   22.   24.   24.   25.   27.   27.
   28.   29.   30.   33.   35.   37.   38.   43.   44.   51.   51.   54.
   56.   56.   57.   57.   58.   60.   62.   63.   69.   69.   73.   75.
   75.   77.   80.   84.   84.   87.   87.   88.   92.   93.   95.   97.
   97.   97.   98.   98.][-100.  -95.  -93.  -90.  -89.  -88.  -88.  -86.  -86.  -85.  -84.  -83.
  -80.  -79.  -78.  -77.  -74.  -66.  -63.  -56.  -55.  -55.  -52.  -45.
  -39.  -37.  -36.  -35.  -34.  -30.  -28.  -25.  -22.  -22.  -21.  -19.
  -19.  -17.  -13.  -13.  -12.  -12.  -12.  -11.   -9.   -8.   -7.   -4.
   -4.   -4.   -2.   -1.    2.    2.    6.    8.   10.   13.   15.   16.
   17.   17.   20.   22.   27.   30.   33.   33.   37.   38.   38.   44.
   49.   51.   51.   52.   57.   58.   60.   62.   62.   67.   69.   71.
   74.   74.   74.   75.   75.   76.   76.   79.   79.   80.   82.   84.
   89.   99.  100.  100.][-100.  -98.  -97.  -96.  -95.  -93.  -90.  -89.  -88.  -88.  -87.  -83.
  -83.  -82.  -76.  -70.  -65.  -63.  -62.  -62.  -59.  -56.  -53.  -51.
  -51.  -49.  -49.  -48.  -44.  -42.  -41.  -38.  -36.  -36.  -29.  -28.
  -22.  -19.  -18.  -18.  -15.  -12.  -11.  -10.   -9.   -8.   -6.   -3.
    1.    7.    8.    9.   15.   15.   16.   17.   17.   18.   20.   20.
   22.   23.   24.   26.   26.   27.   28.   28.   36.   39.   39.   40.
   42.   43.   44.   44.   45.   50.   52.   59.   59.   62.   64.   65.
   65.   68.   69.   70.   76.   77.   79.   79.   79.   80.   87.   89.
   94.   96.   96.   98.][-95. -95. -93. -93. -92. -91. -91. -89. -87. -85. -85. -84. -82. -78.
 -78. -76. -72. -70. -67. -65. -65. -59. -59. -58. -56. -51. -51. -47.
 -44. -42. -41. -40. -38. -32. -32. -28. -26. -23. -21. -20. -18. -18.
 -12. -12.  -9.  -5.   0.   1.   4.   6.   7.  13.  13.  21.  21.  23.
  24.  31.  34.  38.  38.  39.  39.  40.  43.  45.  49.  53.  57.  59.
  59.  63.  64.  67.  67.  67.  70.  72.  74.  74.  76.  76.  77.  78.
  78.  81.  82.  85.  87.  91.  91.  92.  92.  94.  95.  95.  96.  96.
  96.  97.][-99. -99. -97. -96. -95. -94. -93. -93. -92. -91. -89. -88. -87. -85.
 -85. -84. -81. -78. -76. -74. -71. -70. -65. -64. -64. -63. -60. -57.
 -56. -53. -45. -39. -39. -38. -37. -36. -35. -33. -31. -30. -28. -20.
 -20. -18.  -9.  -8.  -2.  -1.   0.   0.   2.   5.   9.  14.  15.  15.
  16.  17.  23.  23.  27.  30.  30.  31.  35.  41.  45.  46.  47.  50.
  51.  51.  51.  57.  58.  59.  61.  61.  62.  63.  66.  67.  68.  73.
  75.  76.  77.  81.  83.  83.  84.  86.  87.  87.  88.  90.  90.  92.
  96. 100.][-100. -100. -100.  -97.  -96.  -93.  -86.  -84.  -82.  -82.  -82.  -78.
  -77.  -77.  -73.  -70.  -66.  -66.  -63.  -61.  -60.  -57.  -55.  -53.
  -51.  -51.  -49.  -48.  -48.  -48.  -45.  -44.  -43.  -40.  -40.  -39.
  -34.  -33.  -31.  -26.  -20.  -14.  -10.   -8.   -2.    0.    0.    2.
    2.    6.    9.   10.   10.   13.   15.   17.   17.   18.   20.   20.
   21.   21.   22.   23.   27.   29.   32.   33.   44.   44.   48.   48.
   49.   52.   52.   53.   55.   57.   57.   58.   59.   64.   66.   67.
   68.   68.   69.   69.   70.   70.   71.   72.   77.   82.   83.   85.
   86.   89.   89.   91.][-99. -97. -97. -96. -93. -93. -93. -93. -92. -89. -87. -86. -80. -79.
 -74. -71. -70. -69. -66. -61. -60. -60. -58. -58. -56. -56. -54. -51.
 -50. -49. -46. -45. -40. -33. -31. -29. -24. -22. -17. -17. -17. -11.
  -7.  -6.  -4.  -1.   0.   2.   6.   9.  10.  10.  11.  13.  15.  18.
  18.  19.  19.  20.  21.  22.  23.  25.  28.  31.  35.  36.  36.  36.
  39.  40.  41.  44.  47.  50.  53.  55.  56.  56.  61.  72.  73.  73.
  76.  77.  80.  80.  81.  89.  90.  94.  95.  95.  97.  97.  98.  98.
  99. 100.][-98. -94. -93. -92. -89. -87. -87. -84. -84. -81. -81. -78. -77. -69.
 -69. -66. -66. -65. -62. -61. -60. -56. -54. -51. -51. -49. -47. -46.
 -45. -44. -44. -42. -40. -39. -35. -33. -32. -31. -30. -28. -22. -20.
 -19. -17. -13. -12. -10.  -7.  -1.   1.   2.   3.  11.  12.  14.  19.
  19.  22.  24.  27.  29.  29.  30.  30.  35.  37.  38.  39.  40.  41.
  43.  47.  49.  51.  51.  55.  55.  56.  58.  58.  60.  60.  60.  62.
  70.  73.  73.  74.  74.  74.  75.  75.  76.  77.  77.  82.  89.  96.
  97. 100.][-99. -96. -93. -87. -83. -81. -80. -78. -77. -76. -75. -74. -74. -71.
 -69. -65. -64. -63. -61. -55. -53. -44. -43. -40. -40. -38. -38. -37.
 -35. -34. -27. -26. -26. -25. -25. -24. -24. -22. -20. -18.  -9.  -9.
  -8.  -6.  -5.  -4.  -2.   1.   2.   3.   4.   4.   9.  13.  14.  16.
  18.  20.  23.  29.  29.  29.  31.  31.  33.  34.  38.  39.  41.  45.
  50.  50.  52.  53.  53.  58.  64.  65.  66.  72.  72.  73.  73.  77.
  79.  82.  84.  86.  86.  87.  89.  90.  91.  94.  97.  97.  97.  97.
  98. 100.][-99. -99. -98. -96. -95. -93. -93. -89. -88. -88. -86. -79. -71. -71.
 -70. -64. -58. -55. -51. -51. -48. -48. -41. -41. -37. -37. -35. -34.
 -32. -27. -26. -25. -22. -14.  -7.   1.   1.   4.   6.   6.   8.   8.
  10.  12.  12.  13.  14.  14.  16.  17.  17.  18.  18.  22.  22.  23.
  24.  26.  27.  27.  28.  28.  29.  44.  45.  47.  51.  52.  53.  55.
  56.  56.  58.  58.  59.  61.  62.  62.  64.  64.  65.  73.  74.  75.
  75.  76.  78.  80.  80.  86.  87.  88.  91.  91.  94.  95.  95.  97.
  98.  99.][-100. -100.  -99.  -95.  -94.  -94.  -93.  -90.  -82.  -80.  -80.  -74.
  -66.  -66.  -66.  -63.  -61.  -61.  -57.  -57.  -56.  -56.  -55.  -54.
  -54.  -54.  -53.  -53.  -49.  -48.  -46.  -43.  -39.  -33.  -31.  -30.
  -25.  -25.  -24.  -22.  -16.  -15.  -13.  -10.   -8.   -2.    2.    3.
    5.    7.    9.   10.   15.   20.   20.   21.   22.   25.   26.   28.
   29.   31.   31.   32.   32.   34.   38.   39.   39.   40.   41.   44.
   51.   51.   52.   53.   53.   54.   55.   57.   58.   58.   64.   67.
   68.   69.   76.   77.   79.   81.   82.   82.   85.   88.   89.   92.
   92.   94.   96.   98.][-100. -100. -100.  -98.  -92.  -91.  -88.  -87.  -87.  -87.  -83.  -81.
  -78.  -78.  -73.  -72.  -65.  -64.  -64.  -61.  -60.  -58.  -55.  -55.
  -54.  -52.  -48.  -47.  -46.  -39.  -38.  -35.  -33.  -30.  -29.  -28.
  -28.  -26.  -25.  -25.  -24.  -21.  -17.  -16.  -15.  -15.  -15.  -15.
   -8.   -6.   -5.   -3.   -3.    1.    2.    3.    8.   13.   13.   14.
   15.   16.   18.   20.   21.   22.   24.   29.   33.   34.   36.   38.
   41.   43.   57.   60.   61.   61.   62.   67.   69.   69.   70.   72.
   74.   75.   75.   78.   78.   79.   81.   83.   84.   85.   88.   89.
   90.   93.   96.   98.][-100.  -95.  -92.  -91.  -90.  -90.  -88.  -87.  -86.  -85.  -85.  -83.
  -78.  -77.  -77.  -74.  -72.  -71.  -65.  -64.  -63.  -62.  -59.  -57.
  -55.  -53.  -49.  -45.  -44.  -41.  -36.  -33.  -33.  -31.  -31.  -30.
  -27.  -27.  -27.  -26.  -24.  -15.  -15.  -14.  -12.  -10.  -10.   -7.
    1.    2.    4.    6.   11.   11.   18.   18.   25.   26.   31.   34.
   36.   36.   39.   39.   41.   42.   48.   50.   52.   53.   54.   56.
   58.   58.   58.   59.   59.   65.   66.   70.   71.   72.   72.   73.
   75.   75.   78.   80.   80.   80.   82.   83.   84.   87.   89.   91.
   92.   96.   98.   99.][-100. -100.  -99.  -98.  -97.  -97.  -96.  -92.  -92.  -91.  -90.  -88.
  -88.  -84.  -82.  -82.  -78.  -78.  -78.  -78.  -68.  -68.  -65.  -63.
  -62.  -61.  -61.  -60.  -58.  -50.  -44.  -44.  -43.  -42.  -42.  -42.
  -41.  -38.  -38.  -37.  -34.  -31.  -30.  -27.  -23.  -22.  -19.  -17.
  -16.  -16.  -15.  -12.   -9.   -8.   -7.   -4.   -3.   -1.    2.    5.
    7.    8.   13.   15.   15.   16.   16.   18.   19.   28.   28.   29.
   32.   33.   33.   35.   36.   39.   46.   48.   49.   51.   53.   54.
   58.   59.   61.   62.   65.   65.   69.   71.   72.   80.   84.   86.
   89.   89.   94.   97.][-97. -97. -96. -95. -95. -94. -93. -90. -90. -87. -86. -85. -83. -77.
 -74. -73. -67. -58. -57. -46. -45. -44. -42. -42. -40. -38. -36. -32.
 -32. -29. -28. -27. -26. -22. -21. -18. -18. -17. -15. -12. -12. -11.
 -10. -10. -10.  -9.  -9.  -4.  -4.  -3.   0.   5.   5.   7.  10.  11.
  13.  14.  18.  19.  25.  25.  28.  30.  30.  32.  32.  36.  38.  41.
  43.  43.  45.  46.  55.  58.  60.  61.  61.  62.  63.  64.  64.  65.
  65.  69.  74.  78.  80.  80.  83.  84.  85.  86.  90.  92.  92.  93.
  94.  96.][-98. -96. -96. -92. -92. -90. -90. -89. -89. -83. -82. -81. -80. -78.
 -75. -74. -71. -69. -64. -62. -59. -59. -58. -53. -53. -50. -44. -43.
 -42. -42. -41. -41. -38. -38. -35. -32. -31. -27. -23. -23. -22. -21.
 -13.  -8.  -8.  -6.  -5.  -4.  -4.  -3.   2.   7.   7.   9.  10.  11.
  16.  20.  21.  24.  26.  27.  29.  30.  30.  32.  34.  35.  35.  35.
  37.  38.  41.  42.  44.  47.  48.  49.  49.  54.  54.  57.  61.  61.
  64.  65.  66.  73.  74.  74.  76.  77.  79.  79.  81.  87.  90.  94.
  95.  98.][-99. -98. -96. -92. -91. -90. -86. -79. -79. -78. -77. -74. -73. -73.
 -70. -66. -65. -62. -56. -55. -54. -54. -54. -53. -49. -49. -46. -45.
 -45. -44. -43. -41. -40. -39. -37. -36. -35. -32. -29. -29. -28. -24.
 -24. -23. -20. -17. -13. -12. -11.   1.   3.   4.   4.   6.   7.   7.
  13.  14.  16.  17.  18.  21.  21.  24.  25.  28.  31.  32.  36.  37.
  38.  39.  39.  44.  47.  50.  52.  53.  54.  54.  55.  58.  59.  59.
  61.  73.  78.  79.  80.  85.  85.  85.  88.  91.  91.  98.  99.  99.
  99. 100.][-100.  -97.  -97.  -95.  -94.  -93.  -89.  -89.  -88.  -86.  -76.  -72.
  -68.  -68.  -64.  -63.  -58.  -52.  -49.  -46.  -42.  -41.  -41.  -38.
  -34.  -32.  -30.  -26.  -24.  -21.  -20.  -11.   -8.   -6.    1.    4.
    5.    5.    6.    7.    7.    9.   10.   11.   12.   12.   15.   18.
   18.   18.   19.   23.   25.   28.   28.   29.   32.   34.   37.   37.
   39.   41.   41.   42.   43.   44.   44.   46.   47.   48.   48.   49.
   50.   50.   51.   54.   55.   56.   57.   58.   61.   61.   62.   62.
   62.   64.   71.   74.   77.   77.   77.   83.   85.   87.   88.   88.
   90.   96.   97.   98.][-100.  -96.  -93.  -92.  -92.  -92.  -88.  -88.  -86.  -85.  -83.  -83.
  -80.  -80.  -78.  -77.  -73.  -71.  -65.  -61.  -58.  -57.  -55.  -53.
  -46.  -40.  -39.  -39.  -38.  -38.  -37.  -34.  -26.  -26.  -24.  -23.
  -23.  -22.  -13.  -13.  -11.   -9.   -6.   -4.   -1.   -1.    8.   10.
   13.   15.   17.   18.   18.   22.   23.   23.   28.   30.   32.   33.
   36.   40.   42.   43.   44.   44.   48.   51.   53.   53.   54.   55.
   58.   61.   70.   70.   71.   71.   75.   75.   76.   76.   78.   78.
   82.   83.   83.   90.   93.   94.   95.   97.   97.   97.   97.   98.
   98.   98.   98.  100.][-99. -96. -95. -95. -92. -87. -85. -85. -79. -77. -77. -76. -76. -74.
 -68. -67. -58. -56. -54. -54. -46. -44. -42. -42. -41. -38. -38. -35.
 -35. -33. -24. -23. -22. -22. -21. -20. -20. -19. -17. -15. -12. -11.
 -10. -10. -10.  -7.  -6.  -4.  -3.  -1.   0.   0.   2.   2.   2.   2.
   4.   5.   6.   8.  11.  14.  14.  15.  19.  21.  22.  22.  25.  25.
  27.  30.  34.  36.  42.  44.  44.  45.  47.  47.  49.  51.  55.  56.
  57.  60.  61.  63.  64.  67.  68.  72.  77.  78.  82.  82.  85.  97.
  98. 100.][-99. -97. -97. -97. -95. -93. -92. -90. -90. -86. -85. -85. -85. -81.
 -79. -78. -72. -64. -64. -64. -62. -61. -57. -56. -51. -48. -48. -47.
 -45. -44. -41. -36. -35. -34. -31. -30. -30. -27. -24. -20. -14. -13.
 -11.  -8.  -5.  -5.  -3.  -2.  -1.   7.   7.   9.   9.  13.  13.  14.
  20.  21.  21.  27.  27.  31.  31.  33.  34.  34.  34.  35.  35.  35.
  36.  37.  38.  38.  42.  51.  56.  59.  59.  63.  64.  65.  67.  69.
  70.  73.  74.  76.  78.  85.  86.  88.  90.  90.  91.  94.  95.  96.
  99.  99.][-100. -100. -100.  -96.  -95.  -95.  -95.  -91.  -88.  -83.  -81.  -71.
  -69.  -69.  -67.  -59.  -55.  -53.  -51.  -50.  -49.  -46.  -43.  -41.
  -37.  -36.  -36.  -34.  -33.  -30.  -30.  -26.  -22.  -22.  -21.  -18.
  -17.  -14.  -12.  -11.  -10.   -8.   -6.   -3.    1.    1.    2.    4.
    4.    5.    6.    7.    9.    9.   12.   13.   14.   16.   18.   19.
   20.   20.   21.   22.   28.   28.   32.   32.   33.   36.   36.   38.
   52.   54.   55.   57.   58.   59.   60.   64.   69.   72.   76.   77.
   79.   80.   81.   82.   86.   86.   89.   91.   94.   94.   95.   97.
   97.   99.  100.  100.][-99. -97. -96. -96. -94. -93. -91. -90. -89. -88. -88. -85. -84. -80.
 -80. -79. -78. -76. -75. -73. -72. -71. -71. -68. -67. -64. -62. -58.
 -53. -53. -52. -51. -47. -46. -45. -45. -45. -35. -34. -34. -29. -29.
 -28. -28. -25. -19. -18.  -9.  -8.  -7.  -5.  -3.  -3.   0.   2.   6.
   9.   9.  13.  13.  19.  21.  26.  33.  42.  44.  45.  46.  49.  52.
  53.  59.  61.  61.  61.  62.  65.  66.  66.  67.  68.  71.  72.  73.
  74.  76.  76.  78.  78.  80.  83.  84.  89.  91.  91.  95.  96.  98.
  99. 100.][-100.  -98.  -95.  -94.  -90.  -86.  -84.  -77.  -77.  -77.  -75.  -73.
  -70.  -66.  -66.  -65.  -65.  -65.  -63.  -63.  -61.  -61.  -61.  -61.
  -56.  -54.  -52.  -52.  -49.  -48.  -48.  -47.  -46.  -40.  -39.  -37.
  -37.  -36.  -28.  -27.  -22.  -21.  -21.  -20.  -13.  -11.  -10.   -9.
   -6.   -1.   -1.    0.    3.    5.    7.    8.    8.   10.   10.   13.
   14.   14.   16.   18.   19.   20.   22.   23.   31.   32.   33.   38.
   38.   38.   38.   40.   41.   43.   44.   50.   52.   54.   56.   59.
   59.   59.   60.   70.   71.   76.   77.   79.   83.   85.   89.   94.
   96.   97.   97.  100.][-99. -98. -98. -98. -96. -92. -92. -89. -88. -88. -88. -86. -86. -83.
 -83. -77. -76. -75. -75. -72. -68. -66. -65. -62. -58. -52. -46. -45.
 -45. -37. -37. -31. -29. -28. -27. -26. -24. -22. -20. -18. -17. -17.
 -16. -15. -10. -10.  -6.  -5.  -3.   0.   1.   3.   4.   4.   6.   7.
   9.  12.  13.  14.  14.  15.  15.  16.  17.  18.  20.  21.  24.  30.
  30.  31.  34.  36.  38.  40.  49.  51.  52.  55.  55.  56.  62.  63.
  64.  64.  67.  72.  81.  84.  85.  88.  89.  94.  95.  95.  96.  96.
  99. 100.][-98. -97. -89. -88. -88. -87. -87. -87. -85. -84. -84. -83. -82. -81.
 -80. -75. -74. -74. -74. -73. -73. -71. -68. -66. -61. -61. -61. -60.
 -59. -59. -57. -57. -52. -48. -45. -41. -36. -31. -27. -26. -25. -25.
 -25. -24. -24. -22. -21. -20. -20. -14. -13. -12. -11.  -6.  -2.  -1.
   4.  10.  11.  12.  13.  15.  16.  16.  18.  19.  21.  23.  23.  32.
  43.  45.  48.  53.  54.  56.  62.  64.  65.  66.  67.  68.  69.  70.
  72.  74.  74.  77.  79.  82.  84.  85.  88.  89.  90.  90.  90.  93.
  95. 100.][-92. -90. -85. -85. -85. -84. -83. -83. -78. -78. -77. -75. -73. -73.
 -72. -69. -67. -67. -66. -65. -62. -58. -56. -55. -52. -49. -48. -45.
 -41. -41. -39. -32. -30. -28. -26. -25. -24. -21. -21. -21. -20. -17.
 -17. -17. -16. -15. -14. -13. -11. -11. -10.  -9.  -7.  -4.  -3.   1.
   4.  11.  12.  12.  16.  17.  18.  20.  23.  27.  28.  28.  31.  38.
  39.  41.  42.  44.  45.  46.  48.  51.  52.  52.  52.  52.  63.  69.
  71.  72.  72.  73.  76.  77.  78.  78.  79.  79.  82.  95.  95.  96.
  99. 100.][-100.  -97.  -94.  -93.  -88.  -83.  -80.  -78.  -78.  -73.  -73.  -68.
  -66.  -66.  -65.  -61.  -60.  -60.  -57.  -57.  -55.  -47.  -44.  -42.
  -39.  -38.  -35.  -33.  -31.  -30.  -28.  -28.  -27.  -26.  -24.  -24.
  -23.  -22.  -21.  -21.  -20.  -19.  -18.  -16.  -14.  -13.  -13.  -10.
   -9.   -8.   -6.   -5.   -4.   -1.    4.   10.   13.   15.   16.   16.
   16.   18.   19.   20.   24.   29.   32.   33.   34.   34.   36.   37.
   38.   39.   40.   51.   53.   56.   56.   56.   58.   62.   65.   66.
   67.   68.   69.   70.   71.   73.   74.   78.   78.   80.   84.   85.
   87.   94.   97.  100.][-100.  -99.  -98.  -97.  -95.  -93.  -89.  -89.  -85.  -82.  -81.  -81.
  -81.  -81.  -79.  -77.  -77.  -74.  -72.  -71.  -69.  -68.  -68.  -64.
  -64.  -64.  -60.  -56.  -54.  -53.  -52.  -52.  -52.  -49.  -48.  -41.
  -41.  -39.  -37.  -34.  -34.  -31.  -30.  -30.  -19.  -12.  -11.   -7.
   -6.   -4.    0.    1.    1.    6.    9.   10.   11.   11.   13.   13.
   13.   14.   16.   17.   19.   20.   28.   35.   39.   41.   41.   43.
   49.   50.   53.   61.   61.   68.   71.   75.   76.   77.   79.   80.
   83.   85.   86.   87.   87.   89.   91.   92.   93.   94.   95.   95.
   98.   98.   99.  100.][-100.  -97.  -95.  -94.  -91.  -91.  -90.  -87.  -86.  -86.  -84.  -83.
  -79.  -79.  -76.  -73.  -70.  -68.  -68.  -66.  -64.  -63.  -63.  -59.
  -57.  -55.  -48.  -44.  -41.  -40.  -38.  -37.  -37.  -27.  -25.  -20.
  -20.  -18.  -18.  -16.  -15.  -15.  -15.  -14.  -13.  -13.  -13.  -11.
   -9.   -6.   -5.   -5.   -3.    0.    1.    1.    2.    3.   10.   10.
   11.   12.   18.   18.   25.   28.   38.   42.   45.   46.   47.   48.
   48.   49.   58.   58.   59.   59.   60.   61.   62.   63.   67.   69.
   74.   74.   75.   78.   79.   81.   81.   86.   89.   89.   90.   94.
   99.   99.   99.  100.][-100.  -97.  -95.  -94.  -93.  -92.  -91.  -88.  -86.  -85.  -83.  -82.
  -81.  -81.  -78.  -78.  -74.  -72.  -72.  -70.  -68.  -67.  -67.  -67.
  -65.  -65.  -65.  -60.  -60.  -50.  -41.  -41.  -36.  -35.  -35.  -34.
  -33.  -29.  -28.  -25.  -21.  -20.  -15.  -11.  -10.  -10.   -9.   -8.
   -6.   -5.   -5.    2.    2.    6.    8.   10.   12.   20.   21.   25.
   25.   25.   25.   27.   27.   27.   31.   32.   32.   37.   37.   38.
   41.   41.   49.   50.   51.   51.   51.   52.   53.   53.   56.   58.
   61.   61.   62.   65.   67.   74.   83.   87.   89.   89.   90.   92.
   92.   96.   97.  100.][-100.  -98.  -98.  -97.  -97.  -89.  -87.  -83.  -82.  -81.  -81.  -73.
  -71.  -68.  -67.  -65.  -63.  -62.  -59.  -59.  -59.  -58.  -56.  -56.
  -52.  -51.  -50.  -48.  -48.  -43.  -42.  -39.  -39.  -31.  -31.  -27.
  -27.  -21.  -21.  -19.  -19.  -18.  -18.  -13.  -13.  -11.  -11.  -10.
  -10.   -9.   -5.   -3.   -3.   -2.   -1.    0.    3.    5.    7.    9.
   11.   13.   14.   18.   19.   19.   20.   22.   26.   28.   29.   31.
   33.   42.   42.   45.   47.   51.   52.   54.   57.   59.   60.   68.
   71.   71.   73.   76.   79.   80.   81.   82.   82.   82.   83.   84.
   88.   88.   93.  100.][-99. -97. -96. -95. -94. -92. -90. -88. -79. -78. -76. -75. -74. -72.
 -68. -65. -63. -62. -61. -58. -57. -56. -56. -54. -54. -52. -52. -52.
 -51. -43. -41. -40. -39. -37. -35. -35. -33. -32. -29. -28. -23. -22.
 -21. -19. -11.  -9.  -7.  -4.  -2.  -1.   0.   0.   0.   0.   2.   6.
  11.  13.  13.  13.  16.  18.  19.  22.  22.  23.  24.  24.  30.  32.
  33.  34.  36.  47.  48.  51.  55.  59.  60.  64.  65.  65.  65.  65.
  68.  68.  68.  69.  71.  72.  74.  76.  81.  85.  88.  89.  92.  97.
  97.  98.][-95. -89. -89. -88. -86. -84. -82. -81. -80. -80. -79. -75. -74. -70.
 -70. -68. -65. -61. -60. -57. -55. -49. -48. -47. -45. -43. -42. -40.
 -38. -38. -37. -37. -36. -32. -31. -26. -26. -26. -25. -24. -20. -19.
 -16. -15. -13.  -9.  -7.  -2.  -1.  -1.   0.   1.   3.   4.   4.   8.
  11.  12.  13.  16.  19.  19.  20.  22.  24.  26.  27.  30.  31.  34.
  35.  36.  39.  44.  45.  47.  47.  49.  49.  51.  52.  55.  58.  60.
  62.  65.  69.  70.  78.  81.  84.  84.  86.  86.  89.  94.  95.  95.
  98.  99.][-98. -95. -95. -94. -93. -93. -90. -84. -84. -83. -81. -81. -79. -79.
 -78. -77. -77. -71. -71. -70. -69. -67. -66. -66. -65. -62. -62. -54.
 -40. -40. -37. -36. -29. -23. -20. -18. -17. -17. -16. -12. -11. -11.
 -10.  -4.  -4.  -4.  -3.  -2.  -2.   0.   1.   1.   7.  10.  11.  12.
  15.  16.  20.  20.  23.  26.  33.  46.  47.  47.  50.  50.  52.  53.
  56.  57.  57.  60.  62.  64.  68.  68.  69.  71.  73.  73.  73.  77.
  78.  79.  79.  80.  82.  83.  86.  87.  89.  91.  92.  94.  95.  96.
  98. 100.][-97. -93. -92. -87. -82. -82. -78. -74. -73. -73. -73. -72. -70. -70.
 -68. -67. -64. -64. -62. -61. -58. -57. -55. -53. -52. -51. -49. -48.
 -45. -42. -42. -42. -40. -39. -38. -35. -34. -33. -31. -28. -27. -27.
 -25. -23. -22. -21. -16. -15. -14. -13. -13. -12. -10.  -8.  -5.  -3.
  -2.  -2.   3.   5.   6.   9.  10.  13.  14.  15.  15.  16.  17.  23.
  25.  27.  28.  35.  35.  37.  38.  39.  42.  42.  49.  50.  53.  55.
  55.  56.  58.  58.  61.  65.  66.  67.  69.  81.  82.  84.  90.  97.
  97.  99.][-97. -96. -96. -94. -91. -90. -88. -87. -85. -83. -82. -80. -75. -72.
 -71. -69. -68. -66. -65. -65. -57. -56. -56. -49. -46. -45. -40. -38.
 -37. -35. -30. -27. -27. -20. -19. -10.  -9.  -4.  -3.  -2.   1.   4.
   5.   9.   9.  12.  13.  13.  14.  15.  17.  18.  18.  19.  22.  23.
  28.  29.  30.  30.  31.  34.  35.  35.  39.  41.  43.  44.  44.  44.
  46.  49.  52.  54.  55.  58.  60.  64.  65.  66.  67.  67.  69.  69.
  72.  73.  73.  73.  79.  80.  80.  81.  83.  83.  87.  87.  93.  96.
  97. 100.][-98. -93. -93. -93. -92. -91. -90. -87. -87. -86. -85. -79. -78. -78.
 -76. -72. -69. -63. -59. -57. -52. -50. -49. -48. -47. -46. -45. -44.
 -44. -43. -43. -39. -35. -35. -35. -32. -32. -29. -28. -20. -19. -18.
 -18. -18. -13. -11. -11.  -7.  -4.   0.   1.   1.   8.   9.  10.  15.
  16.  17.  20.  25.  27.  28.  30.  31.  31.  32.  32.  33.  33.  34.
  37.  39.  44.  52.  52.  56.  60.  61.  62.  63.  64.  64.  64.  65.
  66.  66.  68.  69.  77.  78.  78.  83.  84.  87.  89.  94.  94.  95.
  98.  98.][-99. -98. -98. -97. -96. -95. -94. -90. -89. -87. -86. -83. -82. -78.
 -78. -76. -74. -73. -66. -64. -61. -61. -60. -60. -59. -58. -57. -55.
 -51. -38. -34. -33. -30. -28. -27. -27. -26. -19. -18. -16. -12. -11.
 -10. -10.  -7.   0.   0.   0.   1.   5.   6.   6.   6.   8.   9.  10.
  11.  12.  16.  16.  18.  19.  20.  22.  22.  28.  30.  30.  34.  34.
  34.  35.  36.  37.  38.  44.  45.  47.  51.  53.  54.  56.  59.  60.
  64.  64.  67.  68.  70.  71.  72.  77.  84.  86.  87.  87.  93.  94.
  96.  97.][-98. -97. -97. -97. -92. -88. -87. -86. -82. -80. -79. -78. -75. -71.
 -68. -67. -67. -66. -64. -62. -57. -56. -56. -54. -43. -43. -43. -41.
 -41. -40. -39. -33. -30. -30. -26. -25. -23. -22. -21. -20. -19. -17.
 -16. -15. -15.  -6.   0.   1.   1.   2.   4.   5.   9.   9.  11.  12.
  15.  27.  27.  29.  32.  34.  36.  37.  39.  47.  48.  49.  50.  53.
  56.  57.  58.  60.  61.  61.  63.  63.  66.  67.  68.  76.  77.  77.
  77.  78.  81.  84.  86.  87.  88.  91.  92.  93.  93.  93.  95.  97.
  97.  98.][-99. -99. -98. -98. -98. -98. -96. -88. -85. -79. -79. -78. -77. -77.
 -76. -76. -76. -74. -73. -73. -72. -71. -69. -68. -67. -64. -64. -62.
 -62. -57. -56. -56. -52. -40. -31. -31. -27. -25. -22. -18. -17. -12.
 -11. -10.  -7.  -7.  -6.  -2.  -1.   1.   2.   2.   2.   3.   4.   6.
   8.  10.  12.  14.  17.  17.  19.  19.  19.  20.  23.  24.  28.  30.
  35.  45.  49.  51.  53.  56.  57.  58.  61.  63.  64.  65.  65.  67.
  69.  70.  70.  70.  71.  72.  78.  79.  82.  85.  91.  96.  97.  97.
  98. 100.][-100.  -99.  -98.  -98.  -97.  -96.  -93.  -89.  -89.  -88.  -86.  -84.
  -81.  -80.  -80.  -78.  -77.  -74.  -73.  -73.  -70.  -68.  -65.  -61.
  -61.  -51.  -50.  -47.  -45.  -43.  -42.  -41.  -41.  -37.  -32.  -31.
  -22.  -21.  -21.  -21.  -16.  -14.  -13.  -12.  -11.   -8.   -7.   -4.
   -2.   -1.   -1.    0.    2.    2.    3.    9.   10.   11.   13.   14.
   15.   15.   17.   17.   20.   21.   21.   24.   25.   27.   27.   30.
   31.   34.   35.   35.   35.   37.   43.   46.   47.   53.   54.   56.
   58.   61.   61.   66.   67.   68.   70.   74.   81.   86.   89.   90.
   90.   91.   93.   94.][-100.  -97.  -97.  -96.  -96.  -94.  -90.  -87.  -83.  -82.  -81.  -81.
  -80.  -80.  -74.  -73.  -63.  -62.  -62.  -61.  -59.  -53.  -53.  -49.
  -49.  -48.  -48.  -47.  -47.  -46.  -43.  -43.  -38.  -37.  -30.  -30.
  -29.  -24.  -23.  -21.  -21.  -21.  -20.  -20.  -18.  -13.  -11.   -2.
   -1.    0.    0.    7.    7.    7.    9.   11.   16.   16.   17.   18.
   18.   25.   27.   34.   38.   39.   40.   41.   44.   44.   46.   47.
   51.   54.   59.   61.   62.   63.   66.   72.   75.   75.   77.   78.
   82.   84.   85.   86.   86.   88.   89.   90.   90.   90.   95.   96.
   96.   97.   97.   98.][-98. -97. -97. -96. -94. -93. -88. -86. -84. -83. -82. -82. -80. -77.
 -76. -75. -74. -73. -72. -69. -65. -52. -51. -50. -50. -48. -48. -47.
 -45. -44. -41. -38. -38. -37. -33. -32. -31. -29. -21. -19. -15. -10.
  -8.  -8.  -8.  -7.  -7.  -7.  -2.   1.   1.   4.   4.   6.   9.   9.
  15.  26.  26.  27.  27.  30.  32.  32.  33.  37.  39.  39.  42.  45.
  45.  46.  48.  51.  51.  52.  53.  54.  56.  57.  58.  63.  66.  68.
  72.  74.  74.  77.  78.  80.  80.  82.  86.  89.  93.  93.  94.  98.
  98. 100.][-97. -95. -95. -95. -95. -94. -92. -92. -87. -87. -86. -66. -64. -64.
 -63. -62. -62. -61. -57. -56. -55. -53. -51. -49. -48. -47. -44. -44.
 -41. -40. -37. -37. -36. -35. -33. -29. -23. -22.  -9.  -9.  -9.  -8.
  -4.   1.   2.   4.   6.   9.  12.  15.  16.  18.  18.  24.  25.  26.
  27.  29.  30.  32.  35.  36.  38.  41.  41.  41.  42.  44.  47.  48.
  49.  51.  52.  54.  54.  57.  59.  61.  62.  62.  64.  65.  68.  70.
  71.  72.  72.  72.  74.  75.  78.  78.  80.  91.  92.  95.  96.  96.
  97.  97.][-98. -96. -96. -94. -92. -86. -85. -84. -83. -83. -82. -82. -79. -77.
 -74. -72. -70. -65. -65. -65. -64. -64. -63. -63. -61. -61. -61. -60.
 -56. -53. -52. -52. -51. -48. -48. -45. -43. -40. -40. -38. -34. -33.
 -32. -30. -29. -26. -21. -17. -17. -16. -16. -14. -14. -10. -10.  -8.
  -6.  -5.  -3.  -2.   2.   8.  15.  18.  19.  21.  25.  27.  28.  30.
  31.  35.  37.  39.  39.  43.  44.  45.  45.  46.  47.  50.  55.  57.
  61.  66.  66.  67.  76.  76.  77.  78.  80.  80.  83.  87.  88.  91.
  96.  97.][-100. -100.  -92.  -92.  -85.  -82.  -78.  -77.  -75.  -69.  -67.  -66.
  -64.  -62.  -59.  -58.  -57.  -55.  -55.  -53.  -53.  -50.  -49.  -46.
  -46.  -44.  -42.  -38.  -38.  -38.  -34.  -34.  -33.  -31.  -30.  -30.
  -29.  -29.  -25.  -23.  -23.  -19.  -18.  -17.  -17.  -15.  -13.  -10.
  -10.   -7.   -7.   -4.   -3.    1.    2.    4.    4.   12.   18.   20.
   22.   24.   24.   25.   30.   31.   32.   41.   42.   42.   45.   45.
   45.   46.   47.   49.   52.   52.   56.   57.   60.   65.   67.   69.
   69.   74.   75.   75.   78.   81.   81.   83.   84.   84.   85.   96.
   96.   97.   97.   99.][-99. -96. -95. -94. -92. -92. -91. -90. -90. -86. -82. -81. -80. -79.
 -74. -63. -59. -51. -50. -49. -47. -46. -43. -43. -41. -40. -39. -39.
 -37. -37. -35. -34. -31. -29. -29. -26. -24. -23. -23. -22. -21. -19.
 -17. -10.  -8.  -5.  -3.   2.   2.   3.   3.   4.   4.   4.   7.  14.
  16.  17.  18.  20.  24.  25.  30.  32.  32.  35.  35.  39.  39.  42.
  44.  45.  46.  47.  50.  54.  56.  56.  56.  57.  61.  67.  71.  71.
  72.  72.  75.  76.  77.  78.  80.  82.  82.  84.  86.  89.  91.  92.
  93.  95.][-97. -96. -96. -95. -95. -93. -87. -83. -80. -79. -77. -73. -72. -70.
 -68. -66. -65. -64. -61. -59. -54. -52. -52. -49. -48. -48. -43. -43.
 -32. -29. -27. -24. -23. -21. -21. -17. -15. -13. -10. -10.  -9.  -7.
  -4.  -2.   1.   2.   3.   4.   5.   6.  10.  12.  13.  15.  15.  15.
  16.  18.  20.  21.  21.  22.  27.  29.  30.  32.  33.  33.  33.  38.
  38.  41.  42.  43.  44.  46.  47.  48.  52.  54.  56.  60.  63.  64.
  65.  70.  70.  70.  71.  77.  78.  79.  79.  80.  85.  87.  87.  90.
  95.  99.][-100.  -98.  -98.  -96.  -90.  -89.  -87.  -85.  -81.  -79.  -79.  -78.
  -77.  -74.  -74.  -73.  -73.  -66.  -65.  -64.  -64.  -63.  -59.  -58.
  -57.  -57.  -57.  -55.  -54.  -52.  -51.  -50.  -48.  -47.  -47.  -46.
  -46.  -41.  -38.  -38.  -36.  -34.  -31.  -28.  -28.  -27.  -27.  -27.
  -26.  -24.  -23.  -16.  -15.  -15.  -12.  -12.  -11.   -5.   -3.   -2.
    0.    1.    4.    5.    6.    6.    7.    9.   13.   13.   14.   14.
   15.   16.   17.   22.   23.   24.   24.   26.   27.   30.   38.   38.
   43.   45.   48.   55.   69.   70.   70.   72.   76.   80.   82.   88.
   92.   96.   96.   99.][-100.  -95.  -93.  -89.  -85.  -83.  -83.  -81.  -81.  -79.  -76.  -75.
  -74.  -70.  -70.  -67.  -66.  -61.  -59.  -57.  -55.  -54.  -53.  -52.
  -50.  -44.  -37.  -36.  -36.  -33.  -32.  -31.  -30.  -29.  -26.  -26.
  -20.  -19.  -18.  -17.  -10.  -10.   -6.   -6.   -1.   -1.    1.    4.
    4.    7.    8.    8.    9.    9.    9.   10.   11.   12.   14.   15.
   16.   22.   27.   29.   30.   34.   37.   38.   39.   40.   40.   41.
   43.   49.   50.   51.   58.   61.   61.   66.   66.   67.   67.   69.
   70.   74.   76.   80.   81.   82.   85.   89.   90.   94.   96.   97.
   97.   98.  100.  100.][-100.  -96.  -95.  -94.  -94.  -92.  -89.  -88.  -87.  -87.  -86.  -86.
  -85.  -79.  -78.  -77.  -75.  -74.  -74.  -73.  -66.  -66.  -66.  -65.
  -62.  -57.  -57.  -55.  -50.  -48.  -48.  -47.  -43.  -36.  -30.  -28.
  -24.  -23.  -23.  -23.  -22.  -21.  -20.  -18.  -18.  -16.  -11.   -7.
   -7.   -5.   -3.   -3.   -3.   -2.    3.    4.    4.    4.    8.   12.
   13.   13.   19.   19.   21.   21.   23.   24.   27.   27.   28.   29.
   29.   32.   35.   39.   42.   42.   42.   43.   45.   47.   48.   48.
   51.   57.   58.   61.   69.   73.   78.   84.   89.   90.   93.   95.
   95.   97.   98.  100.][-99. -99. -96. -95. -94. -94. -93. -92. -88. -85. -85. -84. -77. -69.
 -65. -65. -65. -63. -63. -61. -59. -55. -48. -45. -45. -43. -39. -38.
 -37. -35. -31. -30. -28. -21. -19. -18. -17. -11. -11. -11.  -8.  -5.
   1.   2.   9.  12.  13.  14.  15.  16.  16.  18.  19.  20.  24.  27.
  31.  32.  32.  34.  37.  41.  42.  43.  44.  45.  46.  46.  46.  46.
  47.  49.  51.  51.  56.  56.  57.  59.  60.  61.  61.  63.  65.  73.
  75.  79.  79.  80.  81.  84.  87.  87.  88.  90.  92.  93.  93.  94.
  98. 100.][-100.  -97.  -96.  -94.  -93.  -89.  -87.  -85.  -83.  -83.  -82.  -81.
  -81.  -79.  -78.  -76.  -75.  -71.  -63.  -62.  -61.  -57.  -50.  -48.
  -39.  -36.  -35.  -31.  -26.  -24.  -22.  -20.  -18.  -14.  -12.  -10.
   -6.   -6.   -4.   -4.   -2.   -2.   -2.   -1.   -1.    0.    0.    1.
    1.    2.    3.    4.    5.    5.    7.    8.   11.   18.   22.   27.
   28.   28.   29.   31.   32.   34.   34.   40.   46.   46.   48.   53.
   53.   56.   57.   57.   59.   59.   61.   62.   63.   64.   65.   67.
   69.   69.   70.   71.   72.   73.   74.   75.   75.   77.   79.   82.
   82.   83.   83.   92.][-100.  -97.  -92.  -92.  -91.  -89.  -89.  -88.  -88.  -85.  -84.  -81.
  -79.  -79.  -78.  -78.  -71.  -66.  -66.  -64.  -63.  -63.  -62.  -62.
  -59.  -58.  -53.  -50.  -50.  -49.  -48.  -48.  -48.  -46.  -42.  -35.
  -34.  -24.  -18.  -16.  -14.  -10.  -10.   -8.   -8.   -7.   -6.   -4.
   -4.    3.    5.    5.    7.    8.    8.   10.   10.   11.   23.   24.
   25.   28.   29.   29.   34.   35.   40.   42.   47.   49.   49.   50.
   51.   52.   54.   55.   63.   63.   63.   65.   68.   69.   70.   71.
   73.   73.   73.   82.   84.   84.   87.   88.   89.   90.   91.   93.
   97.   99.  100.  100.][-99. -91. -89. -86. -85. -81. -79. -75. -72. -66. -64. -62. -60. -59.
 -58. -58. -56. -53. -52. -49. -48. -43. -42. -41. -37. -36. -33. -32.
 -30. -28. -28. -25. -24. -22. -21. -18. -18. -17. -15. -11. -11. -10.
 -10.  -8.  -5.  -2.   2.   3.   4.  12.  13.  13.  18.  23.  23.  25.
  26.  30.  30.  31.  33.  34.  36.  37.  37.  39.  39.  47.  50.  50.
  50.  50.  51.  53.  55.  55.  56.  59.  63.  64.  65.  66.  67.  69.
  71.  72.  73.  75.  75.  77.  77.  78.  80.  86.  87.  89.  90.  91.
  94.  99.][-100. -100.  -92.  -87.  -86.  -85.  -84.  -82.  -79.  -77.  -75.  -74.
  -72.  -70.  -69.  -66.  -61.  -59.  -59.  -57.  -53.  -52.  -51.  -49.
  -48.  -47.  -45.  -43.  -33.  -33.  -32.  -26.  -25.  -23.  -22.  -21.
  -19.  -18.  -15.  -15.  -13.  -12.  -10.    0.    0.    1.    8.    9.
   13.   13.   15.   17.   19.   20.   21.   22.   25.   26.   28.   28.
   35.   35.   37.   38.   39.   40.   42.   42.   46.   46.   46.   47.
   48.   50.   50.   51.   52.   54.   56.   61.   62.   63.   64.   66.
   68.   69.   70.   73.   74.   76.   77.   77.   77.   82.   85.   87.
   90.   93.   94.   99.][-100. -100.  -99.  -99.  -93.  -89.  -89.  -88.  -87.  -85.  -84.  -82.
  -81.  -81.  -78.  -76.  -74.  -72.  -71.  -70.  -70.  -65.  -65.  -54.
  -54.  -53.  -52.  -45.  -44.  -44.  -44.  -44.  -42.  -41.  -38.  -34.
  -34.  -32.  -31.  -29.  -25.  -24.  -21.  -21.  -21.  -19.  -17.  -16.
  -13.  -12.  -10.   -6.   -3.   -2.   -2.   -1.   -1.    5.    5.    6.
   10.   12.   13.   13.   15.   16.   20.   21.   22.   25.   30.   30.
   32.   34.   37.   38.   39.   40.   41.   41.   47.   47.   54.   55.
   62.   64.   65.   66.   66.   68.   73.   74.   76.   77.   78.   80.
   81.   82.   83.   84.][-99. -97. -96. -92. -91. -91. -90. -89. -89. -87. -86. -77. -71. -70.
 -68. -66. -63. -60. -60. -59. -58. -54. -53. -52. -51. -48. -47. -47.
 -45. -42. -40. -39. -34. -30. -27. -16. -15. -15. -15. -11.  -9.  -8.
  -6.  -4.  -2.  -1.   0.   0.   4.   4.   4.   4.   6.   7.  10.  10.
  15.  18.  19.  20.  22.  22.  23.  25.  26.  29.  31.  33.  33.  34.
  35.  35.  38.  39.  41.  44.  45.  50.  50.  51.  53.  57.  60.  65.
  69.  71.  72.  75.  78.  80.  80.  81.  82.  91.  93.  95.  96.  96.
  97.  98.][-97. -97. -95. -92. -91. -91. -85. -84. -83. -80. -77. -73. -72. -72.
 -69. -69. -66. -65. -64. -62. -62. -60. -59. -59. -58. -55. -49. -47.
 -39. -37. -33. -32. -24. -24. -23. -22. -21. -19. -15. -11. -10. -10.
 -10.  -6.  -6.  -4.   2.   8.   8.  12.  16.  18.  18.  21.  27.  29.
  30.  30.  31.  31.  31.  32.  32.  33.  34.  36.  38.  39.  42.  43.
  46.  48.  48.  50.  50.  54.  55.  59.  64.  64.  66.  69.  69.  72.
  73.  74.  77.  78.  78.  79.  83.  84.  85.  87.  92.  93.  96.  97.
  97.  98.][-98. -97. -95. -94. -92. -91. -89. -88. -83. -81. -80. -79. -74. -72.
 -71. -71. -66. -63. -60. -59. -59. -57. -54. -53. -49. -48. -47. -44.
 -40. -40. -38. -37. -35. -35. -34. -32. -30. -27. -27. -25. -25. -23.
 -14. -13.  -8.  -5.  -5.  -2.  -2.   0.   1.   4.   6.  10.  12.  15.
  17.  17.  19.  24.  25.  28.  33.  34.  34.  35.  42.  43.  45.  45.
  47.  49.  53.  55.  60.  61.  65.  68.  69.  70.  70.  72.  72.  73.
  78.  78.  83.  83.  83.  85.  87.  89.  89.  90.  92.  93.  95.  97.
  98. 100.][-99. -99. -98. -97. -97. -94. -93. -92. -92. -91. -91. -89. -88. -88.
 -86. -85. -81. -79. -79. -77. -72. -69. -65. -64. -61. -58. -56. -56.
 -51. -48. -46. -46. -37. -37. -37. -36. -34. -32. -31. -27. -26. -25.
 -24. -24. -21. -18. -15. -12.  -9.  -8.  -7.  -1.   0.   0.   1.   2.
   7.   9.  12.  14.  24.  27.  27.  30.  30.  31.  39.  40.  41.  41.
  42.  43.  45.  46.  48.  49.  51.  52.  56.  60.  61.  62.  67.  67.
  68.  72.  73.  75.  78.  83.  89.  91.  92.  93.  93.  97.  97.  99.
  99. 100.][-95. -90. -90. -88. -88. -85. -83. -79. -79. -77. -75. -74. -70. -70.
 -69. -67. -64. -60. -59. -57. -57. -54. -51. -50. -49. -45. -41. -41.
 -38. -36. -35. -34. -32. -29. -29. -27. -25. -24. -17. -15. -14. -10.
  -6.  -2.  -1.   2.   4.   4.   9.   9.  12.  14.  14.  16.  17.  23.
  23.  24.  24.  27.  28.  28.  37.  38.  38.  40.  40.  41.  43.  44.
  48.  49.  50.  53.  58.  58.  58.  62.  63.  67.  69.  70.  72.  73.
  77.  79.  79.  82.  82.  84.  84.  86.  91.  92.  93.  94.  95.  98.
  98.  99.][-100.  -95.  -91.  -89.  -89.  -86.  -83.  -83.  -83.  -80.  -79.  -77.
  -76.  -76.  -76.  -75.  -74.  -73.  -73.  -71.  -63.  -63.  -62.  -61.
  -61.  -59.  -54.  -50.  -50.  -49.  -46.  -46.  -46.  -43.  -43.  -41.
  -40.  -37.  -32.  -31.  -31.  -31.  -30.  -29.  -26.  -23.  -17.  -15.
  -13.   -9.   -8.   -7.   -4.    0.    3.    3.    4.    7.   13.   15.
   16.   18.   19.   22.   25.   26.   26.   26.   27.   29.   36.   38.
   39.   41.   42.   44.   44.   46.   47.   49.   54.   54.   56.   58.
   58.   60.   62.   63.   66.   69.   72.   73.   79.   80.   81.   82.
   83.   88.   91.   98.][-97. -97. -96. -96. -95. -92. -90. -84. -84. -82. -82. -81. -80. -80.
 -79. -78. -72. -70. -67. -62. -60. -60. -58. -53. -52. -51. -49. -48.
 -46. -45. -43. -42. -40. -38. -37. -36. -34. -32. -32. -32. -28. -27.
 -26. -25. -23.  -9.  -8.  -7.  -5.  -2.  -2.   0.   1.   2.   3.   8.
   9.  10.  12.  13.  14.  20.  20.  22.  22.  23.  25.  26.  31.  32.
  33.  35.  36.  38.  44.  46.  47.  49.  49.  50.  51.  53.  53.  54.
  57.  60.  60.  63.  68.  69.  71.  74.  74.  75.  78.  81.  87.  87.
  93.  97.][-98. -97. -96. -96. -92. -91. -87. -84. -83. -83. -83. -78. -69. -68.
 -68. -67. -67. -67. -61. -58. -56. -55. -55. -55. -52. -51. -50. -44.
 -40. -40. -39. -35. -34. -33. -32. -27. -23. -22. -22. -19. -18. -17.
 -17. -11. -11. -10.  -9.  -5.   0.   0.   0.   1.   2.   3.   3.   4.
   5.   5.  10.  10.  10.  13.  14.  16.  18.  24.  24.  26.  27.  35.
  36.  38.  39.  40.  48.  55.  57.  58.  64.  65.  70.  71.  71.  75.
  77.  78.  81.  82.  82.  86.  86.  86.  86.  87.  88.  90.  95.  96.
  96.  96.][-100.  -98.  -97.  -96.  -92.  -91.  -90.  -89.  -86.  -81.  -78.  -76.
  -75.  -73.  -70.  -69.  -64.  -60.  -59.  -57.  -54.  -52.  -50.  -44.
  -41.  -37.  -32.  -30.  -28.  -25.  -21.  -21.  -21.  -19.  -18.  -17.
  -17.  -17.  -15.  -13.  -13.  -12.   -9.   -9.   -8.   -7.   -5.   -4.
    1.    3.    3.    4.    7.    7.    7.   10.   11.   15.   16.   18.
   18.   19.   22.   24.   27.   28.   28.   35.   35.   35.   37.   38.
   40.   40.   41.   50.   53.   53.   54.   54.   54.   61.   66.   69.
   73.   74.   74.   74.   79.   79.   82.   88.   89.   89.   90.   92.
   92.   93.   96.   98.][-96. -93. -90. -90. -86. -85. -85. -83. -83. -75. -74. -71. -66. -66.
 -65. -63. -63. -62. -61. -56. -56. -56. -55. -54. -53. -52. -51. -48.
 -47. -44. -44. -42. -42. -41. -38. -37. -33. -32. -32. -32. -27. -26.
 -26. -25. -24. -22. -22. -20. -18. -17. -17. -14. -13.  -9.  -8.  -6.
  -6.  -3.  -1.   1.   3.   5.  10.  11.  17.  23.  23.  26.  28.  28.
  29.  30.  32.  33.  33.  34.  46.  47.  48.  48.  50.  53.  58.  59.
  62.  63.  67.  69.  74.  74.  86.  86.  87.  90.  90.  91.  94.  95.
  95.  98.][-100.  -97.  -95.  -93.  -90.  -90.  -88.  -84.  -84.  -83.  -80.  -80.
  -77.  -77.  -76.  -74.  -73.  -71.  -68.  -66.  -65.  -64.  -64.  -64.
  -59.  -59.  -57.  -56.  -53.  -52.  -49.  -48.  -41.  -41.  -39.  -38.
  -36.  -36.  -35.  -31.  -30.  -29.  -27.  -25.  -25.  -20.  -16.  -14.
   -9.   -9.   -5.   -3.   -1.    0.    3.    3.    3.    4.    5.    7.
    9.   10.   12.   16.   16.   20.   24.   25.   26.   27.   29.   39.
   46.   50.   53.   55.   57.   58.   60.   61.   62.   64.   65.   67.
   70.   70.   79.   84.   84.   84.   85.   89.   90.   93.   93.   98.
   99.   99.   99.  100.][-100.  -97.  -95.  -93.  -91.  -90.  -89.  -88.  -88.  -87.  -86.  -83.
  -82.  -81.  -77.  -76.  -75.  -73.  -73.  -71.  -70.  -69.  -60.  -60.
  -58.  -56.  -55.  -54.  -54.  -54.  -53.  -53.  -52.  -51.  -50.  -50.
  -49.  -49.  -47.  -44.  -44.  -43.  -42.  -39.  -29.  -27.  -26.  -24.
  -20.  -14.  -10.   -9.   -9.   -9.   -8.   -6.   -4.   -3.    0.    1.
    4.    4.    4.   13.   15.   21.   30.   31.   34.   37.   38.   38.
   40.   41.   41.   46.   46.   46.   48.   50.   53.   53.   55.   56.
   56.   62.   64.   73.   74.   79.   80.   81.   84.   90.   90.   91.
   93.   96.   98.   99.][-99. -96. -89. -88. -88. -87. -87. -86. -85. -84. -84. -79. -78. -77.
 -76. -74. -72. -66. -58. -58. -58. -54. -51. -49. -48. -47. -43. -41.
 -38. -36. -33. -32. -30. -29. -28. -28. -26. -24. -23. -23. -20. -18.
 -16. -13. -13. -12.  -7.  -1.   3.   4.   7.   8.  11.  12.  12.  12.
  16.  16.  19.  19.  19.  20.  25.  26.  32.  34.  34.  35.  39.  41.
  43.  46.  47.  51.  51.  51.  52.  56.  62.  64.  64.  71.  71.  74.
  76.  77.  77.  81.  85.  86.  90.  91.  91.  93.  93.  93.  96.  96.
  97.  99.][-99. -95. -93. -93. -91. -90. -89. -86. -85. -84. -83. -82. -81. -80.
 -76. -74. -68. -68. -68. -66. -65. -65. -64. -63. -62. -59. -55. -54.
 -51. -51. -50. -44. -43. -43. -40. -35. -29. -28. -26. -26. -25. -22.
 -21. -17. -15. -14. -13. -11.  -7.  -6.  -4.   1.   1.   3.   3.   3.
  10.  15.  17.  17.  18.  19.  21.  22.  24.  26.  32.  33.  39.  43.
  43.  46.  56.  58.  60.  64.  66.  68.  69.  70.  71.  72.  72.  73.
  74.  76.  77.  78.  79.  81.  83.  86.  88.  89.  89.  91.  93.  95.
  97. 100.][-100.  -97.  -95.  -95.  -91.  -91.  -88.  -87.  -87.  -82.  -78.  -77.
  -77.  -76.  -70.  -68.  -67.  -63.  -60.  -60.  -59.  -58.  -56.  -56.
  -55.  -51.  -50.  -46.  -45.  -45.  -45.  -45.  -43.  -42.  -41.  -33.
  -32.  -30.  -29.  -27.  -26.  -25.  -19.  -19.  -18.  -15.  -14.  -14.
  -13.  -10.   -8.   -8.   -1.    3.    3.    6.    6.    8.    9.   10.
   19.   19.   20.   20.   21.   22.   22.   25.   26.   27.   30.   36.
   37.   38.   42.   43.   46.   47.   48.   49.   51.   53.   55.   56.
   58.   60.   63.   66.   67.   67.   72.   78.   81.   82.   83.   94.
   95.   97.   97.   98.][-100.  -99.  -95.  -91.  -91.  -85.  -81.  -76.  -76.  -75.  -71.  -69.
  -68.  -67.  -67.  -66.  -64.  -60.  -59.  -51.  -50.  -50.  -49.  -45.
  -40.  -36.  -29.  -29.  -28.  -26.  -19.  -15.  -14.  -13.  -12.  -12.
  -11.   -8.   -8.   -6.   -6.   -4.   -3.   -2.    2.    3.    4.    5.
    6.   11.   12.   12.   18.   20.   24.   25.   27.   27.   31.   33.
   34.   35.   36.   38.   39.   40.   47.   52.   53.   55.   55.   56.
   57.   57.   59.   61.   62.   65.   65.   66.   68.   68.   69.   70.
   73.   79.   79.   80.   82.   82.   83.   86.   91.   92.   92.   93.
   96.   98.  100.  100.]