[-98. -98. -98. -90. -80. -78. -75. -74. -73. -72. -72. -72. -71. -68.
 -64. -63. -57. -53. -53. -51. -48. -47. -47. -45. -43. -43. -41. -36.
 -33. -28. -28. -28. -24. -23. -22. -21. -16. -14. -14. -14. -10.  -6.
  -3.  -2.   2.   3.   4.   4.   4.   6.  10.  11.  14.  16.  17.  19.
  20.  23.  25.  26.  26.  31.  35.  35.  40.  40.  41.  41.  42.  45.
  49.  51.  53.  54.  55.  55.  57.  60.  61.  61.  63.  66.  67.  72.
  72.  79.  79.  80.  83.  86.  87.  88.  90.  90.  92.  93.  94.  95.
  97.  98.][-100.  -99.  -96.  -92.  -92.  -87.  -84.  -82.  -71.  -71.  -67.  -67.
  -57.  -57.  -53.  -52.  -43.  -42.  -42.  -42.  -40.  -36.  -35.  -34.
  -32.  -32.  -31.  -29.  -28.  -28.  -26.  -26.  -18.  -17.  -15.  -13.
   -6.   -5.   -5.   -4.   -3.    1.    1.    2.    2.    2.    7.    8.
    9.   10.   12.   13.   15.   15.   17.   17.   19.   22.   22.   22.
   24.   26.   26.   27.   27.   29.   31.   32.   36.   39.   41.   42.
   43.   44.   44.   46.   46.   48.   49.   49.   52.   55.   55.   56.
   57.   58.   66.   68.   71.   75.   79.   82.   82.   83.   85.   90.
   92.   94.   98.   99.][-96. -96. -95. -95. -94. -91. -86. -84. -84. -84. -84. -83. -83. -81.
 -80. -80. -74. -73. -73. -73. -72. -71. -70. -69. -69. -67. -66. -65.
 -64. -57. -57. -56. -56. -54. -52. -48. -44. -43. -41. -41. -37. -34.
 -34. -33. -30. -29. -29. -28. -25. -23. -21. -21. -16. -15. -14.  -8.
  -7.  -5.  -5.  -4.  -3.   2.   3.   4.   7.   9.  12.  17.  26.  28.
  32.  32.  38.  38.  38.  39.  41.  41.  42.  43.  47.  48.  52.  58.
  59.  59.  62.  63.  63.  64.  67.  67.  75.  79.  80.  81.  81.  90.
  93.  97.][-98. -97. -96. -96. -96. -95. -94. -93. -91. -90. -90. -90. -90. -89.
 -85. -83. -83. -81. -74. -71. -70. -68. -66. -66. -64. -63. -61. -59.
 -59. -55. -50. -50. -50. -46. -43. -42. -40. -39. -38. -37. -36. -32.
 -26. -21. -14. -11. -11.  -9.  -7.  -1.   0.   0.   1.   3.   3.   3.
   7.   8.   9.   9.  10.  15.  15.  16.  20.  22.  23.  27.  29.  29.
  34.  34.  36.  37.  37.  47.  49.  49.  51.  51.  52.  57.  61.  62.
  63.  64.  65.  67.  69.  71.  71.  72.  73.  76.  78.  86.  93.  95.
  96.  96.][-100.  -98.  -94.  -93.  -92.  -91.  -91.  -89.  -87.  -87.  -83.  -80.
  -78.  -76.  -75.  -74.  -73.  -73.  -72.  -69.  -68.  -59.  -53.  -48.
  -44.  -44.  -41.  -41.  -39.  -38.  -34.  -32.  -31.  -29.  -27.  -25.
  -21.  -21.  -21.  -20.  -20.  -18.  -17.  -16.  -14.  -14.  -14.  -10.
   -7.   -6.   -5.   -3.   -1.    1.    2.    3.    3.    6.    7.   10.
   18.   19.   26.   27.   30.   31.   31.   31.   32.   35.   35.   40.
   40.   43.   43.   48.   48.   48.   49.   53.   54.   54.   58.   58.
   62.   65.   70.   70.   73.   78.   82.   84.   86.   87.   87.   88.
   88.   89.   97.   98.][-95. -93. -89. -87. -87. -85. -82. -81. -75. -72. -72. -71. -71. -67.
 -66. -65. -65. -59. -57. -55. -54. -53. -53. -51. -50. -48. -37. -34.
 -34. -34. -33. -32. -30. -29. -29. -28. -28. -28. -27. -26. -25. -24.
 -22. -21. -19. -17. -16. -15. -11.  -9.  -9.  -7.  -5.  -1.  -1.   0.
   0.   1.   4.   6.   8.   9.  11.  16.  18.  22.  24.  29.  32.  33.
  34.  37.  38.  42.  44.  47.  50.  51.  55.  56.  56.  60.  62.  63.
  65.  68.  72.  74.  76.  78.  81.  81.  82.  82.  87.  89.  90.  91.
  93.  98.][-100.  -99.  -96.  -95.  -94.  -93.  -92.  -88.  -86.  -80.  -80.  -78.
  -72.  -72.  -71.  -71.  -70.  -64.  -64.  -62.  -61.  -57.  -54.  -53.
  -53.  -53.  -50.  -49.  -49.  -46.  -46.  -40.  -38.  -37.  -36.  -36.
  -36.  -36.  -33.  -32.  -32.  -31.  -29.  -28.  -27.  -25.  -23.  -23.
  -14.  -11.   -6.   -2.   -2.   -2.   -2.   -2.    0.    8.   10.   10.
   11.   14.   19.   20.   24.   25.   26.   30.   33.   33.   35.   36.
   36.   41.   41.   45.   47.   48.   49.   54.   64.   67.   73.   78.
   78.   78.   78.   81.   82.   83.   85.   88.   91.   91.   94.   96.
   96.   99.  100.  100.][-98. -97. -95. -94. -94. -93. -89. -80. -80. -80. -78. -73. -71. -70.
 -65. -63. -62. -61. -60. -57. -57. -55. -53. -52. -48. -46. -44. -44.
 -42. -40. -39. -38. -37. -36. -35. -35. -32. -32. -30. -30. -29. -29.
 -29. -28. -26. -22. -21. -20. -18. -17. -15. -15. -14. -10.  -9.  -4.
  -1.   1.   3.   5.   5.  12.  13.  17.  18.  20.  24.  25.  26.  26.
  26.  27.  27.  29.  32.  32.  33.  33.  34.  36.  36.  37.  39.  39.
  41.  46.  47.  48.  49.  62.  76.  77.  79.  82.  84.  86.  95.  95.
  96.  97.][-100.  -97.  -95.  -92.  -91.  -90.  -90.  -89.  -87.  -84.  -83.  -83.
  -82.  -81.  -80.  -77.  -70.  -69.  -65.  -63.  -60.  -56.  -56.  -51.
  -51.  -48.  -48.  -47.  -45.  -45.  -43.  -42.  -40.  -40.  -39.  -37.
  -34.  -34.  -31.  -29.  -28.  -26.  -24.  -23.  -20.  -18.  -17.  -15.
  -15.  -14.    4.    6.    9.   11.   12.   13.   15.   22.   23.   23.
   23.   31.   38.   40.   41.   42.   42.   43.   47.   48.   50.   51.
   51.   52.   60.   60.   61.   62.   65.   67.   67.   70.   71.   72.
   76.   77.   78.   83.   84.   85.   87.   88.   89.   92.   95.   96.
   96.   96.   96.   98.][-100.  -99.  -98.  -93.  -92.  -89.  -89.  -86.  -83.  -80.  -78.  -78.
  -76.  -76.  -73.  -66.  -65.  -65.  -65.  -65.  -64.  -63.  -57.  -56.
  -56.  -55.  -47.  -46.  -46.  -42.  -40.  -39.  -38.  -38.  -37.  -37.
  -35.  -33.  -30.  -28.  -27.  -23.  -22.  -19.  -16.  -16.  -16.  -15.
  -14.  -12.  -11.  -10.   -9.   -8.   -7.   -4.    2.    6.   10.   11.
   14.   14.   15.   17.   19.   25.   28.   29.   29.   30.   30.   31.
   35.   41.   45.   47.   53.   54.   60.   62.   62.   63.   63.   66.
   68.   69.   69.   70.   72.   76.   77.   81.   82.   83.   84.   87.
   91.   93.   95.   96.][-98. -96. -94. -94. -93. -92. -91. -91. -89. -89. -87. -83. -80. -78.
 -76. -75. -75. -72. -71. -68. -68. -67. -67. -61. -61. -60. -59. -57.
 -55. -54. -52. -51. -50. -49. -43. -38. -34. -34. -33. -32. -31. -29.
 -25. -22. -19. -14. -13. -12.  -9.  -6.  -2.   4.  10.  14.  14.  20.
  20.  23.  28.  30.  33.  34.  35.  35.  37.  37.  38.  38.  39.  43.
  44.  46.  46.  50.  53.  56.  57.  58.  58.  60.  64.  67.  70.  71.
  72.  76.  76.  77.  77.  81.  83.  84.  89.  90.  91.  94.  94.  95.
  95. 100.][-100. -100.  -99.  -99.  -99.  -95.  -94.  -94.  -92.  -91.  -88.  -88.
  -85.  -85.  -84.  -82.  -75.  -74.  -74.  -71.  -70.  -62.  -60.  -53.
  -52.  -51.  -50.  -44.  -42.  -42.  -41.  -40.  -35.  -27.  -27.  -24.
  -22.  -22.  -20.  -19.  -16.  -14.  -14.  -12.  -12.  -12.  -12.  -10.
   -9.   -8.   -4.   -4.   -3.   -2.   -1.    0.    1.    6.   13.   14.
   18.   18.   20.   22.   23.   23.   23.   24.   25.   32.   32.   39.
   42.   42.   44.   45.   46.   50.   52.   53.   54.   59.   59.   62.
   63.   64.   67.   71.   72.   72.   75.   76.   78.   80.   81.   82.
   87.   90.   93.   94.][-99. -98. -97. -96. -95. -92. -92. -88. -87. -85. -85. -83. -81. -81.
 -78. -71. -71. -71. -69. -68. -68. -65. -64. -60. -58. -57. -57. -54.
 -53. -53. -52. -52. -48. -48. -47. -47. -45. -44. -44. -42. -41. -40.
 -40. -37. -36. -36. -35. -35. -34. -32. -25. -22. -17. -10.  -8.  -8.
  -5.   1.   1.  13.  13.  15.  15.  16.  19.  25.  25.  26.  27.  27.
  29.  36.  45.  53.  53.  57.  57.  58.  64.  65.  65.  66.  71.  72.
  72.  73.  73.  74.  74.  74.  82.  82.  85.  87.  91.  93.  95.  98.
  99. 100.][-99. -96. -96. -95. -95. -93. -92. -91. -87. -87. -86. -83. -79. -79.
 -78. -76. -73. -69. -66. -66. -65. -63. -63. -61. -60. -59. -58. -56.
 -53. -51. -49. -48. -47. -45. -41. -41. -41. -40. -40. -38. -37. -36.
 -35. -34. -32. -31. -26. -23. -21. -21. -21. -18. -17. -14. -11.  -6.
  -5.  -3.  -3.   0.   2.   3.   4.   5.  12.  12.  13.  14.  20.  22.
  24.  25.  30.  30.  31.  31.  31.  32.  34.  35.  36.  39.  40.  41.
  45.  54.  58.  59.  65.  66.  76.  77.  77.  89.  89.  91.  93.  94.
  97. 100.][-98. -97. -95. -95. -95. -95. -94. -93. -90. -88. -88. -83. -82. -78.
 -78. -74. -74. -71. -66. -65. -64. -62. -62. -62. -62. -60. -54. -52.
 -51. -45. -44. -42. -34. -32. -32. -31. -31. -26. -25. -25. -24. -23.
 -22. -18. -18. -15. -15. -14. -13. -11. -10.  -8.  -7.  -4.  -3.   3.
   4.   5.   7.   9.   9.  10.  12.  15.  18.  20.  23.  24.  25.  28.
  32.  33.  34.  38.  39.  42.  43.  45.  53.  56.  57.  60.  62.  69.
  73.  73.  74.  76.  77.  80.  83.  83.  86.  88.  92.  92.  92.  93.
  98. 100.][-93. -91. -90. -87. -85. -84. -83. -81. -75. -72. -71. -71. -66. -64.
 -56. -55. -51. -50. -49. -49. -44. -41. -39. -34. -32. -32. -31. -30.
 -30. -29. -27. -21. -20. -18. -18. -16. -12.  -9.  -4.  -2.  -1.   0.
   1.   4.   6.  12.  14.  15.  16.  18.  18.  18.  20.  22.  22.  25.
  26.  28.  29.  30.  32.  34.  35.  35.  41.  43.  45.  49.  51.  57.
  57.  59.  59.  59.  60.  60.  61.  61.  62.  64.  64.  71.  75.  77.
  78.  80.  81.  82.  83.  83.  84.  84.  86.  87.  89.  90.  92.  94.
  97.  99.][-94. -93. -89. -84. -78. -78. -77. -77. -71. -70. -69. -67. -66. -60.
 -60. -60. -58. -54. -53. -49. -40. -39. -39. -35. -33. -31. -31. -27.
 -27. -27. -26. -22. -22. -21. -20. -18. -17. -16. -15. -13. -13. -12.
 -10.  -4.  -3.  -1.   1.   4.   4.   6.   7.   7.  10.  14.  22.  23.
  25.  27.  29.  29.  30.  30.  32.  32.  33.  37.  41.  44.  47.  49.
  51.  51.  52.  56.  56.  58.  60.  61.  63.  65.  66.  70.  73.  75.
  77.  78.  82.  82.  82.  82.  83.  84.  86.  89.  93.  95.  96.  96.
  99. 100.][-98. -96. -93. -92. -89. -86. -85. -84. -83. -80. -78. -76. -73. -72.
 -68. -66. -66. -65. -64. -59. -56. -54. -52. -48. -47. -44. -43. -41.
 -41. -40. -40. -37. -37. -35. -29. -26. -23. -19. -18. -17. -14. -12.
 -11. -10.  -9.  -6.  -4.  -3.  -3.   1.   2.   2.   2.   4.   4.   8.
   9.  10.  12.  13.  14.  19.  28.  29.  30.  32.  38.  41.  45.  45.
  51.  52.  53.  53.  58.  60.  60.  64.  65.  66.  68.  68.  70.  72.
  74.  74.  75.  76.  79.  79.  80.  81.  81.  81.  85.  87.  95.  98.
  99. 100.][-99. -98. -97. -97. -97. -94. -92. -89. -87. -86. -83. -81. -80. -79.
 -78. -75. -75. -74. -72. -72. -71. -68. -68. -67. -63. -60. -56. -55.
 -52. -51. -47. -43. -42. -41. -35. -33. -33. -33. -30. -28. -28. -25.
 -24. -21. -21. -20. -19. -19. -19. -16. -10.  -9.  -7.  -3.   2.   5.
   5.   6.   6.   8.  12.  15.  16.  17.  18.  19.  23.  28.  31.  31.
  38.  40.  41.  42.  55.  57.  59.  60.  61.  61.  63.  65.  65.  69.
  71.  75.  79.  79.  81.  85.  87.  87.  92.  93.  94.  98.  98.  98.
  98. 100.][-96. -96. -95. -94. -91. -90. -89. -88. -85. -85. -79. -76. -74. -73.
 -71. -71. -64. -63. -59. -57. -55. -54. -51. -51. -48. -43. -43. -43.
 -42. -41. -40. -37. -37. -35. -32. -31. -31. -31. -30. -28. -26. -26.
 -25. -24. -22. -19.  -6.  -6.  -4.   2.   3.   6.   7.  12.  13.  14.
  15.  15.  16.  26.  27.  28.  28.  28.  32.  37.  37.  37.  38.  44.
  47.  49.  49.  51.  52.  53.  57.  57.  58.  63.  64.  67.  68.  70.
  70.  72.  74.  79.  81.  82.  85.  85.  85.  88.  88.  89.  93.  93.
 100. 100.][-97. -96. -96. -95. -93. -91. -90. -83. -81. -80. -76. -75. -70. -69.
 -68. -68. -64. -62. -58. -56. -56. -56. -55. -52. -52. -50. -47. -41.
 -40. -37. -37. -36. -33. -28. -25. -23. -20. -19. -18. -17. -14. -13.
 -13. -12. -12. -12. -11. -10. -10.  -1.  -1.   5.   6.   6.  12.  13.
  13.  13.  15.  16.  17.  17.  18.  21.  21.  25.  27.  29.  30.  30.
  35.  37.  48.  49.  49.  50.  50.  51.  53.  53.  53.  56.  56.  57.
  59.  60.  62.  63.  65.  66.  66.  68.  71.  80.  81.  82.  84.  97.
 100. 100.][-98. -97. -93. -92. -92. -91. -89. -87. -86. -85. -85. -83. -82. -81.
 -80. -79. -79. -78. -77. -72. -65. -65. -65. -60. -59. -58. -56. -51.
 -51. -46. -44. -44. -43. -43. -43. -41. -36. -35. -35. -33. -33. -31.
 -29. -28. -27. -25. -24. -24. -23. -22. -20. -16. -12. -11. -10.  -9.
  -8.  -6.  -2.  -2.  -1.   5.   6.   7.   9.  15.  16.  17.  17.  26.
  28.  29.  32.  35.  42.  42.  45.  45.  48.  51.  55.  57.  58.  61.
  62.  64.  69.  69.  72.  74.  74.  76.  81.  82.  85.  91.  92.  95.
  98. 100.][-100. -100.  -97.  -94.  -88.  -86.  -82.  -81.  -81.  -80.  -77.  -75.
  -75.  -70.  -69.  -69.  -68.  -67.  -67.  -64.  -62.  -62.  -56.  -56.
  -54.  -53.  -50.  -48.  -46.  -46.  -46.  -46.  -38.  -35.  -33.  -33.
  -25.  -25.  -22.  -21.  -19.  -19.  -19.  -16.  -13.  -12.   -5.   -3.
   -3.    1.    1.    5.    6.    6.    7.    8.    9.    9.   11.   11.
   12.   15.   16.   20.   25.   26.   28.   30.   32.   32.   33.   35.
   37.   39.   42.   45.   48.   49.   50.   51.   52.   52.   55.   64.
   64.   67.   74.   75.   75.   75.   75.   82.   83.   84.   85.   86.
   90.   91.   95.  100.][-100.  -98.  -97.  -96.  -93.  -92.  -88.  -88.  -86.  -85.  -85.  -84.
  -84.  -78.  -78.  -77.  -76.  -74.  -74.  -73.  -70.  -69.  -67.  -66.
  -65.  -62.  -61.  -58.  -55.  -53.  -51.  -50.  -47.  -45.  -42.  -39.
  -38.  -35.  -35.  -34.  -29.  -22.  -20.  -19.  -18.  -12.   -9.   -8.
   -8.   -7.   -7.   -7.   -3.   -1.    0.    1.    2.    3.    5.    7.
   10.   15.   16.   16.   17.   18.   23.   27.   30.   32.   32.   37.
   39.   39.   42.   52.   52.   52.   54.   61.   62.   62.   63.   66.
   67.   69.   69.   71.   74.   75.   78.   87.   88.   88.   90.   93.
   93.   97.  100.  100.][-99. -97. -93. -89. -84. -83. -81. -81. -79. -78. -78. -76. -73. -71.
 -70. -69. -69. -69. -57. -55. -53. -51. -49. -49. -47. -47. -44. -43.
 -41. -40. -37. -36. -31. -31. -27. -25. -21. -19. -19. -17. -16.  -9.
  -8.  -7.  -7.  -6.  -6.  -6.  -4.  -3.  -2.  -2.   7.   8.   9.   9.
  11.  18.  19.  26.  27.  27.  28.  37.  40.  44.  44.  47.  47.  48.
  50.  51.  52.  53.  54.  56.  58.  63.  65.  69.  69.  70.  70.  71.
  72.  74.  76.  76.  81.  89.  90.  91.  94.  94.  95.  96.  97.  99.
 100. 100.][-99. -96. -92. -91. -90. -89. -87. -87. -86. -76. -75. -73. -73. -71.
 -69. -67. -67. -66. -63. -62. -62. -61. -60. -55. -53. -52. -50. -47.
 -46. -45. -40. -38. -37. -36. -34. -34. -34. -32. -29. -28. -28. -27.
 -22. -16. -16. -15. -14. -13. -11.  -8.  -7.  -6.  -6.  -3.   1.   2.
  10.  11.  11.  16.  20.  22.  27.  30.  38.  40.  44.  47.  47.  48.
  54.  54.  56.  58.  60.  62.  63.  65.  66.  67.  70.  73.  74.  74.
  75.  76.  79.  81.  83.  83.  86.  90.  90.  91.  93.  94.  96.  98.
 100. 100.][-99. -92. -90. -90. -89. -87. -81. -79. -78. -74. -69. -68. -67. -63.
 -54. -51. -47. -41. -41. -40. -38. -38. -37. -33. -30. -26. -24. -23.
 -22. -19. -17. -14. -14. -14. -13. -12.  -9.  -3.   1.   2.   4.   7.
   9.  10.  12.  13.  15.  15.  16.  16.  17.  18.  18.  19.  19.  19.
  22.  24.  26.  28.  28.  28.  30.  31.  32.  37.  45.  47.  48.  53.
  54.  56.  59.  60.  63.  64.  65.  67.  68.  70.  73.  80.  80.  83.
  87.  88.  91.  91.  92.  93.  95.  96.  96.  97.  97.  97.  97.  98.
  99.  99.][-95. -92. -90. -86. -85. -85. -85. -84. -83. -80. -79. -74. -73. -71.
 -66. -66. -64. -63. -61. -60. -60. -56. -52. -51. -48. -43. -42. -42.
 -40. -35. -28. -27. -26. -24. -23. -23. -22. -19. -19. -19. -11.  -3.
  -3.  -1.  -1.   2.   2.   4.   5.   6.   7.   9.   9.  12.  15.  19.
  21.  23.  23.  26.  26.  28.  33.  33.  33.  34.  35.  35.  36.  36.
  42.  45.  47.  47.  51.  51.  52.  60.  60.  62.  65.  68.  70.  71.
  73.  76.  77.  78.  79.  79.  81.  81.  82.  85.  88.  89.  89.  91.
  91.  94.][-95. -94. -92. -92. -91. -88. -88. -84. -80. -79. -79. -77. -76. -75.
 -74. -72. -71. -68. -68. -67. -64. -60. -59. -55. -54. -51. -49. -49.
 -48. -47. -47. -43. -42. -32. -31. -31. -28. -27. -27. -26. -23. -21.
 -19. -17. -14. -13. -12.  -1.   0.   1.   2.   5.  11.  14.  16.  25.
  26.  29.  29.  32.  33.  37.  39.  40.  40.  41.  42.  47.  47.  48.
  50.  51.  52.  53.  60.  61.  62.  62.  67.  69.  73.  74.  74.  75.
  76.  78.  78.  80.  82.  87.  90.  90.  91.  93.  93.  95.  95.  96.
  98. 100.][-96. -92. -90. -89. -89. -89. -88. -83. -78. -73. -72. -70. -70. -65.
 -64. -61. -57. -57. -57. -57. -56. -54. -53. -50. -50. -46. -45. -45.
 -44. -44. -44. -42. -39. -38. -34. -34. -32. -30. -22. -18. -17. -16.
  -7.  -6.  -5.   0.   3.   6.  12.  13.  17.  17.  18.  18.  20.  20.
  30.  31.  31.  33.  33.  33.  34.  34.  34.  36.  40.  41.  44.  44.
  45.  46.  48.  49.  51.  52.  53.  59.  62.  62.  65.  66.  66.  69.
  70.  80.  80.  82.  83.  84.  85.  87.  88.  88.  88.  89.  90.  94.
  97.  98.][-98. -98. -98. -92. -90. -89. -88. -86. -82. -80. -80. -80. -78. -76.
 -74. -72. -67. -67. -59. -58. -57. -56. -48. -47. -43. -42. -41. -39.
 -39. -39. -38. -36. -34. -32. -32. -26. -26. -21. -19. -17. -16. -12.
  -8.  -8.  -7.  -5.  -5.  -3.   1.   1.   2.   2.   3.   4.   5.   9.
   9.  10.  13.  17.  22.  28.  29.  29.  34.  34.  35.  36.  37.  41.
  43.  45.  47.  48.  48.  52.  54.  55.  57.  58.  59.  59.  59.  60.
  61.  61.  66.  67.  70.  72.  76.  79.  87.  92.  93.  93.  94.  94.
 100. 100.][-98. -98. -98. -97. -97. -90. -86. -84. -83. -78. -77. -76. -74. -71.
 -69. -66. -65. -62. -61. -61. -60. -57. -55. -55. -53. -51. -50. -48.
 -43. -42. -39. -36. -35. -34. -33. -32. -32. -27. -26. -26. -25. -25.
 -24. -21. -20. -17. -17. -17. -14. -13. -10.  -8.  -3.  -2.  -2.  -1.
   1.   3.   6.   7.   9.  11.  11.  16.  22.  23.  23.  23.  24.  25.
  25.  27.  30.  31.  40.  41.  43.  43.  53.  54.  56.  57.  62.  71.
  73.  74.  76.  76.  77.  77.  79.  80.  83.  88.  90.  93.  94.  97.
  99.  99.][-97. -96. -96. -93. -93. -91. -90. -87. -86. -86. -85. -84. -77. -76.
 -76. -73. -72. -70. -70. -70. -70. -70. -69. -61. -60. -59. -59. -58.
 -53. -52. -51. -50. -47. -46. -45. -43. -43. -42. -41. -40. -39. -37.
 -37. -31. -31. -31. -20. -18. -15. -13. -12. -11.  -9.  -8.  -8.  -7.
  -5.  -2.  -1.  -1.   1.   3.   4.   8.  12.  16.  17.  22.  22.  24.
  26.  32.  32.  35.  37.  41.  42.  51.  52.  53.  59.  60.  63.  63.
  66.  67.  67.  74.  76.  79.  80.  82.  82.  83.  87.  90.  92.  92.
  94.  96.][-99. -96. -95. -92. -89. -88. -85. -84. -82. -81. -75. -74. -74. -70.
 -67. -66. -65. -62. -53. -46. -42. -41. -40. -37. -37. -36. -36. -36.
 -35. -33. -31. -31. -31. -30. -25. -25. -21. -19. -19. -16. -14. -10.
 -10.  -9.  -6.  -5.  -3.  -3.  -1.   0.   5.   9.  10.  10.  11.  12.
  13.  13.  13.  19.  22.  31.  32.  35.  36.  37.  41.  43.  46.  49.
  52.  53.  54.  54.  55.  56.  56.  59.  59.  60.  61.  66.  67.  68.
  68.  69.  72.  73.  75.  76.  82.  82.  84.  86.  87.  92.  92.  93.
  94.  95.][-99. -97. -97. -95. -90. -87. -87. -87. -83. -81. -81. -80. -76. -75.
 -75. -74. -68. -62. -59. -59. -57. -53. -51. -50. -50. -49. -39. -37.
 -37. -37. -35. -35. -33. -33. -32. -30. -30. -29. -23. -22. -22. -19.
 -16. -16. -13. -13.  -6.  -6.  -6.  -5.  -1.   1.   1.   2.   3.   4.
   5.   6.   6.   7.   8.   8.  10.  15.  15.  22.  25.  25.  26.  28.
  29.  31.  35.  38.  39.  40.  42.  42.  47.  51.  53.  53.  56.  60.
  61.  68.  76.  78.  79.  80.  85.  86.  86.  87.  90.  92.  92.  93.
  99.  99.][-100.  -96.  -94.  -93.  -92.  -91.  -90.  -90.  -90.  -88.  -88.  -85.
  -82.  -81.  -80.  -80.  -80.  -80.  -77.  -74.  -65.  -56.  -54.  -52.
  -50.  -50.  -49.  -45.  -44.  -40.  -35.  -33.  -33.  -32.  -30.  -26.
  -26.  -24.  -24.  -20.  -19.  -17.  -10.   -9.   -7.   -5.   -4.   -1.
    2.    3.    8.    9.   10.   10.   11.   13.   15.   21.   22.   30.
   30.   33.   34.   36.   37.   39.   41.   42.   43.   43.   44.   50.
   51.   51.   53.   56.   62.   63.   63.   64.   65.   67.   67.   67.
   69.   69.   71.   72.   72.   76.   77.   82.   84.   85.   86.   86.
   87.   92.   94.   95.][-100.  -98.  -98.  -97.  -90.  -90.  -89.  -87.  -84.  -81.  -77.  -76.
  -76.  -75.  -75.  -73.  -68.  -67.  -65.  -63.  -62.  -56.  -55.  -53.
  -52.  -50.  -49.  -48.  -47.  -40.  -40.  -38.  -37.  -32.  -31.  -25.
  -25.  -22.  -20.  -19.  -16.  -14.  -12.  -11.   -9.   -6.   -4.   -3.
   -1.    1.    3.    5.    6.    8.    8.   10.   10.   11.   17.   18.
   19.   20.   21.   22.   29.   32.   34.   36.   39.   41.   45.   46.
   49.   51.   53.   54.   55.   55.   57.   60.   61.   62.   66.   66.
   69.   76.   79.   80.   81.   84.   85.   86.   88.   89.   91.   95.
   97.   97.   99.  100.][-96. -96. -89. -89. -86. -86. -85. -84. -84. -84. -82. -82. -81. -81.
 -78. -75. -71. -70. -70. -67. -65. -63. -59. -56. -56. -55. -55. -51.
 -49. -47. -39. -38. -29. -29. -29. -27. -27. -26. -25. -24. -24. -22.
 -22. -19. -19. -18. -17. -17. -13. -10.  -8.  -5.  -3.  -2.  -1.  -1.
  -1.   0.   1.   2.   3.   4.   6.  10.  13.  14.  17.  19.  21.  24.
  28.  33.  33.  34.  35.  35.  41.  45.  45.  48.  50.  52.  54.  54.
  54.  62.  64.  66.  67.  74.  75.  78.  82.  85.  85.  88.  88.  94.
  97.  97.][-100. -100.  -98.  -93.  -91.  -90.  -90.  -90.  -84.  -81.  -80.  -80.
  -75.  -73.  -70.  -70.  -68.  -65.  -63.  -59.  -56.  -55.  -53.  -51.
  -49.  -47.  -47.  -46.  -38.  -37.  -36.  -36.  -33.  -32.  -32.  -30.
  -26.  -24.  -24.  -21.  -21.  -18.  -15.  -15.  -14.  -14.  -12.  -12.
  -12.   -9.   -7.   -2.    1.    5.    5.    5.    7.    9.   10.   11.
   12.   13.   15.   17.   17.   25.   26.   27.   29.   35.   38.   38.
   38.   40.   43.   45.   48.   57.   59.   60.   67.   67.   69.   69.
   69.   70.   72.   72.   73.   82.   85.   85.   88.   89.   94.   95.
   95.   97.  100.  100.][-100. -100.  -94.  -94.  -91.  -91.  -89.  -88.  -86.  -85.  -83.  -79.
  -74.  -74.  -71.  -71.  -70.  -70.  -70.  -69.  -67.  -65.  -64.  -62.
  -60.  -60.  -59.  -57.  -57.  -54.  -53.  -52.  -49.  -47.  -46.  -45.
  -45.  -45.  -44.  -37.  -37.  -36.  -34.  -30.  -26.  -24.  -21.  -20.
  -17.  -14.  -13.  -12.  -11.  -11.  -11.   -8.   -6.   -3.    0.    2.
    5.    7.   10.   12.   14.   17.   20.   22.   26.   29.   31.   33.
   41.   45.   49.   50.   52.   63.   64.   71.   72.   73.   75.   77.
   77.   80.   82.   83.   84.   85.   87.   87.   89.   89.   89.   91.
   92.   94.   99.  100.][-100.  -97.  -94.  -91.  -90.  -88.  -81.  -81.  -80.  -79.  -79.  -78.
  -77.  -76.  -74.  -73.  -72.  -72.  -69.  -68.  -64.  -64.  -60.  -59.
  -59.  -55.  -52.  -50.  -50.  -48.  -46.  -43.  -40.  -40.  -39.  -38.
  -38.  -38.  -35.  -34.  -33.  -31.  -30.  -29.  -29.  -27.  -26.  -22.
  -21.  -17.  -13.  -11.  -10.   -6.   -2.    0.    1.    3.   10.   11.
   18.   19.   20.   22.   22.   30.   31.   33.   34.   35.   38.   41.
   42.   44.   44.   44.   47.   47.   50.   51.   51.   52.   58.   60.
   67.   68.   70.   71.   76.   77.   79.   80.   80.   80.   80.   85.
   87.   88.   90.   95.][-98. -95. -94. -94. -86. -86. -86. -86. -85. -84. -80. -78. -75. -73.
 -72. -66. -66. -64. -63. -62. -62. -58. -57. -56. -55. -55. -54. -54.
 -53. -51. -51. -48. -46. -45. -44. -44. -44. -43. -41. -40. -33. -29.
 -26. -20. -17. -14. -13. -11.  -9.  -9.  -1.   2.   3.   3.   4.   6.
   6.   8.  17.  20.  22.  24.  27.  27.  27.  28.  34.  36.  39.  39.
  40.  41.  46.  49.  50.  50.  52.  52.  52.  52.  53.  54.  55.  57.
  59.  64.  65.  66.  67.  74.  75.  76.  79.  79.  84.  85.  89.  91.
  93.  97.][-100.  -95.  -94.  -92.  -90.  -89.  -89.  -88.  -86.  -85.  -82.  -82.
  -79.  -78.  -75.  -73.  -73.  -72.  -71.  -71.  -68.  -68.  -66.  -64.
  -61.  -58.  -56.  -56.  -56.  -56.  -52.  -47.  -46.  -45.  -41.  -40.
  -40.  -38.  -38.  -38.  -35.  -34.  -34.  -34.  -34.  -29.  -27.  -27.
  -20.  -18.  -16.  -15.  -13.   -8.   -7.   -7.   -3.    4.    8.    9.
   11.   16.   16.   19.   21.   23.   24.   25.   25.   26.   30.   32.
   34.   38.   41.   42.   49.   51.   52.   56.   59.   60.   64.   67.
   70.   71.   72.   72.   74.   74.   82.   82.   86.   89.   90.   91.
   94.   95.   97.   98.][-96. -95. -95. -92. -92. -88. -88. -87. -87. -87. -85. -80. -76. -72.
 -69. -69. -66. -66. -60. -57. -57. -56. -56. -56. -52. -47. -46. -44.
 -40. -34. -32. -30. -30. -29. -28. -28. -26. -26. -21. -19. -19. -17.
 -16. -15. -12. -10.  -8.  -6.  -4.  -4.  -3.  -2.   6.   7.   7.   9.
  10.  10.  11.  13.  13.  20.  23.  26.  28.  29.  30.  30.  34.  36.
  38.  43.  44.  45.  46.  47.  51.  51.  53.  60.  63.  63.  63.  63.
  64.  70.  71.  79.  79.  80.  83.  85.  85.  88.  89.  90.  90.  92.
  94.  96.][-95. -94. -92. -89. -87. -84. -84. -79. -78. -78. -77. -77. -73. -70.
 -68. -67. -66. -56. -54. -52. -51. -46. -44. -43. -42. -42. -42. -41.
 -40. -40. -39. -37. -36. -36. -28. -27. -27. -24. -24. -18. -16. -16.
 -15. -15. -15.  -5.  -3.  -2.  -1.   0.   1.   1.   6.   6.   6.   7.
  11.  20.  27.  28.  30.  31.  34.  38.  41.  41.  44.  45.  51.  53.
  54.  54.  55.  56.  57.  58.  58.  59.  59.  62.  69.  71.  75.  82.
  83.  87.  88.  88.  89.  91.  92.  92.  93.  95.  95.  97.  98.  99.
  99. 100.][-97. -97. -97. -97. -95. -94. -93. -92. -92. -90. -89. -87. -84. -83.
 -80. -75. -74. -73. -71. -68. -68. -67. -66. -62. -61. -61. -59. -58.
 -52. -52. -48. -43. -42. -37. -26. -26. -24. -23. -21. -20. -19. -18.
 -15. -14. -14. -13.  -8.  -7.  -6.  -5.  -5.  -4.  -4.   2.   9.  12.
  18.  18.  19.  20.  21.  28.  30.  36.  37.  39.  41.  42.  42.  44.
  44.  45.  48.  48.  49.  50.  52.  53.  54.  54.  56.  56.  56.  57.
  58.  61.  61.  63.  65.  76.  80.  82.  83.  85.  91.  92.  93.  95.
  97.  99.][-99. -98. -98. -98. -96. -94. -92. -92. -91. -88. -86. -81. -80. -78.
 -77. -76. -73. -69. -66. -66. -64. -63. -62. -61. -61. -54. -52. -51.
 -50. -47. -47. -46. -45. -43. -42. -42. -38. -35. -34. -34. -30. -27.
 -26. -19. -17. -16. -16. -15. -14. -14. -12. -10.  -8.  -7.  -5.   2.
   2.   5.  12.  12.  13.  13.  14.  23.  25.  25.  27.  27.  29.  29.
  31.  32.  34.  38.  39.  42.  43.  44.  44.  45.  47.  49.  53.  62.
  64.  65.  73.  77.  79.  79.  80.  83.  87.  89.  90.  91.  92.  96.
  96. 100.][-98. -98. -96. -96. -95. -95. -93. -91. -86. -86. -83. -83. -82. -81.
 -80. -79. -78. -77. -75. -72. -72. -66. -64. -54. -53. -52. -49. -46.
 -45. -44. -43. -40. -40. -33. -33. -31. -29. -28. -28. -23. -22. -21.
 -19. -15. -12.  -7.  -6.  -6.  -3.  -1.   0.   1.   2.   3.   3.   6.
   8.  10.  10.  13.  13.  15.  16.  29.  30.  31.  33.  34.  37.  37.
  38.  40.  44.  47.  47.  47.  48.  50.  50.  50.  52.  53.  55.  58.
  66.  66.  67.  71.  71.  73.  74.  74.  78.  80.  84.  84.  85.  86.
  87.  98.][-100.  -99.  -98.  -96.  -94.  -94.  -93.  -92.  -91.  -90.  -90.  -87.
  -85.  -85.  -80.  -79.  -79.  -78.  -72.  -72.  -71.  -70.  -68.  -68.
  -67.  -65.  -64.  -56.  -55.  -55.  -49.  -49.  -46.  -41.  -40.  -37.
  -35.  -34.  -32.  -32.  -28.  -24.  -24.  -20.  -19.  -18.  -18.  -17.
  -16.  -14.  -12.   -9.   -6.   -5.    5.   10.   13.   14.   19.   23.
   24.   30.   30.   31.   38.   38.   41.   42.   43.   44.   46.   50.
   50.   51.   51.   55.   55.   59.   62.   62.   63.   64.   66.   67.
   70.   73.   75.   77.   80.   81.   82.   82.   83.   85.   89.   92.
   92.   93.   95.   99.][-95. -94. -93. -91. -89. -86. -84. -83. -81. -81. -81. -79. -76. -70.
 -70. -67. -62. -61. -59. -51. -50. -48. -46. -46. -38. -37. -36. -36.
 -35. -32. -30. -29. -27. -27. -26. -25. -23. -20. -20. -17. -17.  -9.
  -4.  -4.  -4.  -4.  -1.   1.   2.   4.   6.   7.   7.   8.  10.  11.
  12.  13.  14.  15.  17.  24.  29.  29.  31.  34.  36.  37.  40.  41.
  42.  45.  45.  46.  47.  49.  49.  49.  50.  50.  52.  53.  53.  54.
  61.  62.  63.  65.  67.  70.  70.  83.  89.  90.  90.  91.  91.  93.
  94.  99.][-99. -98. -97. -94. -92. -92. -91. -91. -91. -89. -89. -87. -86. -83.
 -82. -78. -77. -77. -73. -73. -72. -72. -68. -63. -63. -57. -56. -54.
 -51. -49. -48. -45. -35. -32. -29. -28. -26. -24. -23. -22. -21. -21.
 -20. -19. -18. -18. -17. -13. -13. -12. -11.  -9.  -8.  -4.  -2.   0.
   2.   5.   7.   7.   9.  18.  20.  20.  21.  23.  28.  30.  32.  45.
  48.  49.  51.  52.  54.  55.  55.  56.  58.  59.  61.  63.  65.  65.
  66.  66.  69.  75.  75.  75.  75.  77.  80.  81.  86.  86.  92.  98.
  99. 100.][-99. -98. -98. -98. -97. -91. -91. -89. -86. -83. -77. -76. -75. -74.
 -73. -73. -68. -65. -64. -63. -51. -50. -50. -49. -49. -49. -48. -45.
 -42. -41. -37. -34. -33. -30. -26. -20. -20. -17. -16. -12.  -9.  -8.
  -8.  -8.  -4.  -4.  -2.  -2.   1.   1.   7.   9.   9.  10.  19.  23.
  23.  25.  25.  26.  27.  27.  28.  33.  35.  35.  41.  42.  43.  43.
  44.  45.  50.  52.  56.  56.  59.  59.  60.  60.  61.  65.  66.  71.
  74.  76.  78.  79.  80.  82.  83.  84.  86.  86.  87.  88.  89.  95.
  99.  99.][-97. -96. -94. -91. -90. -88. -86. -78. -77. -76. -75. -74. -72. -70.
 -68. -68. -67. -65. -64. -64. -63. -62. -60. -57. -56. -54. -53. -51.
 -48. -43. -43. -35. -34. -33. -33. -32. -30. -28. -24. -22. -22. -20.
 -20. -20. -19. -17. -16. -14. -13.   1.   2.   6.   7.  11.  13.  16.
  17.  22.  25.  28.  31.  31.  35.  37.  38.  39.  42.  44.  46.  47.
  50.  51.  53.  55.  55.  56.  57.  60.  61.  62.  64.  68.  69.  71.
  73.  73.  74.  74.  75.  78.  78.  79.  79.  79.  79.  81.  81.  88.
 100. 100.][-99. -98. -97. -95. -94. -93. -92. -86. -85. -85. -82. -78. -78. -77.
 -76. -75. -72. -71. -68. -64. -63. -59. -59. -57. -57. -56. -55. -55.
 -55. -52. -52. -50. -48. -47. -46. -46. -41. -40. -37. -36. -36. -35.
 -32. -29. -28. -26. -24. -24. -23. -21. -15. -15. -12. -12.  -9.  -8.
  -8.  -6.  -6.  -4.   7.  11.  13.  14.  15.  20.  23.  24.  25.  25.
  30.  33.  34.  37.  38.  43.  44.  47.  48.  49.  54.  55.  60.  62.
  62.  64.  68.  75.  78.  78.  80.  81.  82.  83.  84.  88.  92.  92.
  94.  96.][-99. -96. -96. -95. -93. -91. -89. -87. -84. -84. -82. -81. -77. -76.
 -76. -68. -68. -66. -65. -63. -61. -60. -60. -55. -51. -51. -45. -44.
 -44. -44. -43. -43. -42. -41. -39. -34. -34. -31. -28. -21. -21. -20.
 -17. -17. -15. -11. -10. -10. -10. -10.  -8.  -6.  -3.  -1.  -1.   1.
   1.   3.   3.   6.   8.  12.  13.  18.  23.  25.  26.  26.  27.  29.
  33.  39.  39.  42.  45.  46.  46.  49.  50.  51.  52.  60.  63.  66.
  66.  67.  67.  69.  74.  76.  78.  82.  82.  84.  89.  91.  94.  96.
  96. 100.][-98. -90. -89. -88. -86. -84. -77. -74. -73. -71. -70. -70. -68. -67.
 -63. -63. -62. -61. -59. -58. -57. -56. -54. -51. -48. -48. -47. -45.
 -43. -37. -36. -35. -34. -30. -25. -24. -22. -17. -17. -15. -15. -13.
 -12.  -7.  -5.  -4.   0.   2.   3.   4.   7.   8.  10.  10.  11.  13.
  16.  17.  20.  23.  27.  27.  31.  35.  39.  40.  41.  48.  48.  49.
  52.  52.  54.  55.  56.  57.  59.  60.  60.  63.  64.  64.  70.  71.
  71.  74.  74.  76.  77.  78.  78.  84.  86.  88.  89.  89.  90.  90.
  94.  98.][-100.  -99.  -99.  -98.  -98.  -97.  -93.  -92.  -91.  -88.  -78.  -78.
  -78.  -77.  -71.  -63.  -55.  -55.  -54.  -51.  -50.  -47.  -45.  -44.
  -40.  -40.  -38.  -34.  -34.  -32.  -26.  -21.  -17.  -14.  -14.  -12.
  -12.   -9.   -9.   -4.   -1.    6.    9.   12.   13.   15.   16.   16.
   17.   17.   17.   21.   21.   24.   26.   26.   26.   29.   33.   34.
   36.   37.   39.   39.   40.   40.   43.   45.   45.   46.   54.   56.
   56.   58.   59.   59.   59.   61.   61.   61.   66.   66.   67.   70.
   71.   72.   73.   74.   74.   77.   77.   79.   79.   84.   95.   96.
   97.   97.   97.  100.][-99. -98. -94. -94. -91. -91. -87. -87. -87. -85. -84. -69. -64. -63.
 -63. -63. -61. -60. -57. -53. -48. -48. -45. -44. -42. -42. -36. -36.
 -36. -35. -34. -33. -31. -31. -31. -27. -25. -22. -16. -14. -13. -13.
 -12. -11.  -7.  -6.  -6.  -3.  -3.  -2.  -2.   5.   6.   8.   9.  10.
  10.  11.  14.  18.  21.  22.  23.  23.  30.  35.  36.  39.  41.  41.
  43.  44.  46.  49.  51.  51.  51.  52.  59.  67.  70.  73.  73.  74.
  76.  77.  78.  82.  82.  83.  84.  84.  84.  85.  88.  89.  92.  94.
  97. 100.][-100. -100.  -98.  -98.  -98.  -97.  -97.  -96.  -91.  -90.  -79.  -78.
  -76.  -74.  -73.  -70.  -64.  -64.  -63.  -61.  -61.  -61.  -60.  -55.
  -48.  -46.  -46.  -37.  -37.  -35.  -33.  -33.  -32.  -31.  -30.  -28.
  -28.  -25.  -20.  -20.  -17.  -15.  -11.  -10.   -9.   -9.   -5.   -5.
   -4.   -2.   -2.   -1.    0.    3.    5.    9.   10.   11.   12.   18.
   18.   20.   24.   28.   31.   32.   35.   35.   35.   49.   50.   51.
   52.   57.   65.   65.   66.   66.   69.   69.   70.   71.   73.   77.
   78.   80.   80.   81.   85.   85.   86.   89.   90.   90.   92.   96.
   96.   98.   98.  100.][-99. -99. -96. -92. -91. -90. -86. -82. -76. -75. -75. -75. -71. -70.
 -69. -68. -67. -67. -66. -61. -60. -58. -58. -48. -47. -46. -41. -38.
 -38. -38. -37. -30. -28. -28. -27. -26. -23. -20. -20. -19. -14. -14.
  -9.  -6.  -6.  -4.   2.   2.   4.   6.   8.  12.  14.  15.  15.  17.
  19.  19.  21.  22.  22.  26.  26.  27.  28.  28.  30.  31.  32.  32.
  37.  37.  43.  46.  48.  48.  50.  50.  53.  53.  55.  56.  58.  60.
  62.  62.  65.  66.  68.  71.  72.  72.  72.  83.  83.  88.  88.  90.
  94. 100.][-98. -94. -87. -85. -84. -82. -81. -76. -76. -72. -72. -71. -71. -69.
 -67. -66. -66. -64. -64. -61. -57. -56. -55. -51. -51. -50. -49. -46.
 -40. -38. -31. -28. -26. -22. -21. -21. -20. -19. -19. -18. -18. -16.
 -16. -16. -14. -14. -13. -12. -11.  -8.  -5.  -4.  -3.  -1.  -1.  -1.
   0.   1.   5.   5.   6.   7.  10.  11.  22.  23.  27.  28.  30.  31.
  35.  37.  37.  41.  41.  45.  47.  51.  52.  54.  55.  57.  60.  64.
  64.  69.  70.  72.  75.  78.  81.  81.  85.  87.  88.  88.  94.  95.
  99. 100.][-99. -98. -97. -91. -91. -86. -84. -83. -81. -75. -75. -74. -73. -72.
 -71. -71. -70. -67. -65. -63. -63. -62. -62. -62. -60. -60. -59. -55.
 -49. -44. -44. -43. -43. -42. -41. -40. -40. -39. -37. -31. -31. -30.
 -29. -29. -28. -27. -25. -23. -18. -17. -16. -14. -12. -11. -11.  -9.
  -8.  -2.   0.   2.   3.   6.   7.  10.  13.  15.  16.  16.  17.  24.
  24.  27.  29.  33.  35.  37.  41.  41.  44.  46.  47.  48.  50.  60.
  60.  61.  65.  66.  66.  71.  72.  73.  78.  80.  87.  89.  98. 100.
 100. 100.][-100.  -97.  -96.  -95.  -92.  -92.  -90.  -89.  -88.  -84.  -84.  -81.
  -80.  -79.  -74.  -74.  -73.  -68.  -64.  -64.  -63.  -60.  -60.  -57.
  -49.  -48.  -47.  -47.  -46.  -44.  -42.  -40.  -38.  -36.  -36.  -33.
  -26.  -24.  -23.  -23.  -21.  -20.  -19.  -11.   -9.   -8.   -3.   -3.
   -2.    0.    0.    2.    3.    5.   10.   12.   17.   17.   20.   21.
   22.   25.   25.   26.   27.   28.   28.   28.   33.   34.   35.   42.
   47.   47.   52.   54.   55.   58.   59.   60.   66.   68.   68.   69.
   70.   74.   78.   79.   80.   84.   88.   90.   92.   92.   93.   93.
   95.   96.   97.   99.][-100. -100.  -96.  -95.  -95.  -94.  -93.  -93.  -92.  -90.  -85.  -79.
  -79.  -78.  -66.  -65.  -65.  -62.  -57.  -56.  -55.  -54.  -53.  -51.
  -48.  -46.  -45.  -42.  -39.  -39.  -36.  -33.  -31.  -29.  -27.  -27.
  -26.  -26.  -25.  -24.  -18.  -15.  -15.  -11.  -10.   -7.   -4.   -1.
   -1.    1.    1.    6.    6.    8.    9.   12.   17.   18.   23.   25.
   26.   33.   36.   36.   36.   39.   47.   47.   47.   47.   51.   51.
   52.   52.   55.   60.   60.   61.   62.   63.   64.   70.   71.   74.
   76.   79.   81.   81.   81.   82.   88.   89.   90.   91.   92.   94.
   97.   97.   98.   98.][-100.  -98.  -96.  -90.  -87.  -85.  -81.  -81.  -80.  -79.  -74.  -71.
  -71.  -69.  -69.  -68.  -67.  -64.  -64.  -63.  -61.  -50.  -49.  -47.
  -47.  -46.  -41.  -33.  -33.  -31.  -29.  -28.  -27.  -23.  -22.  -20.
  -18.  -15.  -10.   -9.   -8.   -6.   -6.   -4.   -4.   -4.   -3.   -3.
   -3.   -2.    0.    1.    2.    7.   10.   13.   14.   15.   17.   18.
   24.   25.   29.   33.   34.   38.   40.   41.   42.   43.   45.   45.
   47.   50.   50.   51.   54.   55.   55.   60.   63.   67.   70.   72.
   72.   74.   75.   75.   76.   80.   81.   84.   85.   87.   93.   95.
   97.   98.   99.   99.][-100.  -98.  -92.  -86.  -86.  -84.  -82.  -79.  -76.  -73.  -72.  -67.
  -65.  -63.  -61.  -60.  -54.  -51.  -43.  -42.  -42.  -42.  -40.  -40.
  -36.  -34.  -33.  -28.  -28.  -26.  -26.  -25.  -25.  -23.  -20.  -20.
  -17.  -14.  -10.   -8.   -8.   -6.   -6.   -1.    0.    8.   10.   10.
   11.   13.   14.   18.   20.   22.   23.   24.   25.   29.   30.   32.
   32.   33.   33.   35.   39.   41.   42.   42.   43.   49.   49.   51.
   55.   55.   56.   57.   59.   60.   62.   62.   63.   65.   68.   69.
   70.   72.   72.   76.   81.   82.   82.   84.   86.   87.   87.   88.
   97.   97.   99.   99.][-99. -97. -95. -94. -92. -91. -85. -84. -77. -76. -76. -70. -70. -57.
 -56. -53. -52. -52. -49. -47. -46. -46. -43. -42. -39. -39. -33. -30.
 -30. -30. -25. -20. -18. -16. -15. -14. -11. -10.  -9.  -6.  -1.  -1.
   1.   1.   1.   1.   5.   8.   8.   9.  13.  13.  13.  14.  14.  14.
  15.  15.  16.  17.  19.  19.  23.  28.  29.  36.  36.  37.  40.  40.
  41.  42.  46.  48.  49.  51.  52.  55.  56.  57.  58.  59.  62.  66.
  69.  70.  73.  73.  74.  79.  83.  89.  91.  91.  91.  92.  92.  94.
  95. 100.][-94. -93. -92. -91. -88. -85. -84. -83. -81. -80. -79. -79. -77. -76.
 -70. -69. -68. -68. -67. -65. -62. -61. -60. -59. -55. -54. -51. -51.
 -51. -46. -44. -42. -40. -38. -38. -38. -37. -37. -35. -34. -33. -25.
 -25. -23. -22. -22. -19. -19. -17. -15. -15. -10.  -8.  -7.   7.   7.
  10.  11.  12.  13.  14.  21.  21.  24.  24.  25.  25.  26.  36.  37.
  40.  45.  47.  49.  49.  57.  57.  58.  61.  67.  67.  69.  71.  73.
  75.  75.  76.  76.  77.  78.  79.  80.  81.  81.  85.  85.  86.  89.
  92.  99.][-98. -96. -94. -94. -93. -90. -85. -84. -78. -71. -70. -59. -57. -57.
 -56. -51. -46. -46. -46. -45. -45. -43. -41. -36. -35. -30. -30. -30.
 -29. -25. -24. -22. -19. -19. -19. -13. -10.  -7.  -6.  -6.  -5.  -3.
  -2.   1.   5.   8.   8.   9.   9.   9.  11.  13.  14.  17.  17.  19.
  20.  20.  22.  23.  26.  31.  32.  36.  36.  37.  38.  40.  40.  51.
  52.  56.  59.  60.  61.  62.  63.  64.  64.  69.  70.  72.  73.  74.
  78.  78.  84.  86.  86.  87.  87.  89.  89.  90.  91.  97.  98.  98.
  98. 100.][-99. -98. -97. -96. -95. -91. -91. -91. -90. -90. -84. -83. -80. -80.
 -79. -75. -74. -73. -68. -60. -60. -59. -52. -51. -49. -48. -46. -45.
 -42. -40. -34. -34. -32. -28. -24. -24. -24. -23. -23. -14. -14. -12.
 -10.  -8.  -4.  -3.  -1.   4.   4.   5.   8.  10.  13.  17.  17.  19.
  21.  27.  29.  29.  32.  32.  38.  41.  42.  43.  49.  51.  51.  52.
  57.  59.  60.  61.  62.  64.  64.  64.  67.  73.  75.  78.  79.  85.
  86.  87.  88.  88.  89.  91.  91.  93.  93.  93.  94.  95.  95.  96.
  97. 100.][-99. -98. -96. -94. -92. -84. -83. -82. -80. -78. -77. -77. -76. -75.
 -73. -72. -71. -67. -67. -63. -61. -61. -55. -54. -53. -52. -47. -46.
 -43. -43. -37. -32. -28. -27. -23. -21. -18. -13.  -9.  -8.  -7.  -7.
  -5.  -3.  -2.   0.   1.   1.   3.   3.   4.   5.   5.   7.   7.  18.
  18.  18.  20.  21.  25.  27.  28.  28.  33.  34.  37.  37.  38.  40.
  41.  43.  50.  50.  54.  58.  60.  60.  61.  65.  66.  69.  71.  75.
  78.  80.  83.  83.  86.  87.  87.  89.  94.  94.  94.  95.  96.  98.
 100. 100.][-99. -95. -93. -93. -92. -86. -80. -75. -67. -62. -61. -51. -50. -49.
 -43. -43. -39. -36. -34. -33. -33. -32. -30. -30. -26. -18. -17. -17.
 -15. -14. -13. -11.  -6.  -4.  -1.   0.   0.   0.   1.   4.   5.   6.
   8.   9.  13.  14.  15.  16.  17.  18.  18.  20.  20.  21.  25.  28.
  28.  28.  29.  29.  30.  30.  31.  31.  31.  32.  33.  34.  36.  42.
  42.  45.  46.  47.  48.  48.  51.  55.  55.  57.  61.  61.  61.  62.
  63.  65.  67.  68.  71.  75.  78.  83.  84.  86.  89.  92.  94.  97.
  99.  99.][-100.  -93.  -92.  -91.  -90.  -88.  -87.  -87.  -84.  -75.  -74.  -74.
  -72.  -72.  -71.  -70.  -69.  -67.  -66.  -65.  -64.  -64.  -62.  -60.
  -60.  -60.  -58.  -57.  -53.  -52.  -49.  -49.  -48.  -46.  -46.  -44.
  -38.  -34.  -34.  -33.  -32.  -28.  -25.  -19.  -17.  -15.  -15.  -13.
   -6.   -3.   -3.    6.    9.   15.   20.   26.   26.   27.   32.   34.
   34.   35.   36.   37.   42.   44.   47.   48.   53.   53.   53.   53.
   60.   62.   64.   64.   64.   65.   67.   71.   71.   74.   74.   74.
   79.   80.   81.   81.   83.   86.   90.   92.   93.   93.   94.   96.
   97.   98.   99.  100.][-99. -98. -98. -98. -97. -96. -95. -90. -81. -75. -67. -66. -65. -63.
 -62. -61. -60. -58. -56. -56. -52. -52. -49. -48. -47. -45. -43. -43.
 -43. -35. -34. -32. -32. -32. -28. -27. -22. -21. -15. -14. -13. -10.
  -5.  -5.   1.   1.   2.   3.   4.   5.   7.   9.  10.  17.  19.  21.
  22.  22.  23.  24.  25.  28.  29.  31.  31.  32.  33.  33.  38.  40.
  40.  44.  45.  50.  52.  52.  54.  55.  55.  56.  56.  59.  60.  63.
  63.  73.  73.  77.  78.  78.  80.  82.  83.  83.  85.  86.  89.  96.
  98.  98.][-95. -93. -92. -89. -87. -87. -85. -82. -74. -74. -70. -70. -67. -67.
 -64. -61. -55. -50. -49. -48. -48. -48. -47. -44. -43. -38. -34. -33.
 -32. -31. -24. -24. -23. -20. -12. -11.  -8.  -7.  -6.  -5.  -3.  -1.
   0.   0.   0.   6.   8.  13.  13.  14.  17.  22.  22.  24.  26.  27.
  28.  29.  32.  34.  35.  41.  41.  43.  43.  43.  44.  44.  45.  50.
  50.  55.  56.  59.  60.  61.  62.  62.  62.  67.  67.  70.  71.  77.
  80.  83.  83.  84.  85.  86.  91.  93.  93.  93.  93.  96.  97.  98.
  99. 100.][-94. -93. -92. -92. -89. -89. -88. -85. -84. -79. -78. -76. -76. -74.
 -72. -64. -57. -57. -53. -50. -49. -49. -49. -48. -47. -46. -44. -43.
 -39. -36. -33. -33. -29. -26. -21. -20. -19. -18. -17. -15. -15. -13.
 -13.  -5.  -3.  -2.  -2.  -2.   1.   3.   3.   7.   9.  10.  11.  17.
  17.  18.  22.  27.  27.  29.  31.  31.  33.  33.  34.  35.  37.  39.
  39.  40.  43.  43.  44.  45.  50.  52.  57.  57.  61.  61.  62.  66.
  70.  72.  73.  78.  80.  85.  88.  89.  89.  89.  93.  95.  97.  97.
  97.  99.][-99. -99. -99. -97. -96. -94. -92. -88. -88. -87. -85. -85. -84. -81.
 -78. -75. -71. -71. -70. -69. -65. -54. -49. -49. -49. -45. -44. -42.
 -40. -39. -36. -36. -35. -35. -31. -31. -30. -27. -16. -12.  -9.  -9.
  -7.  -6.  -5.  -3.  -2.   0.   4.   5.   5.   6.  14.  17.  26.  26.
  28.  29.  31.  37.  38.  41.  43.  44.  45.  45.  45.  46.  48.  48.
  49.  50.  51.  54.  55.  55.  56.  57.  63.  64.  64.  65.  66.  69.
  73.  76.  79.  79.  82.  83.  84.  84.  87.  91.  91.  93.  94.  94.
  98. 100.][-99. -97. -93. -92. -86. -85. -84. -81. -80. -80. -78. -76. -76. -68.
 -64. -61. -58. -57. -53. -49. -44. -42. -37. -35. -34. -32. -32. -32.
 -31. -30. -29. -23. -23. -19. -16. -14. -13. -12.  -9.  -8.  -6.  -3.
  -2.   0.   2.   4.   5.  10.  11.  11.  14.  15.  18.  20.  27.  28.
  30.  33.  35.  35.  35.  36.  37.  37.  38.  40.  45.  51.  55.  57.
  60.  61.  65.  66.  66.  67.  72.  75.  75.  77.  78.  78.  78.  79.
  80.  82.  83.  86.  87.  89.  90.  91.  91.  92.  93.  94.  97.  97.
  99.  99.][-100.  -98.  -95.  -92.  -91.  -89.  -86.  -85.  -82.  -82.  -82.  -81.
  -81.  -79.  -78.  -76.  -76.  -76.  -73.  -69.  -67.  -55.  -53.  -46.
  -42.  -42.  -40.  -40.  -39.  -36.  -31.  -26.  -24.  -21.  -12.  -11.
  -10.   -7.   -6.   -5.   -4.   -1.    0.    2.    3.    3.    4.    5.
    7.   17.   17.   19.   19.   22.   23.   23.   25.   27.   29.   30.
   31.   32.   36.   39.   43.   44.   47.   48.   50.   58.   59.   59.
   61.   63.   63.   67.   68.   70.   70.   72.   72.   73.   73.   74.
   80.   82.   83.   84.   84.   86.   87.   87.   88.   88.   90.   92.
   93.   95.   98.  100.][-100.  -99.  -98.  -97.  -96.  -96.  -95.  -95.  -91.  -89.  -87.  -86.
  -85.  -85.  -84.  -82.  -80.  -67.  -66.  -63.  -62.  -59.  -58.  -49.
  -49.  -48.  -47.  -46.  -45.  -44.  -44.  -41.  -39.  -33.  -29.  -25.
  -21.  -18.  -17.  -16.  -13.  -12.   -6.   -5.   -3.    0.    6.    9.
   11.   17.   19.   20.   22.   22.   22.   26.   27.   31.   31.   32.
   33.   34.   34.   35.   38.   46.   47.   49.   50.   50.   51.   54.
   55.   55.   55.   56.   57.   59.   60.   61.   63.   64.   65.   65.
   73.   76.   79.   82.   85.   89.   90.   90.   93.   93.   94.   95.
   96.   96.   98.   99.][-100.  -99.  -98.  -98.  -95.  -91.  -91.  -91.  -88.  -87.  -87.  -85.
  -83.  -80.  -78.  -78.  -71.  -71.  -68.  -67.  -67.  -66.  -60.  -60.
  -58.  -58.  -58.  -51.  -49.  -49.  -46.  -44.  -33.  -29.  -29.  -26.
  -26.  -25.  -16.  -14.   -9.   -8.   -8.   -7.   -6.   -6.   -3.   -2.
   -1.    0.    0.    3.    6.    7.    8.    9.   14.   14.   21.   22.
   28.   29.   30.   31.   31.   33.   35.   37.   39.   40.   44.   46.
   50.   50.   52.   52.   54.   57.   57.   59.   60.   60.   62.   63.
   63.   64.   68.   68.   73.   78.   78.   79.   81.   82.   84.   86.
   96.   98.   98.  100.][-98. -95. -95. -92. -92. -90. -90. -89. -85. -83. -82. -82. -82. -81.
 -79. -79. -77. -74. -72. -72. -71. -70. -68. -64. -56. -55. -52. -52.
 -51. -46. -45. -44. -42. -36. -36. -36. -35. -32. -31. -29. -28. -26.
 -25. -24. -24. -23. -22. -19. -15. -10.  -8.  -8.  -7.  -5.  -4.  -2.
  -1.   1.   5.   5.   7.  10.  15.  21.  22.  22.  25.  27.  27.  33.
  34.  35.  35.  48.  48.  49.  50.  51.  53.  62.  64.  69.  70.  70.
  71.  79.  80.  80.  81.  82.  83.  83.  89.  92.  94.  95.  96.  97.
  97.  98.][-99. -97. -97. -90. -89. -88. -81. -78. -78. -77. -71. -71. -69. -62.
 -62. -60. -58. -55. -54. -51. -50. -47. -45. -44. -41. -40. -34. -31.
 -28. -25. -24. -23. -23. -21. -19. -17. -15. -15. -14. -13. -11.  -9.
  -7.  -3.  -3.   0.   7.   9.  10.  12.  13.  15.  15.  15.  17.  19.
  19.  19.  22.  23.  26.  31.  31.  31.  32.  33.  34.  34.  34.  38.
  38.  40.  42.  43.  44.  45.  49.  49.  51.  53.  54.  57.  57.  64.
  69.  73.  76.  80.  82.  88.  88.  90.  91.  94.  94.  96.  97.  99.
  99. 100.][-91. -90. -89. -88. -88. -86. -85. -84. -82. -82. -80. -80. -77. -73.
 -71. -71. -68. -67. -65. -65. -64. -57. -54. -52. -52. -49. -47. -46.
 -44. -42. -41. -40. -37. -36. -34. -33. -33. -31. -31. -31. -29. -24.
 -24. -24. -22. -21. -20. -19. -19. -16. -14. -11. -11.  -8.  -6.  -2.
  -1.  -1.   1.   3.   6.   7.   8.  10.  15.  17.  17.  18.  18.  22.
  24.  27.  29.  37.  40.  41.  46.  53.  54.  55.  56.  56.  57.  61.
  63.  68.  70.  72.  74.  77.  78.  80.  83.  88.  90.  90.  96.  98.
  98.  99.][-99. -99. -96. -95. -93. -90. -90. -90. -86. -84. -83. -80. -80. -79.
 -79. -77. -76. -76. -73. -72. -71. -70. -69. -68. -67. -63. -58. -58.
 -56. -55. -54. -51. -49. -48. -44. -43. -38. -27. -27. -26. -26. -25.
 -25. -25. -25. -23. -23. -18. -16. -15. -13. -12.  -8.  -7.  -6.  -3.
   2.   3.   7.   8.   9.   9.  13.  14.  14.  14.  15.  20.  29.  29.
  29.  35.  37.  38.  39.  40.  43.  45.  51.  58.  62.  63.  65.  65.
  66.  67.  67.  68.  69.  72.  75.  77.  77.  80.  82.  83.  86.  98.
  98.  98.][-100.  -97.  -95.  -93.  -91.  -91.  -87.  -84.  -83.  -83.  -82.  -79.
  -78.  -77.  -76.  -76.  -76.  -72.  -66.  -58.  -57.  -56.  -52.  -48.
  -46.  -45.  -45.  -45.  -42.  -41.  -41.  -39.  -38.  -38.  -37.  -36.
  -36.  -34.  -32.  -32.  -32.  -31.  -31.  -28.  -27.  -26.  -23.  -22.
  -22.  -19.  -14.   -9.   -4.   -4.    0.    1.    4.    4.    8.   10.
   12.   17.   19.   26.   26.   31.   33.   34.   34.   36.   36.   44.
   47.   48.   49.   52.   53.   54.   54.   56.   57.   58.   63.   71.
   74.   74.   79.   83.   85.   86.   89.   90.   91.   94.   96.   97.
   98.   99.   99.   99.][-98. -97. -96. -89. -88. -87. -85. -83. -80. -80. -79. -72. -71. -70.
 -66. -66. -65. -63. -62. -61. -58. -56. -55. -55. -52. -52. -48. -47.
 -43. -43. -42. -38. -35. -34. -32. -31. -28. -28. -24. -17. -16. -16.
 -16. -14. -13. -11.  -9.  -5.  -5.  -4.  -2.   1.   2.   2.   5.   8.
   9.  10.  11.  16.  19.  21.  24.  25.  27.  28.  28.  29.  31.  35.
  37.  38.  39.  41.  44.  46.  47.  50.  51.  52.  53.  55.  58.  58.
  63.  64.  70.  70.  70.  71.  75.  80.  84.  85.  85.  89.  90.  92.
  95.  98.][-100. -100.  -99.  -98.  -97.  -89.  -87.  -87.  -86.  -85.  -84.  -84.
  -77.  -74.  -73.  -71.  -70.  -70.  -69.  -67.  -66.  -62.  -61.  -57.
  -56.  -54.  -52.  -45.  -43.  -33.  -27.  -24.  -23.  -17.  -16.  -15.
  -14.  -10.  -10.   -9.   -9.   -8.   -7.   -5.   -4.   -3.   -1.    0.
    2.    3.    5.    7.    9.    9.    9.   13.   14.   14.   16.   19.
   23.   24.   29.   29.   29.   33.   35.   40.   43.   44.   45.   46.
   47.   48.   52.   52.   55.   57.   57.   60.   61.   62.   66.   69.
   69.   69.   71.   73.   73.   75.   76.   76.   82.   83.   84.   85.
   90.   92.   98.   99.][-100.  -99.  -95.  -94.  -91.  -90.  -88.  -86.  -83.  -82.  -81.  -81.
  -81.  -80.  -74.  -72.  -71.  -68.  -67.  -65.  -65.  -63.  -61.  -60.
  -57.  -56.  -56.  -52.  -51.  -47.  -47.  -46.  -46.  -46.  -44.  -42.
  -40.  -39.  -37.  -30.  -29.  -29.  -27.  -23.  -21.  -21.  -20.  -19.
  -16.  -16.  -14.  -13.  -12.   -9.   -9.   -6.   -3.    1.    1.    1.
    2.    3.    4.    7.    9.   11.   20.   23.   23.   25.   26.   26.
   28.   34.   39.   40.   40.   45.   46.   53.   59.   60.   61.   62.
   71.   72.   74.   74.   78.   82.   83.   83.   84.   89.   90.   93.
   94.   97.   98.   98.][-100.  -96.  -93.  -89.  -88.  -86.  -84.  -79.  -78.  -76.  -76.  -73.
  -72.  -67.  -66.  -66.  -63.  -62.  -61.  -60.  -59.  -58.  -57.  -57.
  -57.  -54.  -52.  -52.  -51.  -51.  -46.  -46.  -41.  -38.  -36.  -34.
  -33.  -32.  -32.  -31.  -31.  -31.  -31.  -31.  -30.  -26.  -22.  -17.
  -14.   -9.   -9.   -8.   -7.   -4.   -4.   -4.    0.    1.    4.    9.
   10.   13.   13.   16.   16.   17.   22.   24.   26.   27.   29.   29.
   30.   32.   33.   36.   36.   37.   46.   49.   50.   52.   52.   54.
   56.   65.   65.   67.   68.   72.   72.   78.   79.   81.   81.   82.
   83.   92.   95.   99.][-100. -100.  -97.  -94.  -90.  -86.  -85.  -78.  -73.  -72.  -67.  -66.
  -64.  -64.  -61.  -61.  -60.  -60.  -59.  -58.  -58.  -51.  -50.  -48.
  -47.  -45.  -44.  -44.  -43.  -42.  -42.  -41.  -40.  -37.  -35.  -26.
  -23.  -18.  -17.  -15.  -14.  -12.  -11.   -9.   -4.   -3.   -2.   -1.
    1.    2.    5.    6.    9.   10.   13.   17.   18.   19.   19.   20.
   21.   26.   27.   28.   29.   32.   35.   39.   43.   47.   48.   49.
   50.   52.   52.   53.   55.   57.   59.   61.   69.   71.   74.   75.
   76.   78.   81.   82.   82.   85.   86.   88.   91.   91.   92.   93.
   94.   94.   96.   98.][-98. -97. -96. -95. -94. -94. -92. -88. -88. -87. -87. -86. -86. -85.
 -74. -73. -72. -72. -71. -67. -66. -65. -64. -61. -56. -50. -49. -48.
 -46. -44. -43. -42. -41. -39. -38. -36. -35. -33. -32. -29. -28. -26.
 -23. -23. -23. -20. -20. -18. -12. -12. -12.  -9.  -7.  -5.  -2.   1.
   3.   7.   9.  11.  16.  22.  24.  25.  27.  27.  30.  31.  32.  34.
  35.  37.  39.  41.  43.  45.  46.  51.  60.  60.  63.  63.  65.  69.
  69.  70.  71.  74.  77.  79.  80.  82.  85.  86.  87.  96.  98.  98.
  99. 100.][-100.  -99.  -98.  -97.  -97.  -95.  -92.  -90.  -90.  -89.  -88.  -88.
  -87.  -86.  -83.  -83.  -82.  -82.  -77.  -71.  -70.  -70.  -68.  -59.
  -58.  -57.  -49.  -49.  -44.  -38.  -37.  -34.  -34.  -33.  -31.  -31.
  -29.  -24.  -21.  -19.  -19.  -17.  -14.  -12.  -12.  -11.   -9.   -2.
    0.    1.    1.    6.    8.    8.   13.   13.   17.   17.   21.   26.
   29.   30.   35.   36.   41.   42.   43.   43.   43.   45.   46.   47.
   50.   51.   54.   55.   62.   62.   65.   66.   68.   69.   70.   71.
   72.   73.   74.   78.   80.   80.   81.   83.   83.   86.   87.   90.
   93.   94.   96.   99.][-100. -100.  -96.  -96.  -92.  -91.  -89.  -89.  -88.  -84.  -82.  -80.
  -78.  -76.  -73.  -70.  -69.  -68.  -68.  -67.  -66.  -64.  -64.  -63.
  -61.  -60.  -58.  -57.  -57.  -55.  -55.  -51.  -50.  -50.  -48.  -47.
  -45.  -44.  -42.  -39.  -34.  -33.  -32.  -30.  -25.  -21.  -14.   -5.
   -4.   -3.   -2.    1.    6.    7.    8.    8.   11.   12.   12.   13.
   16.   16.   16.   26.   29.   37.   41.   42.   45.   49.   49.   51.
   52.   55.   64.   64.   66.   66.   70.   70.   71.   72.   74.   76.
   76.   77.   79.   80.   81.   81.   84.   85.   85.   86.   88.   90.
   91.   91.   96.  100.][-92. -91. -88. -85. -84. -82. -82. -77. -77. -76. -73. -71. -70. -69.
 -65. -64. -62. -57. -56. -56. -54. -52. -51. -51. -48. -47. -47. -45.
 -43. -41. -40. -38. -36. -32. -32. -27. -25. -20. -20. -18. -18. -11.
  -2.  -2.   0.   0.   0.   1.   5.   6.  10.  10.  13.  13.  14.  15.
  18.  20.  22.  23.  24.  24.  28.  29.  34.  34.  36.  36.  38.  38.
  41.  45.  45.  46.  49.  51.  52.  54.  54.  55.  60.  61.  66.  66.
  69.  72.  80.  80.  80.  89.  91.  91.  93.  94.  97.  97.  98.  98.
  99.  99.][-99. -98. -97. -95. -95. -94. -91. -91. -91. -89. -89. -88. -86. -83.
 -82. -82. -82. -81. -79. -77. -76. -74. -72. -72. -71. -70. -69. -69.
 -66. -60. -60. -60. -58. -57. -55. -54. -53. -53. -52. -51. -51. -46.
 -46. -42. -42. -40. -38. -38. -30. -29. -28. -25. -24. -23. -20. -15.
 -14. -13.  -7.  -3.  -2.   4.  10.  10.  10.  14.  16.  17.  18.  30.
  34.  40.  46.  50.  52.  52.  54.  54.  55.  60.  61.  62.  68.  70.
  74.  74.  75.  75.  78.  79.  82.  86.  87.  90.  93.  94.  96.  98.
  98.  98.][-99. -99. -98. -97. -96. -94. -93. -90. -90. -90. -89. -88. -87. -87.
 -84. -84. -83. -76. -73. -72. -67. -67. -63. -61. -60. -60. -58. -54.
 -53. -44. -43. -43. -41. -37. -33. -31. -30. -27. -26. -26. -25. -23.
 -21. -16. -14. -11.  -7.  -6.  -6.  -4.  -3.  -1.   0.   6.   7.   8.
   9.  11.  12.  13.  15.  16.  18.  21.  22.  25.  30.  32.  35.  38.
  40.  41.  43.  43.  44.  45.  45.  46.  47.  50.  54.  55.  56.  56.
  57.  60.  64.  65.  65.  67.  69.  75.  76.  76.  85.  87.  87.  87.
  92. 100.][-99. -97. -96. -94. -91. -90. -89. -87. -87. -84. -83. -82. -80. -80.
 -77. -73. -69. -68. -67. -65. -62. -51. -49. -48. -47. -46. -44. -41.
 -39. -35. -34. -32. -31. -25. -24. -21. -20. -15. -13.  -9.  -6.  -5.
  -4.  -3.  -2.  -1.  -1.   4.   8.   9.  10.  11.  11.  13.  20.  21.
  24.  25.  28.  29.  30.  33.  34.  37.  38.  43.  46.  48.  50.  51.
  52.  56.  57.  62.  63.  64.  65.  66.  66.  66.  69.  71.  72.  73.
  74.  74.  77.  80.  84.  91.  91.  92.  93.  93.  94.  97.  98.  99.
  99. 100.][-99. -97. -92. -90. -88. -88. -88. -86. -85. -82. -81. -79. -71. -65.
 -61. -60. -60. -57. -56. -52. -51. -48. -47. -46. -46. -44. -43. -42.
 -39. -39. -38. -33. -32. -31. -29. -27. -24. -23. -21. -16. -16. -15.
 -15. -15. -14. -11. -10.  -9.  -6.  -6.   3.   4.   5.   7.   8.   9.
  14.  15.  16.  17.  20.  20.  20.  21.  23.  24.  26.  28.  28.  28.
  32.  34.  36.  39.  40.  40.  44.  45.  48.  53.  54.  56.  58.  63.
  69.  72.  73.  73.  78.  82.  83.  86.  87.  88.  88.  88.  89.  93.
  95. 100.][-100.  -95.  -95.  -94.  -94.  -93.  -91.  -83.  -82.  -80.  -77.  -75.
  -72.  -70.  -68.  -67.  -65.  -60.  -59.  -58.  -48.  -46.  -43.  -43.
  -41.  -40.  -37.  -36.  -36.  -34.  -33.  -33.  -33.  -31.  -28.  -25.
  -25.  -24.  -23.  -22.  -19.  -19.  -18.  -17.  -13.  -12.  -12.  -10.
  -10.   -6.   -6.   -6.   -5.    4.   10.   12.   18.   24.   27.   28.
   28.   29.   31.   32.   33.   33.   34.   38.   40.   42.   43.   45.
   47.   49.   49.   49.   50.   50.   53.   56.   56.   59.   60.   60.
   62.   62.   65.   67.   72.   75.   75.   75.   77.   81.   81.   91.
   97.   98.  100.  100.]