[-100.  -99.  -98.  -95.  -84.  -82.  -78.  -75.  -72.  -70.  -68.  -67.
  -66.  -64.  -62.  -61.  -59.  -59.  -58.  -57.  -57.  -51.  -49.  -44.
  -43.  -39.  -38.  -38.  -37.  -36.  -35.  -30.  -29.  -26.  -26.  -26.
  -21.  -20.  -18.  -16.  -16.  -16.  -13.   -7.   -5.   -5.   -4.   -3.
   -1.    1.    2.    5.    6.   12.   16.   18.   19.   22.   29.   30.
   31.   32.   32.   33.   33.   37.   37.   38.   43.   45.   47.   47.
   48.   50.   52.   55.   59.   67.   68.   70.   70.   71.   73.   74.
   75.   79.   84.   86.   86.   86.   86.   89.   89.   92.   93.   94.
   94.   99.   99.  100.][-98. -97. -93. -93. -92. -79. -79. -77. -76. -75. -74. -74. -72. -71.
 -66. -65. -62. -62. -61. -61. -58. -57. -52. -49. -48. -47. -46. -43.
 -42. -40. -39. -37. -35. -32. -25. -25. -23. -18. -18. -16. -14. -13.
  -9.  -6.  -2.   2.   3.   4.   5.   5.   5.  10.  13.  16.  16.  17.
  18.  18.  20.  20.  22.  23.  24.  24.  24.  26.  29.  30.  30.  35.
  37.  39.  41.  44.  45.  52.  54.  55.  55.  58.  58.  58.  60.  61.
  61.  62.  64.  66.  72.  75.  77.  78.  78.  81.  81.  83.  86.  92.
  98.  99.][-98. -98. -98. -96. -96. -94. -94. -94. -93. -89. -87. -85. -82. -81.
 -74. -72. -59. -59. -59. -58. -54. -52. -49. -48. -48. -47. -46. -43.
 -43. -41. -40. -40. -37. -36. -35. -34. -31. -29. -27. -26. -21. -13.
 -12. -11.  -8.  -8.  -8.  -7.  -7.  -6.  -6.  -5.  -2.   1.   1.   4.
   4.   7.   8.  11.  11.  13.  13.  16.  16.  19.  20.  24.  26.  28.
  40.  44.  45.  48.  51.  52.  52.  54.  55.  55.  56.  58.  58.  59.
  61.  66.  69.  69.  70.  71.  72.  72.  81.  86.  87.  92.  95.  97.
  99. 100.][-96. -95. -95. -95. -92. -90. -88. -86. -84. -82. -82. -78. -77. -77.
 -76. -76. -74. -73. -71. -70. -68. -66. -63. -60. -60. -58. -58. -57.
 -54. -48. -46. -43. -42. -40. -38. -34. -33. -32. -31. -26. -24. -22.
 -20. -17. -16. -14. -10.  -9.  -8.  -8.  -7.  -6.  -5.  -4.  -3.  -2.
  -2.  -1.   4.   5.   6.  15.  19.  20.  23.  26.  28.  30.  32.  32.
  34.  35.  38.  43.  45.  45.  46.  49.  49.  49.  52.  54.  58.  60.
  64.  64.  65.  72.  72.  76.  78.  85.  87.  90.  91.  91.  91.  92.
  94. 100.][-100.  -99.  -98.  -92.  -92.  -91.  -86.  -85.  -83.  -82.  -82.  -81.
  -78.  -74.  -73.  -73.  -72.  -71.  -70.  -68.  -65.  -63.  -59.  -55.
  -52.  -51.  -51.  -50.  -44.  -43.  -40.  -39.  -36.  -33.  -32.  -29.
  -26.  -26.  -26.  -25.  -22.  -16.  -14.  -12.  -11.  -11.   -8.   -5.
   -3.   -2.   -2.   -1.    0.    0.    0.    4.    4.    7.    8.    9.
   10.   16.   19.   23.   23.   25.   25.   28.   29.   29.   32.   33.
   35.   36.   38.   41.   45.   48.   48.   52.   55.   61.   66.   71.
   71.   71.   72.   75.   75.   76.   76.   79.   80.   82.   85.   87.
   93.   94.   94.   94.][-98. -95. -95. -94. -91. -90. -90. -89. -89. -89. -87. -87. -86. -79.
 -79. -79. -76. -72. -69. -66. -64. -63. -56. -55. -54. -53. -51. -50.
 -47. -43. -42. -39. -37. -36. -35. -34. -28. -27. -27. -25. -22. -21.
 -20. -13. -10.  -9.  -8.  -7.  -2.   2.   4.   4.   5.   6.   6.   7.
   9.  12.  14.  19.  19.  20.  21.  22.  29.  35.  38.  39.  41.  42.
  44.  49.  50.  52.  59.  60.  61.  67.  69.  72.  76.  77.  77.  78.
  81.  82.  82.  83.  85.  85.  88.  91.  92.  92.  93.  94.  94.  95.
  97.  98.][-99. -98. -96. -95. -93. -92. -91. -90. -90. -89. -88. -87. -86. -86.
 -80. -80. -79. -78. -78. -78. -76. -75. -75. -71. -71. -71. -64. -63.
 -63. -62. -58. -58. -55. -53. -49. -48. -46. -43. -41. -36. -36. -36.
 -35. -32. -30. -29. -28. -27. -16. -14.  -7.  -5.   0.   4.   4.   9.
  16.  17.  21.  21.  25.  26.  26.  30.  30.  30.  30.  31.  32.  34.
  35.  38.  39.  40.  46.  48.  50.  58.  59.  60.  60.  60.  62.  63.
  65.  68.  70.  70.  70.  71.  72.  76.  84.  88.  90.  92.  92.  93.
  94.  97.][-99. -96. -95. -94. -94. -93. -92. -89. -89. -85. -85. -84. -83. -82.
 -81. -81. -78. -71. -69. -69. -64. -62. -58. -58. -54. -53. -51. -50.
 -45. -44. -42. -42. -41. -36. -35. -34. -32. -32. -32. -30. -29. -27.
 -23. -21. -17. -17. -14. -12. -10.  -9.  -9.  -8.  -5.   2.   2.   4.
   8.   9.  11.  15.  18.  19.  19.  20.  24.  29.  43.  43.  43.  44.
  45.  50.  56.  57.  58.  59.  62.  62.  68.  70.  73.  74.  77.  79.
  80.  80.  80.  80.  81.  83.  84.  85.  93.  94.  96.  96.  97.  97.
  98. 100.][-96. -93. -92. -92. -92. -92. -91. -91. -86. -83. -78. -74. -72. -71.
 -69. -68. -68. -66. -66. -65. -64. -63. -61. -55. -53. -52. -49. -47.
 -46. -45. -44. -42. -41. -40. -39. -38. -37. -32. -29. -29. -26. -26.
 -23. -23. -22. -21. -17. -16. -10.  -8.  -7.  -6.  -5.  -1.   4.   5.
   6.   9.  15.  17.  18.  21.  22.  29.  34.  38.  41.  45.  48.  53.
  57.  57.  57.  58.  59.  61.  61.  61.  62.  64.  67.  70.  73.  76.
  76.  77.  84.  86.  87.  88.  90.  90.  91.  91.  92.  92.  97.  98.
  98.  99.][-99. -97. -95. -92. -90. -86. -83. -83. -81. -78. -76. -75. -72. -71.
 -67. -66. -55. -51. -50. -49. -47. -46. -45. -44. -42. -41. -38. -37.
 -29. -27. -26. -24. -20. -17. -17. -16. -14. -10. -10.  -6.  -4.  -3.
  -1.   0.   1.   4.   5.   5.  11.  14.  17.  17.  21.  26.  27.  28.
  29.  30.  34.  37.  41.  42.  45.  45.  45.  48.  51.  53.  55.  59.
  59.  60.  61.  62.  63.  63.  63.  67.  75.  75.  75.  75.  77.  81.
  84.  85.  85.  86.  86.  87.  88.  89.  89.  89.  92.  93.  96.  97.
  99. 100.][-95. -89. -87. -86. -84. -83. -82. -82. -80. -78. -74. -74. -73. -73.
 -71. -71. -70. -70. -61. -59. -59. -56. -54. -53. -52. -51. -48. -44.
 -41. -38. -35. -35. -34. -28. -26. -25. -24. -23. -23. -22. -22. -17.
 -14.  -7.  -7.  -4.  -4.  -2.  -1.  -1.  -1.   0.   0.   3.   8.   9.
  11.  13.  13.  14.  17.  17.  23.  23.  31.  31.  32.  34.  34.  37.
  38.  39.  41.  43.  46.  47.  47.  50.  51.  52.  52.  55.  59.  60.
  63.  64.  67.  68.  70.  73.  74.  80.  85.  88.  89.  91.  91.  92.
  99. 100.][-95. -93. -93. -91. -90. -89. -87. -86. -84. -84. -81. -81. -78. -77.
 -76. -76. -75. -74. -74. -73. -72. -71. -70. -67. -66. -63. -60. -58.
 -56. -53. -50. -49. -44. -39. -39. -37. -33. -32. -29. -28. -28. -26.
 -21. -19. -19. -18. -17. -15. -15. -13.  -8.  -7.  -3.   2.   2.   3.
   4.   5.   5.   6.   8.  10.  11.  12.  13.  14.  16.  19.  24.  24.
  25.  28.  31.  33.  36.  37.  41.  44.  49.  51.  52.  55.  56.  56.
  58.  60.  61.  64.  68.  70.  71.  72.  72.  72.  75.  80.  81.  85.
  92.  95.][-100. -100. -100.  -94.  -93.  -91.  -88.  -86.  -86.  -85.  -83.  -77.
  -75.  -74.  -73.  -72.  -68.  -67.  -67.  -66.  -65.  -61.  -61.  -61.
  -59.  -58.  -56.  -54.  -52.  -50.  -40.  -39.  -39.  -38.  -36.  -31.
  -31.  -30.  -30.  -23.  -22.  -22.  -19.  -19.  -17.  -16.  -14.  -13.
  -13.  -13.   -7.   -6.   -5.   -1.    0.    3.    5.   12.   15.   16.
   16.   17.   20.   22.   23.   23.   28.   28.   42.   42.   43.   43.
   44.   45.   52.   55.   56.   57.   58.   58.   59.   60.   63.   64.
   66.   68.   69.   73.   75.   76.   76.   80.   81.   81.   81.   84.
   88.   90.   90.   92.][-100.  -98.  -95.  -94.  -89.  -87.  -85.  -83.  -82.  -78.  -78.  -78.
  -75.  -74.  -74.  -72.  -71.  -70.  -67.  -65.  -63.  -62.  -60.  -58.
  -57.  -54.  -53.  -53.  -52.  -51.  -48.  -48.  -47.  -47.  -44.  -43.
  -42.  -39.  -35.  -35.  -34.  -34.  -33.  -32.  -31.  -31.  -30.  -26.
  -25.  -23.  -23.  -23.  -21.  -21.  -21.  -18.  -16.   -7.   -6.   -5.
   -2.    4.    8.    8.   12.   15.   16.   19.   24.   26.   26.   27.
   27.   30.   32.   38.   39.   41.   44.   49.   49.   52.   52.   52.
   56.   60.   60.   61.   64.   69.   73.   75.   76.   80.   84.   84.
   90.   96.   97.  100.][-99. -98. -93. -92. -88. -85. -75. -72. -71. -71. -70. -67. -66. -61.
 -59. -55. -48. -48. -46. -45. -44. -38. -38. -36. -35. -33. -30. -29.
 -27. -27. -22. -21. -20. -18. -14. -10.  -8.  -7.  -7.  -7.  -5.  -5.
  -3.  -1.   2.   2.   3.   4.   6.   9.   9.  10.  10.  13.  16.  23.
  23.  23.  31.  32.  32.  32.  33.  33.  35.  35.  36.  39.  41.  45.
  46.  47.  49.  50.  51.  51.  53.  54.  56.  56.  60.  62.  64.  65.
  65.  68.  69.  79.  79.  79.  79.  80.  81.  85.  87.  92.  94.  97.
 100. 100.][-100. -100.  -98.  -97.  -97.  -96.  -96.  -96.  -91.  -90.  -82.  -79.
  -76.  -66.  -66.  -65.  -64.  -58.  -54.  -54.  -53.  -47.  -46.  -45.
  -45.  -43.  -41.  -40.  -37.  -31.  -31.  -30.  -30.  -26.  -23.  -15.
  -11.  -11.   -7.   -7.   -4.   -3.   -2.   -1.   -1.    8.    9.   10.
   10.   11.   12.   12.   15.   20.   22.   24.   25.   25.   26.   26.
   26.   27.   27.   29.   30.   34.   38.   41.   42.   43.   48.   49.
   49.   52.   53.   56.   56.   62.   66.   69.   71.   72.   73.   75.
   76.   76.   79.   80.   80.   83.   83.   83.   84.   86.   87.   92.
   95.   98.   98.   99.][-100.  -98.  -98.  -94.  -94.  -93.  -89.  -89.  -88.  -88.  -80.  -75.
  -74.  -73.  -61.  -60.  -59.  -59.  -58.  -58.  -51.  -49.  -49.  -49.
  -48.  -44.  -36.  -36.  -33.  -31.  -27.  -23.  -20.  -19.  -18.  -18.
  -17.  -17.   -8.   -7.   -7.   -3.   -1.    0.    0.    3.    7.    7.
    8.   14.   15.   15.   18.   25.   28.   29.   31.   31.   31.   33.
   33.   36.   37.   38.   40.   43.   43.   45.   47.   49.   53.   56.
   57.   59.   62.   63.   63.   64.   64.   66.   66.   68.   69.   70.
   70.   70.   71.   71.   71.   72.   78.   81.   88.   89.   90.   96.
   96.   97.   98.  100.][-99. -98. -97. -96. -96. -96. -93. -92. -87. -85. -83. -82. -81. -80.
 -80. -79. -77. -75. -73. -71. -67. -65. -60. -60. -57. -55. -51. -49.
 -46. -46. -44. -43. -43. -39. -37. -28. -27. -25. -25. -25. -22. -19.
 -18. -17. -17. -15. -14. -14. -11.  -6.  -6.  -6.  -5.  -3.  -2.  -1.
   1.   6.   8.  11.  11.  11.  13.  14.  14.  22.  28.  28.  31.  37.
  41.  44.  47.  48.  49.  50.  51.  54.  58.  60.  63.  64.  68.  76.
  78.  80.  80.  81.  83.  84.  86.  87.  89.  91.  92.  93.  94.  97.
  98.  99.][-99. -99. -99. -95. -94. -90. -90. -89. -88. -87. -86. -86. -86. -85.
 -85. -85. -84. -82. -69. -65. -63. -57. -55. -51. -50. -47. -45. -42.
 -41. -41. -39. -38. -29. -28. -25. -23. -23. -22. -21. -20. -14. -12.
 -12.  -9.  -9.  -6.  -5.  -4.  -4.  -1.   0.   3.   3.   4.   4.   6.
   9.  10.  10.  12.  14.  16.  17.  17.  20.  20.  21.  22.  24.  25.
  29.  32.  33.  36.  38.  42.  43.  45.  45.  45.  46.  50.  51.  52.
  54.  59.  63.  66.  68.  71.  71.  72.  77.  80.  86.  87.  89.  89.
  91.  92.][-99. -98. -96. -96. -94. -91. -81. -76. -75. -72. -68. -65. -64. -63.
 -61. -61. -58. -53. -53. -53. -51. -50. -47. -42. -41. -32. -32. -27.
 -26. -25. -25. -24. -23. -17. -12. -12. -12. -12.  -9.  -7.  -6.  -4.
  -3.   5.   9.   9.  10.  10.  11.  13.  14.  14.  18.  19.  29.  30.
  31.  33.  33.  34.  34.  36.  43.  48.  49.  50.  51.  53.  57.  58.
  59.  59.  61.  63.  64.  66.  67.  68.  68.  70.  70.  71.  72.  75.
  78.  78.  79.  81.  82.  82.  83.  84.  86.  89.  91.  91.  92.  94.
  95. 100.][-99. -99. -99. -96. -94. -94. -94. -91. -90. -89. -87. -83. -83. -82.
 -78. -71. -70. -70. -70. -66. -62. -59. -58. -55. -53. -50. -48. -46.
 -44. -41. -40. -35. -35. -32. -29. -23. -23. -23. -22. -20. -19. -19.
 -19. -13.  -9.  -8.  -7.  -7.  -2.  -2.   0.   2.   5.   7.   7.  10.
  11.  15.  16.  16.  19.  21.  25.  29.  31.  32.  33.  34.  35.  37.
  49.  50.  50.  52.  55.  55.  57.  59.  60.  61.  64.  65.  66.  69.
  69.  69.  71.  75.  75.  76.  79.  79.  84.  88.  91.  91.  93.  95.
  98.  98.][-100. -100.  -98.  -97.  -96.  -96.  -93.  -87.  -85.  -83.  -83.  -82.
  -81.  -79.  -78.  -76.  -74.  -73.  -68.  -68.  -67.  -65.  -64.  -62.
  -60.  -51.  -50.  -49.  -46.  -45.  -44.  -44.  -41.  -40.  -40.  -39.
  -37.  -32.  -30.  -29.  -28.  -27.  -25.  -24.  -24.  -22.  -21.  -20.
  -13.  -12.  -10.   -8.   -6.   -5.    2.    3.    7.    7.    8.    9.
   11.   13.   20.   23.   24.   25.   26.   26.   28.   29.   31.   32.
   33.   33.   34.   39.   40.   41.   44.   48.   52.   65.   69.   71.
   72.   74.   77.   79.   81.   83.   85.   86.   87.   88.   88.   89.
   89.   89.   94.  100.][-100. -100.  -99.  -97.  -94.  -91.  -90.  -88.  -87.  -85.  -84.  -83.
  -79.  -75.  -67.  -67.  -66.  -65.  -61.  -61.  -58.  -57.  -57.  -55.
  -52.  -47.  -45.  -44.  -41.  -41.  -40.  -40.  -40.  -36.  -36.  -34.
  -33.  -31.  -25.  -23.  -17.  -17.  -17.  -16.  -16.  -15.  -14.  -12.
   -8.   -4.   -2.    3.    4.    5.    9.   11.   11.   11.   11.   16.
   17.   17.   19.   21.   24.   24.   25.   29.   39.   39.   40.   40.
   41.   44.   45.   47.   49.   50.   59.   60.   61.   68.   68.   68.
   70.   73.   73.   74.   74.   77.   79.   80.   82.   83.   86.   88.
   93.   95.  100.  100.][-99. -96. -94. -94. -90. -87. -85. -84. -83. -80. -79. -74. -74. -73.
 -72. -68. -68. -67. -66. -66. -59. -55. -55. -54. -54. -53. -50. -45.
 -44. -40. -37. -36. -35. -35. -32. -26. -22. -21. -19. -17. -16. -12.
 -11.  -9.  -9.  -9.  -6.  -5.  -2.  -1.  -1.   2.   2.   4.   4.   7.
   8.  12.  15.  16.  16.  16.  18.  19.  20.  22.  22.  23.  24.  24.
  24.  26.  28.  33.  38.  38.  42.  42.  43.  46.  50.  54.  60.  70.
  70.  73.  74.  80.  81.  85.  86.  86.  86.  90.  91.  94.  94.  96.
  97.  97.][-99. -99. -93. -87. -86. -77. -76. -72. -72. -70. -69. -62. -61. -61.
 -53. -51. -48. -45. -42. -42. -41. -41. -35. -33. -33. -26. -26. -26.
 -24. -24. -23. -22. -21. -16. -16. -14. -14. -13. -11. -10. -10.  -3.
  -3.   3.   4.   6.   6.  10.  14.  17.  17.  18.  19.  19.  21.  22.
  24.  24.  25.  29.  34.  36.  37.  41.  43.  45.  45.  45.  45.  46.
  47.  50.  54.  54.  55.  59.  63.  63.  66.  67.  70.  71.  73.  75.
  76.  79.  79.  80.  86.  86.  87.  89.  90.  92.  94.  94.  95.  96.
  96.  99.][-97. -95. -94. -90. -89. -87. -84. -83. -82. -81. -81. -79. -78. -77.
 -76. -75. -75. -74. -74. -73. -72. -72. -71. -70. -66. -65. -64. -64.
 -60. -55. -54. -54. -53. -49. -45. -43. -41. -40. -39. -37. -31. -29.
 -28. -26. -25. -19. -18. -13.  -9.  -8.  -6.  -4.  -3.  -1.   1.   1.
   2.   5.   5.   8.  12.  14.  15.  17.  18.  21.  25.  28.  30.  31.
  32.  34.  39.  41.  42.  42.  44.  47.  47.  48.  59.  65.  67.  67.
  68.  72.  75.  80.  80.  82.  84.  85.  85.  89.  90.  91.  92.  96.
  97.  98.][-99. -99. -97. -97. -95. -94. -92. -92. -90. -88. -87. -81. -81. -80.
 -76. -76. -76. -75. -74. -74. -70. -66. -63. -61. -60. -57. -56. -52.
 -50. -45. -44. -42. -36. -34. -31. -30. -29. -28. -27. -27. -17. -15.
 -10.  -9.  -9.  -7.  -7.  -6.  -4.  -2.  -1.   1.   3.   3.   7.  10.
  18.  19.  24.  24.  27.  28.  28.  30.  31.  33.  33.  35.  40.  41.
  41.  41.  45.  46.  47.  47.  47.  50.  50.  52.  55.  57.  58.  59.
  64.  67.  67.  70.  70.  77.  79.  81.  83.  84.  87.  87.  88.  93.
  94.  97.][-99. -97. -94. -92. -90. -85. -84. -83. -81. -79. -78. -77. -77. -75.
 -75. -74. -74. -71. -64. -63. -62. -61. -59. -57. -52. -52. -51. -51.
 -50. -48. -46. -45. -42. -35. -35. -35. -29. -28. -23. -22. -21. -20.
 -16. -15.  -4.  -3.   3.   4.   5.  10.  10.  10.  13.  15.  17.  17.
  19.  20.  28.  30.  32.  33.  34.  36.  37.  37.  38.  39.  39.  41.
  41.  43.  44.  48.  51.  52.  53.  56.  59.  59.  64.  66.  67.  68.
  70.  71.  75.  75.  76.  77.  78.  80.  81.  83.  87.  90.  94.  98.
  99.  99.][-99. -99. -98. -96. -92. -89. -86. -81. -80. -80. -79. -76. -72. -72.
 -72. -72. -71. -71. -67. -66. -65. -64. -64. -60. -60. -56. -54. -53.
 -53. -49. -47. -47. -41. -41. -38. -36. -34. -34. -29. -29. -28. -28.
 -26. -24. -22. -22. -21. -20. -18. -16. -16. -16. -11.  -9.  -9.  -6.
  -4.  -3.   1.   2.   3.   5.   8.  10.  15.  18.  23.  24.  24.  26.
  33.  34.  41.  43.  44.  44.  46.  48.  50.  52.  52.  56.  57.  67.
  70.  71.  72.  73.  75.  75.  75.  76.  78.  79.  81.  82.  88.  93.
  93.  94.][-98. -97. -94. -94. -92. -92. -91. -89. -88. -85. -82. -76. -67. -63.
 -62. -62. -51. -51. -49. -47. -47. -47. -45. -45. -43. -42. -41. -40.
 -38. -37. -37. -36. -35. -34. -29. -28. -28. -25. -20. -20. -18. -18.
 -16. -14. -13. -12. -11.  -8.  -1.   3.   6.   8.   8.   8.  10.  11.
  11.  14.  15.  17.  18.  21.  21.  22.  25.  26.  29.  31.  32.  45.
  49.  52.  53.  53.  55.  56.  56.  57.  58.  59.  59.  59.  62.  68.
  69.  69.  71.  71.  75.  76.  80.  82.  88.  90.  92.  92.  94.  98.
  99. 100.][-100.  -99.  -99.  -98.  -98.  -97.  -94.  -93.  -91.  -90.  -87.  -83.
  -81.  -78.  -75.  -73.  -72.  -71.  -71.  -70.  -69.  -67.  -64.  -64.
  -61.  -60.  -60.  -59.  -59.  -52.  -51.  -44.  -43.  -39.  -36.  -36.
  -36.  -33.  -30.  -28.  -26.  -19.  -18.  -14.   -6.   -6.   -5.   -3.
   -3.    0.    2.    2.    4.    6.    6.    6.    7.    7.    9.   11.
   17.   18.   18.   25.   25.   26.   31.   33.   33.   37.   41.   42.
   42.   44.   45.   49.   50.   55.   56.   57.   58.   58.   59.   60.
   67.   68.   73.   73.   74.   74.   75.   76.   77.   78.   78.   80.
   83.   85.   97.   98.][-99. -97. -96. -94. -93. -92. -92. -91. -90. -87. -86. -85. -84. -80.
 -77. -75. -69. -69. -68. -68. -68. -63. -62. -57. -52. -51. -49. -45.
 -45. -42. -42. -37. -32. -31. -28. -27. -27. -26. -26. -24. -22. -20.
 -18. -16. -14. -10.  -6.  -4.  -3.  -1.   1.   1.   3.   4.   6.  13.
  15.  17.  19.  19.  20.  25.  25.  26.  26.  28.  30.  30.  31.  35.
  37.  37.  40.  41.  47.  51.  51.  56.  56.  61.  62.  64.  65.  68.
  71.  73.  73.  73.  74.  74.  75.  77.  77.  79.  85.  88.  90.  91.
  95.  96.][-100. -100.  -95.  -95.  -95.  -92.  -90.  -89.  -89.  -87.  -85.  -83.
  -81.  -80.  -77.  -75.  -71.  -70.  -69.  -62.  -60.  -57.  -53.  -53.
  -50.  -47.  -44.  -38.  -37.  -36.  -35.  -35.  -35.  -34.  -34.  -33.
  -32.  -32.  -31.  -29.  -28.  -28.  -27.  -24.  -24.  -18.  -15.  -15.
  -14.  -10.  -10.  -10.   -5.   -3.   -3.    6.   10.   14.   16.   17.
   17.   18.   22.   27.   28.   29.   32.   32.   33.   40.   42.   42.
   42.   43.   54.   56.   58.   58.   59.   60.   62.   68.   69.   69.
   70.   71.   74.   76.   81.   82.   84.   85.   86.   92.   93.   94.
   97.   98.   99.  100.][-98. -96. -94. -93. -90. -89. -88. -88. -86. -85. -84. -84. -83. -82.
 -78. -78. -78. -78. -74. -72. -67. -66. -65. -65. -64. -61. -58. -58.
 -51. -45. -44. -44. -43. -39. -38. -37. -36. -36. -33. -32. -29. -27.
 -24. -21. -15. -13. -10.  -9.  -9.  -9.  -6.  -6.  -3.  -2.   1.   3.
   3.   4.   4.   8.   8.   8.   9.  10.  12.  17.  17.  24.  25.  25.
  32.  33.  33.  34.  34.  37.  40.  41.  44.  50.  51.  54.  56.  59.
  63.  65.  67.  70.  75.  77.  80.  81.  88.  92.  94.  95.  95.  96.
 100. 100.][-96. -92. -89. -88. -77. -76. -75. -73. -72. -72. -69. -67. -64. -64.
 -64. -64. -58. -54. -51. -48. -47. -46. -45. -43. -42. -38. -37. -34.
 -29. -26. -24. -20. -14. -14. -13. -12. -11. -10.  -7.  -6.  -2.   6.
   8.   9.  11.  14.  15.  19.  21.  21.  24.  25.  26.  28.  28.  29.
  30.  33.  33.  33.  34.  36.  38.  38.  43.  44.  47.  48.  52.  52.
  53.  55.  56.  63.  64.  65.  68.  69.  69.  71.  72.  72.  73.  73.
  77.  79.  80.  81.  81.  82.  88.  89.  89.  89.  94.  96.  98.  99.
  99. 100.][-100.  -98.  -98.  -98.  -83.  -80.  -75.  -73.  -72.  -72.  -66.  -65.
  -65.  -64.  -63.  -61.  -59.  -59.  -55.  -54.  -52.  -50.  -45.  -45.
  -43.  -40.  -38.  -37.  -36.  -31.  -30.  -29.  -28.  -25.  -24.  -24.
  -18.  -15.   -9.   -7.   -7.   -4.   -4.    0.    1.    1.    4.    6.
   11.   13.   13.   16.   16.   17.   21.   22.   25.   25.   27.   29.
   33.   34.   36.   43.   48.   49.   50.   50.   52.   53.   53.   59.
   60.   61.   64.   65.   67.   68.   69.   70.   71.   73.   74.   78.
   80.   80.   83.   85.   86.   90.   90.   91.   92.   94.   94.   95.
   95.   95.   95.  100.][-100.  -97.  -94.  -94.  -91.  -91.  -87.  -87.  -85.  -84.  -84.  -77.
  -67.  -67.  -67.  -65.  -65.  -63.  -59.  -59.  -55.  -55.  -52.  -51.
  -50.  -45.  -45.  -44.  -44.  -41.  -40.  -32.  -30.  -27.  -27.  -27.
  -26.  -23.  -20.  -17.  -17.  -16.  -15.  -15.  -15.  -14.  -12.  -10.
   -7.   -5.    0.    0.    0.    3.   10.   11.   11.   12.   13.   16.
   17.   17.   18.   21.   21.   21.   22.   25.   26.   26.   28.   29.
   41.   41.   42.   42.   43.   44.   50.   53.   54.   61.   61.   62.
   64.   67.   68.   71.   74.   74.   76.   82.   82.   87.   94.   96.
   96.   98.   99.   99.][-96. -94. -93. -93. -91. -91. -87. -86. -85. -85. -82. -80. -77. -72.
 -72. -72. -71. -68. -68. -61. -61. -60. -56. -56. -53. -51. -51. -50.
 -50. -50. -47. -41. -41. -39. -36. -34. -33. -27. -26. -26. -20. -18.
 -18. -17. -16. -13.  -7.  -6.  -4.  -4.  -2.   0.   2.   6.  10.  11.
  11.  12.  12.  12.  14.  17.  18.  19.  20.  22.  26.  31.  33.  35.
  44.  46.  47.  47.  48.  51.  51.  51.  59.  59.  60.  62.  62.  63.
  64.  66.  69.  70.  70.  72.  77.  78.  86.  87.  92.  92.  93.  93.
  93.  99.][-93. -91. -89. -88. -86. -86. -86. -85. -85. -82. -80. -80. -76. -76.
 -75. -75. -74. -73. -69. -65. -63. -62. -62. -59. -58. -58. -53. -53.
 -51. -48. -43. -43. -42. -37. -37. -33. -32. -31. -23. -20. -17. -13.
 -11.  -9.  -8.  -7.  -7.  -6.  -5.   0.   2.   5.   7.   7.   7.   8.
  11.  11.  14.  14.  16.  17.  19.  19.  20.  20.  23.  23.  25.  26.
  27.  27.  30.  30.  33.  33.  35.  36.  43.  44.  45.  48.  54.  56.
  57.  59.  65.  65.  71.  73.  76.  79.  79.  82.  91.  94.  94.  99.
  99. 100.][-97. -97. -94. -93. -93. -86. -85. -82. -81. -79. -79. -77. -73. -72.
 -70. -68. -67. -55. -48. -45. -45. -43. -42. -42. -42. -40. -39. -39.
 -38. -38. -38. -33. -31. -30. -29. -28. -25. -23. -21. -19. -18. -15.
 -12. -10.  -9.  -8.   0.   6.   8.   9.  10.  15.  19.  19.  21.  21.
  22.  22.  23.  24.  31.  33.  34.  39.  43.  46.  46.  48.  49.  50.
  53.  54.  55.  59.  60.  63.  63.  65.  66.  67.  69.  69.  72.  77.
  79.  80.  83.  83.  88.  88.  90.  91.  91.  92.  94.  94.  95.  96.
  98. 100.][-98. -98. -95. -92. -89. -89. -88. -87. -81. -81. -79. -78. -72. -71.
 -65. -65. -64. -64. -56. -53. -53. -50. -46. -41. -41. -40. -40. -39.
 -36. -34. -33. -31. -30. -30. -25. -25. -20. -17. -12. -11. -11. -11.
  -9.  -5.   1.   2.   4.   4.   7.   8.   8.  16.  18.  19.  20.  21.
  23.  28.  30.  33.  34.  34.  38.  40.  40.  42.  42.  44.  46.  46.
  46.  51.  52.  54.  55.  56.  57.  57.  57.  61.  61.  62.  64.  65.
  67.  68.  73.  75.  75.  77.  80.  81.  85.  88.  90.  93.  93.  93.
  94.  95.][-98. -98. -97. -93. -88. -87. -86. -85. -84. -82. -79. -76. -76. -75.
 -73. -71. -71. -69. -66. -66. -65. -65. -63. -61. -61. -60. -58. -58.
 -58. -57. -56. -56. -53. -52. -50. -47. -46. -45. -45. -44. -44. -44.
 -41. -40. -35. -31. -31. -30. -19. -14. -10. -10.  -6.  -4.  -2.   0.
   2.   3.   8.  13.  14.  14.  15.  19.  28.  29.  30.  32.  32.  33.
  33.  33.  38.  39.  44.  54.  56.  58.  59.  60.  61.  65.  67.  70.
  70.  72.  72.  73.  73.  73.  74.  74.  77.  78.  80.  85.  90.  90.
  96.  98.][-100. -100.  -99.  -98.  -96.  -95.  -94.  -91.  -90.  -90.  -87.  -87.
  -84.  -83.  -82.  -80.  -79.  -76.  -76.  -75.  -74.  -72.  -70.  -70.
  -67.  -61.  -59.  -58.  -56.  -54.  -50.  -49.  -46.  -43.  -34.  -33.
  -30.  -28.  -27.  -27.  -25.  -24.  -22.  -22.  -16.  -15.  -13.  -11.
  -11.  -10.   -8.   -8.   -5.   -2.   -2.    1.    1.    3.   10.   13.
   14.   20.   21.   23.   29.   31.   37.   38.   43.   45.   45.   45.
   47.   49.   51.   55.   55.   57.   60.   63.   63.   65.   67.   68.
   68.   71.   75.   78.   79.   83.   84.   85.   87.   91.   93.   94.
   95.   95.   95.   96.][-97. -96. -95. -93. -91. -90. -84. -83. -82. -81. -77. -75. -73. -73.
 -70. -70. -65. -60. -59. -57. -55. -55. -46. -45. -44. -35. -31. -31.
 -27. -26. -24. -23. -18.  -9.  -5.  -4.  -2.  -1.   0.   1.   4.   5.
   5.   7.   9.  11.  12.  14.  14.  14.  15.  18.  20.  25.  26.  27.
  28.  28.  31.  34.  40.  40.  43.  43.  47.  49.  51.  51.  54.  55.
  56.  58.  58.  59.  61.  63.  63.  69.  69.  69.  70.  70.  71.  73.
  74.  75.  75.  82.  85.  88.  88.  90.  91.  93.  94.  95.  97.  99.
  99. 100.][-98. -97. -96. -96. -95. -86. -85. -84. -84. -79. -74. -72. -71. -69.
 -69. -67. -66. -62. -50. -48. -47. -46. -44. -44. -42. -39. -38. -37.
 -35. -34. -33. -28. -18. -17. -13. -11. -10.  -8.  -7.  -4.  -2.  -1.
   5.   6.   7.   8.  12.  16.  16.  17.  20.  20.  20.  21.  24.  24.
  26.  27.  30.  30.  31.  32.  37.  38.  39.  41.  43.  47.  48.  50.
  50.  52.  52.  53.  60.  60.  63.  65.  66.  66.  66.  69.  70.  71.
  72.  72.  75.  76.  77.  78.  80.  81.  84.  87.  88.  91.  94.  95.
  97.  97.][-100. -100. -100.  -99.  -95.  -93.  -92.  -88.  -86.  -85.  -83.  -82.
  -79.  -78.  -78.  -77.  -76.  -76.  -75.  -72.  -67.  -66.  -62.  -61.
  -55.  -53.  -51.  -50.  -49.  -49.  -47.  -41.  -36.  -35.  -31.  -31.
  -30.  -30.  -23.  -21.  -14.  -13.   -1.   -1.   -1.    1.    1.    2.
    3.    5.    5.    9.    9.   11.   14.   15.   15.   17.   19.   20.
   22.   24.   25.   26.   30.   32.   33.   39.   41.   42.   46.   47.
   48.   50.   52.   56.   56.   56.   57.   57.   57.   62.   63.   63.
   72.   72.   76.   80.   83.   83.   84.   87.   87.   88.   92.   94.
   95.   97.   99.   99.][-94. -93. -92. -91. -88. -86. -85. -84. -82. -81. -81. -78. -72. -72.
 -72. -71. -71. -68. -68. -66. -65. -62. -59. -59. -57. -56. -50. -49.
 -42. -41. -41. -41. -39. -32. -30. -30. -26. -24. -20. -19. -18. -15.
 -14. -13. -13.  -7.  -4.  -2.  -1.   5.   8.   9.   9.   9.  10.  12.
  14.  14.  22.  25.  26.  28.  29.  29.  30.  33.  34.  34.  36.  37.
  37.  50.  51.  53.  53.  54.  57.  57.  59.  61.  62.  62.  64.  64.
  65.  66.  67.  69.  70.  72.  76.  76.  76.  85.  86.  87.  93.  95.
  96. 100.][-100.  -99.  -98.  -98.  -97.  -95.  -94.  -90.  -88.  -88.  -83.  -79.
  -78.  -75.  -75.  -68.  -62.  -60.  -58.  -54.  -54.  -50.  -49.  -48.
  -40.  -37.  -37.  -36.  -36.  -33.  -31.  -31.  -26.  -25.  -24.  -23.
  -22.  -20.  -16.  -12.   -9.   -8.   -7.   -6.   -5.   -5.   -4.   -3.
   -2.    1.    3.    6.    8.   12.   13.   23.   26.   26.   28.   30.
   33.   35.   36.   39.   40.   41.   44.   45.   46.   48.   51.   51.
   55.   57.   59.   61.   62.   63.   63.   63.   64.   68.   70.   70.
   71.   73.   73.   74.   80.   85.   85.   88.   89.   89.   92.   95.
   98.   99.   99.  100.][-96. -96. -95. -92. -88. -87. -87. -85. -83. -83. -79. -78. -78. -77.
 -74. -70. -69. -68. -63. -62. -60. -59. -59. -57. -55. -52. -49. -49.
 -49. -46. -44. -43. -41. -38. -37. -36. -30. -27. -26. -24. -23. -21.
 -21. -20. -12. -11. -10.  -8.  -4.  -3.  -1.   0.   2.   2.   5.   9.
  10.  11.  11.  13.  13.  15.  17.  18.  23.  26.  28.  29.  29.  31.
  33.  34.  39.  39.  42.  46.  48.  49.  49.  50.  50.  50.  53.  57.
  58.  58.  63.  64.  65.  77.  77.  80.  80.  84.  87.  89.  94.  99.
  99. 100.][-97. -96. -94. -90. -89. -87. -86. -85. -82. -81. -78. -76. -75. -73.
 -68. -67. -67. -65. -63. -61. -61. -57. -57. -56. -52. -50. -48. -46.
 -46. -43. -43. -41. -41. -39. -39. -38. -37. -36. -34. -30. -30. -27.
 -22. -21. -17. -16. -13. -12.  -7.  -6.  -6.  -4.  -3.  -2.  -2.   3.
   5.   9.  11.  11.  12.  13.  17.  18.  25.  26.  26.  26.  26.  28.
  34.  35.  36.  38.  42.  50.  51.  52.  56.  57.  60.  64.  65.  67.
  70.  72.  73.  73.  74.  76.  81.  81.  83.  83.  85.  86.  88.  88.
  97.  99.][-97. -94. -92. -90. -89. -88. -83. -76. -74. -74. -65. -64. -63. -61.
 -59. -58. -58. -58. -58. -57. -56. -54. -51. -51. -46. -45. -44. -43.
 -40. -36. -33. -33. -31. -29. -26. -26. -25. -23. -23. -18. -17. -14.
 -13. -12. -11.  -5.  -4.  -3.  -2.   2.   8.   8.  10.  11.  18.  18.
  18.  18.  21.  23.  26.  27.  27.  33.  35.  37.  39.  40.  43.  43.
  44.  45.  46.  46.  47.  51.  52.  55.  60.  62.  63.  64.  68.  69.
  71.  71.  72.  74.  82.  83.  83.  84.  86.  93.  93.  96.  97.  98.
  98.  99.][-100.  -90.  -82.  -82.  -80.  -76.  -72.  -72.  -70.  -68.  -67.  -65.
  -65.  -65.  -63.  -63.  -60.  -52.  -50.  -47.  -46.  -45.  -45.  -44.
  -40.  -40.  -38.  -34.  -33.  -25.  -21.  -20.  -18.  -16.  -15.  -14.
  -10.   -9.   -5.   -5.   -4.    0.    0.    1.    2.    3.    5.    6.
    6.    6.    7.   11.   12.   12.   13.   18.   18.   21.   21.   22.
   29.   31.   33.   37.   37.   38.   39.   41.   43.   45.   46.   50.
   51.   51.   54.   54.   55.   56.   57.   58.   59.   65.   66.   72.
   74.   81.   84.   85.   86.   88.   90.   90.   91.   92.   92.   95.
   95.   96.   97.  100.][-100.  -99.  -98.  -98.  -96.  -95.  -94.  -93.  -92.  -85.  -83.  -81.
  -80.  -80.  -80.  -77.  -74.  -69.  -67.  -67.  -61.  -59.  -58.  -57.
  -55.  -53.  -51.  -51.  -48.  -47.  -44.  -41.  -40.  -37.  -37.  -32.
  -27.  -26.  -19.  -19.  -17.  -17.  -17.  -15.  -14.  -13.   -9.   -9.
   -9.   -8.   -8.   -7.   -6.   -6.   -5.   -4.   -1.    0.    0.    1.
    1.    6.    7.   12.   14.   14.   19.   21.   22.   25.   29.   31.
   35.   36.   36.   38.   43.   45.   49.   52.   56.   59.   62.   64.
   65.   65.   65.   69.   75.   78.   80.   84.   86.   87.   89.   89.
   92.   92.   95.   95.][-97. -96. -93. -92. -90. -88. -88. -83. -80. -73. -65. -64. -57. -55.
 -51. -50. -48. -46. -46. -44. -42. -41. -40. -38. -38. -36. -32. -29.
 -28. -20. -19. -18. -17. -16. -14. -14.  -9.  -7.  -5.  -1.   0.   0.
   7.   8.   9.   9.  15.  18.  20.  22.  23.  24.  25.  25.  26.  31.
  33.  33.  35.  37.  40.  40.  41.  44.  44.  45.  47.  48.  51.  55.
  55.  56.  57.  57.  62.  65.  66.  67.  68.  69.  73.  74.  76.  77.
  80.  81.  81.  82.  84.  86.  86.  88.  89.  91.  94.  94.  95.  95.
  96.  99.][-98. -98. -97. -94. -90. -90. -90. -89. -88. -87. -86. -85. -85. -83.
 -77. -77. -76. -75. -74. -74. -72. -70. -66. -62. -60. -59. -59. -57.
 -51. -50. -49. -49. -49. -46. -46. -43. -43. -37. -36. -36. -29. -29.
 -27. -24. -22. -22. -14. -13. -11.  -9.  -9.  -8.  -8.  -6.  -4.  -2.
  -1.   0.   1.   5.   7.   7.   9.  14.  14.  17.  18.  19.  20.  21.
  27.  29.  29.  34.  34.  37.  40.  44.  45.  52.  57.  58.  59.  59.
  65.  66.  72.  72.  73.  73.  76.  79.  82.  86.  88.  92.  92.  93.
  99. 100.][-97. -95. -86. -86. -85. -81. -81. -80. -77. -75. -69. -64. -62. -61.
 -61. -60. -60. -56. -56. -55. -54. -51. -51. -50. -48. -48. -42. -39.
 -33. -32. -29. -29. -28. -26. -23. -23. -22. -22. -19. -18. -15. -15.
 -14. -11. -10.  -8.  -6.  -5.  -2.  -1.   4.   5.   5.  10.  11.  12.
  13.  14.  14.  15.  18.  20.  27.  27.  28.  29.  30.  33.  39.  42.
  43.  48.  54.  55.  60.  62.  63.  64.  65.  65.  66.  69.  77.  77.
  77.  78.  79.  80.  82.  83.  84.  85.  87.  89.  89.  93.  93.  93.
  94.  97.][-96. -94. -94. -93. -92. -92. -91. -87. -84. -84. -83. -82. -81. -74.
 -72. -72. -72. -71. -65. -59. -59. -58. -55. -55. -52. -51. -51. -49.
 -49. -49. -48. -47. -46. -45. -43. -42. -40. -39. -38. -38. -36. -35.
 -29. -21. -21. -21. -20. -13. -11. -10.  -9.  -9.  -6.  -2.   0.   2.
   7.  16.  18.  18.  20.  25.  26.  26.  26.  28.  28.  29.  30.  33.
  34.  37.  39.  45.  45.  46.  46.  54.  55.  59.  59.  60.  64.  65.
  67.  72.  72.  75.  77.  79.  86.  87.  88.  91.  94.  94.  96.  97.
  97.  99.][-100.  -99.  -98.  -97.  -97.  -91.  -90.  -89.  -88.  -88.  -87.  -87.
  -84.  -81.  -79.  -79.  -79.  -79.  -79.  -75.  -73.  -72.  -68.  -67.
  -67.  -65.  -63.  -58.  -55.  -54.  -53.  -53.  -45.  -45.  -44.  -43.
  -41.  -40.  -39.  -38.  -32.  -30.  -29.  -29.  -28.  -27.  -17.  -15.
  -15.  -11.  -11.  -10.  -10.   -4.   -3.   -3.   -3.    0.    1.    1.
    4.    5.    6.   10.   13.   14.   15.   21.   26.   31.   36.   38.
   38.   39.   39.   43.   48.   49.   50.   52.   52.   54.   58.   59.
   63.   64.   70.   70.   71.   71.   74.   74.   74.   82.   91.   94.
   95.   95.   96.   96.][-92. -91. -88. -87. -86. -86. -86. -85. -85. -83. -82. -82. -81. -75.
 -73. -73. -73. -72. -72. -68. -68. -67. -67. -66. -65. -60. -55. -53.
 -52. -48. -47. -45. -45. -44. -44. -42. -41. -33. -30. -27. -26. -25.
 -22. -19. -17. -15. -15. -11. -11.  -8.  -8.  -8.   1.   2.   2.   3.
   7.   7.  16.  16.  17.  19.  22.  23.  27.  27.  29.  31.  31.  34.
  36.  38.  38.  40.  43.  45.  48.  53.  53.  55.  55.  56.  57.  63.
  67.  68.  68.  68.  72.  77.  78.  80.  80.  81.  85.  86.  88.  90.
  93.  94.][-98. -97. -95. -95. -94. -85. -78. -77. -75. -71. -68. -68. -68. -64.
 -63. -62. -59. -59. -59. -56. -56. -56. -53. -51. -51. -45. -45. -43.
 -42. -40. -39. -38. -37. -37. -34. -33. -31. -30. -26. -25. -25. -25.
 -22. -19. -18. -18. -12.  -2.  -2.   0.   5.   8.  13.  16.  17.  17.
  18.  20.  25.  26.  26.  27.  27.  28.  30.  31.  34.  37.  40.  40.
  41.  41.  46.  46.  46.  47.  53.  56.  60.  62.  62.  65.  70.  73.
  75.  75.  76.  77.  83.  85.  86.  88.  89.  90.  91.  92.  92.  93.
  94.  98.][-100. -100.  -99.  -98.  -97.  -97.  -97.  -95.  -88.  -88.  -87.  -86.
  -85.  -84.  -82.  -80.  -75.  -72.  -72.  -71.  -67.  -65.  -65.  -64.
  -54.  -50.  -46.  -42.  -41.  -40.  -40.  -39.  -38.  -38.  -38.  -38.
  -37.  -35.  -31.  -30.  -28.  -26.  -24.  -24.  -21.  -21.  -20.  -17.
  -15.  -15.  -15.  -12.  -11.  -10.   -8.   -5.   -5.   -3.    2.   15.
   16.   16.   17.   17.   18.   20.   20.   24.   26.   28.   34.   35.
   35.   37.   38.   40.   43.   46.   48.   51.   54.   57.   63.   65.
   68.   69.   70.   76.   77.   79.   80.   80.   80.   81.   82.   84.
   85.   97.   97.  100.][-98. -95. -94. -94. -94. -93. -92. -89. -87. -86. -81. -79. -77. -76.
 -76. -74. -73. -70. -69. -67. -66. -63. -61. -53. -52. -51. -51. -50.
 -50. -47. -46. -38. -35. -33. -30. -29. -28. -24. -17. -17. -16. -12.
  -8.  -8.   1.   3.   4.   5.   5.  13.  15.  22.  23.  25.  27.  28.
  30.  31.  34.  38.  43.  43.  44.  46.  48.  48.  50.  52.  54.  55.
  56.  58.  58.  64.  64.  64.  68.  69.  70.  72.  72.  77.  78.  79.
  79.  80.  80.  82.  83.  86.  87.  88.  90.  90.  90.  94.  97.  98.
  98. 100.][-95. -88. -88. -85. -85. -84. -84. -84. -81. -80. -79. -78. -76. -75.
 -71. -69. -66. -65. -64. -63. -62. -61. -61. -60. -59. -53. -52. -51.
 -49. -49. -48. -46. -45. -39. -38. -38. -35. -33. -29. -25. -24. -22.
 -22. -16.  -9.  -7.  -5.  -5.  -5.  -4.   1.   4.   5.   6.   7.  11.
  13.  13.  15.  17.  19.  20.  20.  23.  23.  25.  27.  33.  34.  37.
  38.  39.  40.  41.  41.  41.  41.  43.  46.  50.  53.  54.  61.  64.
  67.  68.  69.  69.  69.  74.  74.  80.  82.  83.  83.  87.  88.  89.
  89.  94.][-95. -93. -91. -88. -86. -86. -86. -85. -85. -84. -83. -79. -73. -72.
 -66. -62. -61. -59. -58. -57. -52. -48. -42. -41. -41. -38. -37. -32.
 -29. -28. -23. -22. -21. -21. -18. -18. -17.  -5.  -4.  -3.  -3.  -3.
  -1.   5.   5.   6.   8.  11.  11.  13.  13.  19.  20.  21.  21.  24.
  25.  27.  32.  33.  38.  41.  43.  45.  46.  48.  52.  52.  52.  53.
  54.  55.  56.  56.  59.  60.  65.  65.  66.  67.  68.  68.  70.  72.
  73.  74.  77.  79.  79.  83.  83.  86.  86.  88.  89.  92.  93.  96.
  98.  99.][-92. -86. -77. -76. -75. -73. -73. -70. -66. -59. -57. -56. -56. -55.
 -55. -54. -48. -48. -43. -41. -40. -40. -39. -39. -33. -32. -29. -27.
 -22. -22. -19. -18. -17. -14. -13. -11.  -9.  -9.  -2.  -1.   2.   4.
   6.   8.  11.  12.  15.  20.  22.  25.  26.  27.  31.  39.  39.  42.
  43.  44.  45.  45.  47.  47.  53.  57.  58.  58.  59.  60.  63.  63.
  63.  64.  64.  65.  67.  67.  68.  71.  73.  77.  77.  80.  80.  82.
  83.  83.  84.  87.  89.  90.  90.  91.  93.  95.  96.  97.  98.  98.
  99. 100.][-100.  -99.  -99.  -95.  -92.  -88.  -87.  -86.  -83.  -82.  -81.  -78.
  -75.  -72.  -69.  -67.  -66.  -66.  -65.  -59.  -58.  -54.  -54.  -53.
  -38.  -38.  -38.  -38.  -37.  -37.  -36.  -34.  -34.  -34.  -30.  -30.
  -24.  -24.  -23.  -23.  -22.  -19.  -16.  -15.  -14.  -11.   -7.   -5.
   -3.    1.    3.    6.    7.    8.    8.   11.   12.   13.   16.   17.
   18.   18.   20.   20.   21.   28.   29.   30.   32.   32.   34.   35.
   35.   40.   43.   44.   44.   47.   49.   53.   54.   58.   61.   67.
   69.   70.   77.   78.   78.   86.   89.   90.   91.   92.   92.   93.
   95.   96.   96.  100.][-95. -90. -86. -84. -84. -83. -81. -77. -75. -74. -70. -66. -66. -56.
 -55. -55. -54. -51. -48. -46. -42. -42. -39. -39. -38. -35. -32. -32.
 -30. -28. -28. -24. -23. -22. -21. -16. -16. -14. -10.  -9.  -9.  -6.
  -5.  -4.  -3.  -2.   2.   2.   6.   8.   8.   8.  11.  11.  16.  20.
  21.  24.  25.  25.  28.  31.  31.  33.  35.  36.  36.  37.  39.  43.
  44.  46.  48.  49.  51.  54.  54.  54.  55.  56.  64.  66.  67.  68.
  69.  71.  71.  72.  76.  77.  78.  78.  79.  79.  85.  88.  89.  94.
  95.  98.][-99. -99. -98. -96. -95. -92. -92. -90. -85. -83. -82. -82. -70. -70.
 -62. -60. -60. -56. -52. -51. -50. -50. -46. -43. -41. -40. -40. -31.
 -29. -29. -28. -27. -26. -26. -25. -20. -12. -11.  -9.  -9.  -6.  -5.
  -1.   1.   4.   6.   7.   9.  10.  12.  13.  17.  18.  19.  20.  20.
  20.  23.  24.  25.  25.  26.  26.  28.  31.  32.  35.  38.  39.  41.
  41.  42.  43.  44.  44.  46.  50.  53.  56.  57.  58.  65.  66.  70.
  70.  72.  72.  72.  80.  80.  81.  82.  86.  89.  90.  92.  94.  96.
  98. 100.][-96. -94. -90. -88. -88. -85. -76. -75. -73. -70. -70. -68. -66. -63.
 -63. -61. -61. -61. -60. -56. -55. -54. -53. -52. -51. -49. -43. -41.
 -38. -36. -34. -30. -28. -27. -19. -19. -18. -18. -17. -15. -14. -12.
 -12. -10.  -9.  -9.  -9.  -7.  -7.  -4.  -4.   0.   0.   2.   3.   6.
   7.   8.   9.  10.  10.  14.  18.  18.  18.  20.  21.  22.  28.  32.
  32.  33.  36.  36.  37.  47.  49.  50.  56.  57.  57.  58.  63.  64.
  65.  68.  71.  71.  73.  74.  75.  79.  79.  83.  84.  87.  94.  99.
  99.  99.][-100. -100.  -96.  -96.  -94.  -93.  -89.  -88.  -87.  -86.  -86.  -86.
  -84.  -81.  -80.  -75.  -66.  -66.  -66.  -65.  -64.  -63.  -60.  -60.
  -58.  -57.  -53.  -53.  -50.  -50.  -49.  -48.  -45.  -43.  -42.  -38.
  -37.  -37.  -35.  -31.  -29.  -29.  -27.  -25.  -25.  -24.  -23.  -19.
  -17.  -17.  -16.  -15.  -14.  -13.  -11.  -11.   -7.   -5.   -5.   -4.
   -1.    7.    9.   13.   13.   15.   18.   20.   23.   23.   25.   29.
   30.   31.   37.   37.   43.   45.   47.   57.   60.   64.   66.   67.
   68.   68.   75.   76.   77.   78.   79.   81.   85.   90.   91.   94.
   97.   98.   98.  100.][-99. -92. -91. -91. -90. -89. -89. -87. -82. -81. -78. -77. -76. -76.
 -76. -74. -73. -72. -69. -66. -66. -66. -65. -64. -62. -62. -60. -60.
 -55. -55. -55. -52. -51. -51. -51. -50. -48. -47. -46. -43. -40. -32.
 -31. -28. -27. -26. -25. -25. -22. -18. -17. -14. -11. -10.  -7.  -7.
  -5.  -3.  -1.   2.   3.   3.   5.   9.  12.  12.  13.  18.  22.  26.
  27.  27.  29.  34.  35.  42.  45.  52.  53.  53.  57.  65.  66.  71.
  73.  73.  74.  75.  80.  80.  83.  84.  84.  85.  91.  91.  92.  93.
  93.  94.][-93. -92. -90. -87. -84. -84. -84. -82. -79. -79. -78. -67. -65. -63.
 -59. -58. -54. -53. -52. -52. -52. -40. -35. -33. -32. -32. -31. -30.
 -29. -27. -27. -26. -26. -26. -25. -25. -24. -20. -12. -11. -11.  -9.
  -9.  -8.  -7.  -4.  -1.   0.   0.   0.   0.   2.   3.   7.  12.  12.
  14.  15.  19.  20.  25.  26.  26.  28.  30.  31.  34.  36.  37.  38.
  40.  43.  43.  46.  53.  55.  58.  60.  60.  62.  64.  65.  67.  67.
  68.  69.  71.  71.  73.  74.  77.  78.  80.  80.  90.  92.  93.  95.
  99. 100.][-100.  -97.  -95.  -93.  -91.  -90.  -89.  -88.  -86.  -84.  -82.  -81.
  -80.  -76.  -74.  -71.  -71.  -69.  -65.  -64.  -64.  -63.  -63.  -62.
  -62.  -60.  -59.  -55.  -55.  -54.  -53.  -51.  -49.  -47.  -46.  -43.
  -42.  -37.  -35.  -32.  -24.  -24.  -23.  -23.  -20.  -17.  -16.  -11.
  -10.  -10.  -10.   -6.   -6.   -4.   -4.    1.    2.    3.    3.   11.
   11.   14.   16.   17.   18.   20.   21.   31.   32.   33.   33.   34.
   36.   38.   46.   46.   50.   58.   58.   59.   60.   62.   70.   71.
   74.   76.   79.   81.   82.   83.   83.   84.   86.   92.   94.   96.
   97.   97.   99.   99.][-98. -94. -94. -91. -90. -86. -85. -83. -82. -76. -76. -72. -71. -70.
 -69. -67. -64. -64. -61. -59. -58. -56. -56. -52. -51. -50. -49. -48.
 -45. -40. -40. -37. -35. -34. -29. -29. -28. -27. -25. -24. -20. -19.
 -17.  -9.  -8.  -5.  -4.  -4.  -2.  -1.   0.   7.  10.  11.  13.  13.
  15.  16.  19.  21.  24.  25.  29.  33.  38.  39.  39.  40.  44.  45.
  47.  48.  48.  52.  54.  55.  55.  56.  57.  58.  58.  59.  60.  61.
  72.  72.  79.  79.  79.  84.  85.  87.  87.  91.  92.  93.  94.  96.
  97.  99.][-93. -92. -88. -86. -85. -85. -84. -83. -82. -78. -76. -73. -72. -70.
 -66. -64. -62. -62. -58. -57. -55. -53. -52. -43. -41. -39. -38. -37.
 -32. -30. -27. -22. -20. -19. -15. -15. -15. -14. -10.  -9.  -1.   0.
   0.   2.   9.   9.  11.  12.  15.  16.  16.  23.  25.  25.  27.  27.
  29.  29.  32.  32.  35.  35.  36.  37.  38.  40.  44.  44.  47.  52.
  53.  54.  55.  56.  56.  56.  59.  60.  62.  63.  64.  65.  66.  67.
  70.  72.  72.  73.  73.  74.  76.  78.  82.  83.  87.  88.  89.  93.
  93.  96.][-100. -100.  -99.  -96.  -95.  -89.  -88.  -86.  -83.  -83.  -81.  -78.
  -72.  -70.  -70.  -65.  -61.  -59.  -58.  -57.  -56.  -52.  -44.  -44.
  -43.  -39.  -39.  -36.  -33.  -33.  -32.  -32.  -29.  -23.  -22.  -21.
  -21.  -21.  -21.  -19.  -16.  -15.  -14.  -12.  -12.  -12.   -7.   -1.
    0.    1.    6.    9.    9.   10.   12.   14.   18.   18.   18.   19.
   21.   22.   22.   23.   24.   26.   33.   35.   36.   39.   40.   40.
   40.   42.   44.   51.   51.   52.   54.   54.   55.   57.   59.   61.
   62.   63.   64.   72.   76.   77.   82.   87.   88.   90.   91.   95.
   95.   97.   99.  100.][-95. -93. -88. -87. -84. -84. -77. -75. -73. -71. -70. -65. -64. -63.
 -62. -61. -60. -59. -59. -57. -54. -50. -49. -48. -47. -44. -43. -40.
 -40. -33. -29. -26. -19. -14. -12. -11. -10.  -9.  -8.  -7.  -7.  -5.
   1.   3.   4.   5.   6.   6.  10.  11.  13.  13.  15.  15.  19.  20.
  23.  29.  30.  31.  33.  33.  33.  34.  36.  36.  37.  39.  42.  42.
  49.  52.  53.  55.  56.  56.  57.  57.  58.  59.  63.  66.  67.  70.
  71.  72.  72.  73.  74.  75.  76.  76.  78.  79.  84.  85.  93.  93.
  95.  98.][-100. -100.  -99.  -98.  -94.  -86.  -85.  -82.  -78.  -77.  -63.  -60.
  -51.  -49.  -46.  -43.  -39.  -39.  -36.  -35.  -33.  -30.  -28.  -25.
  -24.  -24.  -21.  -21.  -20.  -19.  -16.  -11.   -4.   -3.   -3.   -2.
   -1.    1.    1.    2.    2.    3.    5.    7.    7.   11.   11.   12.
   14.   16.   21.   21.   23.   24.   25.   25.   26.   27.   29.   29.
   30.   30.   31.   31.   35.   37.   38.   41.   43.   43.   44.   52.
   53.   54.   56.   56.   57.   65.   66.   68.   70.   70.   73.   73.
   74.   74.   74.   75.   75.   79.   79.   81.   81.   81.   81.   87.
   89.   92.   93.   96.][-99. -95. -93. -89. -87. -85. -84. -82. -81. -79. -79. -78. -74. -72.
 -72. -71. -71. -69. -67. -67. -67. -66. -62. -53. -51. -49. -43. -42.
 -41. -40. -40. -39. -36. -34. -34. -32. -29. -27. -18. -11.  -7.  -6.
  -6.   1.   1.   3.   5.   6.   7.  10.  10.  11.  15.  19.  19.  20.
  21.  25.  27.  30.  32.  34.  37.  38.  38.  39.  43.  45.  49.  51.
  51.  56.  56.  58.  62.  62.  64.  65.  66.  67.  68.  70.  75.  76.
  77.  79.  80.  82.  83.  84.  85.  85.  86.  88.  92.  94.  97.  98.
  98.  99.][-100.  -99.  -97.  -96.  -95.  -93.  -93.  -91.  -90.  -88.  -84.  -82.
  -79.  -78.  -76.  -76.  -74.  -74.  -74.  -73.  -70.  -66.  -64.  -64.
  -63.  -59.  -57.  -55.  -52.  -46.  -43.  -41.  -40.  -39.  -38.  -37.
  -34.  -34.  -33.  -31.  -31.  -28.  -28.  -27.  -23.  -22.  -21.  -19.
  -19.  -18.  -18.  -17.  -16.  -13.  -12.  -10.   -9.   -8.   -3.   -2.
    1.    2.    3.    9.   10.   11.   13.   16.   18.   20.   23.   23.
   25.   26.   29.   29.   31.   33.   33.   33.   33.   37.   43.   52.
   59.   60.   67.   71.   72.   76.   79.   79.   83.   86.   87.   90.
   92.   93.   98.  100.][-100.  -99.  -99.  -98.  -92.  -91.  -87.  -86.  -86.  -85.  -79.  -78.
  -76.  -73.  -73.  -73.  -66.  -66.  -65.  -56.  -56.  -54.  -54.  -51.
  -48.  -48.  -42.  -39.  -36.  -32.  -28.  -26.  -24.  -23.  -21.  -20.
  -17.  -13.  -12.   -7.   -5.   -3.    1.    1.    2.   10.   12.   12.
   13.   13.   15.   16.   16.   21.   23.   24.   24.   25.   26.   27.
   30.   32.   36.   36.   37.   39.   39.   39.   40.   41.   43.   44.
   45.   47.   49.   51.   53.   54.   58.   59.   62.   63.   65.   65.
   66.   68.   71.   72.   72.   73.   75.   78.   78.   78.   79.   87.
   87.   87.   97.   97.][-100.  -96.  -95.  -87.  -82.  -82.  -82.  -81.  -80.  -78.  -75.  -73.
  -73.  -70.  -67.  -64.  -59.  -58.  -56.  -51.  -45.  -43.  -43.  -43.
  -43.  -41.  -39.  -38.  -37.  -36.  -34.  -33.  -26.  -22.  -22.  -22.
  -17.  -15.  -15.  -13.  -12.  -12.   -6.   -4.   -3.   -1.   -1.    0.
    8.   10.   14.   15.   15.   15.   16.   21.   22.   23.   30.   33.
   40.   41.   48.   50.   50.   54.   55.   57.   57.   58.   59.   59.
   60.   60.   62.   63.   67.   67.   72.   73.   73.   74.   76.   78.
   78.   78.   78.   79.   79.   81.   82.   82.   85.   86.   86.   94.
   95.   95.   96.   97.][-91. -90. -90. -89. -85. -85. -81. -79. -78. -77. -77. -74. -73. -73.
 -71. -68. -68. -68. -65. -64. -62. -57. -57. -56. -53. -53. -52. -51.
 -51. -47. -44. -42. -38. -32. -32. -31. -28. -28. -27. -25. -25. -24.
 -23. -22. -22. -19. -18. -18. -14. -13. -11.  -8.  -1.   1.   7.  10.
  11.  15.  16.  16.  17.  18.  23.  24.  26.  31.  35.  48.  51.  52.
  53.  53.  54.  55.  56.  56.  58.  61.  62.  63.  64.  65.  66.  69.
  69.  70.  72.  73.  77.  77.  78.  80.  84.  85.  85.  86.  87.  89.
  96.  99.][-98. -97. -94. -91. -90. -88. -88. -85. -82. -82. -80. -79. -74. -74.
 -74. -70. -65. -61. -59. -59. -55. -55. -47. -44. -44. -43. -41. -41.
 -41. -40. -37. -35. -32. -32. -26. -26. -24. -23. -16. -14. -11. -10.
  -8.  -6.  -1.   0.   2.   3.   3.   6.   7.  11.  13.  13.  15.  18.
  19.  20.  21.  23.  26.  26.  28.  28.  32.  41.  44.  54.  56.  57.
  58.  59.  65.  66.  66.  67.  67.  68.  68.  69.  69.  71.  72.  73.
  77.  77.  78.  78.  85.  85.  86.  90.  92.  93.  96.  96.  96.  97.
  98.  99.][-100. -100.  -99.  -98.  -94.  -89.  -88.  -86.  -86.  -79.  -71.  -69.
  -66.  -66.  -63.  -50.  -47.  -45.  -44.  -43.  -34.  -33.  -31.  -30.
  -27.  -26.  -25.  -25.  -22.  -19.  -18.  -17.  -16.  -15.  -14.  -14.
   -4.   -4.   -2.   -2.   -2.    1.    1.    4.    5.    7.    7.   10.
   10.   12.   12.   12.   14.   18.   21.   21.   24.   25.   28.   30.
   31.   35.   38.   38.   39.   41.   42.   42.   42.   44.   47.   47.
   49.   50.   54.   55.   56.   60.   65.   67.   67.   68.   70.   71.
   72.   72.   72.   73.   80.   85.   85.   85.   86.   87.   88.   91.
   92.   93.   95.   98.][-99. -99. -99. -98. -98. -93. -90. -89. -89. -87. -80. -77. -77. -76.
 -69. -69. -65. -64. -64. -63. -52. -50. -49. -44. -41. -39. -38. -38.
 -36. -35. -32. -31. -28. -23. -22. -22. -17. -15. -14. -11.  -9.  -8.
  -4.  -2.   6.  11.  12.  13.  14.  14.  16.  18.  19.  20.  23.  23.
  24.  25.  26.  28.  28.  31.  32.  37.  45.  45.  47.  47.  47.  48.
  48.  51.  52.  53.  55.  56.  58.  58.  63.  65.  65.  66.  69.  70.
  71.  74.  75.  79.  80.  81.  82.  86.  94.  96.  96.  97.  98. 100.
 100. 100.][-99. -99. -96. -96. -91. -88. -88. -86. -83. -82. -81. -79. -79. -75.
 -73. -72. -71. -70. -67. -65. -63. -62. -61. -55. -55. -50. -47. -44.
 -42. -40. -35. -35. -33. -31. -29. -29. -28. -26. -24. -22. -19. -18.
 -15.  -9.  -9.  -6.  -4.   3.   4.   9.  15.  15.  17.  17.  17.  17.
  18.  19.  20.  21.  24.  25.  27.  32.  34.  35.  37.  41.  41.  41.
  42.  42.  43.  44.  44.  45.  47.  47.  47.  49.  53.  55.  57.  58.
  60.  63.  65.  65.  65.  69.  76.  76.  76.  78.  78.  79.  85.  91.
  95.  96.][-87. -84. -81. -78. -74. -73. -71. -64. -60. -58. -57. -54. -54. -54.
 -41. -38. -38. -38. -37. -36. -36. -32. -32. -31. -30. -25. -25. -22.
 -21. -15. -15. -12. -12. -11. -11.  -8.  -7.  -7.  -2.  -2.  -1.  -1.
   0.   1.   1.   2.   4.   5.   7.  12.  13.  18.  20.  21.  23.  25.
  26.  31.  32.  35.  36.  38.  38.  39.  39.  42.  47.  47.  47.  48.
  48.  49.  50.  51.  54.  58.  60.  60.  60.  66.  66.  68.  68.  68.
  69.  74.  74.  75.  75.  77.  79.  80.  85.  85.  87.  94.  94.  95.
  98.  99.][-97. -94. -91. -81. -78. -77. -71. -66. -65. -65. -65. -58. -57. -56.
 -56. -54. -53. -50. -49. -49. -47. -45. -45. -45. -43. -43. -43. -41.
 -41. -39. -38. -37. -33. -32. -20. -15. -15. -12. -12. -11.  -3.  -2.
  -1.   0.   1.   5.   8.   8.  10.  12.  13.  16.  18.  21.  21.  23.
  26.  28.  28.  30.  35.  35.  35.  36.  37.  38.  40.  43.  44.  51.
  51.  52.  53.  54.  56.  57.  59.  62.  63.  63.  66.  66.  67.  69.
  72.  73.  73.  73.  78.  78.  79.  79.  81.  82.  83.  89.  91.  92.
  94.  97.][-99. -96. -95. -90. -90. -89. -86. -86. -83. -82. -80. -78. -77. -75.
 -73. -72. -69. -66. -64. -60. -58. -57. -51. -46. -45. -43. -40. -40.
 -35. -34. -33. -33. -28. -27. -26. -25. -25. -23. -23. -23. -22. -22.
 -20. -16. -16. -16. -14. -13. -10.  -9.  -8.  -6.  -6.  -2.   0.   5.
  12.  12.  13.  13.  15.  16.  17.  19.  24.  25.  27.  32.  33.  33.
  36.  39.  41.  44.  44.  45.  47.  49.  57.  58.  61.  65.  67.  67.
  68.  70.  72.  72.  81.  82.  85.  86.  87.  87.  92.  93.  94.  97.
  98.  98.][-100.  -99.  -97.  -94.  -90.  -89.  -87.  -87.  -86.  -85.  -82.  -78.
  -77.  -76.  -75.  -75.  -73.  -72.  -71.  -70.  -70.  -69.  -69.  -68.
  -65.  -59.  -59.  -57.  -57.  -55.  -54.  -53.  -53.  -49.  -47.  -47.
  -47.  -46.  -43.  -42.  -39.  -39.  -39.  -34.  -31.  -30.  -23.  -19.
  -17.   -9.   -5.   -5.   -5.   -4.    3.    4.    8.   10.   11.   11.
   12.   15.   16.   16.   20.   20.   21.   23.   26.   26.   30.   32.
   32.   36.   38.   40.   40.   41.   43.   44.   47.   48.   50.   55.
   55.   58.   59.   65.   69.   71.   74.   75.   79.   87.   88.   90.
   99.   99.  100.  100.][-95. -90. -90. -88. -85. -78. -77. -73. -72. -72. -70. -68. -64. -62.
 -61. -60. -60. -60. -57. -53. -45. -45. -37. -36. -31. -27. -27. -24.
 -24. -22. -22. -21. -21. -16. -15. -13. -12. -10.  -7.  -4.  -4.   1.
   2.   2.   3.   8.   9.  10.  10.  11.  11.  12.  12.  13.  13.  13.
  15.  17.  23.  25.  27.  28.  29.  30.  31.  32.  33.  34.  36.  38.
  39.  39.  39.  42.  44.  45.  49.  50.  51.  51.  52.  53.  60.  68.
  68.  69.  70.  72.  72.  73.  73.  76.  78.  82.  87.  87.  88.  88.
  95.  98.][-100.  -97.  -97.  -93.  -92.  -91.  -90.  -89.  -87.  -87.  -86.  -86.
  -79.  -73.  -72.  -70.  -69.  -68.  -65.  -63.  -62.  -62.  -59.  -59.
  -51.  -49.  -49.  -48.  -48.  -47.  -45.  -45.  -41.  -40.  -38.  -34.
  -30.  -23.  -22.  -18.  -13.   -9.   -9.   -7.   -7.   -2.   -1.    1.
    2.    3.    3.    5.    6.    8.   10.   16.   17.   19.   28.   31.
   33.   34.   36.   38.   40.   41.   41.   43.   43.   43.   50.   58.
   59.   60.   60.   62.   62.   64.   67.   68.   68.   69.   72.   72.
   72.   74.   76.   80.   87.   90.   92.   92.   94.   94.   94.   95.
   97.   97.   99.  100.][-98. -96. -89. -88. -81. -81. -75. -74. -73. -65. -63. -62. -58. -54.
 -54. -51. -49. -49. -49. -47. -46. -46. -46. -44. -43. -42. -42. -41.
 -40. -40. -36. -36. -33. -30. -21. -20. -20. -20. -20. -19. -19. -18.
 -18. -10.  -7.  -5.  -5.  -4.  -4.   0.   0.   0.   1.   2.   5.   9.
  10.  11.  11.  12.  17.  19.  19.  20.  22.  25.  26.  27.  32.  38.
  39.  39.  41.  41.  44.  46.  51.  54.  54.  54.  54.  55.  56.  56.
  61.  61.  62.  66.  68.  69.  75.  76.  77.  78.  82.  83.  83.  84.
  85.  88.][-100. -100.  -99.  -96.  -96.  -95.  -93.  -93.  -91.  -90.  -89.  -89.
  -86.  -84.  -82.  -82.  -77.  -77.  -70.  -69.  -67.  -64.  -64.  -63.
  -58.  -58.  -57.  -51.  -50.  -48.  -44.  -42.  -42.  -40.  -39.  -37.
  -33.  -29.  -28.  -25.  -24.  -23.  -22.  -21.  -19.  -18.  -11.  -11.
  -10.   -2.    3.   11.   12.   14.   16.   17.   21.   25.   26.   27.
   29.   31.   31.   34.   35.   36.   38.   38.   39.   39.   42.   44.
   44.   45.   46.   47.   47.   48.   54.   59.   59.   60.   62.   67.
   71.   71.   72.   74.   74.   75.   75.   78.   79.   79.   82.   84.
   85.   90.   92.   93.][-100. -100.  -99.  -98.  -98.  -96.  -95.  -90.  -88.  -88.  -87.  -86.
  -85.  -81.  -81.  -77.  -76.  -75.  -73.  -70.  -69.  -67.  -66.  -58.
  -54.  -54.  -52.  -50.  -49.  -43.  -43.  -42.  -40.  -38.  -38.  -36.
  -29.  -26.  -25.  -24.  -23.  -23.  -21.  -21.  -20.  -15.  -10.  -10.
   -9.   -7.   -2.    4.    4.    7.    8.    8.    9.   11.   17.   18.
   21.   26.   32.   37.   37.   39.   40.   43.   45.   46.   48.   52.
   55.   55.   56.   57.   60.   60.   63.   63.   66.   67.   68.   70.
   71.   72.   73.   73.   74.   79.   81.   83.   86.   89.   91.   92.
   93.   94.   98.   99.][-100. -100.  -98.  -97.  -96.  -96.  -96.  -93.  -91.  -90.  -88.  -88.
  -86.  -86.  -85.  -83.  -82.  -79.  -79.  -77.  -75.  -72.  -71.  -67.
  -66.  -65.  -62.  -61.  -60.  -59.  -57.  -52.  -52.  -51.  -48.  -46.
  -43.  -43.  -41.  -39.  -39.  -35.  -33.  -27.  -23.  -23.  -21.  -17.
  -15.  -14.  -12.  -10.   -8.   -8.   -5.   -4.   -4.   -3.   -1.    1.
    2.    2.    2.    4.    4.    9.   11.   12.   14.   16.   18.   19.
   20.   28.   28.   28.   35.   35.   36.   41.   43.   46.   48.   48.
   54.   55.   57.   60.   67.   67.   74.   75.   84.   86.   87.   89.
   90.   93.   94.   94.][-98. -97. -95. -91. -91. -89. -88. -88. -86. -86. -85. -83. -82. -81.
 -81. -78. -77. -74. -72. -71. -70. -70. -69. -68. -66. -65. -64. -64.
 -64. -63. -59. -58. -57. -55. -51. -49. -49. -48. -46. -45. -43. -42.
 -40. -40. -37. -37. -36. -31. -30. -29. -29. -28. -26. -25. -25. -18.
 -18.  -6.  -6.  -5.  -4.  -4.  -1.  -1.   1.   4.   4.   5.  15.  18.
  19.  20.  27.  32.  33.  36.  41.  44.  45.  45.  46.  47.  74.  75.
  76.  78.  83.  84.  84.  87.  88.  89.  90.  92.  94.  94.  95.  96.
  97. 100.][-100.  -96.  -90.  -90.  -89.  -89.  -86.  -85.  -83.  -82.  -82.  -81.
  -80.  -78.  -76.  -73.  -69.  -66.  -65.  -57.  -57.  -57.  -52.  -52.
  -50.  -49.  -45.  -45.  -43.  -43.  -42.  -36.  -34.  -34.  -30.  -28.
  -27.  -25.  -23.  -23.  -20.  -19.  -17.  -15.  -15.  -11.   -8.   -5.
   -4.   -2.   -2.    1.    4.    4.    6.    7.    9.    9.   10.   13.
   14.   16.   16.   17.   17.   20.   21.   21.   24.   25.   27.   28.
   28.   32.   36.   39.   42.   46.   48.   48.   55.   59.   62.   68.
   75.   77.   78.   81.   81.   85.   86.   87.   92.   93.   94.   95.
   96.   99.  100.  100.][-99. -96. -93. -92. -89. -88. -85. -75. -73. -73. -72. -71. -70. -70.
 -69. -65. -65. -64. -63. -62. -61. -60. -60. -58. -57. -55. -53. -52.
 -50. -50. -46. -45. -45. -43. -43. -42. -41. -38. -37. -37. -35. -35.
 -34. -33. -31. -28. -11.  -8.  -7.  -6.  -5.  -4.  -3.  -2.   2.   5.
   6.   8.  13.  14.  17.  17.  19.  20.  21.  22.  23.  26.  29.  32.
  39.  43.  43.  43.  46.  49.  52.  53.  53.  56.  58.  59.  63.  64.
  64.  65.  66.  69.  69.  70.  70.  71.  76.  79.  86.  86.  86.  91.
  92.  96.]