[-100.  -99.  -87.  -87.  -83.  -79.  -79.  -77.  -74.  -74.  -71.  -68.
  -67.  -67.  -66.  -66.  -65.  -63.  -62.  -59.  -59.  -56.  -55.  -50.
  -49.  -48.  -45.  -44.  -43.  -43.  -40.  -39.  -31.  -30.  -28.  -27.
  -15.  -13.  -11.  -11.  -11.   -5.   -4.   -3.    0.    0.    2.    3.
    3.    3.    4.    4.    5.    7.    8.   11.   13.   13.   13.   17.
   17.   18.   23.   27.   27.   32.   33.   33.   33.   34.   36.   39.
   41.   44.   45.   47.   49.   49.   52.   61.   63.   66.   77.   77.
   77.   78.   81.   83.   84.   84.   87.   89.   89.   90.   91.   97.
   97.   97.   99.  100.][-100. -100.  -99.  -96.  -94.  -88.  -87.  -84.  -84.  -83.  -81.  -78.
  -77.  -76.  -75.  -69.  -69.  -68.  -67.  -62.  -62.  -58.  -58.  -54.
  -50.  -48.  -44.  -44.  -43.  -37.  -37.  -37.  -31.  -29.  -28.  -22.
  -18.  -17.  -16.  -16.  -15.  -12.  -11.  -10.  -10.   -5.    0.    1.
    3.    4.    5.    6.    8.    8.    8.    9.   10.   15.   16.   20.
   21.   24.   26.   27.   30.   30.   31.   32.   35.   37.   38.   39.
   40.   41.   43.   44.   45.   54.   54.   55.   57.   61.   61.   65.
   65.   71.   80.   83.   84.   88.   88.   90.   90.   91.   92.   92.
   96.   96.  100.  100.][-96. -92. -91. -90. -90. -89. -87. -84. -82. -80. -79. -76. -75. -74.
 -73. -70. -70. -68. -68. -66. -59. -56. -55. -55. -54. -54. -52. -50.
 -45. -42. -42. -41. -39. -39. -39. -37. -36. -36. -33. -31. -29. -28.
 -27. -26. -18. -15. -15. -13. -10.  -9.  -4.   0.   4.   9.  12.  22.
  25.  25.  26.  26.  26.  27.  28.  34.  35.  36.  37.  37.  41.  41.
  42.  47.  49.  50.  55.  56.  67.  68.  69.  70.  72.  73.  75.  75.
  76.  87.  88.  90.  91.  91.  92.  92.  92.  92.  96.  98.  98. 100.
 100. 100.][-96. -95. -95. -93. -92. -92. -92. -89. -88. -85. -83. -83. -82. -81.
 -81. -79. -77. -76. -69. -66. -66. -66. -63. -61. -58. -57. -54. -52.
 -51. -50. -49. -45. -44. -41. -38. -38. -37. -37. -36. -28. -22. -19.
  -7.  -7.  -3.   0.   1.   6.   6.   6.  13.  14.  16.  16.  18.  18.
  19.  21.  21.  26.  31.  35.  36.  42.  42.  44.  45.  45.  46.  46.
  49.  50.  51.  51.  58.  62.  68.  69.  70.  74.  75.  75.  76.  76.
  80.  81.  83.  85.  85.  87.  88.  90.  92.  93.  94.  95.  96.  96.
  97.  98.][-99. -99. -97. -97. -92. -85. -84. -83. -83. -78. -75. -75. -74. -67.
 -67. -66. -66. -64. -63. -62. -58. -57. -56. -53. -50. -49. -49. -47.
 -45. -40. -36. -35. -33. -32. -31. -30. -30. -28. -27. -25. -25. -23.
 -23. -22. -20. -17. -14. -11.  -4.   1.   5.   7.  10.  12.  14.  15.
  17.  18.  35.  37.  37.  38.  44.  46.  48.  49.  49.  50.  51.  53.
  53.  54.  54.  54.  54.  55.  56.  57.  60.  63.  65.  66.  69.  69.
  70.  72.  72.  73.  75.  76.  77.  90.  91.  92.  93.  95.  96.  96.
  98. 100.][-100. -100.  -94.  -94.  -94.  -88.  -88.  -88.  -78.  -77.  -70.  -66.
  -66.  -65.  -65.  -63.  -63.  -62.  -61.  -58.  -56.  -55.  -55.  -49.
  -45.  -42.  -40.  -39.  -35.  -31.  -24.  -22.  -21.  -17.  -14.  -13.
  -11.  -10.   -9.   -5.   -2.    0.    0.    1.    1.    2.    2.    5.
    5.    5.    9.   11.   12.   17.   17.   22.   24.   24.   27.   28.
   31.   35.   37.   38.   38.   39.   40.   41.   44.   46.   48.   49.
   53.   53.   54.   55.   56.   56.   59.   61.   62.   62.   62.   65.
   68.   69.   71.   72.   75.   83.   83.   86.   88.   89.   90.   91.
   93.   95.   98.   99.][-100.  -99.  -94.  -93.  -88.  -81.  -80.  -79.  -77.  -77.  -72.  -70.
  -68.  -64.  -61.  -56.  -55.  -54.  -53.  -52.  -52.  -49.  -49.  -48.
  -48.  -47.  -45.  -45.  -42.  -40.  -39.  -38.  -37.  -33.  -28.  -27.
  -26.  -23.  -23.  -20.  -17.  -17.  -15.  -13.  -13.   -9.   -6.   -4.
   -4.   -3.   -2.    1.    1.    1.   10.   11.   16.   17.   19.   21.
   28.   32.   33.   33.   36.   41.   42.   43.   46.   48.   50.   52.
   52.   57.   64.   65.   65.   66.   70.   70.   71.   72.   76.   78.
   78.   79.   79.   82.   86.   87.   88.   91.   95.   97.   98.   98.
   98.   98.   99.   99.][-100.  -98.  -98.  -96.  -95.  -94.  -94.  -92.  -89.  -88.  -88.  -84.
  -83.  -83.  -82.  -81.  -78.  -75.  -72.  -71.  -71.  -70.  -68.  -67.
  -66.  -65.  -63.  -61.  -59.  -59.  -55.  -54.  -54.  -53.  -50.  -50.
  -50.  -50.  -47.  -45.  -42.  -42.  -41.  -34.  -32.  -30.  -30.  -27.
  -20.  -15.  -13.  -11.   -7.   -3.   -2.   15.   19.   20.   29.   30.
   32.   32.   38.   42.   43.   46.   46.   46.   47.   48.   49.   50.
   57.   57.   57.   58.   59.   60.   61.   62.   66.   66.   67.   68.
   69.   70.   70.   72.   73.   73.   79.   79.   81.   83.   83.   85.
   96.   97.   98.   99.][-94. -93. -93. -93. -92. -92. -89. -88. -87. -83. -82. -82. -77. -74.
 -71. -69. -68. -68. -66. -60. -59. -58. -52. -51. -50. -48. -45. -43.
 -42. -41. -37. -37. -28. -28. -27. -23. -23. -20. -20. -18. -16. -13.
 -12. -10.  -9.  -8.  -5.  -5.  -2.  -1.   0.   2.   8.   9.  11.  14.
  22.  29.  30.  33.  36.  37.  38.  38.  40.  41.  42.  42.  43.  45.
  45.  46.  49.  49.  50.  53.  53.  54.  54.  55.  57.  57.  60.  62.
  63.  65.  68.  70.  73.  73.  73.  79.  81.  85.  85.  93.  96.  96.
  97.  98.][-100.  -89.  -88.  -88.  -86.  -86.  -85.  -84.  -75.  -74.  -73.  -72.
  -72.  -71.  -70.  -63.  -62.  -61.  -57.  -55.  -50.  -50.  -49.  -48.
  -48.  -46.  -36.  -35.  -34.  -34.  -31.  -29.  -28.  -26.  -21.  -17.
  -17.  -15.  -12.  -10.   -9.   -4.    0.    0.    0.    2.    3.    9.
   10.   15.   15.   16.   18.   18.   23.   25.   26.   26.   26.   32.
   33.   33.   36.   36.   42.   47.   49.   50.   51.   53.   54.   54.
   56.   56.   57.   60.   60.   63.   64.   66.   66.   67.   68.   68.
   69.   71.   74.   76.   80.   81.   81.   82.   82.   83.   85.   85.
   89.   93.   95.   99.][-100.  -99.  -98.  -94.  -94.  -91.  -88.  -83.  -81.  -80.  -79.  -79.
  -77.  -76.  -76.  -75.  -71.  -67.  -66.  -61.  -59.  -59.  -57.  -55.
  -54.  -46.  -40.  -39.  -37.  -36.  -36.  -33.  -30.  -28.  -23.  -12.
  -11.   -8.   -7.   -6.   -5.   -3.   -2.   -1.    3.    3.    3.    7.
   11.   14.   19.   21.   22.   23.   24.   26.   26.   27.   29.   30.
   31.   32.   33.   35.   35.   35.   36.   36.   41.   41.   42.   44.
   44.   47.   47.   47.   48.   53.   57.   57.   58.   61.   65.   65.
   67.   68.   71.   73.   75.   78.   81.   82.   85.   85.   89.   91.
   93.   96.   98.   99.][-100.  -99.  -96.  -96.  -94.  -93.  -91.  -83.  -80.  -80.  -80.  -79.
  -78.  -76.  -75.  -70.  -70.  -67.  -66.  -64.  -63.  -61.  -61.  -53.
  -52.  -52.  -49.  -48.  -48.  -45.  -42.  -41.  -40.  -39.  -39.  -37.
  -34.  -32.  -30.  -30.  -29.  -26.  -23.  -14.  -12.  -12.  -12.   -8.
   -8.   -6.   -3.   -2.   -1.   -1.    2.    5.    5.    5.    7.   10.
   11.   14.   16.   26.   26.   28.   30.   30.   34.   35.   37.   43.
   43.   44.   44.   47.   56.   58.   59.   59.   63.   69.   72.   72.
   79.   79.   80.   81.   85.   86.   86.   88.   88.   89.   92.   92.
   94.   95.   96.  100.][-100.  -81.  -77.  -76.  -72.  -71.  -71.  -69.  -68.  -66.  -64.  -60.
  -54.  -53.  -48.  -47.  -46.  -46.  -45.  -45.  -42.  -42.  -35.  -34.
  -28.  -27.  -26.  -24.  -23.  -23.  -23.  -22.  -22.  -21.  -21.  -18.
  -17.  -13.  -12.   -6.   -2.    0.    2.    2.    7.   12.   16.   22.
   26.   27.   27.   28.   31.   31.   33.   37.   38.   39.   40.   41.
   41.   41.   44.   45.   47.   52.   52.   64.   64.   66.   66.   69.
   69.   70.   72.   73.   77.   77.   78.   79.   81.   81.   81.   83.
   84.   86.   88.   89.   90.   92.   92.   94.   95.   95.   96.   96.
   97.   97.   98.  100.][-100.  -98.  -95.  -93.  -92.  -91.  -90.  -89.  -88.  -84.  -73.  -72.
  -68.  -68.  -68.  -67.  -65.  -64.  -64.  -63.  -63.  -63.  -60.  -60.
  -55.  -51.  -48.  -45.  -44.  -39.  -38.  -38.  -37.  -32.  -30.  -29.
  -28.  -28.  -26.  -23.  -21.  -20.  -19.  -18.  -16.  -12.  -10.  -10.
   -8.   -5.   -4.   -3.   -3.    2.    2.    3.    3.    4.    5.   11.
   14.   16.   17.   18.   22.   24.   27.   28.   29.   37.   37.   39.
   40.   42.   43.   50.   50.   50.   54.   56.   57.   60.   63.   64.
   66.   67.   68.   71.   76.   76.   77.   79.   80.   82.   83.   89.
   90.   90.   92.   94.][-100. -100.  -98.  -97.  -92.  -89.  -87.  -87.  -83.  -82.  -81.  -80.
  -74.  -68.  -67.  -63.  -63.  -61.  -53.  -52.  -51.  -47.  -42.  -40.
  -39.  -36.  -30.  -29.  -29.  -26.  -26.  -22.  -19.  -18.  -16.  -16.
  -16.  -14.  -14.  -12.   -9.   -9.   -3.    0.    1.    3.    4.    6.
    7.    7.    7.    8.    8.    9.   16.   17.   17.   21.   21.   23.
   24.   26.   27.   30.   30.   32.   41.   43.   46.   46.   48.   51.
   51.   52.   53.   55.   65.   67.   68.   70.   71.   71.   73.   76.
   78.   80.   80.   80.   81.   81.   85.   86.   87.   89.   90.   90.
   92.   95.   99.   99.][-98. -97. -96. -93. -91. -89. -88. -88. -87. -84. -81. -79. -79. -74.
 -71. -71. -71. -70. -70. -65. -65. -64. -63. -63. -62. -60. -58. -58.
 -56. -55. -55. -52. -52. -52. -52. -52. -50. -49. -41. -36. -35. -34.
 -31. -30. -30. -28. -27. -25. -24. -23. -14. -13. -12. -10.  -6.  -1.
   1.   4.   5.   6.   8.  12.  16.  20.  23.  24.  26.  29.  31.  31.
  32.  32.  32.  35.  35.  35.  36.  37.  39.  44.  45.  46.  52.  58.
  60.  61.  63.  65.  67.  68.  70.  77.  79.  85.  86.  87.  90.  91.
  93.  97.][-100.  -89.  -89.  -87.  -84.  -84.  -78.  -76.  -75.  -74.  -74.  -72.
  -72.  -70.  -70.  -68.  -68.  -68.  -66.  -65.  -63.  -61.  -53.  -49.
  -49.  -48.  -42.  -42.  -40.  -40.  -39.  -38.  -33.  -32.  -31.  -30.
  -30.  -29.  -28.  -26.  -21.  -21.  -18.   -6.   -4.   -2.    0.    0.
    0.    0.    3.    4.    5.    5.    6.    6.   10.   13.   17.   19.
   23.   24.   25.   27.   27.   31.   33.   38.   40.   40.   41.   41.
   42.   43.   46.   55.   57.   58.   58.   60.   61.   63.   64.   65.
   72.   77.   77.   77.   80.   80.   83.   85.   90.   92.   92.   93.
   93.   95.   97.   99.][-99. -98. -93. -90. -90. -88. -87. -86. -86. -85. -84. -83. -82. -81.
 -80. -73. -72. -72. -69. -68. -63. -62. -55. -54. -54. -50. -49. -47.
 -44. -40. -33. -30. -23. -21. -20. -15. -13. -10.  -9.  -8.  -5.  -4.
   1.   2.   2.   4.   4.   5.   6.   6.   7.   7.   9.  11.  11.  12.
  16.  17.  21.  24.  30.  31.  32.  34.  36.  43.  43.  44.  45.  47.
  48.  49.  51.  57.  62.  69.  71.  75.  76.  79.  81.  82.  82.  83.
  85.  86.  89.  89.  92.  92.  93.  94.  94.  95.  96.  97.  98.  98.
  98. 100.][-100.  -98.  -97.  -96.  -92.  -88.  -88.  -86.  -85.  -84.  -83.  -81.
  -80.  -79.  -78.  -69.  -68.  -67.  -67.  -66.  -66.  -64.  -61.  -59.
  -58.  -55.  -49.  -46.  -46.  -45.  -43.  -40.  -38.  -38.  -37.  -32.
  -23.  -23.  -22.  -21.  -19.  -18.  -18.  -18.  -16.  -16.  -16.  -15.
  -14.  -13.   -8.   -8.   -7.   -5.    1.    1.    4.   13.   19.   20.
   28.   30.   32.   34.   38.   39.   41.   45.   48.   48.   48.   48.
   49.   51.   51.   54.   65.   65.   65.   70.   71.   74.   75.   76.
   77.   79.   79.   80.   81.   81.   82.   82.   83.   84.   85.   85.
   92.   95.   96.   98.][-98. -96. -95. -91. -91. -90. -90. -87. -87. -82. -76. -75. -75. -74.
 -73. -72. -72. -72. -69. -69. -67. -66. -64. -64. -63. -56. -52. -52.
 -51. -50. -50. -49. -46. -46. -41. -41. -38. -34. -33. -33. -32. -30.
 -26. -24. -23. -17. -16. -14. -14. -14. -11. -11.  -8.  -8.  -6.  -6.
  -6.  -3.  -1.   0.   5.   7.   8.   8.   8.  10.  13.  15.  15.  16.
  19.  24.  25.  25.  38.  40.  41.  46.  47.  48.  49.  52.  54.  57.
  57.  60.  62.  63.  66.  69.  71.  72.  82.  84.  85.  86.  88.  90.
  94. 100.][-99. -97. -93. -92. -92. -91. -90. -84. -83. -82. -76. -76. -76. -72.
 -70. -67. -65. -64. -62. -61. -61. -60. -57. -57. -57. -57. -55. -49.
 -48. -48. -47. -42. -42. -42. -40. -35. -35. -33. -32. -24. -24. -19.
 -16. -16. -13. -12. -11. -10. -10.  -8.  -8.  -8.  -4.  -3.   3.   7.
   7.   8.   8.   9.  11.  12.  13.  14.  19.  20.  24.  25.  31.  33.
  33.  34.  39.  40.  40.  43.  43.  44.  48.  50.  51.  52.  53.  53.
  54.  58.  65.  67.  67.  72.  76.  77.  78.  83.  83.  87.  90.  93.
  99. 100.][-90. -87. -85. -82. -80. -78. -78. -78. -78. -76. -73. -66. -65. -63.
 -61. -61. -54. -51. -50. -48. -40. -39. -39. -36. -36. -35. -35. -31.
 -29. -28. -26. -22. -21. -19. -19. -18. -16. -15. -12. -10.  -7.  -3.
  -2.   0.   6.   8.   8.   8.  11.  12.  13.  16.  17.  19.  20.  24.
  26.  27.  28.  28.  29.  29.  30.  33.  35.  36.  38.  39.  39.  40.
  41.  42.  44.  44.  48.  48.  49.  51.  53.  54.  55.  55.  56.  58.
  59.  66.  68.  73.  74.  77.  80.  83.  84.  84.  84.  84.  91.  97.
  98.  99.][-90. -90. -90. -84. -83. -77. -77. -75. -73. -72. -72. -71. -68. -68.
 -66. -64. -63. -59. -58. -55. -52. -52. -52. -48. -46. -44. -43. -41.
 -34. -34. -34. -25. -23. -22. -21. -20. -20. -15. -13. -13. -12. -10.
 -10.  -7.  -5.  -1.   5.   8.   9.  12.  13.  13.  14.  15.  15.  17.
  18.  20.  20.  23.  25.  27.  28.  28.  29.  29.  30.  33.  35.  36.
  36.  39.  42.  48.  48.  49.  50.  50.  55.  60.  63.  64.  64.  67.
  68.  73.  74.  74.  75.  77.  78.  84.  84.  86.  86.  90.  93.  95.
  97.  98.][-98. -95. -91. -90. -85. -85. -83. -83. -83. -78. -78. -77. -77. -75.
 -74. -70. -70. -68. -66. -65. -64. -59. -59. -58. -47. -47. -41. -40.
 -39. -38. -38. -37. -37. -33. -31. -30. -29. -24. -22. -19. -17. -15.
 -12. -11. -10.  -9.  -7.  -1.   0.   0.   1.   2.   3.   5.   7.   8.
   8.  13.  15.  16.  18.  24.  25.  27.  28.  32.  35.  37.  38.  42.
  42.  47.  47.  48.  49.  50.  53.  57.  59.  61.  64.  65.  67.  68.
  69.  71.  73.  74.  75.  77.  79.  80.  82.  89.  91.  92.  93.  93.
  96. 100.][-100.  -94.  -91.  -87.  -85.  -84.  -83.  -80.  -72.  -72.  -72.  -68.
  -67.  -66.  -64.  -63.  -58.  -58.  -57.  -54.  -50.  -47.  -42.  -41.
  -41.  -40.  -35.  -35.  -35.  -34.  -32.  -27.  -24.  -22.  -16.  -15.
  -15.  -14.  -13.  -11.  -10.   -9.   -9.   -8.   -6.   -5.    1.    2.
    2.    2.    3.    3.    3.    6.    6.    7.    7.   12.   18.   18.
   20.   21.   23.   29.   36.   38.   38.   39.   40.   41.   41.   44.
   45.   46.   48.   48.   50.   58.   59.   63.   63.   67.   67.   70.
   70.   71.   72.   76.   79.   80.   83.   88.   88.   89.   91.   93.
   96.   97.  100.  100.][-97. -97. -93. -91. -91. -90. -82. -81. -80. -73. -72. -72. -71. -71.
 -65. -65. -58. -57. -55. -54. -53. -53. -53. -52. -51. -49. -47. -45.
 -44. -42. -42. -42. -41. -40. -37. -36. -35. -30. -29. -28. -25. -24.
 -23. -19. -18. -17. -16. -16. -11.  -8.  -8.  -7.  -6.  -5.  -4.  -2.
  -2.   0.   2.   3.   5.   6.   6.   8.   8.  16.  17.  21.  22.  24.
  26.  34.  34.  34.  37.  39.  39.  41.  43.  44.  47.  52.  58.  60.
  65.  65.  69.  71.  79.  80.  82.  82.  86.  86.  88.  91.  92.  93.
  96.  98.][-100. -100.  -97.  -96.  -96.  -96.  -87.  -85.  -81.  -79.  -74.  -71.
  -70.  -70.  -66.  -64.  -63.  -62.  -61.  -60.  -60.  -47.  -47.  -45.
  -44.  -44.  -42.  -40.  -40.  -36.  -34.  -32.  -32.  -30.  -27.  -26.
  -24.  -21.  -18.  -17.  -16.  -16.  -14.  -14.  -11.  -11.  -10.   -7.
   -5.   -3.   -1.    5.    7.   10.   10.   15.   16.   16.   17.   20.
   20.   22.   23.   23.   23.   28.   28.   30.   37.   38.   39.   39.
   42.   44.   44.   46.   48.   49.   49.   50.   54.   55.   60.   61.
   62.   62.   62.   64.   66.   68.   73.   76.   86.   90.   94.   95.
   97.   98.   98.  100.][-100.  -97.  -94.  -92.  -90.  -90.  -84.  -83.  -77.  -73.  -67.  -65.
  -65.  -64.  -62.  -62.  -60.  -59.  -59.  -59.  -57.  -55.  -55.  -54.
  -53.  -53.  -51.  -49.  -45.  -45.  -43.  -43.  -41.  -40.  -39.  -38.
  -38.  -38.  -33.  -31.  -31.  -31.  -30.  -28.  -27.  -24.  -21.  -18.
  -18.  -16.  -11.  -10.   -7.   -7.   -6.   -4.   -4.   -3.   -2.    1.
    1.    3.    4.    4.    5.   13.   19.   29.   32.   34.   34.   35.
   35.   37.   37.   40.   46.   49.   50.   53.   57.   58.   59.   65.
   65.   66.   72.   72.   73.   78.   80.   82.   84.   88.   89.   90.
   91.   93.   97.   97.][-100.  -99.  -97.  -97.  -96.  -96.  -91.  -90.  -88.  -85.  -84.  -83.
  -83.  -81.  -79.  -78.  -73.  -72.  -71.  -69.  -65.  -65.  -64.  -62.
  -61.  -59.  -57.  -50.  -48.  -44.  -43.  -40.  -33.  -33.  -33.  -29.
  -27.  -26.  -25.  -24.  -20.  -18.  -16.  -15.  -13.  -12.   -8.   -7.
   -7.   -4.   -3.   -1.   -1.    4.    4.    6.   13.   14.   16.   24.
   32.   34.   35.   36.   37.   38.   38.   40.   41.   41.   42.   47.
   48.   48.   51.   53.   53.   54.   55.   57.   59.   62.   62.   63.
   74.   78.   78.   79.   80.   81.   82.   85.   86.   89.   89.   89.
   92.   94.   94.   95.][-99. -98. -95. -95. -92. -92. -86. -85. -85. -82. -76. -76. -75. -75.
 -68. -68. -68. -65. -59. -55. -50. -49. -49. -48. -44. -43. -36. -36.
 -34. -32. -29. -29. -28. -26. -25. -25. -24. -22. -21. -19. -16. -15.
 -13. -11. -10.  -9.  -8.  -8.  -1.   0.   1.   6.  10.  13.  14.  14.
  17.  17.  17.  19.  21.  21.  22.  25.  28.  29.  29.  32.  33.  36.
  38.  45.  47.  48.  53.  54.  54.  57.  58.  62.  63.  63.  63.  64.
  65.  66.  67.  69.  71.  73.  84.  85.  87.  88.  89.  92.  94.  96.
  99. 100.][-100. -100.  -97.  -92.  -91.  -90.  -90.  -85.  -83.  -77.  -76.  -75.
  -74.  -72.  -70.  -69.  -69.  -69.  -69.  -67.  -67.  -66.  -64.  -63.
  -62.  -60.  -56.  -54.  -49.  -48.  -48.  -45.  -43.  -42.  -40.  -37.
  -36.  -36.  -32.  -31.  -30.  -25.  -22.  -21.  -20.  -17.  -14.  -13.
  -12.   -7.   -6.   -5.   -2.   -1.    0.    0.    2.    3.    4.   14.
   19.   22.   22.   23.   24.   25.   27.   29.   32.   36.   37.   43.
   47.   52.   54.   56.   56.   57.   59.   61.   62.   64.   67.   68.
   72.   72.   79.   80.   83.   85.   86.   87.   88.   91.   91.   95.
   98.   98.  100.  100.][-99. -99. -98. -97. -95. -95. -93. -89. -83. -81. -80. -79. -76. -74.
 -73. -73. -70. -67. -66. -65. -63. -63. -63. -62. -61. -61. -61. -60.
 -59. -55. -54. -50. -48. -45. -42. -42. -40. -39. -37. -34. -22. -18.
 -16. -16. -15. -14.  -6.  -5.  -1.   1.   6.  12.  13.  14.  14.  14.
  17.  18.  19.  20.  21.  22.  23.  24.  25.  28.  31.  34.  34.  39.
  39.  40.  42.  47.  49.  50.  51.  54.  55.  62.  63.  63.  68.  69.
  69.  71.  74.  74.  76.  77.  87.  87.  87.  88.  88.  93.  94.  96.
  96. 100.][-97. -96. -95. -91. -88. -85. -85. -84. -82. -81. -80. -76. -75. -74.
 -74. -72. -62. -61. -60. -59. -50. -48. -43. -40. -40. -40. -39. -35.
 -34. -33. -32. -30. -30. -29. -16. -15.  -7.  -6.  -4.   0.   1.   3.
   4.   9.  10.  11.  12.  13.  13.  15.  19.  20.  21.  25.  26.  27.
  30.  30.  31.  33.  35.  36.  40.  42.  44.  47.  47.  49.  50.  50.
  50.  57.  58.  58.  58.  60.  61.  61.  64.  64.  66.  69.  69.  71.
  74.  76.  76.  79.  80.  80.  82.  83.  88.  92.  95.  96.  96.  98.
  99. 100.][-100.  -98.  -95.  -95.  -90.  -90.  -85.  -83.  -80.  -77.  -73.  -73.
  -69.  -66.  -65.  -62.  -62.  -61.  -59.  -54.  -52.  -50.  -48.  -46.
  -46.  -42.  -41.  -40.  -39.  -38.  -36.  -36.  -32.  -30.  -29.  -27.
  -23.  -21.  -20.  -16.  -15.  -15.  -15.  -12.  -10.  -10.  -10.   -9.
   -7.   -1.    3.    3.    6.    6.    7.   11.   13.   14.   16.   19.
   19.   22.   25.   27.   29.   30.   32.   36.   36.   37.   39.   40.
   42.   43.   46.   48.   53.   56.   57.   60.   63.   65.   66.   66.
   66.   66.   72.   72.   75.   80.   87.   90.   91.   91.   92.   94.
   95.   97.   98.   98.][-97. -90. -81. -81. -80. -79. -78. -76. -74. -68. -68. -66. -61. -60.
 -59. -58. -55. -53. -49. -49. -47. -45. -42. -42. -41. -38. -37. -33.
 -33. -32. -28. -27. -24. -24. -22. -21. -18. -18. -17. -16.  -9.  -9.
  -8.  -7.  -3.  -2.   3.   4.   4.   5.   6.   8.   8.   9.  10.  10.
  12.  14.  21.  21.  22.  22.  24.  25.  25.  26.  27.  28.  33.  35.
  43.  49.  51.  51.  51.  53.  54.  56.  58.  59.  59.  68.  72.  73.
  73.  76.  78.  79.  80.  83.  83.  84.  85.  96.  97.  98.  98.  98.
  99. 100.][-93. -93. -90. -90. -89. -89. -88. -86. -84. -83. -83. -83. -82. -79.
 -79. -77. -76. -72. -66. -64. -62. -61. -57. -53. -53. -48. -47. -47.
 -46. -42. -42. -40. -36. -35. -34. -32. -28. -27. -26. -25. -25. -24.
 -22. -17. -17. -11. -10.  -9.  -1.   1.   1.   2.   7.   7.  13.  14.
  17.  21.  21.  22.  22.  24.  25.  26.  28.  30.  32.  35.  39.  43.
  43.  45.  47.  50.  51.  51.  52.  52.  52.  53.  55.  62.  62.  64.
  65.  67.  67.  72.  74.  77.  77.  80.  81.  82.  85.  86.  91.  92.
  92.  96.][-99. -99. -95. -93. -93. -93. -91. -91. -89. -88. -86. -86. -86. -85.
 -85. -84. -81. -77. -72. -70. -68. -67. -66. -65. -63. -60. -60. -60.
 -59. -58. -57. -54. -53. -52. -52. -48. -47. -44. -42. -42. -39. -38.
 -38. -35. -34. -29. -28. -27. -25. -21. -16. -14.  -9.  -1.  -1.   0.
   1.   4.   7.   9.  13.  13.  15.  15.  15.  18.  18.  25.  26.  26.
  29.  31.  35.  39.  39.  40.  42.  42.  42.  45.  51.  53.  56.  56.
  67.  68.  70.  73.  77.  78.  81.  82.  85.  85.  87.  89.  91.  92.
  96.  97.][-96. -96. -93. -89. -86. -84. -81. -75. -74. -70. -69. -68. -64. -64.
 -64. -62. -61. -59. -54. -54. -50. -47. -44. -36. -35. -33. -31. -28.
 -27. -27. -26. -24. -22. -22. -18. -18. -13.  -8.  -8.  -5.  -3.   0.
   1.   4.   6.   9.  12.  13.  14.  17.  17.  18.  19.  20.  21.  23.
  24.  28.  28.  28.  30.  31.  31.  38.  39.  42.  43.  44.  50.  53.
  55.  56.  56.  58.  61.  62.  62.  65.  65.  66.  68.  69.  73.  76.
  80.  80.  81.  81.  82.  84.  86.  86.  88.  88.  94.  95.  95.  99.
 100. 100.][-98. -94. -91. -90. -83. -83. -83. -77. -77. -77. -77. -75. -70. -68.
 -67. -64. -60. -57. -56. -56. -50. -46. -44. -44. -42. -39. -39. -37.
 -31. -29. -29. -28. -24. -22. -22. -14. -12.  -9.  -2.  -2.  -1.  -1.
   0.   2.   3.   3.   4.   6.   8.  10.  11.  15.  16.  17.  18.  19.
  23.  26.  26.  28.  30.  34.  40.  41.  41.  44.  45.  46.  46.  46.
  51.  53.  54.  55.  57.  58.  59.  59.  63.  65.  65.  67.  69.  69.
  70.  72.  74.  75.  80.  86.  90.  91.  91.  94.  95.  96.  96.  97.
 100. 100.][-100. -100.  -99.  -98.  -98.  -97.  -96.  -90.  -87.  -84.  -83.  -82.
  -80.  -75.  -75.  -74.  -72.  -71.  -65.  -64.  -64.  -63.  -56.  -55.
  -52.  -50.  -49.  -45.  -41.  -37.  -36.  -32.  -30.  -28.  -27.  -21.
  -12.  -12.  -12.   -9.   -8.   -7.   -5.   -5.   -3.    0.    1.    2.
    4.    4.    6.    7.   10.   11.   12.   12.   12.   13.   14.   14.
   15.   15.   15.   27.   35.   36.   36.   36.   37.   37.   39.   40.
   40.   42.   42.   44.   45.   46.   46.   47.   50.   53.   56.   57.
   59.   60.   63.   65.   70.   70.   72.   74.   84.   85.   91.   91.
   95.   97.   98.  100.][-99. -95. -92. -90. -89. -89. -87. -87. -85. -82. -81. -77. -73. -69.
 -69. -68. -67. -66. -66. -64. -61. -59. -59. -58. -57. -56. -54. -51.
 -49. -38. -37. -36. -36. -35. -35. -33. -32. -32. -30. -29. -28. -26.
 -25. -24. -23. -19. -17. -16. -15. -13.  -9.  -9.  -9.  -8.  -2.  -2.
  -1.   3.   6.   8.   8.  14.  15.  16.  20.  22.  22.  23.  25.  25.
  28.  31.  33.  34.  35.  40.  47.  48.  50.  51.  51.  52.  56.  57.
  60.  61.  66.  68.  78.  80.  84.  84.  86.  88.  90.  92.  92.  96.
  97.  97.][-99. -98. -98. -97. -96. -95. -94. -92. -90. -89. -86. -86. -84. -83.
 -83. -80. -80. -80. -75. -74. -73. -73. -71. -70. -69. -68. -61. -61.
 -55. -52. -51. -50. -45. -45. -42. -42. -41. -40. -39. -38. -33. -31.
 -31. -30. -28. -25. -24. -23. -22. -17. -17. -15. -14. -10.  -9.  -7.
  -6.   6.  12.  15.  16.  17.  18.  18.  21.  23.  23.  24.  26.  28.
  30.  32.  35.  37.  40.  41.  49.  50.  50.  51.  56.  57.  60.  64.
  65.  65.  66.  67.  73.  74.  75.  77.  80.  83.  85.  86.  86.  87.
  88.  97.][-97. -95. -94. -91. -90. -89. -88. -88. -86. -79. -76. -71. -68. -67.
 -64. -62. -62. -61. -61. -58. -57. -56. -56. -55. -55. -53. -53. -44.
 -42. -42. -42. -41. -40. -40. -38. -37. -36. -35. -35. -28. -28. -28.
 -27. -22. -21. -20. -18. -18. -17. -16. -13. -11. -11.  -3.   5.   5.
   5.   7.   8.  10.  14.  14.  18.  20.  20.  21.  25.  28.  28.  29.
  30.  36.  40.  40.  42.  49.  49.  52.  55.  57.  59.  59.  65.  66.
  68.  74.  77.  79.  79.  81.  83.  85.  85.  90.  90.  96.  97.  99.
 100. 100.][-100.  -98.  -98.  -97.  -87.  -86.  -81.  -81.  -79.  -79.  -78.  -77.
  -74.  -74.  -73.  -72.  -68.  -67.  -66.  -66.  -65.  -65.  -62.  -60.
  -57.  -55.  -50.  -50.  -49.  -46.  -46.  -46.  -44.  -44.  -37.  -36.
  -35.  -31.  -30.  -26.  -20.  -16.  -13.  -13.   -9.   -8.   -5.    0.
    3.    4.    7.   10.   17.   20.   20.   21.   22.   25.   27.   34.
   34.   35.   39.   40.   41.   41.   43.   44.   47.   47.   49.   50.
   52.   57.   57.   61.   61.   61.   61.   63.   64.   64.   65.   66.
   67.   73.   73.   75.   76.   78.   79.   80.   82.   84.   85.   90.
   90.   93.   94.   98.][-98. -97. -95. -90. -88. -79. -76. -75. -74. -74. -72. -66. -65. -64.
 -58. -56. -52. -51. -47. -45. -45. -42. -42. -40. -34. -32. -31. -29.
 -29. -23. -23. -21. -15. -14. -12. -11. -11.  -4.  -1.   5.   7.   7.
   7.   8.   9.  10.  12.  12.  16.  19.  20.  22.  22.  29.  29.  30.
  34.  35.  36.  36.  40.  40.  41.  43.  45.  45.  49.  49.  50.  51.
  51.  53.  54.  60.  60.  60.  61.  69.  71.  71.  72.  73.  74.  76.
  78.  79.  79.  81.  81.  83.  86.  87.  88.  90.  90.  93.  93.  96.
  99.  99.][-100.  -99.  -99.  -98.  -95.  -91.  -88.  -87.  -84.  -80.  -80.  -79.
  -75.  -73.  -65.  -61.  -58.  -57.  -56.  -55.  -55.  -54.  -52.  -50.
  -48.  -46.  -44.  -42.  -41.  -40.  -35.  -33.  -30.  -30.  -30.  -27.
  -25.  -20.  -14.  -13.  -12.  -12.   -8.   -6.   -2.   -2.   -2.   -1.
    8.    9.    9.   11.   12.   13.   14.   14.   16.   23.   23.   24.
   25.   33.   36.   40.   41.   41.   43.   46.   47.   52.   52.   53.
   54.   54.   56.   58.   60.   63.   66.   69.   73.   74.   76.   78.
   79.   81.   84.   85.   85.   86.   86.   87.   88.   90.   91.   92.
   95.   96.   99.  100.][-97. -95. -91. -91. -90. -89. -89. -88. -87. -84. -84. -83. -82. -82.
 -79. -78. -77. -72. -71. -70. -69. -68. -67. -63. -62. -57. -57. -56.
 -55. -52. -49. -45. -45. -44. -44. -34. -33. -33. -32. -32. -30. -30.
 -28. -27. -27. -23. -21. -19. -15. -13. -12.  -7.  -6.  -4.  -4.  -2.
  -1.   1.   4.   4.   8.   8.   9.  10.  16.  19.  21.  21.  23.  27.
  29.  29.  32.  33.  34.  34.  40.  40.  41.  45.  49.  62.  62.  64.
  64.  64.  66.  69.  73.  76.  76.  79.  83.  84.  85.  87.  89.  92.
  92.  93.][-99. -96. -90. -87. -86. -83. -80. -79. -78. -78. -75. -73. -73. -71.
 -66. -66. -64. -64. -61. -59. -59. -58. -58. -56. -53. -48. -47. -47.
 -46. -37. -33. -32. -30. -25. -25. -22. -22. -21. -20. -20. -18. -15.
 -15. -14. -13. -12.  -9.  -8.  -2.  -1.  -1.   4.   6.   6.   8.   8.
   9.  13.  13.  13.  21.  24.  24.  25.  26.  26.  28.  29.  31.  32.
  33.  33.  35.  35.  41.  42.  43.  44.  46.  47.  51.  54.  58.  62.
  68.  68.  69.  74.  81.  82.  82.  84.  89.  90.  91.  95.  96.  97.
 100. 100.][-99. -99. -97. -97. -97. -96. -94. -93. -91. -88. -86. -86. -84. -81.
 -79. -77. -74. -71. -71. -69. -67. -66. -64. -64. -64. -60. -59. -59.
 -58. -57. -55. -54. -51. -51. -50. -44. -41. -35. -33. -32. -29. -28.
 -28. -21. -19. -18. -17. -14. -14. -10. -10.  -7.  -2.  -2.  -1.   0.
   1.   1.   1.   7.  12.  13.  15.  17.  21.  26.  26.  27.  28.  30.
  33.  37.  40.  45.  45.  51.  52.  54.  58.  58.  60.  63.  65.  69.
  69.  73.  76.  78.  79.  80.  83.  83.  85.  86.  88.  91.  94.  99.
  99. 100.][-100.  -99.  -97.  -97.  -95.  -95.  -91.  -87.  -87.  -81.  -79.  -79.
  -78.  -77.  -76.  -76.  -75.  -75.  -73.  -71.  -70.  -68.  -67.  -63.
  -52.  -51.  -50.  -49.  -47.  -44.  -43.  -37.  -34.  -34.  -33.  -26.
  -24.  -24.  -24.  -16.  -16.  -14.  -11.  -10.   -9.   -6.   -5.   -3.
   -3.   -1.    0.    1.    1.    8.   10.   11.   11.   16.   19.   24.
   25.   26.   28.   31.   31.   34.   36.   38.   39.   39.   41.   41.
   43.   48.   50.   51.   53.   54.   56.   56.   58.   58.   60.   63.
   63.   68.   68.   69.   70.   70.   71.   76.   76.   77.   78.   80.
   82.   84.   87.   96.][-100.  -98.  -96.  -95.  -91.  -89.  -88.  -85.  -83.  -80.  -79.  -76.
  -74.  -73.  -72.  -72.  -70.  -70.  -61.  -59.  -58.  -58.  -55.  -55.
  -55.  -54.  -53.  -51.  -50.  -49.  -49.  -48.  -46.  -45.  -45.  -43.
  -42.  -38.  -38.  -35.  -34.  -31.  -30.  -29.  -26.  -26.  -24.  -19.
  -17.  -13.  -12.   -9.   -4.   -3.    3.    7.   13.   13.   14.   16.
   18.   24.   31.   33.   39.   40.   43.   43.   44.   44.   44.   49.
   49.   52.   54.   55.   58.   60.   61.   63.   65.   65.   66.   67.
   71.   71.   74.   76.   78.   80.   82.   83.   85.   89.   91.   93.
   94.   95.   98.  100.][-99. -99. -99. -94. -94. -93. -86. -82. -81. -79. -77. -77. -76. -75.
 -74. -74. -73. -73. -72. -68. -67. -66. -65. -65. -62. -61. -59. -56.
 -53. -53. -52. -51. -46. -43. -35. -28. -23. -21. -19. -14. -14. -13.
 -11.  -8.  -4.  -4.  -4.  -3.  -3.  -1.  -1.   0.   0.   1.   7.   8.
  12.  15.  15.  16.  17.  19.  19.  19.  24.  26.  28.  28.  30.  30.
  31.  31.  31.  32.  35.  35.  39.  41.  47.  48.  52.  59.  64.  67.
  67.  69.  70.  71.  74.  74.  75.  83.  83.  85.  85.  86.  90.  95.
  97.  99.][-98. -97. -89. -84. -84. -84. -82. -79. -79. -78. -78. -77. -76. -76.
 -74. -74. -72. -72. -70. -67. -66. -65. -64. -63. -62. -61. -61. -59.
 -58. -57. -55. -52. -48. -43. -40. -37. -36. -32. -31. -27. -27. -26.
 -25. -23. -21. -18. -13. -12.  -6.  -6.  -3.  -3.  -3.   0.   1.   9.
  10.  13.  14.  16.  16.  17.  17.  18.  22.  22.  28.  28.  29.  31.
  32.  33.  34.  40.  40.  44.  47.  49.  54.  54.  55.  56.  60.  68.
  68.  71.  73.  78.  78.  80.  81.  84.  87.  88.  88.  90.  95.  96.
  97.  97.][-100. -100.  -97.  -96.  -94.  -93.  -92.  -90.  -83.  -82.  -77.  -77.
  -77.  -74.  -73.  -68.  -65.  -63.  -63.  -60.  -59.  -57.  -55.  -50.
  -47.  -47.  -43.  -43.  -40.  -39.  -39.  -38.  -38.  -36.  -35.  -34.
  -32.  -28.  -27.  -21.  -16.  -16.  -14.  -12.  -12.   -9.   -8.   -7.
   -5.    0.    7.    9.    9.   10.   10.   12.   12.   13.   13.   13.
   13.   14.   24.   24.   24.   26.   31.   32.   33.   34.   35.   39.
   42.   49.   51.   52.   54.   60.   62.   63.   65.   66.   72.   74.
   76.   77.   78.   79.   80.   80.   82.   82.   83.   83.   85.   87.
   92.   93.   97.   98.][-96. -95. -92. -89. -89. -88. -85. -83. -80. -79. -79. -78. -77. -76.
 -75. -72. -72. -72. -70. -64. -64. -64. -55. -54. -53. -52. -51. -46.
 -45. -45. -43. -37. -34. -33. -32. -32. -29. -27. -25. -24. -22. -19.
 -17. -16. -11.  -7.  -6.  -6.  -1.   0.   0.   1.   1.   2.   4.   5.
   5.  10.  12.  12.  15.  15.  15.  16.  16.  17.  25.  25.  29.  33.
  36.  37.  40.  43.  45.  46.  48.  53.  53.  54.  54.  57.  59.  61.
  64.  64.  64.  68.  73.  74.  75.  80.  87.  89.  89.  89.  93.  98.
 100. 100.][-93. -93. -91. -83. -80. -78. -73. -72. -72. -69. -68. -68. -63. -58.
 -53. -51. -49. -43. -42. -41. -40. -39. -39. -32. -30. -30. -29. -26.
 -24. -24. -20. -20. -16. -15. -14. -12. -12. -11.  -9.  -8.  -4.  -3.
  -2.   5.  12.  13.  14.  16.  18.  23.  25.  30.  31.  32.  32.  32.
  37.  38.  38.  39.  40.  41.  42.  45.  46.  46.  47.  53.  53.  55.
  55.  59.  60.  60.  62.  67.  68.  70.  74.  75.  77.  78.  80.  81.
  81.  82.  83.  85.  87.  91.  91.  91.  92.  93.  95.  96.  96.  96.
  97. 100.][-100.  -98.  -98.  -96.  -96.  -95.  -93.  -92.  -92.  -92.  -89.  -88.
  -87.  -86.  -83.  -78.  -75.  -75.  -72.  -71.  -64.  -62.  -60.  -58.
  -57.  -56.  -52.  -52.  -51.  -48.  -48.  -46.  -40.  -40.  -35.  -35.
  -35.  -34.  -33.  -32.  -31.  -29.  -28.  -26.  -25.  -25.  -22.  -16.
  -16.  -15.  -15.  -14.  -14.  -13.  -11.   -1.   -1.    3.    8.   12.
   12.   12.   17.   19.   19.   25.   25.   26.   27.   28.   30.   31.
   34.   37.   40.   43.   45.   50.   53.   53.   58.   61.   62.   65.
   67.   68.   70.   71.   71.   73.   76.   77.   80.   82.   82.   83.
   97.   98.   99.   99.][-94. -93. -93. -92. -90. -90. -86. -83. -82. -81. -77. -76. -74. -74.
 -71. -70. -70. -70. -69. -68. -66. -60. -58. -56. -55. -53. -49. -49.
 -45. -41. -39. -36. -31. -30. -29. -28. -25. -25. -22. -18. -17. -14.
 -12. -12. -12. -11.  -8.  -5.   2.   9.   9.  10.  12.  14.  14.  18.
  18.  20.  22.  23.  24.  26.  31.  32.  32.  33.  41.  41.  42.  43.
  45.  47.  48.  50.  50.  52.  52.  52.  55.  60.  61.  67.  70.  72.
  72.  74.  77.  82.  83.  84.  89.  91.  93.  94.  96.  96.  97.  97.
  99. 100.][-99. -95. -95. -92. -92. -92. -88. -87. -85. -81. -77. -76. -73. -73.
 -69. -66. -65. -61. -60. -58. -50. -47. -47. -46. -46. -45. -43. -43.
 -41. -41. -35. -34. -30. -30. -28. -25. -23. -21. -21. -20. -20. -17.
 -13.  -9.  -8.  -6.  -2.   1.   3.   4.   4.   4.   4.   5.   8.   8.
  16.  19.  20.  20.  20.  26.  27.  30.  33.  33.  34.  35.  37.  39.
  40.  40.  42.  43.  45.  46.  49.  54.  54.  55.  56.  58.  58.  61.
  62.  62.  66.  68.  71.  73.  76.  77.  81.  85.  90.  91.  92.  96.
  97.  98.][-98. -97. -96. -94. -92. -88. -86. -85. -80. -79. -79. -78. -75. -71.
 -68. -68. -67. -66. -64. -64. -63. -62. -57. -56. -49. -43. -42. -40.
 -39. -39. -39. -37. -36. -35. -31. -28. -26. -26. -25. -25. -25. -20.
 -19. -13. -12.  -4.  -4.  -4.   1.   2.   2.   2.   6.   7.  12.  12.
  13.  15.  18.  18.  19.  21.  22.  28.  28.  35.  35.  35.  36.  37.
  40.  40.  46.  46.  47.  57.  62.  62.  64.  65.  68.  69.  71.  72.
  72.  72.  73.  81.  82.  82.  83.  85.  87.  88.  89.  91.  92.  94.
  98.  99.][-99. -97. -90. -87. -86. -86. -86. -85. -85. -81. -79. -78. -78. -77.
 -76. -75. -72. -71. -71. -69. -68. -63. -63. -63. -59. -55. -54. -54.
 -54. -53. -52. -52. -51. -48. -47. -45. -45. -45. -40. -39. -37. -34.
 -33. -30. -26. -23. -22. -13. -13. -12. -12. -11. -11. -10.  -7.  -3.
   1.   1.   3.   4.   5.  14.  20.  24.  30.  31.  32.  35.  38.  45.
  46.  52.  53.  55.  56.  60.  60.  61.  63.  66.  67.  71.  75.  76.
  78.  80.  80.  82.  83.  83.  84.  86.  86.  86.  87.  93.  94.  99.
  99. 100.][-99. -99. -98. -94. -93. -86. -79. -77. -64. -64. -62. -60. -58. -58.
 -57. -57. -52. -46. -45. -44. -40. -40. -40. -39. -37. -35. -35. -34.
 -33. -33. -33. -32. -32. -29. -24. -22. -22. -20. -20. -19. -16. -13.
 -13. -10. -10.  -8.  -7.  -3.   2.   5.   5.   7.   8.  13.  16.  16.
  19.  21.  22.  23.  25.  26.  26.  26.  28.  31.  34.  40.  40.  42.
  52.  53.  53.  53.  56.  56.  58.  58.  60.  64.  67.  70.  71.  74.
  74.  81.  83.  84.  84.  85.  86.  87.  88.  88.  91.  91.  91.  98.
  99.  99.][-91. -91. -89. -89. -88. -84. -83. -79. -74. -74. -73. -71. -70. -69.
 -69. -65. -64. -63. -62. -60. -56. -56. -55. -55. -54. -53. -53. -52.
 -52. -50. -49. -41. -40. -40. -39. -39. -37. -36. -36. -31. -29. -28.
 -26. -19. -19. -17. -14. -14. -13. -11.  -7.  -5.  -3.   1.   1.   1.
   1.   1.   1.   2.   5.   5.   7.  11.  11.  12.  16.  16.  21.  28.
  29.  34.  36.  38.  38.  40.  40.  41.  42.  45.  46.  47.  48.  48.
  52.  56.  59.  61.  66.  69.  71.  73.  74.  74.  79.  82.  84.  84.
  90.  91.][-100. -100.  -99.  -97.  -96.  -90.  -89.  -88.  -87.  -81.  -79.  -77.
  -75.  -75.  -74.  -74.  -70.  -68.  -68.  -68.  -57.  -57.  -56.  -53.
  -53.  -50.  -46.  -45.  -42.  -39.  -38.  -35.  -35.  -30.  -28.  -27.
  -27.  -18.  -17.  -16.  -14.  -13.  -11.  -10.   -9.   -7.   -6.   -5.
   -5.    0.    2.    3.    6.    7.   10.   14.   17.   18.   22.   22.
   23.   23.   24.   31.   32.   34.   36.   37.   39.   40.   43.   45.
   46.   47.   49.   53.   54.   55.   55.   55.   57.   58.   60.   61.
   61.   62.   64.   65.   66.   66.   69.   69.   73.   73.   74.   77.
   80.   82.   92.   97.][-96. -95. -95. -94. -90. -87. -86. -86. -83. -80. -79. -77. -73. -66.
 -66. -63. -63. -56. -55. -53. -53. -51. -45. -43. -41. -38. -37. -35.
 -34. -31. -31. -30. -29. -28. -26. -26. -25. -24. -22. -17. -16. -13.
 -11.  -9.  -8.  -7.  -3.   0.   0.   5.   6.   9.   9.  12.  12.  14.
  15.  15.  20.  22.  26.  36.  36.  37.  37.  41.  42.  42.  43.  44.
  45.  46.  51.  51.  53.  53.  54.  55.  57.  57.  60.  62.  63.  63.
  66.  70.  72.  72.  75.  75.  76.  77.  79.  79.  81.  83.  89.  91.
 100. 100.][-100.  -99.  -92.  -90.  -87.  -85.  -85.  -83.  -79.  -77.  -77.  -76.
  -67.  -64.  -63.  -62.  -56.  -48.  -48.  -46.  -45.  -45.  -44.  -43.
  -43.  -39.  -39.  -35.  -28.  -26.  -26.  -21.  -11.   -8.    0.    2.
    4.    4.    9.   10.   16.   19.   19.   21.   22.   22.   26.   26.
   28.   29.   30.   32.   33.   33.   34.   35.   37.   37.   37.   39.
   40.   41.   41.   42.   44.   46.   46.   46.   47.   47.   49.   50.
   53.   53.   55.   56.   62.   67.   68.   68.   71.   72.   75.   76.
   77.   77.   78.   80.   84.   86.   86.   87.   87.   91.   94.   96.
   96.   97.   97.   97.][-99. -92. -90. -89. -87. -86. -75. -72. -70. -69. -68. -66. -63. -60.
 -57. -57. -56. -55. -55. -54. -53. -53. -52. -49. -48. -48. -47. -43.
 -43. -43. -40. -39. -31. -28. -27. -27. -21. -21. -20. -19. -17. -12.
 -11.  -7.  -6.  -3.  -2.   0.   0.   1.   4.   6.   7.   8.   9.   9.
  11.  12.  14.  16.  16.  18.  25.  26.  26.  26.  28.  29.  30.  31.
  32.  42.  42.  44.  44.  45.  47.  48.  55.  56.  58.  61.  66.  67.
  74.  75.  78.  79.  80.  85.  86.  89.  90.  91.  92.  93.  94.  96.
  98. 100.][-97. -95. -94. -93. -92. -92. -91. -90. -82. -77. -75. -75. -69. -64.
 -62. -62. -61. -59. -59. -57. -56. -52. -50. -49. -48. -47. -47. -47.
 -45. -43. -42. -42. -42. -41. -38. -38. -34. -32. -32. -31. -30. -27.
 -24. -23. -22. -22. -19. -18. -17. -16. -14. -13. -10.  -6.  -5.  -3.
  -2.  -1.   0.   0.   1.   1.   7.   9.  10.  10.  14.  15.  18.  19.
  25.  26.  28.  29.  30.  36.  37.  39.  41.  41.  44.  45.  52.  52.
  57.  58.  61.  63.  64.  65.  75.  75.  76.  83.  86.  87.  88.  90.
  91.  94.][-98. -98. -89. -89. -89. -87. -87. -87. -85. -84. -80. -76. -76. -70.
 -68. -67. -64. -63. -61. -59. -59. -57. -56. -54. -50. -49. -49. -47.
 -44. -41. -40. -35. -35. -33. -31. -31. -27. -26. -25. -18. -16. -16.
 -14. -12. -12. -11.  -7.   2.   2.  13.  14.  16.  16.  18.  22.  23.
  23.  24.  27.  28.  29.  30.  31.  32.  34.  40.  40.  40.  41.  41.
  42.  44.  46.  49.  49.  50.  50.  52.  52.  53.  56.  60.  61.  63.
  68.  69.  71.  74.  76.  77.  81.  82.  82.  85.  90.  92.  93.  97.
  97.  99.][-99. -98. -98. -94. -94. -87. -86. -85. -81. -81. -80. -78. -78. -76.
 -71. -69. -66. -63. -62. -58. -57. -57. -55. -52. -50. -47. -47. -43.
 -42. -38. -37. -36. -35. -34. -25. -24. -21. -16. -15. -14. -13. -12.
 -11. -10.   1.   4.   4.   4.   5.   5.   9.  10.  10.  12.  12.  13.
  15.  17.  17.  18.  23.  28.  28.  32.  34.  36.  37.  39.  40.  42.
  43.  45.  46.  48.  49.  49.  55.  56.  58.  59.  60.  61.  63.  67.
  69.  69.  72.  75.  76.  76.  77.  82.  83.  83.  88.  91.  95.  97.
  99.  99.][-100.  -95.  -94.  -93.  -88.  -79.  -77.  -75.  -74.  -71.  -69.  -68.
  -68.  -64.  -61.  -61.  -59.  -59.  -58.  -57.  -54.  -51.  -49.  -44.
  -43.  -43.  -42.  -35.  -34.  -33.  -33.  -24.  -23.  -23.  -21.  -21.
  -21.  -20.  -19.  -17.  -16.  -15.  -14.  -14.  -13.  -10.   -5.   -4.
   -2.    2.    3.    6.    7.    9.    9.    9.   13.   14.   14.   18.
   20.   20.   20.   24.   27.   34.   35.   36.   37.   39.   41.   43.
   45.   45.   50.   50.   51.   51.   53.   53.   54.   54.   55.   59.
   61.   65.   67.   72.   77.   80.   81.   87.   87.   91.   91.   93.
   94.   94.   99.   99.][-100.  -97.  -95.  -88.  -87.  -87.  -87.  -87.  -85.  -82.  -79.  -77.
  -70.  -69.  -69.  -69.  -64.  -62.  -60.  -60.  -58.  -58.  -57.  -56.
  -55.  -51.  -41.  -36.  -35.  -33.  -23.  -23.  -22.  -22.  -21.  -18.
  -17.  -15.  -13.  -12.  -10.  -10.   -9.   -6.   -3.    0.    4.    6.
    8.    9.    9.   11.   15.   19.   19.   19.   20.   21.   21.   22.
   23.   25.   28.   34.   38.   38.   40.   42.   45.   48.   56.   60.
   60.   62.   63.   67.   69.   71.   72.   73.   76.   79.   79.   82.
   82.   82.   84.   84.   87.   87.   89.   89.   92.   93.   93.   96.
   97.   98.   98.   98.][-99. -96. -96. -94. -93. -91. -85. -85. -84. -84. -83. -82. -81. -77.
 -74. -73. -59. -57. -51. -49. -45. -45. -44. -42. -41. -40. -40. -39.
 -34. -34. -34. -32. -31. -29. -27. -24. -22. -21. -17. -16. -16. -15.
 -13. -13. -12. -11.  -7.  -6.  -5.  -4.  -3.  -2.  -1.   3.   4.   7.
  15.  18.  20.  23.  23.  23.  25.  27.  31.  32.  34.  39.  39.  40.
  41.  42.  44.  49.  50.  52.  55.  57.  64.  65.  65.  68.  69.  75.
  75.  78.  79.  80.  81.  81.  84.  84.  86.  89.  89.  91.  96.  98.
  99. 100.][-97. -95. -95. -95. -92. -91. -88. -86. -84. -83. -81. -78. -71. -71.
 -69. -66. -63. -62. -59. -56. -52. -47. -47. -45. -42. -34. -29. -29.
 -20. -17. -17. -15. -13. -13. -10.  -8.  -8.  -5.  -4.  -3.   0.   0.
   1.   1.   3.   4.   4.   7.   8.   9.  10.  11.  11.  11.  13.  14.
  15.  18.  18.  22.  23.  26.  28.  29.  30.  30.  33.  34.  34.  36.
  36.  40.  41.  45.  46.  47.  49.  50.  51.  55.  55.  59.  60.  63.
  63.  68.  69.  72.  73.  74.  78.  78.  85.  88.  90.  95.  97.  98.
  99. 100.][-99. -99. -97. -94. -92. -92. -92. -83. -83. -78. -71. -70. -70. -64.
 -61. -59. -57. -49. -48. -46. -45. -44. -40. -40. -39. -39. -36. -32.
 -32. -29. -25. -17. -17. -12. -10. -10.  -5.  -5.  -3.   0.   9.  10.
  12.  19.  19.  21.  27.  28.  29.  29.  32.  33.  34.  35.  36.  36.
  37.  38.  38.  39.  39.  40.  41.  54.  60.  60.  60.  62.  62.  63.
  63.  64.  66.  66.  66.  66.  70.  72.  75.  77.  78.  79.  80.  80.
  81.  82.  83.  83.  87.  90.  91.  92.  93.  94.  95.  96.  97.  98.
  99.  99.][-99. -93. -92. -90. -89. -88. -86. -85. -85. -85. -84. -84. -83. -82.
 -79. -77. -76. -75. -74. -74. -74. -74. -69. -66. -61. -61. -58. -48.
 -47. -46. -40. -34. -32. -30. -29. -29. -28. -24. -23. -20. -18. -16.
 -16. -16. -15. -14. -13. -13. -13. -12. -12.  -6.  -1.   1.   2.   8.
  11.  12.  12.  12.  13.  18.  21.  25.  29.  29.  29.  30.  31.  33.
  39.  50.  52.  54.  55.  55.  57.  57.  63.  64.  64.  65.  65.  66.
  71.  72.  77.  81.  81.  83.  83.  85.  89.  95.  95.  97.  98.  99.
 100. 100.][-99. -98. -96. -89. -87. -86. -86. -85. -84. -80. -80. -78. -77. -76.
 -71. -65. -61. -57. -53. -52. -50. -50. -50. -49. -48. -47. -46. -45.
 -37. -36. -33. -30. -27. -26. -22. -13.  -8.  -4.   1.   2.   3.   5.
   5.   8.  10.  13.  14.  14.  20.  20.  20.  21.  22.  23.  25.  25.
  29.  33.  34.  35.  36.  38.  41.  41.  44.  44.  45.  46.  47.  49.
  50.  51.  52.  53.  59.  60.  61.  62.  68.  70.  70.  71.  73.  77.
  79.  79.  80.  80.  81.  82.  82.  87.  91.  93.  94.  96.  99.  99.
 100. 100.][-95. -95. -93. -90. -86. -84. -83. -82. -80. -79. -77. -76. -74. -73.
 -72. -72. -71. -70. -69. -67. -65. -63. -63. -63. -59. -59. -53. -49.
 -49. -47. -45. -40. -39. -37. -37. -36. -33. -32. -28. -27. -25. -25.
 -19. -16. -13.  -4.  -3.   1.   2.   4.   6.   7.   7.  10.  11.  12.
  20.  20.  20.  20.  21.  23.  23.  23.  25.  31.  33.  35.  41.  48.
  48.  52.  54.  58.  60.  60.  61.  61.  62.  70.  73.  74.  75.  75.
  76.  77.  78.  80.  84.  86.  88.  94.  95.  97.  97.  97.  97.  98.
  99.  99.][-100. -100.  -98.  -95.  -95.  -87.  -81.  -81.  -80.  -77.  -76.  -72.
  -70.  -67.  -64.  -64.  -63.  -63.  -58.  -53.  -53.  -52.  -51.  -47.
  -46.  -45.  -43.  -41.  -40.  -37.  -36.  -35.  -35.  -33.  -33.  -25.
  -23.  -20.  -20.  -20.  -17.  -17.  -15.   -8.   -4.   -3.   -2.   -1.
   -1.    0.    0.    0.    0.    7.    8.    9.    9.    9.    9.   10.
   13.   14.   15.   16.   16.   20.   20.   24.   29.   33.   34.   37.
   40.   43.   43.   49.   49.   49.   54.   67.   67.   68.   69.   70.
   70.   72.   80.   81.   83.   83.   85.   85.   85.   87.   88.   88.
   91.   92.   98.  100.][-100.  -89.  -88.  -87.  -83.  -77.  -75.  -75.  -74.  -70.  -69.  -66.
  -62.  -61.  -59.  -59.  -57.  -56.  -56.  -55.  -53.  -51.  -43.  -37.
  -34.  -33.  -33.  -30.  -28.  -27.  -25.  -25.  -23.  -22.  -22.  -18.
  -13.  -11.   -4.   -3.   -2.   -1.    0.    2.    5.    7.    7.    9.
   10.   13.   15.   15.   18.   25.   25.   30.   30.   30.   30.   35.
   38.   43.   44.   45.   46.   47.   49.   51.   52.   56.   56.   56.
   56.   57.   60.   60.   62.   63.   63.   63.   68.   68.   68.   69.
   69.   70.   71.   71.   77.   80.   82.   85.   87.   87.   88.   90.
   91.   94.   95.  100.][-98. -98. -93. -92. -92. -91. -89. -87. -87. -86. -84. -83. -83. -83.
 -77. -72. -71. -71. -62. -61. -59. -55. -52. -52. -46. -46. -42. -40.
 -38. -36. -35. -33. -33. -30. -29. -26. -25. -24. -24. -24. -24. -21.
 -20. -20. -17. -16. -11.   3.   4.   5.   6.   9.  12.  13.  17.  18.
  21.  22.  23.  28.  28.  29.  30.  31.  31.  33.  33.  34.  40.  43.
  46.  49.  50.  50.  53.  55.  55.  57.  58.  58.  59.  59.  61.  61.
  62.  63.  65.  68.  68.  68.  70.  71.  75.  76.  80.  87.  88.  90.
  95.  96.][-100.  -97.  -96.  -89.  -89.  -88.  -88.  -87.  -84.  -83.  -82.  -81.
  -80.  -80.  -79.  -78.  -78.  -77.  -75.  -75.  -73.  -71.  -69.  -68.
  -67.  -62.  -62.  -62.  -59.  -59.  -58.  -57.  -56.  -56.  -52.  -45.
  -43.  -43.  -42.  -40.  -38.  -37.  -37.  -35.  -34.  -34.  -32.  -26.
  -24.  -22.  -15.  -14.  -13.  -10.   -8.   -4.   -3.   -3.    0.    1.
    1.    3.   11.   12.   13.   20.   21.   22.   23.   23.   31.   33.
   37.   38.   38.   43.   45.   45.   47.   51.   51.   51.   58.   59.
   59.   59.   63.   64.   69.   70.   72.   75.   76.   79.   80.   80.
   80.   84.   93.   99.][-100.  -99.  -99.  -97.  -96.  -90.  -89.  -84.  -82.  -82.  -81.  -79.
  -76.  -73.  -70.  -68.  -66.  -65.  -65.  -61.  -59.  -59.  -58.  -54.
  -53.  -50.  -41.  -40.  -35.  -32.  -32.  -32.  -28.  -26.  -23.  -23.
  -23.  -22.  -21.  -19.  -17.  -15.  -13.  -11.   -8.   -8.   -5.   -2.
   -2.   -1.    2.    2.    4.    5.    7.    8.    8.    9.   12.   13.
   13.   15.   16.   18.   21.   22.   28.   28.   32.   34.   35.   36.
   37.   38.   38.   39.   40.   40.   41.   44.   49.   53.   57.   58.
   59.   60.   63.   65.   65.   67.   70.   76.   78.   79.   83.   84.
   88.   89.   97.   99.][-100.  -97.  -96.  -90.  -85.  -84.  -83.  -82.  -80.  -78.  -74.  -74.
  -73.  -73.  -72.  -72.  -72.  -71.  -69.  -69.  -68.  -68.  -66.  -64.
  -60.  -56.  -56.  -52.  -52.  -51.  -51.  -50.  -49.  -49.  -49.  -48.
  -46.  -45.  -42.  -42.  -42.  -41.  -41.  -38.  -38.  -30.  -28.  -26.
  -25.  -20.  -19.  -18.   -4.    1.    5.    6.    6.    7.    8.    9.
   13.   14.   19.   20.   23.   24.   24.   26.   29.   34.   37.   39.
   42.   42.   43.   47.   48.   56.   58.   64.   69.   69.   72.   73.
   73.   73.   75.   76.   77.   77.   78.   81.   82.   88.   89.   90.
   92.   95.   97.   98.][-99. -98. -97. -97. -94. -94. -93. -92. -92. -91. -91. -90. -90. -85.
 -83. -83. -82. -82. -75. -75. -73. -67. -67. -66. -65. -60. -58. -54.
 -48. -44. -44. -43. -41. -33. -30. -28. -24. -23. -20. -18. -17. -16.
 -16. -14. -13. -12. -10.  -9.  -8.  -6.  -5.  -4.  -3.  -3.  -3.   3.
   8.   9.  13.  15.  16.  16.  18.  23.  24.  25.  25.  25.  26.  28.
  36.  41.  41.  42.  42.  43.  45.  48.  49.  49.  53.  56.  59.  61.
  62.  62.  62.  64.  66.  67.  68.  72.  79.  84.  92.  93.  94.  97.
 100. 100.][-100.  -99.  -98.  -85.  -81.  -80.  -79.  -78.  -78.  -77.  -77.  -76.
  -72.  -72.  -71.  -71.  -69.  -66.  -63.  -63.  -60.  -55.  -55.  -52.
  -47.  -46.  -41.  -40.  -40.  -39.  -37.  -36.  -36.  -34.  -34.  -31.
  -29.  -29.  -28.  -24.  -21.  -18.  -14.  -12.   -9.   -6.   -6.   -4.
    3.    9.   14.   15.   17.   17.   18.   19.   20.   21.   25.   26.
   30.   31.   32.   32.   38.   40.   42.   42.   42.   43.   44.   47.
   54.   56.   59.   63.   64.   65.   67.   67.   67.   68.   70.   71.
   73.   75.   79.   84.   85.   85.   87.   88.   90.   91.   91.   92.
   93.   99.   99.  100.][-97. -96. -96. -92. -86. -84. -84. -83. -80. -79. -79. -79. -77. -77.
 -75. -68. -66. -66. -61. -60. -58. -58. -57. -56. -50. -50. -49. -48.
 -45. -44. -42. -37. -33. -33. -32. -29. -28. -27. -26. -25. -17. -16.
 -16. -14. -14. -12.  -8.  -1.   0.   6.   8.  11.  11.  13.  15.  16.
  20.  21.  25.  26.  29.  29.  30.  32.  37.  38.  38.  42.  42.  43.
  43.  44.  45.  46.  47.  47.  52.  54.  55.  61.  61.  66.  67.  67.
  71.  72.  72.  74.  74.  75.  79.  82.  86.  87.  87.  88.  89.  95.
  99.  99.][-100.  -99.  -98.  -96.  -95.  -93.  -90.  -81.  -81.  -80.  -80.  -77.
  -76.  -75.  -74.  -73.  -72.  -64.  -64.  -63.  -61.  -61.  -60.  -60.
  -54.  -53.  -48.  -46.  -46.  -44.  -42.  -41.  -40.  -36.  -28.  -27.
  -22.  -22.  -20.  -20.  -18.  -17.  -16.  -15.  -14.  -13.  -13.  -11.
  -11.  -10.   -8.   -6.   -2.    3.    5.    8.   11.   14.   15.   16.
   17.   19.   19.   23.   27.   30.   31.   32.   34.   36.   38.   40.
   40.   40.   44.   44.   50.   51.   51.   52.   53.   56.   58.   59.
   64.   64.   66.   69.   69.   73.   80.   80.   81.   84.   89.   89.
   90.   93.   93.   99.][-100.  -94.  -88.  -87.  -85.  -83.  -82.  -82.  -65.  -62.  -61.  -61.
  -60.  -57.  -56.  -55.  -52.  -51.  -50.  -50.  -46.  -43.  -41.  -39.
  -39.  -37.  -36.  -36.  -31.  -31.  -28.  -26.  -25.  -24.  -23.  -17.
  -15.  -14.  -13.  -13.   -9.   -8.   -7.   -6.   -1.   -1.    2.    2.
    3.    8.    8.    9.   13.   16.   18.   21.   21.   24.   26.   27.
   28.   29.   31.   31.   36.   36.   36.   37.   38.   39.   39.   42.
   44.   44.   46.   48.   49.   52.   53.   55.   57.   57.   59.   62.
   62.   64.   66.   68.   70.   72.   74.   76.   80.   81.   82.   87.
   90.   95.   97.   99.][-99. -97. -96. -95. -95. -94. -92. -90. -90. -86. -84. -82. -81. -77.
 -75. -74. -73. -66. -66. -65. -64. -63. -62. -59. -56. -56. -53. -53.
 -52. -51. -48. -47. -46. -41. -40. -40. -36. -34. -30. -22. -22. -22.
 -21. -19. -17. -17. -16. -15. -13. -13. -12. -11.  -7.  -5.   0.   1.
   1.   4.   7.   7.   9.  12.  12.  12.  14.  14.  15.  16.  18.  20.
  24.  26.  26.  33.  33.  33.  33.  37.  39.  41.  56.  59.  60.  62.
  63.  67.  68.  69.  78.  78.  80.  81.  82.  83.  84.  91.  92.  92.
  93.  99.][-97. -97. -96. -94. -88. -86. -84. -81. -77. -76. -76. -75. -73. -71.
 -70. -65. -65. -64. -63. -62. -62. -59. -57. -50. -42. -40. -39. -39.
 -38. -37. -32. -32. -27. -27. -25. -25. -25. -24. -22. -19. -18. -16.
 -15. -14. -12. -10.  -9.  -7.  -3.  -3.  -3.  -2.   0.   6.  12.  13.
  13.  17.  18.  18.  19.  20.  21.  24.  26.  27.  28.  29.  30.  32.
  34.  37.  39.  41.  41.  46.  48.  49.  50.  50.  51.  52.  55.  58.
  59.  60.  63.  69.  72.  78.  78.  79.  84.  88.  89.  89.  90.  93.
  95.  99.][-99. -98. -97. -95. -91. -90. -90. -83. -82. -81. -79. -78. -75. -70.
 -67. -66. -65. -65. -61. -60. -59. -58. -56. -54. -53. -52. -48. -38.
 -38. -37. -36. -32. -30. -23. -22. -21. -19. -19. -18. -17. -16. -16.
 -14. -11. -10.  -8.  -3.  -2.   1.   4.   5.   6.   7.   8.   8.  10.
  11.  12.  12.  15.  16.  17.  17.  22.  25.  28.  30.  32.  33.  33.
  35.  36.  40.  43.  47.  49.  51.  51.  54.  55.  57.  61.  64.  65.
  66.  66.  68.  70.  70.  71.  72.  73.  73.  76.  77.  87.  90.  92.
  93. 100.][-100.  -96.  -93.  -93.  -87.  -85.  -81.  -81.  -81.  -79.  -79.  -76.
  -75.  -70.  -69.  -69.  -68.  -65.  -65.  -64.  -62.  -61.  -58.  -54.
  -53.  -48.  -45.  -43.  -42.  -34.  -33.  -31.  -31.  -30.  -28.  -27.
  -27.  -26.  -21.  -20.   -9.   -8.   -8.   -7.   -4.   -3.   -1.    1.
    2.    2.    7.    8.    8.   10.   13.   17.   18.   18.   20.   22.
   23.   24.   24.   27.   31.   35.   36.   39.   40.   43.   43.   44.
   44.   44.   62.   63.   66.   67.   68.   68.   71.   71.   73.   76.
   76.   77.   81.   82.   82.   86.   89.   90.   92.   93.   93.   94.
   96.   98.   99.  100.][-95. -91. -91. -91. -86. -86. -85. -85. -85. -84. -82. -78. -76. -76.
 -75. -71. -69. -68. -67. -66. -66. -63. -61. -60. -60. -58. -55. -54.
 -54. -49. -47. -44. -42. -42. -36. -35. -35. -34. -32. -26. -23. -19.
 -15. -12. -12. -12.  -9.  -7.  -7.  -4.  -4.  -2.  13.  13.  16.  16.
  16.  18.  18.  19.  20.  25.  28.  29.  30.  31.  32.  34.  37.  38.
  49.  53.  54.  54.  54.  56.  60.  63.  63.  64.  67.  67.  68.  74.
  79.  79.  79.  79.  79.  79.  82.  82.  82.  85.  85.  86.  87.  87.
  96.  96.][-97. -97. -92. -87. -85. -81. -81. -79. -78. -78. -77. -73. -72. -71.
 -70. -68. -68. -62. -60. -59. -58. -56. -55. -54. -52. -50. -48. -45.
 -41. -36. -36. -33. -31. -30. -28. -26. -21. -20. -13. -12. -10.  -8.
  -7.  -6.  -3.  -3.   0.   2.   3.   7.   7.   9.  12.  17.  19.  21.
  22.  23.  23.  26.  27.  28.  28.  29.  31.  34.  34.  35.  36.  40.
  40.  41.  51.  55.  57.  63.  64.  65.  65.  66.  67.  67.  74.  74.
  75.  80.  82.  83.  84.  85.  87.  90.  92.  92.  92.  94.  96.  97.
  99.  99.][-100.  -98.  -96.  -92.  -92.  -90.  -90.  -86.  -83.  -83.  -82.  -82.
  -82.  -81.  -81.  -80.  -69.  -65.  -64.  -61.  -56.  -53.  -51.  -51.
  -47.  -44.  -44.  -43.  -42.  -37.  -36.  -34.  -31.  -31.  -30.  -28.
  -28.  -27.  -26.  -22.  -21.  -20.  -20.  -19.  -19.  -18.  -18.   -9.
   -5.   -5.   -4.   -4.   -3.   -3.   -2.    5.    6.    9.   14.   17.
   21.   21.   21.   24.   29.   31.   33.   34.   37.   37.   44.   45.
   48.   52.   52.   55.   58.   59.   59.   60.   63.   67.   68.   68.
   71.   71.   75.   76.   78.   78.   80.   89.   90.   90.   90.   93.
   93.   96.   96.  100.][-98. -98. -90. -84. -75. -75. -69. -65. -59. -58. -56. -55. -50. -49.
 -48. -47. -43. -42. -41. -40. -37. -35. -34. -31. -28. -27. -27. -27.
 -24. -19. -18. -18. -17. -16. -15. -10.  -9.  -7.  -7.  -6.  -2.  -2.
  -2.   0.   1.   3.   5.   5.   5.   9.  10.  13.  21.  23.  26.  27.
  31.  34.  34.  37.  41.  42.  43.  43.  46.  46.  50.  53.  54.  59.
  59.  64.  66.  66.  67.  69.  72.  73.  73.  75.  78.  79.  79.  80.
  80.  83.  83.  85.  86.  89.  92.  93.  93.  94.  95.  96.  97.  97.
  98. 100.][-98. -92. -91. -91. -89. -87. -86. -84. -84. -84. -82. -81. -80. -78.
 -76. -71. -67. -67. -64. -62. -61. -54. -51. -41. -38. -34. -33. -32.
 -30. -28. -27. -27. -27. -26. -25. -23. -22. -21. -21. -17. -13. -11.
  -9.  -7.  -7.  -5.  -4.  -2.   0.   2.   3.   5.   6.   7.  10.  11.
  12.  14.  15.  17.  23.  23.  27.  27.  28.  28.  37.  39.  40.  41.
  46.  46.  47.  48.  50.  51.  51.  51.  52.  56.  60.  60.  64.  65.
  65.  69.  72.  73.  73.  74.  74.  76.  79.  84.  90.  91.  92.  94.
  98.  99.][-99. -98. -93. -89. -87. -86. -81. -80. -79. -74. -74. -70. -70. -67.
 -65. -64. -63. -63. -63. -56. -55. -51. -51. -46. -46. -45. -42. -40.
 -35. -34. -32. -31. -29. -27. -23. -21. -20. -19. -19. -17. -15. -14.
 -13. -11. -10.  -8.  -4.   7.   8.   8.  11.  13.  14.  14.  15.  17.
  18.  19.  19.  19.  20.  24.  24.  26.  26.  27.  31.  33.  35.  37.
  38.  38.  41.  45.  47.  50.  51.  52.  53.  57.  61.  63.  65.  65.
  66.  67.  67.  68.  71.  78.  78.  80.  82.  85.  91.  92.  93.  94.
  95.  98.][-100. -100.  -99.  -99.  -94.  -90.  -90.  -89.  -88.  -88.  -86.  -85.
  -77.  -71.  -70.  -65.  -63.  -63.  -58.  -55.  -54.  -52.  -47.  -44.
  -44.  -42.  -42.  -41.  -35.  -33.  -32.  -30.  -29.  -26.  -25.  -24.
  -24.  -23.  -16.  -14.  -12.   -9.   -9.   -4.    1.    6.    9.    9.
    9.   10.   10.   11.   11.   11.   15.   17.   17.   22.   25.   28.
   29.   39.   39.   40.   41.   41.   43.   44.   45.   51.   52.   53.
   53.   54.   57.   58.   59.   61.   63.   65.   66.   67.   68.   70.
   71.   75.   78.   81.   81.   82.   83.   84.   85.   87.   89.   92.
   94.   95.   96.   97.]