[-95. -94. -94. -93. -89. -86. -80. -79. -79. -78. -78. -77. -72. -72.
 -71. -66. -65. -65. -63. -61. -57. -55. -53. -53. -53. -52. -49. -46.
 -46. -45. -44. -38. -37. -34. -31. -30. -28. -27. -24. -23. -20. -19.
 -18. -13.  -6.  -4.  -3.  -2.   3.   5.   6.   9.  12.  12.  13.  16.
  22.  26.  26.  27.  32.  32.  32.  33.  36.  36.  37.  38.  46.  47.
  48.  52.  52.  53.  54.  56.  59.  60.  60.  66.  66.  67.  69.  69.
  70.  71.  72.  74.  76.  76.  78.  80.  81.  81.  82.  86.  87.  90.
  96. 100.][-99. -97. -97. -94. -94. -92. -90. -87. -83. -80. -80. -76. -76. -75.
 -74. -68. -67. -65. -64. -64. -62. -59. -58. -57. -55. -54. -53. -53.
 -52. -51. -48. -47. -47. -40. -37. -33. -33. -30. -28. -20. -20. -18.
 -18. -17. -16. -13.  -2.   0.   7.   8.   8.   9.  10.  10.  11.  14.
  15.  17.  18.  20.  23.  27.  28.  29.  29.  31.  34.  40.  45.  46.
  47.  47.  49.  51.  52.  53.  54.  56.  60.  61.  61.  63.  65.  65.
  67.  69.  70.  71.  75.  75.  78.  79.  85.  86.  86.  88.  88.  98.
 100. 100.][-97. -86. -85. -77. -76. -72. -69. -67. -67. -65. -65. -62. -60. -55.
 -55. -51. -51. -47. -45. -44. -42. -41. -41. -40. -37. -35. -34. -31.
 -29. -29. -29. -29. -28. -24. -24. -21. -21. -19. -13. -11. -10.  -9.
  -6.  -5.  -4.  -3.  -2.   0.   1.   1.   3.   4.   4.   7.  12.  14.
  16.  16.  17.  19.  23.  25.  25.  26.  30.  31.  33.  37.  37.  37.
  39.  41.  46.  48.  49.  49.  50.  50.  56.  56.  57.  58.  63.  63.
  65.  65.  65.  66.  67.  68.  71.  73.  79.  80.  84.  87.  93.  96.
  98.  98.][-98. -95. -95. -94. -93. -93. -90. -90. -89. -89. -85. -85. -80. -79.
 -77. -74. -72. -72. -71. -66. -65. -65. -61. -59. -54. -52. -51. -51.
 -49. -48. -45. -43. -42. -40. -38. -38. -36. -35. -31. -31. -30. -30.
 -22. -20. -16. -16. -13. -10.  -8.  -7.  -5.  -5.  -3.   1.   2.   3.
   5.   7.   8.   9.  10.  11.  15.  15.  17.  19.  20.  22.  26.  26.
  28.  32.  32.  36.  37.  39.  44.  46.  46.  48.  53.  58.  60.  62.
  63.  68.  71.  72.  74.  78.  78.  79.  82.  83.  86.  92.  92.  97.
  98. 100.][-100.  -98.  -95.  -92.  -91.  -89.  -87.  -86.  -86.  -85.  -84.  -83.
  -82.  -81.  -80.  -78.  -75.  -73.  -69.  -67.  -58.  -57.  -57.  -56.
  -54.  -53.  -48.  -47.  -46.  -42.  -39.  -38.  -35.  -33.  -28.  -22.
  -17.  -16.  -14.  -13.  -13.  -13.  -10.   -8.   -8.   -4.   -3.   -2.
   -2.   -2.    1.    3.    5.    6.    8.    8.   11.   12.   12.   12.
   13.   17.   19.   23.   24.   25.   27.   31.   34.   35.   37.   39.
   40.   45.   48.   48.   51.   52.   52.   52.   53.   57.   60.   62.
   63.   64.   68.   70.   70.   71.   73.   74.   76.   85.   85.   89.
   89.   89.   89.   92.][-100.  -99.  -98.  -96.  -93.  -90.  -86.  -84.  -84.  -82.  -80.  -80.
  -77.  -76.  -76.  -75.  -71.  -66.  -63.  -62.  -59.  -58.  -54.  -51.
  -51.  -50.  -49.  -47.  -47.  -42.  -42.  -41.  -39.  -39.  -38.  -38.
  -35.  -33.  -28.  -26.  -21.  -21.  -21.  -15.  -14.  -13.  -11.   -8.
   -8.   -6.   -1.    0.    0.    1.    7.    9.   13.   15.   17.   19.
   22.   23.   23.   23.   26.   27.   29.   31.   34.   37.   38.   39.
   40.   40.   42.   42.   43.   48.   52.   56.   59.   62.   65.   71.
   71.   72.   72.   75.   78.   80.   81.   83.   86.   88.   90.   92.
   95.   96.   97.   99.][-99. -98. -97. -95. -95. -91. -87. -87. -83. -82. -77. -76. -75. -75.
 -69. -66. -65. -61. -59. -59. -56. -56. -53. -53. -49. -49. -48. -42.
 -41. -41. -40. -40. -39. -38. -35. -33. -33. -32. -31. -29. -26. -26.
 -21. -19. -19. -19. -15.  -9.  -4.  -2.   2.   2.   5.   6.   6.   9.
  18.  22.  25.  25.  26.  26.  27.  27.  34.  36.  42.  43.  43.  45.
  46.  48.  51.  51.  54.  54.  55.  56.  59.  61.  62.  62.  62.  64.
  68.  71.  71.  73.  77.  79.  79.  79.  79.  84.  92.  92.  94.  97.
  99. 100.][-100.  -99.  -98.  -98.  -94.  -93.  -90.  -89.  -88.  -84.  -83.  -83.
  -81.  -80.  -79.  -78.  -77.  -75.  -74.  -72.  -70.  -69.  -66.  -62.
  -62.  -58.  -58.  -56.  -55.  -54.  -48.  -48.  -47.  -47.  -46.  -46.
  -42.  -38.  -33.  -33.  -31.  -31.  -29.  -28.  -28.  -27.  -26.  -24.
  -24.  -20.  -19.  -15.  -12.  -11.   -9.   -5.   -3.   -1.    0.    2.
    3.    5.    5.    6.    8.   12.   15.   22.   24.   24.   25.   26.
   33.   35.   37.   39.   42.   44.   45.   45.   46.   50.   50.   52.
   53.   54.   62.   63.   63.   64.   65.   67.   69.   71.   73.   78.
   83.   90.   93.   97.][-96. -95. -94. -92. -84. -82. -81. -79. -74. -73. -72. -72. -69. -67.
 -65. -64. -63. -60. -59. -56. -55. -53. -50. -43. -43. -42. -40. -38.
 -37. -33. -33. -29. -28. -27. -26. -22. -16. -15. -14. -14. -12. -10.
  -9.  -4.  -1.   4.   5.   6.   7.   8.  10.  11.  13.  13.  14.  14.
  16.  16.  17.  23.  23.  26.  27.  27.  28.  28.  32.  34.  38.  39.
  41.  46.  47.  47.  49.  49.  52.  56.  58.  58.  62.  68.  70.  73.
  74.  74.  75.  76.  77.  77.  78.  79.  82.  83.  86.  94.  97.  98.
  98.  99.][-98. -95. -91. -90. -89. -89. -88. -87. -80. -79. -77. -76. -75. -70.
 -67. -63. -62. -61. -61. -58. -56. -56. -56. -55. -55. -54. -52. -52.
 -51. -50. -45. -44. -42. -42. -42. -40. -38. -36. -34. -32. -29. -26.
 -18. -17. -13. -12.  -6.   1.  12.  13.  15.  17.  19.  22.  24.  25.
  28.  31.  31.  36.  37.  37.  38.  39.  44.  45.  46.  47.  49.  50.
  51.  52.  56.  56.  56.  59.  62.  62.  68.  69.  70.  71.  71.  72.
  75.  79.  80.  81.  81.  85.  86.  87.  87.  89.  89.  89.  90.  90.
  93.  95.][-100. -100.  -99.  -97.  -96.  -96.  -93.  -92.  -89.  -86.  -85.  -81.
  -78.  -76.  -73.  -70.  -68.  -65.  -61.  -52.  -51.  -48.  -46.  -46.
  -45.  -43.  -42.  -42.  -38.  -30.  -28.  -27.  -24.  -24.  -19.  -13.
  -13.  -11.  -10.   -5.   -4.   -3.   -2.   -1.   -1.   -1.   -1.    0.
    0.    2.    2.    6.    7.   10.   13.   15.   16.   17.   23.   24.
   26.   26.   28.   28.   33.   37.   46.   46.   46.   48.   49.   52.
   53.   54.   55.   57.   58.   60.   61.   62.   65.   66.   66.   68.
   69.   69.   69.   72.   77.   78.   79.   81.   82.   86.   88.   93.
   93.   94.   96.   98.][-100.  -98.  -97.  -92.  -87.  -86.  -86.  -83.  -82.  -81.  -81.  -80.
  -78.  -77.  -76.  -76.  -73.  -72.  -66.  -63.  -60.  -60.  -57.  -56.
  -50.  -48.  -48.  -47.  -47.  -44.  -43.  -40.  -40.  -33.  -31.  -28.
  -27.  -22.  -20.  -20.  -19.  -15.  -15.  -14.  -14.   -7.   -6.   -1.
    3.    3.    5.    5.    5.    5.    5.    6.    8.   10.   12.   12.
   13.   13.   15.   17.   24.   25.   27.   28.   31.   32.   34.   37.
   41.   42.   43.   43.   45.   45.   46.   51.   55.   56.   58.   58.
   58.   62.   69.   72.   72.   73.   75.   78.   80.   81.   85.   89.
   94.   95.   98.   99.][-97. -96. -94. -89. -88. -86. -82. -81. -79. -78. -78. -77. -76. -76.
 -75. -70. -69. -68. -63. -62. -62. -61. -60. -50. -47. -46. -44. -44.
 -44. -42. -41. -40. -38. -37. -36. -36. -27. -24. -24. -24. -17. -14.
 -13. -12. -12. -11. -10. -10.  -9.  -6.  -3.  -2.  -2.  -1.  -1.   1.
   9.   9.  10.  13.  13.  15.  17.  18.  19.  24.  24.  25.  27.  27.
  28.  32.  35.  38.  41.  44.  45.  54.  56.  56.  58.  59.  59.  61.
  63.  68.  68.  69.  70.  71.  76.  81.  87.  89.  89.  91.  93.  94.
  97.  99.][-99. -98. -89. -89. -85. -85. -84. -84. -82. -79. -79. -78. -78. -77.
 -76. -74. -73. -73. -64. -63. -62. -60. -59. -58. -55. -51. -51. -50.
 -47. -45. -44. -44. -43. -40. -38. -32. -29. -28. -24. -24. -22. -16.
 -13. -13. -12.  -9.  -6.  -5.  -3.   5.  16.  17.  23.  26.  28.  30.
  30.  30.  30.  31.  31.  32.  33.  35.  35.  35.  36.  37.  39.  43.
  44.  47.  47.  49.  53.  53.  53.  55.  55.  60.  60.  61.  63.  64.
  68.  69.  73.  73.  74.  75.  75.  78.  83.  85.  89.  92.  94.  94.
  96.  98.][-99. -98. -97. -96. -93. -92. -92. -85. -85. -83. -83. -78. -76. -75.
 -69. -67. -63. -63. -62. -58. -58. -56. -54. -51. -49. -49. -48. -40.
 -39. -39. -29. -28. -27. -27. -24. -19. -19. -19. -19. -17. -17. -16.
 -15. -14. -14. -13. -11.  -2.   2.   6.   8.  11.  12.  12.  17.  18.
  19.  21.  23.  25.  28.  28.  29.  29.  30.  33.  41.  45.  47.  48.
  49.  52.  52.  53.  55.  60.  60.  61.  63.  63.  63.  63.  71.  71.
  77.  80.  80.  81.  83.  84.  87.  90.  90.  91.  91.  92.  93.  96.
 100. 100.][-98. -98. -96. -95. -94. -91. -89. -87. -87. -87. -85. -85. -84. -83.
 -78. -74. -73. -70. -69. -67. -63. -63. -58. -58. -56. -55. -52. -50.
 -45. -44. -43. -39. -39. -37. -35. -34. -33. -30. -29. -29. -28. -22.
 -18. -14. -11. -10.  -8.  -8.  -7.  -1.   2.   4.   8.   9.  10.  11.
  11.  14.  15.  16.  17.  19.  20.  21.  25.  26.  35.  40.  40.  41.
  42.  45.  46.  53.  53.  56.  56.  58.  61.  66.  67.  68.  69.  70.
  73.  74.  76.  77.  81.  83.  83.  84.  84.  86.  87.  89.  92.  94.
  94.  95.][-99. -98. -98. -96. -95. -94. -94. -91. -86. -86. -77. -76. -74. -72.
 -72. -72. -71. -69. -56. -56. -52. -50. -49. -47. -47. -43. -41. -41.
 -41. -39. -38. -37. -36. -35. -32. -32. -29. -29. -28. -28. -28. -26.
 -20. -20. -19. -17. -16. -16. -10.  -8.  -6.  -3.   0.   0.   1.   4.
   4.   5.  14.  14.  16.  18.  19.  20.  22.  22.  26.  27.  27.  29.
  30.  32.  33.  34.  34.  35.  39.  42.  42.  45.  54.  55.  62.  67.
  69.  69.  71.  71.  77.  82.  84.  84.  85.  87.  88.  88.  93.  95.
  98.  99.][-99. -98. -97. -97. -90. -90. -89. -88. -88. -87. -85. -85. -83. -80.
 -74. -72. -72. -69. -68. -67. -67. -66. -62. -60. -57. -54. -48. -47.
 -46. -45. -45. -43. -40. -39. -39. -38. -37. -34. -32. -32. -31. -30.
 -26. -26. -25. -25. -23. -22. -22. -18. -16. -15. -15. -13.  -6.  -6.
   0.   0.   5.   7.   7.  12.  13.  15.  16.  16.  18.  18.  21.  22.
  25.  25.  28.  35.  40.  41.  41.  43.  50.  54.  57.  58.  61.  62.
  63.  65.  66.  66.  72.  73.  73.  79.  84.  91.  91.  93.  98.  98.
 100. 100.][-97. -90. -90. -90. -84. -84. -82. -82. -82. -81. -80. -72. -72. -71.
 -68. -67. -67. -66. -66. -65. -64. -62. -61. -59. -59. -58. -55. -55.
 -50. -49. -48. -46. -44. -41. -36. -36. -32. -32. -30. -29. -24. -21.
 -19. -14. -14. -13. -13. -13. -12. -11.  -8.  -8.  -5.  -5.  -5.   2.
   3.   6.   6.   8.   9.  10.  17.  28.  30.  34.  42.  50.  53.  53.
  53.  54.  56.  57.  60.  62.  62.  63.  63.  63.  65.  67.  68.  69.
  69.  71.  73.  74.  74.  76.  78.  78.  80.  85.  90.  93.  95.  96.
  97.  99.][-98. -97. -97. -97. -95. -95. -93. -93. -92. -90. -90. -88. -86. -85.
 -83. -81. -76. -75. -74. -69. -64. -64. -62. -59. -55. -55. -53. -53.
 -52. -51. -48. -44. -44. -37. -35. -31. -31. -23. -20. -14. -13. -11.
 -11.  -9.  -8.  -5.  -2.  -1.   0.   0.   0.   1.   3.   4.   5.   5.
   6.   6.   9.  17.  17.  19.  21.  22.  23.  26.  30.  33.  35.  37.
  40.  41.  42.  45.  51.  54.  56.  59.  59.  61.  64.  66.  66.  66.
  68.  69.  70.  70.  82.  85.  86.  87.  88.  89.  90.  91.  93.  95.
  99. 100.][-98. -95. -92. -91. -90. -88. -87. -87. -85. -84. -80. -79. -79. -79.
 -79. -78. -77. -75. -72. -65. -60. -57. -55. -53. -52. -50. -50. -49.
 -46. -45. -44. -44. -41. -39. -38. -38. -38. -32. -32. -32. -30. -25.
 -23. -21. -21. -20. -16. -16. -14. -11.  -7.  -7.  -6.   0.   2.   4.
  11.  16.  16.  18.  19.  20.  21.  22.  27.  32.  43.  44.  46.  48.
  50.  54.  59.  59.  60.  64.  67.  68.  69.  72.  73.  74.  76.  76.
  78.  83.  83.  84.  88.  89.  89.  91.  93.  95.  95.  96.  97.  97.
  99.  99.][-93. -93. -92. -91. -85. -85. -81. -79. -74. -71. -70. -67. -65. -65.
 -65. -64. -50. -49. -49. -46. -43. -42. -41. -38. -38. -36. -36. -35.
 -35. -33. -31. -29. -28. -26. -24. -22. -21. -18. -18. -12.  -9.  -8.
  -6.  -6.  -4.  -3.  -3.  -2.  -1.   0.   3.   5.   6.   7.   8.  13.
  13.  13.  13.  16.  20.  20.  21.  23.  24.  25.  27.  27.  29.  38.
  41.  46.  47.  53.  57.  58.  58.  62.  66.  68.  68.  68.  73.  73.
  73.  75.  76.  76.  77.  79.  83.  85.  85.  86.  87.  87.  89.  96.
 100. 100.][-97. -97. -93. -92. -92. -91. -90. -88. -88. -86. -84. -83. -83. -81.
 -81. -80. -79. -77. -76. -71. -68. -62. -62. -61. -50. -48. -45. -42.
 -40. -39. -38. -36. -33. -32. -32. -29. -29. -27. -26. -25. -15. -15.
 -14. -11. -10.  -9.  -9.  -8.  -7.  -6.  -4.  -2.  -2.   0.   3.   4.
   9.  11.  12.  13.  14.  14.  22.  22.  28.  33.  39.  39.  39.  39.
  43.  44.  48.  51.  54.  55.  55.  56.  61.  63.  63.  69.  69.  71.
  75.  76.  79.  80.  82.  82.  83.  85.  87.  93.  94.  94.  95.  97.
  98. 100.][-99. -96. -90. -87. -85. -82. -78. -74. -68. -67. -66. -64. -64. -64.
 -63. -63. -63. -62. -58. -56. -53. -52. -52. -48. -47. -44. -44. -42.
 -42. -40. -38. -37. -36. -36. -35. -30. -28. -24. -20. -20. -18.  -8.
  -7.  -6.  -3.  -1.  -1.   1.   3.   7.   9.  11.  11.  16.  16.  17.
  18.  18.  21.  27.  28.  30.  33.  33.  35.  35.  36.  39.  39.  41.
  43.  44.  44.  44.  44.  46.  52.  63.  63.  65.  68.  69.  69.  74.
  76.  77.  78.  81.  84.  86.  89.  94.  94.  96.  97.  98.  99.  99.
  99. 100.][-99. -98. -95. -94. -92. -92. -90. -87. -86. -85. -80. -80. -75. -69.
 -69. -66. -65. -64. -62. -59. -59. -57. -56. -55. -54. -47. -46. -43.
 -42. -37. -34. -32. -28. -27. -26. -22. -18. -16. -16. -16. -14. -12.
 -11.  -9.  -8.  -7.  -1.  -1.   0.   7.   7.   7.   8.  11.  12.  13.
  14.  17.  17.  26.  28.  29.  31.  32.  34.  35.  38.  41.  42.  43.
  43.  45.  46.  46.  56.  56.  56.  61.  67.  71.  71.  72.  73.  73.
  75.  78.  82.  82.  84.  85.  87.  88.  91.  91.  92.  93.  95.  95.
  99. 100.][-100.  -98.  -96.  -96.  -96.  -95.  -93.  -84.  -79.  -78.  -77.  -77.
  -76.  -76.  -75.  -72.  -70.  -69.  -65.  -64.  -64.  -64.  -63.  -61.
  -60.  -60.  -57.  -52.  -49.  -49.  -49.  -48.  -48.  -46.  -46.  -45.
  -41.  -41.  -37.  -37.  -34.  -31.  -31.  -30.  -29.  -28.  -26.  -25.
  -21.  -15.  -13.  -13.   -8.   -7.   -6.   -3.    1.    2.    3.    4.
    6.   15.   16.   18.   26.   27.   29.   29.   31.   39.   45.   47.
   49.   49.   51.   53.   53.   54.   54.   58.   60.   62.   63.   67.
   67.   68.   71.   73.   74.   75.   78.   81.   81.   83.   83.   83.
   83.   86.   91.   93.][-100.  -99.  -99.  -98.  -94.  -93.  -90.  -89.  -84.  -81.  -80.  -79.
  -76.  -75.  -72.  -69.  -68.  -67.  -63.  -62.  -61.  -59.  -57.  -57.
  -53.  -50.  -49.  -48.  -48.  -43.  -39.  -38.  -38.  -37.  -35.  -32.
  -32.  -32.  -32.  -29.  -27.  -26.  -24.  -24.  -23.  -22.  -21.  -20.
  -20.  -18.  -16.  -13.  -10.   -9.   -8.   -6.   -2.   -2.   -1.   -1.
    6.    9.   10.   11.   14.   22.   22.   23.   26.   28.   28.   29.
   31.   37.   39.   41.   42.   46.   47.   49.   51.   52.   52.   56.
   58.   67.   71.   72.   74.   75.   76.   76.   79.   80.   87.   88.
   88.   90.   91.   93.][-98. -97. -94. -92. -90. -89. -89. -86. -82. -82. -76. -74. -71. -71.
 -70. -67. -58. -56. -56. -56. -55. -53. -53. -47. -43. -39. -39. -36.
 -30. -27. -27. -23. -18. -16. -14. -13. -13. -12. -11. -10.  -8.  -6.
  -5.  -5.  -5.  -2.   0.   3.  10.  14.  19.  23.  25.  26.  27.  28.
  29.  29.  30.  32.  32.  35.  36.  41.  43.  45.  46.  46.  47.  48.
  50.  51.  52.  52.  59.  59.  62.  63.  63.  68.  70.  74.  74.  76.
  82.  88.  88.  88.  88.  89.  90.  90.  92.  93.  93.  97.  98.  98.
  99. 100.][-99. -96. -95. -91. -89. -86. -83. -81. -80. -75. -75. -74. -74. -73.
 -70. -70. -68. -67. -61. -59. -57. -57. -52. -52. -52. -48. -48. -40.
 -39. -37. -36. -36. -31. -30. -30. -29. -29. -26. -25. -23. -22. -19.
 -18. -18. -18. -15.  -8.  -8.  -8.  -8.  -7.  -5.  -1.   2.   3.   6.
   7.   7.  16.  16.  18.  22.  24.  30.  32.  36.  36.  41.  41.  42.
  42.  43.  44.  44.  47.  53.  53.  55.  56.  57.  58.  63.  66.  66.
  67.  69.  71.  73.  77.  78.  82.  85.  87.  89.  89.  90.  90.  97.
  99. 100.][-98. -98. -96. -95. -95. -95. -94. -93. -91. -89. -87. -87. -84. -83.
 -83. -82. -81. -80. -79. -79. -77. -75. -72. -72. -72. -70. -67. -66.
 -66. -66. -64. -64. -64. -63. -62. -57. -56. -55. -54. -50. -49. -46.
 -42. -40. -34. -31. -27. -26. -26. -26. -24. -24. -20. -18. -17. -17.
 -15. -11. -11.  -4.  -3.   2.   3.   6.  10.  14.  15.  16.  23.  23.
  23.  28.  31.  32.  33.  33.  34.  38.  38.  48.  51.  52.  53.  58.
  59.  61.  61.  63.  65.  66.  70.  73.  74.  79.  86.  89.  89.  93.
  97.  97.][-98. -95. -92. -91. -90. -90. -88. -87. -86. -85. -84. -79. -79. -76.
 -74. -72. -64. -63. -61. -59. -52. -51. -47. -39. -37. -36. -36. -35.
 -33. -27. -24. -23. -23. -21. -21. -20. -19. -18. -18. -18. -16. -15.
  -8.  -7.   2.   7.  10.  13.  15.  17.  18.  19.  20.  26.  28.  28.
  29.  30.  30.  33.  35.  35.  35.  37.  38.  39.  39.  40.  40.  41.
  45.  48.  48.  53.  60.  61.  61.  65.  68.  74.  75.  76.  77.  78.
  80.  84.  84.  87.  88.  88.  89.  89.  89.  90.  91.  92.  93.  95.
  99. 100.][-98. -94. -88. -79. -76. -71. -71. -70. -68. -68. -66. -66. -65. -64.
 -63. -63. -59. -56. -53. -50. -47. -47. -46. -45. -44. -36. -36. -35.
 -34. -32. -26. -24. -24. -24. -24. -13. -12.  -9.  -6.  -5.  -5.  -4.
  -1.  -1.   2.   3.   5.   5.   9.  10.  12.  13.  14.  16.  16.  18.
  24.  29.  29.  31.  32.  32.  33.  42.  46.  51.  51.  52.  52.  52.
  52.  54.  57.  58.  58.  58.  64.  64.  65.  67.  69.  70.  72.  74.
  76.  76.  77.  77.  79.  79.  81.  84.  85.  88.  88.  89.  95.  99.
 100. 100.][-100.  -99.  -98.  -94.  -93.  -87.  -85.  -83.  -82.  -82.  -78.  -76.
  -75.  -74.  -72.  -72.  -71.  -68.  -67.  -67.  -66.  -64.  -63.  -62.
  -61.  -58.  -57.  -54.  -52.  -51.  -50.  -49.  -47.  -44.  -43.  -43.
  -43.  -43.  -42.  -41.  -37.  -35.  -35.  -35.  -34.  -33.  -31.  -23.
  -23.  -21.  -21.  -20.   -5.   -3.   -1.    3.    3.    3.    5.   11.
   12.   12.   13.   19.   21.   21.   23.   27.   28.   30.   36.   36.
   39.   44.   44.   48.   49.   54.   54.   55.   57.   57.   60.   63.
   66.   68.   70.   72.   72.   74.   78.   80.   85.   85.   89.   89.
   90.   93.   94.   96.][-100. -100.  -96.  -94.  -93.  -92.  -89.  -85.  -79.  -78.  -74.  -70.
  -67.  -67.  -65.  -65.  -61.  -57.  -57.  -53.  -46.  -46.  -45.  -44.
  -43.  -41.  -40.  -39.  -38.  -37.  -36.  -33.  -30.  -29.  -27.  -27.
  -26.  -24.  -23.  -22.  -22.  -21.  -19.  -18.  -13.   -8.   -5.   -4.
   -4.   -1.    0.    1.    2.    3.    5.   10.   10.   14.   15.   15.
   19.   19.   19.   20.   20.   22.   23.   26.   28.   29.   30.   33.
   37.   38.   42.   43.   44.   45.   48.   51.   53.   55.   57.   59.
   64.   66.   70.   72.   74.   75.   77.   79.   82.   84.   84.   91.
   92.   95.   96.   97.][-100.  -98.  -96.  -90.  -88.  -83.  -82.  -82.  -82.  -81.  -78.  -73.
  -72.  -70.  -70.  -69.  -60.  -60.  -59.  -55.  -55.  -50.  -46.  -46.
  -45.  -45.  -44.  -44.  -43.  -40.  -39.  -38.  -32.  -28.  -27.  -26.
  -25.  -25.  -24.  -24.  -22.  -21.  -21.  -20.  -18.  -17.  -11.   -9.
   -7.   -6.   -6.   -5.   -5.   -4.   -3.   -3.   -3.    5.    7.    8.
   11.   12.   17.   18.   19.   23.   24.   27.   28.   31.   32.   33.
   34.   36.   41.   41.   42.   47.   49.   50.   52.   54.   57.   59.
   61.   68.   68.   71.   72.   76.   81.   82.   83.   84.   85.   88.
   89.   91.   96.  100.][-98. -98. -97. -95. -93. -91. -91. -90. -87. -87. -86. -85. -78. -73.
 -70. -70. -66. -66. -65. -64. -64. -60. -58. -57. -55. -53. -52. -50.
 -50. -47. -46. -45. -45. -44. -43. -39. -36. -32. -30. -30. -27. -24.
 -18. -14. -14. -12.  -8.  -3.   1.   2.   3.   3.   3.   5.   6.   7.
   9.  14.  17.  18.  19.  21.  22.  22.  24.  26.  33.  33.  36.  36.
  40.  41.  41.  44.  46.  49.  55.  57.  58.  59.  60.  60.  67.  68.
  73.  74.  75.  76.  76.  77.  78.  79.  86.  88.  88.  90.  94.  95.
  97.  98.][-98. -98. -97. -95. -91. -86. -85. -83. -82. -81. -80. -78. -73. -73.
 -72. -70. -68. -66. -65. -64. -63. -61. -59. -58. -54. -54. -51. -50.
 -48. -48. -48. -46. -45. -45. -37. -36. -33. -30. -30. -29. -27. -25.
 -22. -19. -16. -15. -12. -11.  -8.  -8.  -7.  -6.   2.   4.   4.   5.
   6.   9.   9.  10.  12.  12.  15.  17.  18.  19.  26.  35.  39.  43.
  44.  44.  47.  48.  48.  50.  53.  60.  60.  61.  62.  64.  64.  66.
  66.  67.  68.  69.  69.  69.  70.  77.  78.  79.  87.  96.  96.  96.
 100. 100.][-99. -98. -97. -96. -93. -92. -90. -87. -87. -85. -82. -82. -80. -79.
 -74. -72. -72. -69. -69. -64. -63. -63. -60. -58. -57. -54. -52. -51.
 -49. -48. -44. -43. -43. -37. -36. -34. -34. -33. -29. -28. -21. -10.
  -7.  -7.  -6.  -5.  -4.  -3.  -3.  -2.   1.  17.  18.  19.  19.  20.
  20.  26.  27.  30.  31.  34.  35.  36.  37.  38.  40.  40.  42.  42.
  43.  43.  43.  44.  47.  48.  50.  51.  51.  52.  52.  65.  66.  67.
  67.  68.  72.  74.  78.  83.  83.  85.  85.  87.  92.  93.  94.  95.
  96.  98.][-100.  -99.  -98.  -96.  -94.  -91.  -86.  -86.  -85.  -82.  -79.  -77.
  -77.  -76.  -76.  -73.  -72.  -68.  -68.  -66.  -62.  -61.  -60.  -57.
  -56.  -56.  -44.  -44.  -42.  -38.  -38.  -36.  -35.  -31.  -30.  -28.
  -28.  -27.  -26.  -25.  -23.  -20.  -17.  -15.  -12.   -3.   -3.   -1.
    3.    5.    6.    8.   10.   10.   10.   11.   13.   13.   18.   21.
   27.   28.   28.   33.   34.   37.   37.   38.   39.   42.   42.   43.
   45.   45.   48.   51.   52.   55.   56.   60.   60.   62.   67.   67.
   67.   71.   75.   75.   75.   80.   81.   83.   84.   85.   86.   89.
   90.   91.   91.   96.][-97. -95. -90. -89. -88. -82. -81. -79. -77. -77. -73. -73. -70. -69.
 -69. -66. -65. -63. -62. -60. -58. -55. -53. -52. -51. -51. -47. -45.
 -44. -43. -42. -40. -39. -32. -29. -28. -25. -24. -23. -23. -22. -21.
 -21. -19. -17. -12. -10.  -9.  -7.  -6.  -6.  -5.  -4.  -3.  -1.  -1.
  -1.   1.   9.  10.  11.  15.  24.  25.  27.  28.  29.  32.  38.  40.
  45.  49.  50.  53.  54.  56.  62.  64.  66.  67.  68.  69.  72.  73.
  77.  79.  79.  79.  80.  83.  87.  88.  89.  92.  93.  94.  95.  96.
  96.  98.][-99. -97. -94. -93. -92. -90. -90. -89. -88. -88. -87. -83. -82. -78.
 -77. -74. -73. -68. -63. -60. -59. -59. -58. -55. -50. -49. -48. -46.
 -42. -42. -42. -41. -35. -33. -33. -32. -32. -31. -26. -26. -23. -21.
 -18. -17. -17. -10.  -8.  -4.  -4.  -4.  -3.   0.   1.   2.   5.   8.
  10.  11.  12.  14.  17.  20.  23.  28.  28.  28.  30.  39.  42.  43.
  44.  45.  48.  48.  50.  52.  53.  61.  61.  63.  63.  64.  64.  66.
  67.  68.  68.  69.  76.  79.  81.  82.  86.  92.  92.  96.  96.  96.
  97.  98.][-99. -97. -96. -95. -94. -93. -93. -92. -91. -90. -90. -86. -86. -85.
 -84. -82. -81. -76. -76. -75. -73. -73. -72. -67. -65. -61. -60. -60.
 -60. -59. -57. -55. -55. -53. -52. -50. -49. -49. -48. -40. -39. -38.
 -36. -36. -27. -26. -23. -23. -23. -17. -15. -10.  -6.   1.   2.   3.
   4.   4.   6.  10.  10.  11.  14.  22.  22.  24.  25.  28.  30.  32.
  34.  34.  35.  35.  35.  36.  45.  46.  49.  56.  60.  62.  64.  64.
  65.  72.  79.  79.  81.  82.  82.  88.  90.  90.  91.  93.  94.  97.
 100. 100.][-100.  -98.  -98.  -96.  -91.  -90.  -88.  -83.  -79.  -75.  -71.  -70.
  -68.  -67.  -66.  -58.  -58.  -58.  -56.  -55.  -54.  -53.  -51.  -48.
  -48.  -47.  -43.  -42.  -39.  -38.  -32.  -31.  -28.  -28.  -27.  -25.
  -23.  -23.  -21.  -17.   -7.   -7.   -5.   -2.   -2.   -1.    1.    8.
    9.    9.   10.   10.   12.   18.   19.   19.   20.   24.   25.   27.
   28.   28.   29.   31.   31.   34.   34.   36.   40.   41.   41.   42.
   44.   53.   54.   55.   59.   59.   60.   61.   61.   67.   72.   76.
   79.   79.   80.   81.   81.   82.   85.   86.   91.   93.   95.   98.
   98.   98.  100.  100.][-100.  -99.  -93.  -92.  -92.  -91.  -88.  -88.  -87.  -85.  -82.  -81.
  -75.  -70.  -69.  -69.  -68.  -68.  -66.  -66.  -65.  -64.  -64.  -63.
  -59.  -58.  -58.  -57.  -55.  -54.  -52.  -50.  -47.  -45.  -40.  -36.
  -32.  -31.  -31.  -30.  -27.  -21.  -15.  -13.   -5.   -5.    0.    2.
    2.    6.    7.   16.   19.   19.   24.   24.   24.   25.   27.   28.
   33.   33.   37.   39.   40.   43.   45.   46.   50.   52.   52.   52.
   53.   55.   60.   60.   61.   62.   63.   65.   67.   69.   69.   71.
   72.   74.   77.   84.   85.   87.   90.   93.   94.   94.   95.   95.
   96.   96.   99.  100.][-98. -83. -81. -81. -76. -71. -69. -68. -68. -68. -64. -61. -59. -57.
 -57. -55. -50. -48. -46. -45. -44. -44. -42. -41. -40. -39. -37. -34.
 -34. -27. -23. -17. -17. -16.  -9.  -7.  -6.  -6.  -4.  -2.   0.   1.
   2.   2.   5.   7.   8.   8.   9.  11.  11.  12.  13.  13.  15.  19.
  22.  23.  25.  26.  27.  28.  28.  28.  29.  33.  34.  35.  38.  38.
  38.  39.  40.  41.  42.  42.  43.  43.  46.  47.  48.  54.  55.  55.
  56.  63.  64.  64.  69.  71.  75.  76.  83.  84.  86.  89.  92.  95.
  97.  98.][-100.  -99.  -98.  -98.  -97.  -95.  -90.  -89.  -87.  -87.  -84.  -84.
  -83.  -80.  -66.  -64.  -64.  -62.  -62.  -61.  -61.  -61.  -59.  -56.
  -56.  -53.  -53.  -52.  -51.  -49.  -48.  -47.  -46.  -46.  -45.  -44.
  -44.  -39.  -39.  -38.  -37.  -36.  -35.  -34.  -33.  -32.  -21.  -20.
  -18.  -16.  -14.  -13.  -13.   -8.   -6.   -6.    1.    1.    2.    2.
    6.    7.    9.   10.   12.   12.   14.   15.   16.   19.   24.   25.
   25.   26.   27.   29.   32.   38.   42.   42.   55.   61.   70.   72.
   72.   73.   74.   74.   74.   77.   80.   80.   81.   81.   83.   83.
   85.   89.   93.   95.][-98. -96. -93. -91. -90. -90. -88. -85. -85. -85. -83. -82. -82. -81.
 -81. -78. -70. -69. -69. -69. -65. -61. -60. -53. -53. -52. -51. -49.
 -46. -45. -44. -43. -42. -38. -34. -34. -25. -12.  -3.  -2.  -2.  -1.
   0.   1.   2.   3.   4.   5.   6.   9.   9.  11.  12.  12.  14.  14.
  14.  15.  16.  17.  17.  19.  20.  23.  30.  31.  32.  32.  33.  35.
  37.  38.  45.  47.  48.  49.  51.  58.  58.  59.  59.  59.  59.  60.
  60.  62.  64.  65.  66.  67.  67.  74.  74.  79.  87.  88.  90.  92.
  92.  95.][-100.  -99.  -98.  -94.  -94.  -93.  -92.  -91.  -89.  -88.  -85.  -82.
  -82.  -78.  -77.  -77.  -76.  -73.  -72.  -67.  -63.  -61.  -61.  -59.
  -57.  -54.  -51.  -44.  -44.  -44.  -44.  -43.  -40.  -38.  -38.  -29.
  -29.  -27.  -24.  -22.  -21.  -20.  -15.   -9.   -8.   -2.    5.    6.
   10.   10.   11.   12.   17.   18.   24.   26.   26.   27.   27.   30.
   30.   31.   32.   36.   37.   38.   39.   40.   41.   43.   44.   50.
   53.   58.   58.   59.   63.   65.   68.   69.   69.   74.   75.   75.
   75.   75.   76.   76.   77.   78.   79.   81.   84.   85.   85.   89.
   90.   91.   92.   97.][-97. -97. -92. -90. -88. -88. -83. -82. -81. -80. -80. -79. -77. -77.
 -75. -74. -74. -74. -72. -72. -71. -70. -70. -68. -67. -65. -65. -63.
 -61. -61. -58. -57. -50. -41. -40. -40. -38. -34. -34. -33. -33. -26.
 -25. -24. -23. -22. -20. -20. -19. -18. -18. -11.  -8.  -8.  -6.  -1.
   3.   8.   8.   9.  10.  12.  18.  21.  22.  24.  30.  32.  33.  33.
  34.  39.  39.  40.  41.  42.  46.  46.  47.  47.  48.  51.  51.  58.
  61.  65.  66.  66.  67.  70.  70.  77.  78.  79.  87.  89.  90.  96.
  98. 100.][-92. -90. -87. -86. -85. -80. -74. -73. -71. -71. -70. -69. -68. -66.
 -66. -64. -61. -61. -58. -53. -52. -49. -46. -45. -45. -45. -45. -43.
 -42. -41. -39. -39. -38. -38. -36. -35. -29. -29. -29. -25. -24. -24.
 -18. -12.  -8.  -7.   1.   1.   2.   3.  12.  16.  20.  20.  20.  23.
  24.  27.  28.  28.  32.  32.  36.  36.  37.  44.  45.  47.  48.  48.
  49.  49.  50.  54.  55.  56.  58.  59.  61.  61.  65.  67.  67.  69.
  70.  70.  70.  71.  76.  77.  79.  80.  80.  86.  89.  94.  99.  99.
 100. 100.][-99. -98. -95. -88. -84. -81. -79. -77. -76. -76. -75. -69. -69. -68.
 -61. -61. -60. -59. -53. -53. -51. -43. -39. -38. -36. -33. -29. -27.
 -20. -20. -19. -18. -13. -11. -11. -11. -10.  -9.  -9.  -8.  -6.  -5.
  -5.  -4.  -1.   2.   3.   3.   4.   5.   6.   6.   8.   8.   8.  11.
  14.  24.  28.  28.  29.  32.  33.  33.  35.  36.  37.  40.  40.  42.
  43.  44.  46.  47.  48.  52.  54.  55.  56.  57.  60.  61.  61.  65.
  66.  68.  68.  76.  76.  82.  84.  86.  88.  92.  94.  95.  97.  98.
  99. 100.][-100.  -97.  -91.  -90.  -82.  -82.  -80.  -71.  -71.  -71.  -69.  -69.
  -69.  -68.  -66.  -65.  -61.  -59.  -58.  -54.  -51.  -47.  -46.  -44.
  -43.  -43.  -40.  -38.  -33.  -33.  -31.  -31.  -29.  -29.  -27.  -23.
  -20.  -19.  -17.  -14.  -13.  -13.  -12.  -11.   -9.   -6.   -3.    3.
    3.   15.   17.   17.   19.   20.   20.   20.   20.   20.   23.   25.
   26.   26.   26.   27.   27.   30.   31.   32.   33.   35.   41.   43.
   52.   53.   53.   53.   54.   57.   61.   61.   63.   73.   73.   74.
   76.   77.   77.   79.   80.   82.   82.   86.   87.   88.   89.   91.
   92.   93.   96.   99.][-87. -86. -83. -74. -73. -66. -65. -65. -63. -58. -54. -52. -52. -51.
 -49. -47. -46. -44. -41. -41. -40. -39. -36. -36. -36. -31. -30. -28.
 -28. -27. -24. -24. -22. -20. -17. -16. -16. -16. -12. -11.  -8.  -8.
  -2.  -1.   0.   5.  10.  10.  13.  14.  14.  15.  16.  18.  19.  21.
  22.  31.  31.  31.  35.  36.  41.  42.  44.  46.  49.  53.  54.  54.
  55.  55.  56.  58.  62.  62.  62.  64.  65.  68.  69.  71.  73.  77.
  77.  79.  79.  84.  84.  86.  90.  92.  93.  94.  94.  94.  95.  96.
  97.  97.][-90. -89. -89. -88. -85. -84. -82. -79. -79. -75. -73. -68. -66. -64.
 -61. -60. -59. -57. -56. -55. -53. -44. -43. -43. -43. -37. -37. -32.
 -28. -28. -28. -24. -23. -23. -17. -15. -10.  -7.  -6.  -6.  -6.  -6.
  -3.   3.   4.   8.  12.  16.  17.  17.  20.  22.  24.  24.  25.  27.
  27.  28.  31.  33.  39.  41.  42.  42.  42.  43.  43.  44.  44.  46.
  48.  52.  53.  54.  54.  56.  57.  59.  62.  68.  68.  70.  70.  73.
  74.  77.  77.  81.  81.  83.  84.  85.  85.  85.  86.  87.  95. 100.
 100. 100.][-99. -99. -98. -97. -93. -87. -86. -85. -85. -84. -84. -82. -80. -80.
 -72. -65. -61. -60. -60. -56. -55. -55. -54. -53. -51. -49. -48. -45.
 -43. -41. -41. -36. -32. -29. -28. -27. -26. -25. -21. -19. -17. -16.
 -16. -13. -11. -10.  -8.  -7.  -3.  -3.  -1.   0.   3.   3.   4.   7.
   7.  11.  11.  14.  15.  20.  23.  28.  29.  29.  32.  33.  34.  38.
  39.  39.  39.  40.  49.  50.  50.  55.  55.  58.  59.  60.  61.  63.
  64.  68.  70.  71.  73.  78.  79.  81.  85.  86.  86.  88.  88.  91.
  94.  98.][-97. -97. -92. -88. -87. -85. -82. -79. -75. -74. -72. -72. -66. -63.
 -63. -62. -59. -59. -58. -57. -55. -47. -47. -47. -46. -41. -39. -37.
 -35. -32. -32. -31. -31. -31. -29. -28. -26. -24. -24. -23. -23. -20.
 -19. -17. -16. -12.  -6.   0.   1.   2.   3.   4.   5.   7.   7.   8.
   9.  13.  13.  13.  14.  15.  17.  18.  20.  21.  28.  29.  31.  31.
  33.  36.  36.  37.  41.  42.  44.  45.  46.  52.  53.  56.  59.  60.
  60.  61.  68.  70.  75.  79.  79.  82.  84.  87.  88.  93.  93.  97.
  99. 100.][-98. -97. -89. -87. -87. -76. -76. -74. -74. -69. -69. -68. -68. -67.
 -64. -63. -61. -60. -59. -58. -58. -57. -57. -49. -48. -47. -44. -44.
 -43. -42. -41. -40. -39. -39. -39. -37. -33. -33. -33. -28. -27. -24.
 -23. -23. -21. -20. -11.  -7.  -3.  -1.   1.   3.   5.  11.  11.  16.
  19.  19.  19.  22.  22.  23.  29.  29.  29.  30.  31.  31.  32.  33.
  34.  34.  34.  40.  41.  51.  53.  54.  56.  58.  59.  61.  62.  72.
  74.  75.  75.  83.  83.  85.  88.  90.  91.  91.  92.  94.  95.  96.
  96. 100.][-99. -99. -98. -94. -94. -90. -87. -87. -86. -85. -84. -82. -81. -80.
 -80. -79. -75. -74. -74. -70. -69. -69. -60. -55. -55. -52. -50. -49.
 -45. -45. -45. -44. -44. -37. -37. -36. -36. -32. -29. -27. -22. -14.
 -12. -11.  -6.  -6.  -1.   3.   6.   7.  10.  13.  20.  21.  22.  25.
  27.  28.  29.  29.  30.  31.  32.  35.  37.  41.  41.  42.  48.  48.
  54.  57.  58.  59.  59.  63.  65.  66.  67.  70.  71.  73.  75.  76.
  78.  82.  85.  85.  86.  88.  89.  90.  90.  90.  93.  96.  96.  97.
  99. 100.][-99. -98. -89. -88. -88. -86. -86. -86. -85. -84. -83. -83. -81. -75.
 -72. -71. -70. -70. -69. -68. -67. -67. -66. -64. -62. -57. -57. -56.
 -54. -54. -49. -48. -47. -43. -43. -43. -43. -29. -28. -28. -28. -26.
 -20. -20. -18. -13. -11. -11. -11.  -9.  -9.  -6.  -1.   0.   1.   2.
   4.   6.   7.  12.  12.  18.  18.  21.  22.  23.  26.  27.  28.  28.
  28.  34.  35.  38.  40.  41.  44.  49.  52.  54.  54.  55.  55.  57.
  57.  59.  70.  72.  79.  81.  82.  84.  84.  84.  85.  90.  94.  97.
 100. 100.][-100.  -99.  -99.  -98.  -95.  -93.  -92.  -89.  -89.  -85.  -85.  -83.
  -83.  -83.  -80.  -79.  -78.  -77.  -75.  -70.  -70.  -68.  -67.  -67.
  -62.  -57.  -55.  -55.  -55.  -49.  -44.  -41.  -41.  -39.  -38.  -37.
  -37.  -35.  -31.  -30.  -28.  -20.  -15.  -13.  -13.   -6.   -6.   -5.
   -2.    0.    1.    2.    3.    4.    5.    5.    7.    9.   21.   26.
   30.   32.   32.   34.   35.   37.   37.   38.   44.   45.   48.   50.
   51.   51.   52.   53.   57.   58.   59.   60.   61.   63.   64.   65.
   73.   73.   74.   78.   78.   79.   80.   83.   90.   92.   92.   93.
   93.   97.   98.   99.][-100. -100. -100.  -99.  -97.  -93.  -92.  -90.  -90.  -87.  -87.  -85.
  -84.  -84.  -82.  -79.  -79.  -68.  -64.  -62.  -54.  -53.  -52.  -47.
  -47.  -47.  -42.  -40.  -39.  -32.  -31.  -30.  -30.  -30.  -27.  -25.
  -25.  -19.  -17.  -17.  -16.  -15.  -15.  -13.  -13.   -4.   -4.   -1.
    1.    5.    5.    7.    7.    8.    8.    8.    9.    9.   10.   12.
   13.   14.   16.   16.   17.   17.   19.   22.   24.   29.   30.   30.
   31.   31.   33.   35.   40.   42.   44.   45.   50.   50.   56.   57.
   59.   59.   61.   63.   65.   67.   72.   85.   87.   91.   94.   95.
   98.   99.  100.  100.][-92. -82. -82. -82. -81. -78. -77. -75. -73. -66. -65. -64. -62. -61.
 -61. -59. -58. -57. -56. -55. -53. -50. -46. -46. -45. -42. -40. -39.
 -35. -31. -30. -29. -27. -26. -25. -20. -17. -16. -15. -12. -11. -11.
 -10.  -7.  -3.  -2.  -2.   0.   5.   9.   9.  11.  12.  13.  19.  21.
  23.  26.  30.  34.  35.  38.  39.  42.  42.  49.  55.  56.  59.  60.
  60.  60.  62.  65.  66.  70.  70.  71.  71.  72.  74.  76.  76.  77.
  80.  81.  81.  82.  85.  86.  89.  91.  93.  94.  95.  96.  96.  96.
  97.  97.][-98. -98. -94. -92. -88. -85. -85. -83. -81. -81. -79. -69. -68. -67.
 -66. -66. -58. -57. -53. -52. -51. -47. -41. -39. -38. -37. -34. -31.
 -30. -27. -25. -23. -23. -22. -18. -16. -12.  -9.  -8.  -7.  -6.  -6.
  -6.  -5.  -5.  -3.   4.   5.   5.   7.  12.  16.  19.  24.  26.  27.
  29.  31.  31.  32.  33.  33.  33.  37.  37.  41.  41.  44.  44.  44.
  45.  48.  49.  51.  52.  52.  59.  63.  63.  65.  66.  69.  71.  72.
  76.  77.  80.  83.  84.  86.  87.  88.  88.  89.  90.  91.  92.  97.
  97.  99.][-99. -97. -97. -96. -93. -93. -93. -92. -91. -85. -84. -76. -75. -73.
 -69. -66. -65. -61. -60. -59. -59. -57. -52. -52. -51. -48. -48. -45.
 -43. -39. -38. -32. -29. -28. -26. -25. -23. -18. -17. -16. -10.  -9.
  -8.  -8.  -7.  -5.  -1.   0.   6.  16.  17.  18.  18.  20.  21.  23.
  25.  28.  28.  33.  33.  33.  35.  36.  40.  41.  41.  44.  44.  45.
  47.  48.  49.  50.  51.  52.  52.  53.  55.  56.  57.  57.  62.  73.
  73.  77.  78.  79.  81.  81.  83.  85.  87.  89.  92.  93.  93.  93.
  94.  95.][-89. -88. -86. -84. -80. -71. -69. -66. -66. -65. -63. -63. -62. -61.
 -57. -56. -55. -55. -54. -54. -50. -49. -44. -41. -41. -38. -36. -35.
 -34. -30. -27. -23. -21. -21. -18. -17. -16. -15. -13. -11. -10.  -8.
  -3.  -3.  -1.   0.   3.   4.   4.   6.  12.  16.  16.  19.  19.  22.
  22.  22.  27.  29.  30.  31.  32.  37.  38.  38.  39.  39.  45.  46.
  46.  48.  49.  49.  50.  51.  53.  55.  58.  59.  60.  61.  65.  65.
  66.  66.  67.  75.  75.  75.  79.  81.  84.  86.  88.  89.  89.  98.
  99. 100.][-99. -98. -98. -97. -96. -89. -88. -87. -79. -74. -74. -69. -64. -63.
 -53. -50. -48. -45. -45. -43. -42. -38. -36. -36. -34. -33. -31. -31.
 -30. -29. -29. -25. -24. -22. -21. -18. -18. -17. -15.  -8.  -5.  -5.
  -4.  -3.  -1.   1.   5.   9.   9.  11.  16.  16.  20.  22.  23.  23.
  26.  27.  29.  29.  30.  34.  34.  35.  36.  39.  41.  42.  42.  43.
  44.  45.  47.  61.  62.  62.  63.  65.  66.  67.  69.  70.  71.  78.
  81.  84.  86.  86.  86.  89.  90.  90.  91.  92.  95.  96.  97.  97.
  98. 100.][-100.  -99.  -93.  -92.  -89.  -89.  -88.  -88.  -87.  -86.  -85.  -83.
  -82.  -80.  -80.  -79.  -77.  -72.  -70.  -68.  -67.  -64.  -60.  -55.
  -54.  -53.  -51.  -50.  -48.  -47.  -44.  -39.  -37.  -33.  -32.  -32.
  -27.  -25.  -25.  -23.  -21.  -21.  -21.  -20.  -20.  -20.  -17.  -16.
  -15.  -15.   -8.   -8.   -5.   -5.   -4.   -3.   -2.   -2.   -1.    0.
    7.   14.   14.   15.   17.   18.   18.   19.   25.   26.   33.   34.
   38.   39.   43.   46.   46.   51.   52.   53.   53.   56.   61.   63.
   64.   66.   67.   68.   69.   74.   75.   76.   76.   88.   88.   94.
   96.   97.   98.  100.][-98. -97. -94. -91. -89. -89. -86. -85. -83. -81. -81. -79. -79. -79.
 -76. -75. -74. -72. -70. -70. -67. -64. -61. -58. -56. -55. -53. -42.
 -42. -34. -33. -27. -26. -23. -21. -20. -20. -19. -18. -15. -14. -14.
 -13.  -9.  -9.  -8.  -7.  -6.  -3.  -3.  -2.   1.   5.   6.   6.   7.
  13.  19.  23.  24.  26.  27.  27.  32.  37.  37.  37.  38.  38.  41.
  42.  43.  46.  46.  49.  50.  52.  53.  53.  53.  59.  66.  75.  75.
  77.  77.  78.  79.  82.  83.  84.  85.  87.  88.  93.  94.  95.  97.
  98.  98.][-97. -94. -90. -90. -87. -83. -78. -78. -77. -77. -77. -71. -71. -69.
 -67. -63. -62. -62. -59. -58. -57. -57. -54. -52. -46. -45. -42. -42.
 -40. -38. -37. -37. -36. -33. -33. -30. -30. -27. -24. -18. -15. -13.
 -12. -11.  -8.  -5.  -4.  -3.  -3.   4.   8.  10.  11.  12.  12.  17.
  18.  18.  23.  24.  25.  28.  31.  32.  36.  36.  39.  49.  49.  50.
  51.  53.  53.  54.  55.  60.  62.  63.  64.  64.  65.  65.  65.  66.
  72.  74.  76.  76.  80.  82.  83.  86.  91.  91.  92.  93.  96.  99.
  99. 100.][-100.  -99.  -98.  -98.  -97.  -97.  -96.  -96.  -91.  -90.  -72.  -71.
  -70.  -67.  -67.  -66.  -66.  -63.  -60.  -60.  -59.  -56.  -54.  -54.
  -52.  -49.  -48.  -47.  -46.  -43.  -39.  -38.  -33.  -31.  -27.  -26.
  -25.  -22.  -20.  -20.  -19.  -17.  -13.  -10.   -9.   -7.   -7.   -3.
    0.    1.    3.    5.    6.    7.    7.    8.   10.   11.   11.   11.
   12.   13.   15.   16.   16.   16.   18.   23.   25.   35.   36.   38.
   41.   41.   48.   48.   52.   54.   55.   57.   61.   63.   65.   65.
   67.   68.   69.   70.   74.   77.   80.   82.   82.   84.   86.   86.
   93.   97.   99.   99.][-99. -95. -95. -94. -92. -89. -86. -85. -84. -84. -80. -80. -77. -77.
 -74. -73. -71. -64. -60. -59. -56. -55. -53. -52. -51. -50. -49. -49.
 -49. -49. -44. -43. -41. -40. -36. -35. -35. -34. -28. -24. -20. -20.
 -19. -19. -16. -10.  -9.  -8.   0.   1.   2.   4.   4.   8.   8.   9.
  10.  10.  11.  13.  14.  14.  16.  19.  23.  24.  25.  25.  26.  26.
  28.  28.  30.  33.  35.  41.  41.  42.  46.  48.  49.  52.  52.  53.
  57.  64.  64.  64.  66.  67.  67.  72.  74.  82.  87.  94.  95.  96.
  98.  98.][-88. -88. -88. -87. -83. -82. -81. -81. -79. -78. -77. -75. -71. -71.
 -69. -69. -68. -59. -59. -58. -55. -51. -50. -47. -47. -39. -39. -38.
 -36. -34. -33. -30. -29. -26. -24. -24. -21. -20. -14. -10. -10.  -8.
  -8.  -7.  -6.  -6.  -4.  -4.  -3.   0.   4.   9.  11.  12.  14.  14.
  15.  15.  18.  18.  19.  20.  21.  24.  24.  25.  28.  28.  29.  31.
  37.  39.  41.  42.  51.  51.  53.  54.  56.  58.  59.  61.  63.  63.
  66.  66.  72.  73.  75.  77.  77.  79.  82.  87.  89.  91.  92.  93.
  96. 100.][-99. -97. -96. -96. -95. -95. -95. -95. -94. -93. -92. -87. -83. -81.
 -77. -76. -72. -71. -70. -67. -66. -64. -61. -60. -59. -59. -59. -58.
 -56. -55. -48. -47. -40. -37. -36. -36. -35. -33. -32. -31. -31. -29.
 -28. -21. -18. -18. -17. -17.   0.   0.   1.   4.   4.   8.   9.   9.
  10.  12.  12.  17.  17.  22.  23.  23.  24.  24.  28.  29.  30.  30.
  35.  35.  36.  38.  39.  41.  41.  47.  49.  50.  59.  64.  64.  66.
  66.  69.  74.  75.  80.  83.  87.  89.  90.  90.  91.  96.  96.  97.
  97.  99.][-99. -98. -92. -91. -90. -86. -85. -84. -82. -80. -76. -67. -67. -66.
 -63. -62. -61. -54. -50. -49. -49. -48. -46. -45. -44. -42. -41. -40.
 -36. -35. -34. -32. -32. -31. -26. -26. -22. -21. -20. -19. -19. -18.
 -17. -15. -13. -12. -10. -10.  -9.  -9.  -7.  -5.  -5.  -4.   2.   3.
   4.   8.   9.  14.  14.  14.  15.  17.  17.  18.  25.  27.  27.  28.
  28.  29.  35.  40.  56.  61.  62.  63.  65.  65.  67.  67.  67.  69.
  71.  72.  73.  74.  79.  79.  82.  83.  84.  84.  86.  86.  88.  92.
  96.  98.][-98. -96. -96. -95. -94. -92. -92. -86. -85. -85. -81. -81. -79. -75.
 -75. -70. -69. -69. -68. -68. -65. -62. -60. -56. -56. -50. -48. -47.
 -39. -38. -36. -34. -33. -30. -29. -26. -26. -25. -22. -21. -20. -16.
 -15. -11. -11. -10.  -4.  -1.   2.   2.   5.   6.   7.   9.   9.  10.
  13.  18.  18.  19.  22.  23.  24.  24.  24.  24.  27.  28.  29.  32.
  33.  33.  33.  34.  34.  37.  37.  39.  45.  46.  52.  54.  55.  57.
  58.  62.  64.  66.  67.  73.  74.  75.  82.  84.  87.  90.  90.  90.
  90.  96.][-98. -95. -95. -95. -93. -92. -89. -85. -84. -84. -81. -81. -79. -76.
 -74. -71. -70. -64. -59. -58. -57. -56. -55. -51. -47. -44. -43. -43.
 -42. -41. -40. -40. -37. -37. -37. -36. -36. -34. -34. -34. -32. -29.
 -28. -25. -23. -21. -20. -15. -14. -11. -11. -10.  -5.  -4.  -4.   0.
   0.   1.   2.   6.   9.  10.  11.  17.  17.  21.  24.  26.  27.  29.
  29.  33.  35.  35.  37.  41.  42.  45.  51.  51.  54.  54.  57.  63.
  68.  70.  70.  74.  76.  78.  79.  81.  84.  86.  88.  88.  90.  91.
  99. 100.][-95. -95. -95. -93. -92. -91. -87. -86. -84. -84. -84. -82. -81. -80.
 -75. -71. -71. -68. -67. -67. -61. -56. -54. -53. -52. -50. -49. -48.
 -46. -42. -41. -40. -35. -34. -32. -32. -27. -27. -26. -26. -25. -25.
 -22. -17. -14. -11. -11.  -9.  -7.  -2.   0.   2.   3.   6.   7.   8.
   9.  12.  15.  16.  19.  19.  21.  22.  29.  42.  44.  44.  45.  47.
  48.  52.  53.  53.  55.  62.  63.  64.  69.  71.  71.  73.  79.  80.
  81.  81.  81.  82.  85.  85.  88.  91.  92.  93.  93.  97.  97.  98.
  99. 100.][-99. -99. -97. -93. -91. -87. -83. -83. -83. -80. -76. -76. -75. -73.
 -72. -71. -71. -70. -69. -65. -64. -57. -56. -54. -51. -48. -46. -45.
 -43. -38. -36. -36. -34. -32. -30. -30. -24. -24. -22. -21. -19. -19.
 -12.  -8.  -7.  -3.  -3.   0.   3.   4.   8.  10.  10.  11.  13.  16.
  17.  20.  20.  20.  25.  26.  29.  34.  34.  38.  45.  48.  49.  50.
  51.  52.  56.  59.  60.  61.  61.  63.  66.  66.  70.  72.  72.  73.
  74.  79.  80.  80.  80.  80.  86.  88.  88.  88.  95.  95.  96.  96.
 100. 100.][-99. -95. -90. -85. -83. -83. -78. -76. -73. -70. -68. -67. -66. -65.
 -64. -62. -60. -57. -56. -54. -53. -52. -49. -49. -45. -43. -41. -40.
 -36. -35. -34. -34. -34. -32. -31. -30. -30. -30. -28. -26. -24. -23.
 -20. -19. -18. -17. -15. -14. -13.  -9.  -6.  -3.  -1.   2.   3.   5.
   5.   7.  10.  11.  13.  13.  13.  18.  19.  24.  26.  26.  28.  28.
  30.  31.  31.  32.  32.  36.  38.  40.  49.  52.  53.  56.  57.  62.
  66.  66.  68.  70.  71.  73.  74.  75.  77.  77.  79.  82.  82.  89.
  91.  99.][-97. -92. -92. -90. -90. -85. -81. -79. -79. -78. -77. -76. -75. -75.
 -75. -74. -74. -72. -72. -70. -69. -69. -68. -68. -68. -67. -66. -61.
 -53. -53. -53. -52. -51. -50. -49. -46. -46. -43. -41. -41. -40. -39.
 -37. -37. -35. -35. -35. -33. -31. -30. -23. -21. -19. -14. -14. -12.
  -6.  -6.  -5.   4.   5.   6.   6.   8.  14.  14.  24.  24.  32.  33.
  33.  34.  35.  38.  40.  44.  47.  48.  51.  53.  54.  55.  55.  56.
  58.  61.  67.  79.  83.  84.  86.  88.  90.  90.  91.  91.  94.  94.
  97.  98.][-100.  -99.  -99.  -98.  -94.  -94.  -93.  -91.  -89.  -88.  -85.  -83.
  -78.  -78.  -72.  -72.  -70.  -69.  -68.  -67.  -62.  -60.  -56.  -47.
  -47.  -47.  -45.  -44.  -37.  -37.  -36.  -35.  -33.  -27.  -26.  -25.
  -25.  -23.  -21.  -19.  -18.  -10.   -9.   -8.   -7.   -3.   -3.    0.
    1.    1.    2.    2.    6.    6.    7.   12.   15.   16.   19.   23.
   24.   24.   24.   28.   31.   32.   38.   39.   39.   39.   44.   46.
   46.   46.   50.   50.   51.   54.   55.   57.   59.   60.   61.   61.
   64.   64.   65.   66.   66.   68.   70.   70.   71.   71.   77.   78.
   80.   86.   86.   92.][-98. -97. -96. -92. -89. -88. -86. -83. -78. -78. -76. -71. -71. -68.
 -65. -65. -64. -64. -60. -56. -55. -53. -50. -49. -48. -47. -42. -42.
 -39. -35. -34. -28. -27. -27. -26. -25. -23. -21. -21. -21. -16. -14.
 -14. -12.  -8.  -8.  -7.  -6.  -6.  -5.  -2.   1.   3.   9.   9.  13.
  15.  18.  19.  21.  25.  27.  28.  28.  29.  29.  29.  30.  31.  33.
  34.  35.  35.  37.  38.  40.  42.  43.  43.  52.  53.  56.  56.  59.
  65.  67.  74.  78.  79.  81.  84.  86.  90.  92.  92.  93.  96.  96.
  98. 100.][-91. -87. -86. -81. -80. -79. -77. -76. -73. -73. -73. -71. -70. -70.
 -69. -66. -66. -61. -60. -59. -57. -55. -54. -53. -52. -47. -46. -44.
 -43. -40. -37. -36. -35. -34. -33. -31. -31. -30. -30. -30. -29. -28.
 -27. -20. -19. -16. -14. -10.  -8.  -4.  -3.   1.   2.   2.   5.   6.
   7.   8.   8.  10.  10.  11.  14.  15.  17.  18.  30.  32.  32.  33.
  35.  41.  42.  43.  49.  54.  55.  56.  56.  59.  66.  67.  69.  70.
  71.  74.  79.  81.  83.  84.  85.  87.  88.  91.  93.  93.  96.  96.
  97.  97.][-91. -89. -84. -82. -77. -76. -73. -72. -68. -67. -67. -67. -66. -63.
 -62. -61. -58. -57. -55. -55. -54. -49. -49. -49. -48. -47. -46. -45.
 -45. -44. -42. -42. -40. -37. -36. -36. -25. -18. -15. -14. -10.  -4.
  -3.  -2.   6.   7.   7.   8.  11.  11.  13.  15.  16.  16.  17.  21.
  22.  23.  25.  29.  30.  31.  35.  37.  38.  38.  38.  39.  43.  44.
  49.  50.  51.  52.  52.  53.  53.  54.  56.  58.  59.  60.  64.  65.
  69.  70.  72.  75.  75.  78.  83.  90.  91.  93.  93.  96.  96.  97.
  99. 100.][-100.  -95.  -90.  -88.  -84.  -84.  -83.  -83.  -79.  -75.  -73.  -69.
  -65.  -61.  -60.  -50.  -50.  -46.  -46.  -44.  -44.  -43.  -41.  -39.
  -38.  -37.  -34.  -33.  -32.  -31.  -29.  -27.  -26.  -25.  -22.  -21.
  -20.  -18.  -15.  -14.  -13.  -12.  -11.   -9.   -8.   -7.   -4.   -2.
    0.    0.    3.    5.    7.    9.   10.   12.   14.   17.   19.   20.
   20.   21.   22.   26.   28.   30.   35.   36.   38.   39.   39.   40.
   40.   42.   44.   48.   50.   52.   54.   55.   60.   60.   62.   67.
   68.   71.   75.   76.   77.   78.   80.   82.   82.   87.   94.   98.
   98.   98.  100.  100.][-99. -99. -99. -97. -94. -93. -91. -91. -88. -88. -84. -80. -77. -76.
 -76. -75. -75. -74. -71. -69. -66. -64. -63. -51. -49. -47. -45. -41.
 -41. -41. -31. -29. -26. -23. -22. -21. -19. -18. -12. -11.  -9.  -8.
  -6.  -6.  -5.  -4.  -3.  -3.  -1.   1.   1.   1.   5.   8.  11.  11.
  13.  14.  16.  22.  27.  27.  30.  31.  32.  39.  40.  45.  46.  49.
  52.  53.  54.  58.  59.  59.  61.  63.  63.  65.  67.  68.  70.  71.
  72.  72.  73.  76.  77.  77.  79.  81.  85.  86.  86.  89.  90.  91.
  92. 100.][-100.  -94.  -93.  -92.  -91.  -91.  -91.  -87.  -83.  -81.  -77.  -76.
  -70.  -69.  -65.  -61.  -57.  -56.  -54.  -52.  -52.  -51.  -49.  -48.
  -47.  -47.  -47.  -46.  -46.  -45.  -45.  -40.  -33.  -30.  -29.  -22.
  -20.  -16.  -13.  -13.  -12.   -9.   -7.   -6.    0.    1.    1.    4.
    6.    6.   11.   12.   12.   14.   15.   16.   16.   20.   22.   24.
   29.   31.   31.   34.   36.   43.   44.   44.   46.   48.   50.   53.
   55.   56.   58.   60.   60.   60.   62.   67.   67.   70.   75.   75.
   78.   79.   80.   80.   81.   82.   83.   83.   85.   87.   87.   89.
   90.   92.   95.   97.][-100.  -99.  -99.  -98.  -97.  -91.  -87.  -87.  -83.  -82.  -80.  -78.
  -78.  -76.  -74.  -73.  -73.  -72.  -72.  -70.  -70.  -67.  -65.  -60.
  -60.  -59.  -57.  -57.  -55.  -45.  -44.  -39.  -36.  -34.  -28.  -28.
  -26.  -20.  -19.  -17.  -14.  -14.  -11.   -6.   -3.   -3.    0.    0.
    2.    2.    5.    9.   13.   16.   19.   23.   25.   25.   27.   28.
   29.   31.   32.   33.   35.   35.   36.   38.   40.   43.   46.   48.
   48.   49.   51.   53.   56.   56.   56.   57.   57.   58.   59.   63.
   63.   64.   69.   70.   71.   73.   74.   76.   79.   85.   87.   91.
   92.   96.   98.   99.][-100. -100.  -99.  -96.  -94.  -94.  -93.  -88.  -87.  -86.  -85.  -84.
  -81.  -79.  -78.  -78.  -77.  -73.  -72.  -69.  -62.  -59.  -58.  -56.
  -54.  -54.  -51.  -50.  -50.  -48.  -48.  -44.  -41.  -40.  -36.  -35.
  -32.  -29.  -28.  -28.  -27.  -24.  -24.  -19.  -17.  -16.  -14.  -12.
  -12.   -9.   -8.   -7.   -7.   -5.   -4.   -1.    3.    7.    9.   12.
   14.   14.   18.   18.   21.   27.   27.   33.   35.   42.   43.   45.
   48.   48.   49.   49.   52.   56.   62.   63.   64.   67.   69.   71.
   73.   76.   78.   78.   79.   81.   82.   86.   88.   89.   92.   94.
   94.   95.  100.  100.][-95. -92. -91. -89. -89. -89. -86. -86. -79. -78. -78. -73. -69. -69.
 -68. -68. -68. -67. -67. -66. -59. -55. -53. -51. -48. -46. -44. -42.
 -40. -38. -37. -34. -34. -34. -32. -25. -24. -23. -21. -20. -14. -14.
 -11. -10.   1.   3.   4.   5.   7.  12.  12.  14.  14.  15.  15.  15.
  16.  17.  18.  24.  25.  28.  28.  28.  28.  29.  33.  35.  43.  43.
  44.  46.  48.  49.  50.  51.  54.  56.  59.  61.  61.  63.  69.  69.
  70.  73.  73.  76.  76.  77.  78.  80.  82.  84.  84.  88.  89.  92.
  92.  98.][-92. -88. -87. -87. -86. -84. -84. -84. -84. -82. -82. -78. -75. -72.
 -69. -68. -63. -59. -57. -55. -53. -52. -47. -47. -46. -40. -38. -37.
 -36. -32. -24. -23. -22. -21. -21. -16. -16. -15. -15. -14. -14. -14.
 -12.  -8.  -7.  -3.  -2.  -1.   7.   7.   8.  10.  12.  13.  15.  16.
  18.  20.  21.  23.  27.  27.  28.  29.  30.  30.  31.  31.  32.  32.
  38.  39.  42.  43.  52.  53.  55.  56.  56.  57.  62.  62.  66.  69.
  69.  72.  74.  74.  75.  76.  76.  84.  85.  85.  92.  92.  94.  96.
  98.  98.][-99. -99. -97. -93. -92. -91. -90. -88. -85. -77. -77. -72. -69. -64.
 -63. -60. -59. -57. -56. -55. -55. -54. -51. -51. -50. -46. -45. -44.
 -40. -39. -39. -32. -26. -24. -20. -16. -14. -13.  -8.  -8.  -4.  -2.
   3.   4.   5.   8.   8.  11.  13.  14.  14.  14.  15.  15.  15.  16.
  17.  21.  22.  25.  30.  32.  32.  32.  35.  37.  37.  37.  40.  40.
  40.  41.  43.  45.  47.  49.  53.  56.  57.  59.  60.  64.  66.  67.
  68.  69.  69.  71.  73.  75.  81.  86.  86.  90.  90.  93.  93.  94.
  95.  95.][-98. -98. -97. -93. -93. -92. -91. -90. -87. -86. -85. -84. -81. -80.
 -80. -80. -76. -75. -72. -72. -70. -69. -69. -66. -66. -66. -61. -59.
 -58. -57. -57. -54. -52. -51. -51. -50. -46. -46. -46. -44. -38. -36.
 -34. -32. -31. -25. -21. -21. -20. -12. -11.  -9.  -9.  -8.  -8.  -6.
  -5.  -4.  -4.   0.   2.   3.   6.  14.  17.  18.  19.  20.  24.  26.
  28.  30.  34.  37.  45.  46.  48.  48.  56.  59.  59.  66.  68.  69.
  73.  73.  74.  79.  80.  80.  82.  84.  86.  86.  86.  87.  89.  93.
  94.  95.][-99. -98. -97. -96. -95. -95. -95. -94. -93. -91. -89. -88. -87. -83.
 -81. -77. -76. -75. -74. -70. -70. -69. -69. -68. -67. -65. -64. -63.
 -62. -55. -51. -51. -51. -51. -51. -51. -44. -43. -42. -41. -40. -39.
 -37. -29. -27. -25. -25. -23. -20. -16. -10. -10.  -9.  -3.  -1.  -1.
   0.   1.   2.   8.  12.  14.  15.  23.  26.  27.  27.  30.  35.  36.
  38.  38.  40.  43.  44.  47.  49.  49.  52.  52.  52.  55.  58.  59.
  59.  62.  62.  62.  64.  67.  71.  73.  73.  80.  83.  89.  91.  91.
  91.  95.][-99. -98. -97. -94. -92. -89. -89. -85. -85. -83. -83. -80. -78. -76.
 -76. -68. -67. -66. -64. -62. -59. -58. -57. -56. -55. -54. -52. -52.
 -51. -50. -48. -46. -45. -44. -43. -39. -37. -36. -35. -35. -25. -24.
 -17. -17. -13. -12. -11. -11. -11.  -8.  -8.  -7.  -6.  -2.  -2.   1.
   1.   2.   5.   5.   5.  11.  11.  14.  15.  18.  18.  23.  27.  27.
  27.  43.  49.  49.  54.  59.  73.  73.  74.  76.  77.  77.  80.  81.
  82.  84.  85.  85.  85.  85.  85.  86.  89.  91.  92.  94.  96.  97.
  99.  99.][-99. -96. -85. -83. -79. -78. -75. -68. -64. -63. -58. -55. -55. -55.
 -54. -54. -53. -50. -50. -49. -49. -43. -43. -43. -43. -37. -34. -31.
 -30. -29. -27. -26. -26. -25. -24. -24. -23. -23. -21. -15. -14. -12.
 -12. -10.  -7.  -7.  -5.  -4.  -1.   1.   8.  15.  16.  17.  17.  19.
  21.  23.  23.  24.  27.  29.  29.  34.  34.  36.  37.  38.  39.  42.
  44.  44.  45.  46.  50.  53.  54.  58.  62.  64.  65.  65.  66.  67.
  69.  73.  74.  75.  77.  79.  83.  87.  90.  92.  95.  96.  97.  98.
  98.  99.][-100.  -96.  -95.  -95.  -94.  -93.  -91.  -89.  -89.  -88.  -86.  -82.
  -81.  -76.  -74.  -74.  -73.  -70.  -68.  -68.  -68.  -65.  -60.  -60.
  -59.  -55.  -53.  -53.  -52.  -50.  -48.  -47.  -46.  -45.  -38.  -26.
  -26.  -23.  -23.  -20.  -14.  -14.  -12.   -8.   -6.   -6.   -5.   -1.
    5.    5.    5.    8.   10.   13.   14.   19.   19.   20.   22.   28.
   39.   42.   42.   46.   48.   49.   52.   52.   53.   53.   54.   54.
   55.   59.   60.   62.   66.   68.   69.   71.   73.   73.   75.   78.
   78.   78.   80.   82.   83.   86.   87.   88.   89.   91.   92.   95.
   97.   97.   97.   99.][-95. -94. -93. -91. -88. -87. -86. -86. -83. -82. -82. -76. -68. -65.
 -64. -62. -60. -57. -54. -48. -47. -41. -39. -39. -39. -32. -30. -29.
 -28. -26. -22. -21. -21. -21. -18. -15. -15. -12. -11. -11. -10.  -8.
  -7.  -7.  -4.  -2.   1.   1.   3.   7.   8.   9.  11.  14.  14.  14.
  16.  17.  21.  24.  24.  25.  25.  27.  28.  29.  29.  31.  33.  35.
  40.  46.  46.  48.  48.  50.  51.  52.  57.  59.  60.  60.  62.  64.
  65.  67.  67.  67.  69.  71.  71.  76.  80.  80.  88.  92.  93.  98.
  98.  98.][-100. -100.  -97.  -95.  -95.  -94.  -87.  -86.  -81.  -78.  -77.  -75.
  -73.  -72.  -72.  -65.  -64.  -63.  -61.  -56.  -56.  -54.  -54.  -50.
  -49.  -43.  -42.  -42.  -33.  -32.  -25.  -21.  -20.  -19.  -15.  -14.
  -13.  -12.  -11.  -10.   -9.   -4.    0.    1.    1.    2.   10.   10.
   11.   12.   14.   14.   15.   15.   16.   19.   21.   22.   23.   27.
   29.   30.   33.   38.   42.   43.   44.   44.   45.   48.   49.   50.
   55.   57.   58.   59.   61.   64.   67.   68.   68.   72.   75.   77.
   78.   80.   81.   83.   87.   87.   89.   93.   93.   95.   95.   95.
   95.   96.   99.   99.][-100.  -98.  -96.  -96.  -94.  -94.  -86.  -85.  -81.  -81.  -79.  -79.
  -78.  -72.  -70.  -69.  -68.  -67.  -61.  -60.  -60.  -58.  -57.  -55.
  -54.  -52.  -51.  -50.  -45.  -43.  -43.  -40.  -38.  -35.  -33.  -29.
  -27.  -22.  -21.  -20.  -16.  -16.   -8.   -5.   -5.   -4.   -4.   -4.
   -3.   -2.    1.    6.   10.   13.   13.   14.   18.   20.   20.   22.
   23.   23.   24.   27.   28.   28.   30.   33.   35.   37.   38.   38.
   39.   40.   42.   47.   49.   50.   52.   53.   54.   54.   54.   56.
   60.   60.   65.   67.   69.   71.   71.   72.   73.   75.   78.   78.
   87.   87.   93.   97.]