[-99. -99. -96. -90. -90. -84. -81. -79. -78. -76. -73. -72. -71. -66.
 -64. -56. -55. -54. -54. -43. -41. -39. -35. -34. -34. -33. -31. -30.
 -30. -29. -29. -28. -28. -26. -26. -25. -23. -17. -15. -14. -11. -10.
  -9.  -8.  -6.  -5.   6.  15.  16.  21.  23.  25.  26.  28.  29.  29.
  33.  34.  35.  35.  36.  37.  40.  40.  41.  42.  42.  45.  46.  47.
  47.  48.  50.  50.  57.  59.  59.  60.  61.  62.  62.  63.  64.  67.
  68.  68.  71.  71.  72.  75.  77.  78.  80.  83.  87.  87.  88.  91.
  95. 100.][-99. -97. -96. -95. -94. -93. -91. -91. -91. -89. -89. -86. -82. -82.
 -79. -76. -74. -74. -71. -70. -66. -65. -63. -54. -54. -53. -53. -51.
 -51. -49. -48. -43. -41. -39. -39. -30. -25. -24. -22. -22. -21. -20.
 -15. -14. -10.  -8.  -7.  -6.  -5.  -2.  -2.  -1.   0.   1.   5.   5.
  11.  14.  16.  19.  22.  26.  27.  30.  32.  34.  39.  40.  40.  41.
  41.  43.  45.  45.  48.  50.  52.  53.  53.  55.  55.  56.  58.  59.
  67.  68.  72.  72.  76.  76.  78.  80.  83.  88.  91.  91.  97.  98.
 100. 100.][-99. -98. -98. -97. -92. -87. -85. -81. -80. -77. -76. -74. -72. -71.
 -68. -67. -65. -65. -64. -59. -55. -55. -49. -48. -46. -46. -46. -45.
 -44. -44. -39. -38. -38. -36. -30. -30. -28. -27. -27. -26. -22. -21.
 -21. -21. -16. -16. -15. -15. -13. -11. -10.  -8.  -7.  -5.   0.   3.
   3.   5.  10.  13.  14.  17.  17.  18.  19.  20.  21.  26.  26.  28.
  29.  29.  30.  35.  38.  39.  40.  42.  42.  42.  45.  45.  52.  57.
  60.  63.  63.  64.  67.  68.  68.  68.  71.  74.  86.  90.  92.  94.
  96. 100.][-98. -94. -92. -88. -88. -85. -81. -78. -76. -74. -72. -72. -71. -70.
 -69. -69. -68. -64. -64. -63. -62. -60. -56. -49. -45. -43. -42. -41.
 -40. -36. -36. -36. -33. -29. -28. -25. -22. -22. -21. -19. -18. -17.
 -16. -15. -10.  -6.  -4.  -3.  -2.   3.   7.   8.   8.  12.  13.  15.
  16.  17.  18.  18.  22.  23.  23.  26.  27.  33.  37.  38.  44.  45.
  46.  51.  52.  53.  60.  60.  63.  64.  65.  65.  67.  68.  68.  70.
  71.  72.  74.  76.  84.  86.  87.  88.  89.  91.  92.  92.  92.  94.
  95.  98.][-98. -96. -95. -93. -91. -91. -89. -89. -88. -84. -81. -74. -71. -70.
 -70. -70. -66. -62. -61. -60. -57. -55. -53. -47. -43. -42. -40. -36.
 -35. -34. -33. -28. -28. -27. -24. -17. -16. -12.  -7.  -6.  -4.  -1.
   1.   9.  10.  11.  11.  12.  13.  14.  18.  19.  21.  24.  25.  25.
  26.  26.  28.  29.  30.  30.  31.  38.  38.  39.  43.  45.  46.  49.
  52.  52.  54.  54.  56.  57.  58.  61.  63.  64.  65.  66.  68.  72.
  72.  75.  76.  79.  79.  79.  82.  83.  84.  88.  89.  90.  92.  92.
 100. 100.][-97. -97. -93. -92. -90. -89. -88. -81. -79. -70. -69. -69. -66. -65.
 -64. -63. -63. -62. -61. -58. -56. -56. -55. -55. -55. -51. -50. -47.
 -46. -46. -46. -45. -45. -45. -42. -39. -34. -34. -34. -27. -24. -22.
 -17. -13. -12. -10.  -6.  -3.  -3.  -2.  -2.  -2.   1.   3.   6.   7.
  10.  16.  19.  22.  26.  26.  27.  29.  32.  34.  36.  37.  39.  42.
  44.  46.  47.  49.  50.  53.  57.  58.  58.  60.  61.  62.  64.  66.
  67.  68.  69.  70.  72.  77.  77.  81.  81.  87.  88.  91.  91.  94.
  98.  99.][-89. -89. -87. -84. -82. -82. -82. -80. -80. -79. -74. -74. -71. -67.
 -67. -65. -63. -59. -58. -55. -54. -53. -48. -48. -45. -44. -42. -41.
 -38. -32. -30. -29. -28. -26. -24. -23. -22. -22. -20. -17. -14. -14.
 -14. -12. -12.  -8.  -8.  -7.  -3.  -1.   0.   2.   2.   6.   7.  13.
  16.  17.  20.  21.  21.  22.  23.  26.  29.  31.  32.  33.  33.  33.
  41.  42.  43.  45.  49.  63.  64.  67.  73.  75.  76.  77.  79.  80.
  82.  85.  85.  86.  89.  90.  91.  91.  91.  92.  93.  94.  96.  96.
  98. 100.][-100.  -98.  -95.  -93.  -93.  -93.  -92.  -91.  -89.  -87.  -84.  -80.
  -75.  -75.  -73.  -72.  -72.  -71.  -69.  -69.  -68.  -66.  -60.  -59.
  -59.  -58.  -54.  -50.  -47.  -46.  -45.  -44.  -43.  -40.  -40.  -36.
  -35.  -34.  -30.  -29.  -27.  -25.  -25.  -24.  -19.  -19.  -13.  -10.
   -5.   -5.   -4.   -3.   -1.   -1.    4.    9.   15.   16.   17.   19.
   24.   25.   27.   30.   30.   37.   42.   44.   50.   50.   52.   52.
   59.   60.   60.   63.   64.   66.   67.   68.   69.   69.   72.   74.
   75.   83.   84.   87.   87.   89.   90.   91.   92.   94.   95.   96.
   97.   99.   99.  100.][-100.  -96.  -96.  -95.  -95.  -94.  -92.  -92.  -91.  -89.  -82.  -82.
  -78.  -77.  -67.  -67.  -66.  -64.  -62.  -62.  -61.  -60.  -59.  -52.
  -52.  -51.  -49.  -49.  -47.  -46.  -45.  -44.  -43.  -38.  -36.  -34.
  -33.  -30.  -25.  -19.  -16.  -14.  -13.  -13.  -12.  -11.  -10.   -9.
   -7.    0.    0.    1.    1.    3.    3.    6.    9.   16.   16.   18.
   20.   25.   29.   32.   33.   35.   40.   42.   42.   43.   46.   49.
   52.   52.   52.   57.   58.   60.   63.   64.   67.   67.   67.   69.
   70.   70.   71.   71.   72.   72.   81.   82.   88.   89.   92.   93.
   95.   98.   99.   99.][-100. -100.  -99.  -98.  -95.  -94.  -93.  -91.  -90.  -88.  -88.  -84.
  -81.  -79.  -78.  -75.  -74.  -65.  -65.  -65.  -61.  -60.  -60.  -59.
  -57.  -51.  -51.  -51.  -50.  -47.  -42.  -37.  -35.  -34.  -32.  -30.
  -29.  -27.  -25.  -22.  -20.  -19.  -18.  -18.  -18.  -14.   -7.   -6.
   -6.   -4.    2.    2.    3.    4.    9.    9.   12.   15.   17.   18.
   18.   22.   23.   23.   26.   27.   28.   29.   32.   35.   42.   50.
   51.   51.   53.   53.   55.   56.   58.   59.   59.   66.   67.   70.
   72.   72.   75.   76.   78.   80.   84.   84.   89.   89.   93.   96.
   96.   97.   98.   99.][-100.  -99.  -99.  -96.  -95.  -93.  -88.  -88.  -82.  -81.  -79.  -79.
  -77.  -77.  -75.  -73.  -72.  -72.  -70.  -69.  -68.  -60.  -58.  -57.
  -56.  -52.  -51.  -49.  -48.  -46.  -45.  -43.  -42.  -41.  -40.  -40.
  -39.  -38.  -33.  -32.  -31.  -30.  -27.  -26.  -18.  -14.  -12.  -12.
  -11.  -10.   -9.   -6.   -6.   -5.   -4.   -1.    0.    4.    4.    5.
    7.    8.   15.   16.   23.   25.   25.   26.   26.   27.   29.   30.
   35.   39.   42.   43.   49.   50.   52.   52.   55.   56.   61.   62.
   64.   65.   72.   75.   76.   77.   79.   82.   84.   85.   88.   90.
   90.   91.   95.   96.][-93. -91. -91. -88. -87. -86. -84. -82. -82. -82. -82. -78. -77. -77.
 -76. -75. -70. -67. -66. -56. -54. -52. -50. -50. -48. -43. -42. -41.
 -40. -35. -32. -30. -29. -28. -21. -18. -18. -17. -17. -14. -10.  -9.
  -9.  -5.  -4.  -4.  -3.  -1.   0.   2.   3.   8.   9.   9.  10.  11.
  13.  14.  17.  19.  19.  20.  22.  26.  27.  27.  32.  38.  38.  46.
  48.  49.  52.  53.  57.  58.  58.  60.  60.  61.  61.  64.  67.  69.
  70.  71.  72.  81.  83.  86.  86.  89.  90.  93.  93.  93.  94.  99.
  99. 100.][-100.  -98.  -96.  -92.  -89.  -89.  -88.  -87.  -87.  -85.  -85.  -83.
  -82.  -82.  -80.  -78.  -78.  -78.  -77.  -75.  -71.  -71.  -71.  -71.
  -67.  -66.  -64.  -57.  -52.  -43.  -42.  -42.  -39.  -36.  -36.  -35.
  -32.  -31.  -27.  -23.  -21.  -21.  -21.  -17.  -16.  -12.  -10.  -10.
  -10.   -9.   -7.   -6.   -4.    2.    3.    6.    7.    7.    7.   18.
   19.   20.   21.   22.   24.   26.   27.   27.   32.   32.   34.   45.
   45.   46.   48.   50.   55.   62.   64.   65.   65.   67.   67.   69.
   70.   71.   75.   77.   80.   80.   83.   86.   86.   87.   92.   93.
   97.   99.   99.  100.][-100.  -98.  -98.  -96.  -94.  -92.  -89.  -88.  -83.  -80.  -79.  -76.
  -75.  -74.  -74.  -71.  -69.  -68.  -68.  -64.  -63.  -60.  -57.  -57.
  -54.  -53.  -52.  -51.  -50.  -49.  -44.  -42.  -35.  -34.  -30.  -29.
  -24.  -22.  -21.  -20.  -18.  -17.  -16.  -16.  -14.  -11.   -7.   -3.
   -3.    0.    1.    3.    5.    6.   10.   13.   19.   19.   22.   23.
   23.   26.   28.   31.   33.   35.   38.   42.   44.   44.   45.   46.
   46.   47.   50.   51.   52.   54.   56.   57.   57.   60.   66.   66.
   68.   68.   69.   69.   70.   71.   74.   75.   75.   77.   77.   80.
   80.   91.   99.  100.][-99. -96. -92. -91. -87. -85. -85. -81. -78. -77. -76. -76. -76. -74.
 -74. -73. -63. -61. -61. -54. -51. -45. -42. -42. -41. -40. -40. -37.
 -36. -35. -35. -32. -28. -27. -23. -20. -18. -17. -16. -16. -12. -11.
 -10.  -7.  -6.  -6.   0.   7.   7.   8.  10.  12.  13.  13.  15.  16.
  16.  17.  24.  25.  25.  25.  26.  27.  28.  29.  35.  37.  41.  41.
  44.  46.  48.  49.  51.  52.  53.  57.  58.  61.  63.  65.  66.  66.
  69.  70.  71.  79.  79.  80.  80.  84.  84.  88.  94.  95.  98.  98.
  99.  99.][-100.  -99.  -92.  -90.  -86.  -86.  -86.  -86.  -85.  -81.  -81.  -80.
  -79.  -79.  -78.  -78.  -77.  -77.  -76.  -75.  -73.  -71.  -68.  -68.
  -67.  -65.  -65.  -63.  -59.  -54.  -54.  -53.  -53.  -51.  -50.  -48.
  -43.  -41.  -39.  -36.  -32.  -30.  -27.  -26.  -24.  -23.  -23.  -18.
  -16.  -14.  -13.  -13.  -11.  -10.   -9.   -9.   -9.   -5.   -5.   -2.
   -1.    1.    8.    8.   11.   17.   18.   19.   19.   21.   21.   23.
   25.   27.   28.   30.   32.   34.   36.   39.   39.   49.   50.   50.
   53.   56.   58.   59.   61.   65.   72.   73.   76.   82.   87.   90.
   93.   95.   97.   97.][-99. -98. -91. -90. -89. -89. -88. -84. -81. -78. -77. -77. -76. -76.
 -74. -72. -71. -69. -68. -64. -62. -62. -54. -54. -51. -49. -44. -41.
 -37. -36. -34. -32. -31. -30. -29. -28. -27. -22. -20. -20. -19. -18.
 -18. -17. -11. -11. -10.  -6.  -6.  -4.  -1.   4.  11.  11.  14.  14.
  17.  17.  18.  20.  22.  24.  25.  27.  31.  34.  34.  38.  42.  43.
  43.  44.  48.  49.  52.  52.  54.  55.  56.  60.  61.  63.  63.  64.
  67.  72.  76.  77.  81.  82.  83.  83.  86.  87.  88.  88.  91.  92.
  95.  99.][-100.  -99.  -97.  -95.  -94.  -91.  -91.  -91.  -89.  -87.  -86.  -82.
  -81.  -80.  -78.  -70.  -70.  -69.  -69.  -67.  -65.  -64.  -64.  -63.
  -59.  -55.  -55.  -54.  -53.  -53.  -52.  -52.  -51.  -49.  -48.  -46.
  -39.  -37.  -37.  -37.  -35.  -28.  -27.  -27.  -25.  -24.  -24.  -20.
  -18.  -18.  -11.   -3.   -2.    1.    3.    3.    4.    5.   14.   18.
   19.   19.   19.   23.   23.   25.   31.   31.   33.   33.   34.   35.
   36.   36.   37.   38.   38.   42.   51.   52.   53.   53.   57.   58.
   59.   63.   65.   66.   67.   67.   68.   76.   76.   77.   77.   78.
   85.   90.   92.   98.][-100.  -99.  -98.  -97.  -95.  -92.  -89.  -86.  -85.  -82.  -80.  -77.
  -72.  -70.  -65.  -59.  -59.  -57.  -56.  -55.  -55.  -54.  -53.  -52.
  -52.  -50.  -49.  -49.  -48.  -38.  -31.  -22.  -22.  -20.  -20.  -20.
  -20.  -18.  -17.  -15.  -12.  -12.  -12.  -11.   -7.   -4.   -3.   -2.
   -1.   -1.   -1.    0.    8.    8.    8.    8.   12.   16.   17.   19.
   20.   21.   23.   23.   23.   25.   25.   31.   31.   33.   35.   38.
   41.   44.   45.   46.   54.   55.   55.   56.   57.   62.   65.   67.
   68.   68.   71.   72.   74.   75.   80.   86.   86.   87.   88.   88.
   90.   95.   96.   98.][-98. -96. -93. -92. -91. -90. -89. -84. -82. -81. -76. -76. -67. -67.
 -66. -65. -64. -64. -61. -60. -59. -58. -54. -52. -47. -41. -39. -37.
 -36. -35. -35. -35. -32. -31. -31. -21. -18. -16. -13. -12. -12.  -9.
  -8.  -7.  -6.  -6.  -4.  -3.  -3.   3.   6.   8.   9.   9.  10.  11.
  11.  13.  13.  20.  20.  23.  24.  25.  32.  33.  34.  39.  41.  45.
  45.  47.  56.  59.  60.  62.  67.  67.  72.  72.  74.  75.  77.  79.
  80.  80.  83.  84.  84.  85.  88.  89.  90.  90.  91.  92.  95.  95.
  96.  98.][-100. -100.  -99.  -94.  -94.  -92.  -92.  -91.  -88.  -86.  -86.  -84.
  -81.  -77.  -76.  -71.  -69.  -68.  -68.  -63.  -63.  -61.  -56.  -56.
  -50.  -46.  -43.  -34.  -32.  -31.  -31.  -30.  -30.  -28.  -27.  -26.
  -20.  -20.  -18.  -15.  -12.  -12.  -11.  -11.   -9.   -8.   -5.   -4.
   -4.   -2.    0.    2.    6.    7.    8.    8.   10.   11.   12.   14.
   15.   18.   18.   19.   20.   21.   21.   27.   28.   29.   31.   35.
   36.   37.   40.   41.   42.   43.   46.   48.   49.   53.   57.   62.
   65.   68.   70.   72.   72.   72.   78.   81.   81.   83.   84.   86.
   92.   94.   95.   97.][-98. -96. -96. -96. -91. -91. -87. -87. -82. -81. -81. -81. -72. -71.
 -71. -70. -67. -66. -65. -64. -63. -59. -57. -57. -53. -48. -45. -41.
 -40. -39. -39. -33. -33. -30. -24. -18. -15. -14.  -5.  -3.  -1.   1.
   3.  10.  10.  11.  11.  11.  12.  14.  15.  19.  21.  21.  23.  24.
  27.  32.  33.  34.  36.  38.  38.  38.  39.  44.  44.  46.  47.  47.
  48.  50.  50.  51.  51.  53.  54.  59.  60.  63.  64.  66.  68.  74.
  77.  79.  82.  86.  86.  87.  87.  88.  90.  90.  92.  93.  95.  96.
  97.  98.][-100.  -96.  -94.  -94.  -93.  -93.  -92.  -80.  -76.  -75.  -73.  -69.
  -68.  -68.  -59.  -56.  -56.  -55.  -48.  -46.  -40.  -38.  -37.  -34.
  -33.  -33.  -31.  -30.  -29.  -28.  -28.  -26.  -24.  -20.  -19.  -17.
  -14.  -11.  -10.  -10.   -9.   -8.   -7.   -7.   -7.   -6.   -2.   -2.
   -1.    1.    3.    3.    6.    6.    9.   10.   11.   12.   17.   18.
   21.   22.   24.   25.   31.   33.   35.   36.   37.   38.   42.   43.
   44.   44.   45.   45.   45.   46.   48.   50.   54.   56.   56.   58.
   59.   66.   67.   68.   71.   71.   76.   76.   81.   89.   89.   90.
   94.   95.   96.   99.][-100. -100. -100.  -97.  -95.  -94.  -89.  -89.  -85.  -81.  -78.  -78.
  -71.  -70.  -68.  -68.  -66.  -64.  -64.  -64.  -59.  -57.  -55.  -52.
  -48.  -46.  -45.  -40.  -38.  -35.  -32.  -31.  -28.  -28.  -28.  -26.
  -21.  -20.  -16.  -14.  -12.  -10.   -8.   -6.   -3.    0.    3.    5.
    6.    9.   19.   22.   26.   27.   28.   28.   29.   30.   30.   35.
   36.   36.   41.   45.   45.   47.   50.   50.   55.   55.   55.   55.
   58.   58.   59.   66.   66.   67.   68.   70.   71.   74.   75.   77.
   78.   78.   81.   82.   83.   87.   88.   93.   94.   94.   95.   95.
   96.   97.   98.   99.][-98. -97. -97. -95. -95. -95. -92. -90. -87. -86. -85. -85. -84. -82.
 -82. -78. -76. -76. -76. -73. -71. -70. -70. -68. -65. -63. -62. -61.
 -60. -60. -58. -56. -55. -54. -46. -45. -44. -38. -33. -32. -31. -23.
 -23. -21. -19.  -8.  -5.  -1.   0.   7.   7.  12.  12.  15.  16.  17.
  17.  20.  21.  22.  27.  27.  27.  29.  33.  35.  35.  38.  42.  46.
  46.  46.  50.  54.  54.  54.  56.  60.  60.  63.  64.  66.  67.  71.
  72.  72.  76.  77.  81.  82.  83.  84.  84.  86.  89.  95.  95.  95.
  98. 100.][-99. -95. -90. -88. -87. -86. -84. -83. -80. -76. -73. -72. -71. -63.
 -60. -58. -53. -50. -48. -46. -38. -36. -36. -30. -30. -29. -26. -26.
 -26. -25. -23. -14. -13. -11.  -5.  -4.   0.   1.   1.   8.   8.   9.
  10.  11.  12.  15.  20.  21.  23.  24.  26.  30.  32.  35.  35.  36.
  37.  38.  39.  40.  40.  40.  42.  44.  45.  46.  48.  51.  56.  57.
  58.  58.  58.  59.  62.  64.  65.  66.  67.  69.  71.  72.  76.  77.
  77.  81.  81.  81.  83.  83.  84.  84.  87.  88.  93.  95.  99. 100.
 100. 100.][-97. -96. -94. -93. -93. -92. -90. -89. -84. -81. -80. -78. -75. -73.
 -73. -72. -67. -62. -62. -61. -61. -60. -58. -56. -56. -55. -53. -53.
 -52. -45. -43. -38. -35. -34. -32. -29. -27. -26. -25. -21. -19. -17.
 -16. -15. -14. -11. -10.  -8.  -6.  -5.  -4.  -1.   1.   5.   7.   7.
   8.  11.  12.  14.  19.  20.  24.  25.  28.  29.  31.  32.  35.  43.
  43.  44.  45.  47.  49.  50.  52.  53.  54.  58.  58.  60.  63.  64.
  67.  69.  69.  69.  70.  73.  77.  79.  79.  80.  81.  81.  82.  92.
  95.  97.][-94. -93. -91. -88. -86. -82. -81. -79. -72. -71. -71. -70. -69. -63.
 -62. -62. -60. -58. -51. -51. -44. -44. -43. -42. -42. -41. -35. -34.
 -34. -31. -29. -26. -26. -26. -25. -24. -23. -23. -22. -22. -21. -20.
 -20. -19. -17. -14. -10.  -9.  -6.  -4.  -2.  -2.  -2.   5.   8.   8.
  12.  13.  14.  15.  15.  16.  18.  18.  21.  26.  26.  28.  29.  31.
  34.  37.  39.  40.  47.  47.  49.  51.  53.  56.  57.  59.  59.  64.
  64.  64.  67.  71.  79.  84.  84.  87.  89.  90.  92.  93.  94.  94.
  99. 100.][-100.  -97.  -97.  -86.  -84.  -84.  -81.  -74.  -74.  -67.  -66.  -65.
  -64.  -63.  -55.  -54.  -54.  -54.  -52.  -52.  -52.  -45.  -44.  -43.
  -39.  -39.  -36.  -33.  -32.  -31.  -31.  -30.  -30.  -27.  -24.  -22.
  -18.  -13.  -10.   -9.   -7.   -4.   -3.   -1.   -1.    3.    5.    6.
   10.   11.   13.   15.   18.   19.   19.   19.   20.   21.   21.   21.
   28.   32.   34.   35.   36.   37.   40.   43.   44.   45.   47.   54.
   57.   61.   62.   63.   64.   64.   66.   68.   70.   71.   71.   74.
   75.   75.   77.   77.   78.   81.   82.   86.   87.   89.   93.   95.
   95.   96.   96.   97.][-98. -96. -96. -95. -94. -85. -83. -83. -82. -80. -77. -73. -73. -72.
 -70. -68. -66. -61. -59. -53. -48. -45. -44. -44. -43. -42. -41. -37.
 -35. -35. -34. -29. -26. -25. -24. -22. -20. -19. -19. -15. -13. -10.
  -9.  -8.  -5.  -5.  -4.  -4.  -4.  -3.   2.   5.   7.  11.  13.  18.
  18.  20.  22.  25.  25.  26.  28.  28.  29.  29.  30.  31.  33.  35.
  37.  39.  42.  44.  44.  45.  46.  47.  50.  56.  56.  57.  58.  58.
  59.  64.  65.  66.  68.  68.  68.  79.  79.  83.  89.  90.  92.  96.
  99. 100.][-97. -96. -93. -92. -82. -82. -82. -80. -77. -72. -71. -68. -67. -64.
 -62. -61. -60. -58. -57. -57. -56. -55. -53. -48. -44. -40. -39. -39.
 -39. -36. -32. -28. -23. -23. -20. -17. -13. -11.  -9.  -9.  -9.  -8.
  -8.  -5.   0.   4.  14.  15.  20.  21.  22.  23.  23.  29.  29.  31.
  34.  38.  41.  47.  50.  50.  52.  55.  56.  57.  57.  57.  58.  61.
  64.  66.  68.  69.  69.  70.  71.  72.  73.  74.  74.  77.  77.  78.
  80.  80.  81.  81.  82.  83.  84.  85.  89.  89.  89.  89.  92.  95.
  95. 100.][-98. -95. -94. -94. -93. -90. -87. -87. -84. -83. -80. -79. -78. -75.
 -73. -70. -70. -69. -66. -53. -50. -47. -45. -44. -40. -39. -36. -33.
 -29. -25. -25. -25. -18. -17. -17. -15. -15. -12. -11.  -9.  -7.  -7.
  -5.  -4.  -4.  -2.  -1.   4.   4.   6.   8.   9.   9.  12.  15.  16.
  17.  20.  22.  23.  25.  26.  26.  28.  29.  29.  33.  34.  38.  39.
  43.  46.  47.  49.  49.  51.  53.  57.  64.  65.  65.  66.  70.  70.
  71.  76.  76.  77.  80.  81.  82.  83.  89.  91.  92.  93.  94.  95.
  96.  99.][-100.  -99.  -96.  -89.  -88.  -86.  -83.  -83.  -81.  -80.  -80.  -80.
  -79.  -78.  -78.  -74.  -72.  -68.  -66.  -60.  -60.  -59.  -59.  -58.
  -56.  -55.  -55.  -54.  -51.  -48.  -44.  -39.  -36.  -31.  -24.  -24.
  -22.  -20.  -19.  -18.  -18.  -14.  -11.   -9.   -8.   -8.   -5.   -2.
   -1.    0.    1.    1.    3.    4.    4.    9.   11.   12.   12.   17.
   20.   20.   21.   22.   22.   22.   22.   23.   23.   23.   24.   25.
   25.   30.   32.   34.   37.   38.   41.   42.   42.   45.   49.   51.
   55.   59.   60.   61.   65.   67.   68.   71.   74.   75.   77.   81.
   81.   92.   97.  100.][-100.  -96.  -95.  -92.  -92.  -92.  -90.  -90.  -88.  -88.  -88.  -84.
  -83.  -83.  -79.  -79.  -78.  -78.  -77.  -71.  -71.  -70.  -67.  -61.
  -60.  -59.  -56.  -51.  -49.  -48.  -46.  -44.  -43.  -43.  -40.  -36.
  -33.  -33.  -32.  -22.  -16.  -14.   -8.   -6.   -2.   -2.   -1.    5.
    8.   12.   12.   14.   17.   21.   23.   26.   28.   31.   31.   32.
   32.   39.   41.   42.   43.   43.   43.   44.   47.   48.   56.   56.
   59.   60.   66.   67.   70.   70.   71.   71.   72.   77.   81.   88.
   88.   88.   89.   90.   90.   91.   93.   93.   94.   94.   96.   97.
   98.   99.   99.  100.][-97. -97. -93. -90. -89. -85. -79. -75. -74. -69. -69. -68. -66. -65.
 -63. -61. -60. -57. -54. -52. -51. -49. -48. -47. -45. -45. -44. -43.
 -43. -42. -41. -39. -38. -32. -31. -29. -27. -27. -24. -23. -23. -19.
 -18. -17. -16. -11.  -9.  -9.  -9.  -6.   2.  10.  12.  15.  16.  18.
  19.  20.  21.  24.  27.  27.  30.  31.  33.  34.  35.  35.  36.  42.
  45.  45.  46.  48.  49.  50.  53.  57.  59.  63.  66.  67.  67.  72.
  75.  78.  79.  79.  79.  81.  84.  84.  84.  87.  88.  95.  96.  99.
  99. 100.][-95. -94. -92. -88. -86. -84. -83. -82. -77. -72. -72. -67. -66. -62.
 -59. -58. -58. -57. -53. -53. -49. -49. -44. -44. -42. -42. -40. -38.
 -37. -36. -33. -32. -28. -20. -19. -12.  -7.  -5.  -5.  -3.   0.   2.
   2.   7.   7.   8.   8.  14.  14.  16.  16.  16.  17.  19.  20.  20.
  22.  23.  24.  31.  31.  31.  32.  35.  35.  42.  42.  45.  51.  51.
  52.  56.  57.  59.  60.  60.  60.  63.  65.  66.  68.  69.  73.  74.
  75.  79.  80.  80.  81.  85.  86.  87.  89.  90.  91.  93.  97.  99.
  99. 100.][-100.  -99.  -91.  -89.  -87.  -85.  -85.  -81.  -81.  -70.  -69.  -68.
  -64.  -58.  -58.  -56.  -56.  -53.  -49.  -46.  -42.  -40.  -39.  -39.
  -38.  -38.  -33.  -31.  -29.  -28.  -27.  -27.  -25.  -23.  -20.  -20.
  -19.  -13.  -12.  -12.  -11.  -10.  -10.   -7.   -7.   -7.   -5.   -5.
    3.    3.    3.   12.   15.   18.   18.   19.   19.   22.   24.   25.
   28.   29.   29.   30.   33.   37.   41.   41.   42.   43.   48.   48.
   49.   52.   55.   57.   57.   62.   63.   63.   66.   68.   68.   69.
   74.   75.   75.   76.   82.   82.   84.   85.   85.   85.   86.   91.
   94.   98.  100.  100.][-100.  -92.  -88.  -87.  -83.  -78.  -77.  -76.  -72.  -70.  -69.  -67.
  -66.  -60.  -57.  -57.  -56.  -56.  -54.  -53.  -53.  -52.  -51.  -50.
  -49.  -49.  -49.  -47.  -47.  -40.  -38.  -37.  -37.  -36.  -34.  -30.
  -29.  -27.  -24.  -23.  -19.  -18.  -15.  -14.   -9.   -9.   -8.   -3.
   -2.    1.    4.    6.   12.   15.   15.   21.   22.   24.   26.   28.
   30.   31.   32.   32.   35.   37.   37.   38.   39.   45.   46.   48.
   49.   59.   63.   68.   69.   69.   71.   71.   72.   73.   73.   73.
   73.   73.   74.   75.   77.   77.   78.   78.   82.   82.   83.   85.
   85.   87.   87.   90.][-100. -100. -100.  -99.  -93.  -93.  -92.  -89.  -88.  -85.  -82.  -69.
  -67.  -65.  -62.  -61.  -57.  -56.  -56.  -56.  -52.  -52.  -49.  -48.
  -47.  -47.  -42.  -42.  -40.  -40.  -38.  -32.  -31.  -30.  -29.  -25.
  -21.  -19.  -19.  -15.  -13.  -13.  -11.  -11.   -8.    0.    6.    6.
    6.    6.    8.    9.   17.   21.   21.   22.   24.   24.   24.   25.
   26.   27.   29.   30.   33.   33.   34.   35.   37.   38.   41.   49.
   50.   51.   52.   52.   55.   55.   56.   63.   64.   66.   66.   74.
   75.   75.   75.   77.   78.   79.   79.   82.   87.   89.   91.   92.
   95.   95.   97.   99.][-95. -91. -91. -90. -90. -85. -84. -80. -79. -71. -68. -66. -66. -65.
 -62. -62. -59. -58. -56. -56. -53. -53. -52. -51. -50. -50. -48. -44.
 -44. -43. -43. -40. -35. -33. -31. -28. -26. -18. -17. -15. -13. -10.
  -9.  -7.  -5.  -2.  -2.  -1.   0.   0.   1.   9.  10.  12.  14.  15.
  16.  25.  26.  26.  30.  35.  37.  37.  38.  48.  48.  48.  48.  48.
  54.  56.  59.  59.  60.  60.  62.  64.  65.  66.  67.  70.  71.  73.
  73.  80.  81.  83.  83.  84.  93.  93.  94.  94.  94.  94.  95.  96.
  98.  99.][-99. -93. -91. -90. -90. -88. -86. -82. -82. -78. -77. -77. -72. -71.
 -70. -69. -66. -65. -65. -64. -60. -60. -55. -53. -52. -48. -48. -47.
 -42. -41. -41. -41. -40. -39. -38. -37. -37. -36. -36. -34. -28. -23.
 -20. -16. -15. -11. -11.  -7.  -7.  -5.  -2.  -1.   0.   6.  10.  13.
  13.  16.  21.  23.  24.  27.  28.  28.  32.  35.  36.  39.  40.  46.
  47.  48.  51.  52.  55.  56.  56.  57.  57.  61.  62.  64.  65.  66.
  67.  69.  71.  74.  76.  78.  78.  85.  86.  90.  90.  92.  92.  93.
  94.  94.][-98. -98. -97. -89. -88. -87. -87. -86. -85. -85. -83. -81. -80. -80.
 -80. -78. -77. -76. -70. -69. -67. -65. -65. -64. -62. -58. -57. -53.
 -51. -51. -50. -50. -49. -46. -44. -44. -37. -33. -31. -28. -24. -24.
 -24. -22. -15. -14. -11.  -8.  -3.  -2.   3.   4.   5.   6.  11.  11.
  16.  17.  17.  19.  26.  33.  36.  36.  38.  38.  41.  42.  42.  49.
  50.  53.  53.  54.  54.  56.  57.  62.  67.  70.  70.  70.  71.  71.
  72.  77.  78.  78.  80.  81.  83.  83.  83.  85.  86.  93.  93.  96.
  97.  98.][-98. -97. -94. -94. -86. -85. -83. -81. -81. -81. -80. -79. -79. -76.
 -75. -74. -72. -71. -65. -64. -61. -61. -60. -59. -59. -57. -57. -56.
 -55. -54. -53. -47. -47. -45. -44. -43. -40. -39. -38. -37. -36. -33.
 -33. -32. -31. -31. -29. -29. -26. -23. -22. -22. -20. -18. -17. -13.
  -6.  -5.  -5.  -4.  -3.   3.   5.   5.   6.   6.   8.  10.  10.  13.
  16.  25.  25.  28.  31.  32.  35.  39.  45.  48.  51.  52.  54.  55.
  62.  64.  71.  73.  75.  75.  77.  77.  83.  87.  89.  90.  90.  95.
  96.  96.][-99. -98. -96. -92. -88. -88. -85. -81. -80. -79. -78. -73. -70. -68.
 -68. -66. -66. -64. -62. -61. -58. -55. -48. -35. -35. -34. -34. -32.
 -31. -30. -24. -24. -21. -19. -19. -18. -18. -16. -15. -15. -13. -13.
 -12.  -8.  -8.  -8.  -1.   0.   0.   4.   5.   6.  11.  12.  16.  18.
  19.  20.  25.  26.  31.  33.  33.  35.  41.  41.  41.  41.  42.  43.
  43.  45.  47.  47.  49.  51.  51.  52.  52.  54.  54.  60.  63.  68.
  69.  70.  76.  77.  78.  78.  80.  80.  84.  88.  90.  95.  97.  97.
  97.  98.][-98. -93. -87. -86. -85. -84. -84. -83. -83. -81. -80. -78. -77. -75.
 -75. -74. -73. -72. -69. -67. -61. -59. -58. -58. -57. -57. -54. -54.
 -53. -52. -47. -46. -42. -42. -38. -38. -35. -30. -28. -25. -25. -17.
 -10.  -9.  -5.  -5.  -3.  -2.   4.   5.   5.   7.   9.  10.  13.  15.
  19.  20.  21.  21.  27.  27.  28.  30.  30.  31.  34.  36.  36.  40.
  44.  45.  47.  50.  55.  56.  60.  62.  65.  65.  67.  68.  68.  71.
  72.  73.  73.  74.  74.  76.  78.  79.  81.  82.  83.  86.  88.  93.
  94.  98.][-100.  -97.  -96.  -93.  -92.  -90.  -89.  -87.  -87.  -84.  -81.  -79.
  -77.  -76.  -74.  -72.  -71.  -70.  -70.  -69.  -67.  -64.  -63.  -61.
  -61.  -60.  -60.  -55.  -52.  -52.  -50.  -48.  -46.  -46.  -45.  -44.
  -44.  -44.  -38.  -35.  -32.  -30.  -28.  -28.  -26.  -24.  -22.  -21.
  -17.  -14.   -8.   -8.   -8.   -5.   -5.   -1.    0.   10.   12.   13.
   18.   20.   20.   21.   23.   25.   27.   28.   31.   34.   36.   37.
   40.   41.   42.   44.   45.   49.   54.   55.   57.   59.   59.   60.
   64.   65.   66.   70.   72.   73.   80.   81.   82.   83.   83.   85.
   86.   86.   88.   98.][-100.  -99.  -97.  -93.  -93.  -91.  -90.  -90.  -89.  -88.  -86.  -86.
  -85.  -84.  -78.  -77.  -77.  -75.  -75.  -71.  -65.  -65.  -65.  -63.
  -62.  -62.  -60.  -59.  -58.  -56.  -52.  -50.  -47.  -45.  -39.  -36.
  -35.  -35.  -35.  -34.  -34.  -34.  -33.  -31.  -28.  -23.  -22.  -17.
  -17.  -16.  -14.   -8.   -8.   -7.    2.    2.    4.    4.    4.    9.
   13.   19.   20.   20.   22.   26.   33.   35.   35.   46.   52.   53.
   54.   54.   54.   54.   57.   58.   58.   60.   62.   63.   65.   68.
   68.   75.   76.   77.   77.   78.   79.   80.   82.   83.   86.   86.
   89.   92.   93.   95.][-99. -99. -96. -95. -95. -93. -89. -85. -83. -82. -79. -79. -77. -75.
 -72. -65. -64. -60. -60. -58. -57. -56. -54. -53. -52. -52. -50. -47.
 -46. -44. -33. -32. -31. -28. -27. -25. -20. -18. -17. -17. -16. -14.
 -10.  -8.  -6.  -5.  -4.  -3.   0.   2.   8.   9.   9.  11.  13.  14.
  14.  15.  16.  18.  23.  25.  28.  30.  36.  36.  37.  37.  37.  37.
  37.  39.  41.  45.  45.  47.  49.  52.  55.  56.  61.  64.  68.  69.
  71.  74.  76.  77.  77.  84.  86.  88.  90.  93.  93.  96.  99.  99.
 100. 100.][-97. -96. -95. -95. -91. -89. -88. -87. -86. -85. -84. -82. -81. -79.
 -78. -72. -69. -67. -65. -63. -61. -59. -59. -58. -56. -56. -54. -51.
 -47. -43. -43. -38. -38. -33. -31. -31. -30. -28. -27. -26. -22. -22.
 -20. -19. -15. -14. -13. -13. -12.  -5.  -5.  -4.  -3.   0.   0.   3.
   3.   8.  10.  10.  11.  13.  14.  16.  20.  21.  26.  29.  30.  33.
  34.  36.  38.  39.  43.  43.  43.  43.  46.  54.  56.  57.  57.  58.
  60.  63.  68.  70.  70.  72.  72.  72.  78.  78.  83.  88.  90.  91.
  92.  98.][-100. -100.  -92.  -89.  -87.  -87.  -87.  -85.  -83.  -82.  -81.  -80.
  -79.  -78.  -78.  -76.  -76.  -75.  -75.  -75.  -75.  -75.  -71.  -71.
  -69.  -65.  -65.  -59.  -52.  -51.  -50.  -49.  -49.  -47.  -47.  -46.
  -43.  -40.  -35.  -34.  -32.  -31.  -28.  -28.  -27.  -18.  -18.  -14.
   -9.   -6.   -4.   -3.   -2.   -1.    1.   12.   15.   19.   19.   20.
   20.   22.   22.   24.   26.   27.   30.   30.   39.   40.   48.   49.
   50.   52.   53.   55.   59.   60.   61.   62.   62.   63.   64.   69.
   71.   71.   73.   75.   76.   77.   80.   83.   84.   86.   88.   89.
   92.   95.   96.   99.][-100.  -99.  -93.  -91.  -89.  -88.  -87.  -87.  -86.  -84.  -82.  -81.
  -77.  -76.  -76.  -76.  -72.  -71.  -67.  -65.  -63.  -63.  -49.  -42.
  -42.  -40.  -38.  -38.  -32.  -29.  -28.  -28.  -26.  -26.  -21.  -19.
  -11.   -9.   -8.   -6.   -5.   -3.   -2.   -1.   -1.    2.    4.    4.
    4.   10.   12.   15.   15.   15.   18.   20.   21.   27.   29.   31.
   32.   36.   36.   38.   39.   42.   45.   46.   47.   51.   52.   58.
   59.   60.   63.   63.   67.   67.   68.   69.   69.   70.   71.   75.
   78.   79.   80.   82.   83.   85.   87.   88.   91.   93.   94.   94.
   95.   95.   96.   99.][-100.  -97.  -97.  -96.  -94.  -89.  -88.  -87.  -87.  -86.  -85.  -80.
  -72.  -72.  -70.  -69.  -69.  -66.  -64.  -59.  -58.  -56.  -47.  -43.
  -42.  -41.  -39.  -38.  -37.  -36.  -36.  -34.  -32.  -31.  -31.  -30.
  -28.  -26.  -22.  -21.  -20.  -18.  -16.  -10.  -10.   -9.   -7.   -7.
   -1.    2.    3.    4.    6.    6.    6.    9.   17.   17.   18.   19.
   25.   26.   28.   29.   31.   32.   36.   36.   38.   41.   42.   45.
   47.   48.   50.   52.   54.   59.   62.   71.   73.   74.   75.   79.
   79.   80.   81.   81.   83.   83.   88.   89.   90.   93.   94.   97.
   97.   98.   98.   99.][-100.  -99.  -98.  -95.  -92.  -89.  -88.  -88.  -87.  -87.  -81.  -75.
  -74.  -65.  -65.  -62.  -59.  -54.  -54.  -52.  -51.  -51.  -50.  -48.
  -43.  -43.  -42.  -42.  -39.  -38.  -33.  -28.  -27.  -27.  -26.  -22.
  -20.  -20.  -17.  -14.  -14.  -14.   -8.   -7.   -6.   -6.    0.    1.
    3.    5.    5.    5.    8.    8.   11.   12.   14.   14.   16.   17.
   19.   22.   22.   22.   30.   34.   34.   34.   36.   38.   38.   38.
   38.   39.   39.   41.   43.   49.   54.   55.   55.   55.   59.   60.
   66.   68.   70.   71.   73.   81.   83.   87.   89.   91.   91.   92.
   96.   98.  100.  100.][-100.  -98.  -98.  -97.  -96.  -96.  -92.  -91.  -89.  -84.  -81.  -77.
  -76.  -75.  -73.  -73.  -67.  -66.  -66.  -64.  -64.  -55.  -55.  -55.
  -53.  -51.  -41.  -37.  -36.  -34.  -34.  -31.  -30.  -27.  -27.  -27.
  -26.  -26.  -23.  -23.  -19.  -18.  -17.  -15.  -15.  -14.  -12.  -12.
  -10.  -10.   -9.   -8.   -7.   -5.   -2.    1.    3.    6.    6.    7.
   11.   14.   16.   17.   24.   25.   29.   31.   31.   32.   33.   33.
   36.   38.   39.   40.   40.   41.   43.   44.   47.   47.   48.   48.
   51.   54.   54.   58.   60.   62.   62.   67.   68.   68.   70.   71.
   71.   76.   78.   88.][-99. -87. -85. -85. -84. -82. -77. -77. -75. -74. -71. -70. -64. -64.
 -58. -58. -56. -54. -53. -52. -52. -51. -49. -48. -47. -47. -46. -42.
 -41. -37. -35. -34. -34. -34. -33. -31. -24. -19. -18. -18. -12. -11.
 -10. -10.  -8.  -8.  -7.  -6.  -5.  -5.  -4.  -3.  -1.   1.   2.   3.
   4.   6.   6.  11.  12.  16.  22.  28.  30.  31.  32.  34.  34.  38.
  39.  40.  40.  40.  44.  47.  47.  52.  52.  55.  55.  57.  58.  60.
  61.  68.  69.  72.  74.  77.  79.  79.  79.  85.  85.  87.  87.  94.
  96.  99.][-99. -98. -96. -96. -92. -91. -91. -89. -85. -84. -84. -84. -82. -82.
 -82. -79. -75. -74. -73. -73. -69. -65. -65. -62. -57. -55. -54. -54.
 -53. -53. -53. -51. -49. -49. -48. -47. -42. -41. -41. -39. -35. -32.
 -30. -24. -18. -12. -11. -11. -10.  -7.  -4.  -1.   0.   2.   3.   8.
  10.  11.  15.  16.  21.  27.  27.  27.  28.  28.  34.  35.  36.  43.
  45.  47.  54.  57.  57.  58.  59.  62.  62.  67.  68.  69.  71.  76.
  77.  77.  78.  80.  81.  83.  84.  84.  85.  85.  91.  93.  93.  94.
  96.  98.][-97. -92. -91. -91. -91. -90. -90. -89. -89. -89. -89. -88. -84. -82.
 -81. -81. -77. -77. -75. -74. -73. -68. -67. -65. -65. -65. -62. -62.
 -61. -60. -59. -59. -59. -57. -55. -53. -47. -42. -40. -29. -23. -23.
 -22. -20. -19. -17. -16. -16. -12. -11.  -3.  -1.  -1.   0.   4.  12.
  15.  17.  17.  19.  21.  26.  27.  28.  28.  29.  29.  32.  39.  40.
  40.  41.  43.  45.  45.  45.  46.  50.  50.  52.  52.  55.  57.  58.
  67.  68.  68.  70.  72.  72.  77.  77.  79.  80.  84.  86.  86.  88.
  90.  96.][-98. -97. -95. -95. -90. -86. -85. -77. -75. -68. -67. -64. -63. -59.
 -55. -55. -55. -53. -52. -52. -50. -44. -42. -39. -39. -34. -30. -28.
 -28. -27. -26. -26. -24. -21. -20. -18. -17. -17. -16. -11. -11.  -9.
  -9.  -9.  -8.  -8.  -7.  -6.  -2.   0.   1.   3.   3.   5.   6.  12.
  19.  21.  22.  26.  27.  31.  31.  36.  37.  40.  43.  43.  45.  48.
  49.  52.  52.  52.  53.  58.  59.  62.  62.  63.  66.  67.  68.  72.
  72.  73.  75.  77.  82.  82.  83.  85.  91.  95.  96.  97.  98.  99.
 100. 100.][-96. -95. -94. -94. -88. -87. -86. -84. -84. -84. -81. -81. -79. -79.
 -76. -65. -65. -63. -62. -61. -61. -61. -61. -60. -59. -58. -56. -55.
 -53. -52. -48. -46. -46. -41. -41. -37. -36. -35. -34. -32. -29. -25.
 -25. -24. -21. -14. -10.  -7.  -1.  -1.  -1.   0.   0.   1.   2.   2.
   4.   6.  10.  10.  13.  13.  14.  15.  16.  18.  23.  33.  35.  36.
  39.  39.  40.  48.  50.  52.  53.  56.  56.  63.  66.  67.  72.  73.
  76.  77.  78.  79.  79.  79.  83.  83.  86.  87.  89.  91.  92.  92.
  99.  99.][-99. -99. -96. -96. -94. -92. -92. -91. -90. -87. -85. -81. -80. -67.
 -67. -67. -66. -64. -64. -58. -55. -54. -54. -53. -51. -48. -47. -41.
 -41. -41. -39. -37. -36. -33. -31. -31. -27. -25. -24. -24. -23. -23.
 -21. -17. -15. -14. -14. -11.  -9.  -7.  -7.  -6.  -5.  -2.   2.  12.
  14.  17.  19.  19.  25.  25.  26.  27.  28.  28.  35.  39.  39.  48.
  49.  50.  51.  51.  52.  54.  55.  56.  61.  64.  70.  71.  73.  74.
  76.  79.  81.  86.  87.  87.  89.  91.  94.  94.  94.  96.  97.  97.
  98.  98.][-100.  -94.  -93.  -89.  -88.  -86.  -86.  -83.  -73.  -69.  -67.  -67.
  -65.  -60.  -59.  -57.  -57.  -54.  -53.  -53.  -51.  -51.  -50.  -49.
  -49.  -47.  -44.  -42.  -42.  -37.  -36.  -36.  -36.  -30.  -29.  -28.
  -25.  -24.  -23.  -20.  -14.  -14.  -13.  -13.   -8.   -6.   -6.   -6.
   -4.   -3.   -3.   -3.   -2.   -1.    0.    2.    5.    8.    8.   11.
   12.   13.   17.   17.   18.   18.   21.   21.   22.   22.   25.   26.
   33.   33.   34.   41.   44.   45.   50.   50.   55.   57.   63.   63.
   65.   67.   68.   71.   72.   72.   76.   77.   84.   92.   93.   94.
   94.   96.  100.  100.][-99. -98. -98. -98. -96. -95. -95. -94. -89. -87. -81. -81. -80. -80.
 -79. -76. -69. -68. -67. -63. -63. -61. -59. -58. -57. -55. -55. -53.
 -44. -42. -35. -30. -26. -25. -22. -19. -18. -18. -16. -15. -12. -10.
  -7.  -5.  -5.  -2.  -2.   0.   1.  11.  11.  12.  15.  19.  19.  20.
  26.  28.  29.  30.  33.  34.  35.  37.  38.  38.  41.  43.  44.  47.
  48.  50.  50.  54.  56.  56.  57.  59.  61.  62.  63.  63.  64.  64.
  68.  68.  78.  78.  80.  81.  82.  85.  87.  88.  90.  90.  90.  92.
  94.  97.][-100.  -99.  -98.  -98.  -96.  -94.  -93.  -92.  -88.  -87.  -86.  -86.
  -85.  -82.  -81.  -80.  -79.  -77.  -73.  -73.  -73.  -71.  -70.  -69.
  -67.  -64.  -59.  -56.  -55.  -53.  -50.  -43.  -39.  -37.  -33.  -31.
  -28.  -26.  -26.  -26.  -22.  -19.  -19.  -18.  -17.  -17.  -16.  -13.
  -13.   -4.   -3.   -2.    0.    0.    4.    4.    6.    6.    7.    8.
   14.   16.   21.   21.   22.   22.   23.   24.   28.   33.   33.   35.
   37.   38.   43.   46.   49.   50.   50.   54.   57.   62.   63.   64.
   67.   69.   73.   74.   75.   75.   79.   81.   82.   82.   82.   84.
   90.   90.   93.   97.][-100.  -98.  -93.  -91.  -89.  -89.  -85.  -84.  -83.  -83.  -82.  -82.
  -79.  -75.  -72.  -69.  -68.  -68.  -64.  -60.  -56.  -54.  -53.  -51.
  -47.  -46.  -45.  -45.  -44.  -43.  -43.  -41.  -39.  -38.  -38.  -31.
  -30.  -30.  -29.  -22.  -21.  -17.  -13.  -13.   -9.   -5.   -5.   -4.
   -4.   -3.   -2.    1.    6.    8.    8.    9.   11.   13.   19.   27.
   30.   30.   31.   34.   39.   42.   42.   47.   48.   48.   49.   52.
   52.   52.   54.   56.   58.   61.   62.   62.   62.   63.   69.   73.
   73.   76.   78.   79.   81.   83.   88.   89.   90.   91.   94.   96.
   96.   97.   97.   98.][-100.  -98.  -97.  -97.  -94.  -88.  -85.  -83.  -82.  -82.  -81.  -81.
  -78.  -76.  -73.  -72.  -72.  -68.  -68.  -65.  -60.  -59.  -54.  -52.
  -41.  -40.  -40.  -39.  -37.  -34.  -31.  -29.  -24.  -19.  -15.  -13.
  -10.   -9.   -9.   -7.   -6.   -3.   -1.   -1.    0.    3.    4.    6.
    7.   11.   12.   12.   15.   17.   21.   24.   27.   28.   29.   30.
   33.   38.   38.   40.   41.   45.   45.   47.   48.   51.   51.   51.
   52.   57.   59.   59.   61.   64.   65.   67.   68.   69.   71.   74.
   77.   83.   83.   85.   86.   87.   91.   91.   92.   93.   93.   95.
   97.   98.   98.   99.][-100.  -94.  -91.  -87.  -85.  -84.  -83.  -83.  -81.  -80.  -79.  -79.
  -77.  -77.  -76.  -72.  -66.  -65.  -65.  -62.  -60.  -53.  -53.  -50.
  -50.  -49.  -46.  -44.  -43.  -41.  -35.  -33.  -30.  -27.  -25.  -24.
  -21.  -21.  -19.  -12.  -10.   -7.   -6.   -3.   -3.   -2.   -1.   -1.
    2.    2.    4.   13.   14.   15.   16.   21.   24.   25.   26.   28.
   28.   29.   33.   34.   35.   37.   39.   43.   45.   46.   50.   51.
   54.   60.   62.   63.   64.   66.   67.   68.   68.   70.   71.   72.
   73.   75.   75.   76.   77.   81.   82.   83.   84.   86.   87.   88.
   93.   96.   97.   97.][-96. -94. -92. -89. -88. -88. -87. -86. -84. -79. -78. -76. -76. -74.
 -72. -72. -70. -68. -64. -64. -59. -58. -55. -51. -51. -51. -49. -49.
 -48. -47. -44. -43. -40. -38. -38. -36. -35. -33. -33. -31. -29. -28.
 -23. -20. -20. -19. -19. -17. -16. -16. -10. -10.  -7.  -7.   6.   6.
   7.  10.  10.  12.  12.  13.  15.  16.  18.  22.  30.  31.  32.  33.
  34.  50.  52.  52.  57.  58.  58.  60.  63.  63.  64.  65.  68.  68.
  69.  70.  71.  75.  79.  83.  84.  88.  88.  88.  89.  90.  92.  98.
  98.  99.][-100.  -98.  -97.  -96.  -95.  -95.  -90.  -88.  -87.  -77.  -73.  -71.
  -70.  -69.  -67.  -64.  -59.  -57.  -56.  -56.  -56.  -56.  -55.  -54.
  -54.  -53.  -52.  -52.  -51.  -49.  -49.  -48.  -47.  -40.  -37.  -37.
  -35.  -33.  -28.  -25.  -25.  -25.  -22.  -20.  -20.  -19.  -16.  -12.
  -10.  -10.   -8.   -6.   -5.   -4.   -3.    0.    2.    5.    8.    9.
   11.   12.   19.   19.   26.   27.   27.   31.   33.   33.   34.   39.
   41.   41.   41.   46.   49.   52.   57.   59.   63.   64.   66.   69.
   75.   78.   82.   83.   84.   85.   86.   86.   91.   92.   94.   95.
   95.   98.   98.  100.][-99. -98. -97. -97. -96. -95. -91. -90. -87. -85. -85. -83. -82. -82.
 -81. -81. -80. -75. -73. -72. -72. -71. -70. -67. -66. -66. -65. -63.
 -61. -60. -57. -56. -56. -55. -53. -42. -42. -34. -33. -33. -29. -29.
 -27. -24. -24. -24. -21. -18. -18. -15.  -7.  -6.  -5.  -4.  -4.  -3.
  -1.   1.   2.   6.   9.  17.  20.  21.  21.  21.  25.  25.  28.  28.
  30.  31.  33.  37.  38.  41.  44.  45.  46.  53.  56.  62.  64.  65.
  67.  67.  74.  74.  81.  83.  86.  89.  90.  90.  92.  93.  93.  95.
  95.  99.][-98. -88. -85. -83. -83. -83. -83. -83. -80. -78. -71. -70. -65. -64.
 -64. -63. -56. -54. -52. -50. -50. -49. -46. -44. -41. -41. -40. -40.
 -39. -38. -38. -35. -33. -33. -33. -33. -31. -29. -27. -26. -23. -23.
 -21. -21. -17. -10.  -9.  -8.  -7.  -6.  -3.  -3.   1.   7.   9.  12.
  13.  17.  18.  20.  20.  25.  27.  27.  29.  30.  30.  31.  31.  31.
  33.  34.  34.  38.  50.  51.  55.  56.  57.  59.  60.  60.  62.  62.
  63.  63.  67.  72.  73.  73.  76.  79.  79.  85.  86.  87.  93.  94.
  96. 100.][-100. -100.  -99.  -97.  -96.  -95.  -94.  -93.  -92.  -91.  -89.  -89.
  -86.  -84.  -84.  -83.  -83.  -83.  -82.  -80.  -76.  -75.  -74.  -72.
  -70.  -66.  -64.  -63.  -62.  -58.  -55.  -54.  -50.  -50.  -49.  -42.
  -41.  -37.  -34.  -26.  -24.  -22.  -20.  -20.  -20.  -18.  -16.  -14.
  -13.  -12.  -12.   -9.   -9.   -6.   -5.   -2.   -1.    1.    9.   10.
   12.   13.   14.   21.   24.   27.   28.   30.   31.   33.   37.   37.
   39.   45.   49.   49.   51.   57.   64.   65.   67.   70.   72.   72.
   72.   73.   78.   79.   79.   81.   81.   84.   87.   88.   90.   93.
   94.   95.   98.   99.][-97. -95. -94. -93. -89. -89. -80. -79. -74. -72. -71. -71. -71. -70.
 -69. -65. -62. -61. -59. -56. -54. -52. -52. -49. -49. -48. -47. -46.
 -45. -44. -41. -41. -36. -36. -24. -22. -22. -22. -21. -16. -16. -15.
 -14. -14. -14. -12. -10.  -8.  -7.  -3.  -2.  -1.   1.   1.   3.   3.
   5.   7.   7.  12.  14.  16.  16.  17.  20.  20.  21.  22.  22.  24.
  26.  29.  29.  33.  34.  45.  47.  53.  53.  53.  55.  55.  56.  57.
  59.  61.  61.  63.  68.  70.  79.  82.  82.  83.  84.  86.  89.  93.
  93.  95.][-100. -100.  -93.  -92.  -91.  -90.  -89.  -86.  -81.  -81.  -80.  -77.
  -75.  -75.  -74.  -72.  -70.  -70.  -65.  -63.  -58.  -57.  -52.  -50.
  -47.  -43.  -41.  -38.  -34.  -31.  -29.  -27.  -26.  -25.  -24.  -20.
  -19.  -17.  -16.  -13.  -12.  -11.  -10.   -5.   -2.    0.    0.    0.
   11.   12.   12.   13.   13.   14.   16.   16.   20.   20.   24.   25.
   25.   26.   29.   33.   37.   39.   46.   46.   52.   53.   55.   55.
   58.   60.   60.   61.   63.   65.   66.   67.   68.   70.   72.   73.
   75.   76.   77.   78.   79.   80.   80.   86.   88.   90.   92.   93.
   93.   94.   94.   97.][-100. -100.  -90.  -90.  -86.  -81.  -81.  -81.  -79.  -76.  -76.  -75.
  -74.  -71.  -70.  -70.  -69.  -67.  -60.  -54.  -51.  -49.  -49.  -48.
  -46.  -45.  -45.  -45.  -42.  -42.  -32.  -25.  -20.  -16.  -15.  -13.
  -12.  -11.   -6.   -5.   -4.   -2.   -1.    5.    6.    8.   10.   11.
   12.   12.   15.   15.   16.   18.   18.   19.   20.   22.   26.   27.
   29.   29.   35.   37.   38.   39.   44.   44.   44.   45.   48.   49.
   51.   55.   55.   55.   55.   56.   58.   63.   64.   67.   67.   73.
   75.   75.   79.   80.   82.   84.   88.   90.   91.   91.   94.   94.
   98.   99.  100.  100.][-98. -96. -93. -93. -92. -91. -91. -88. -85. -82. -78. -74. -74. -71.
 -68. -66. -66. -60. -60. -59. -59. -58. -53. -51. -48. -47. -45. -44.
 -44. -41. -40. -38. -38. -35. -33. -33. -33. -32. -28. -25. -20. -20.
 -17. -11. -11.  -9.  -9.  -8.  -6.  -2.  -1.   9.   9.  11.  13.  19.
  19.  20.  21.  22.  25.  28.  29.  29.  30.  32.  36.  38.  39.  41.
  42.  42.  42.  45.  47.  47.  52.  53.  57.  57.  60.  61.  63.  63.
  66.  69.  70.  74.  74.  76.  80.  82.  83.  85.  90.  94.  94.  96.
  98.  99.][-99. -98. -95. -92. -87. -87. -86. -85. -85. -84. -82. -79. -78. -77.
 -76. -74. -73. -69. -68. -66. -62. -59. -58. -49. -48. -46. -45. -39.
 -38. -38. -37. -33. -30. -30. -21. -19. -18. -15. -14.  -9.  -7.  -6.
  -6.  -5.  -1.   1.   2.   5.   6.   8.  12.  15.  15.  16.  17.  20.
  21.  23.  23.  24.  24.  26.  27.  27.  28.  29.  30.  33.  34.  34.
  35.  38.  39.  39.  43.  43.  43.  44.  44.  44.  45.  46.  49.  50.
  52.  54.  55.  57.  60.  61.  61.  63.  66.  67.  71.  83.  86.  87.
  96.  97.][-100.  -99.  -97.  -96.  -95.  -92.  -91.  -91.  -89.  -88.  -88.  -85.
  -85.  -85.  -83.  -82.  -81.  -75.  -72.  -70.  -68.  -67.  -66.  -62.
  -61.  -59.  -59.  -58.  -52.  -47.  -44.  -42.  -41.  -39.  -38.  -38.
  -37.  -37.  -35.  -30.  -26.  -23.  -18.  -18.  -13.  -12.  -11.   -6.
   -4.   -2.    0.    2.    4.    8.    8.   10.   11.   11.   11.   17.
   18.   21.   23.   23.   23.   25.   27.   29.   30.   32.   35.   36.
   37.   37.   37.   42.   49.   50.   51.   53.   54.   58.   59.   62.
   65.   66.   68.   69.   70.   72.   73.   75.   75.   78.   81.   81.
   82.   82.   87.   96.][-100.  -99.  -99.  -99.  -98.  -95.  -94.  -93.  -92.  -90.  -88.  -88.
  -87.  -86.  -85.  -78.  -76.  -76.  -75.  -72.  -66.  -63.  -59.  -57.
  -55.  -51.  -48.  -44.  -39.  -35.  -34.  -33.  -32.  -31.  -30.  -30.
  -30.  -30.  -21.  -20.  -20.  -18.  -18.  -18.  -15.  -14.  -10.   -9.
   -9.   -1.   -1.    0.    7.   10.   12.   17.   18.   18.   19.   19.
   22.   23.   29.   33.   34.   35.   36.   36.   38.   41.   45.   46.
   51.   55.   56.   57.   59.   64.   64.   65.   65.   67.   72.   73.
   76.   77.   78.   79.   83.   83.   84.   86.   87.   92.   92.   94.
   94.   95.   95.  100.][-95. -95. -95. -88. -86. -85. -84. -79. -78. -75. -75. -74. -72. -72.
 -70. -68. -67. -67. -64. -61. -57. -56. -53. -49. -47. -43. -41. -39.
 -35. -34. -33. -32. -28. -28. -28. -24. -22. -21. -17. -17. -15. -12.
 -11.  -8.  -6.  -6.  -4.  -2.  -1.   2.   6.   8.   9.  11.  11.  12.
  13.  18.  26.  28.  35.  36.  40.  42.  47.  48.  48.  50.  50.  52.
  55.  56.  56.  58.  61.  61.  61.  62.  63.  65.  66.  67.  68.  71.
  77.  82.  82.  87.  88.  88.  88.  89.  90.  91.  92.  94.  95.  95.
  96.  99.][-100.  -99.  -99.  -98.  -93.  -93.  -92.  -92.  -90.  -89.  -86.  -84.
  -83.  -82.  -81.  -81.  -77.  -76.  -71.  -69.  -68.  -65.  -63.  -60.
  -59.  -53.  -52.  -52.  -51.  -50.  -45.  -44.  -42.  -41.  -39.  -38.
  -33.  -32.  -30.  -30.  -29.  -27.  -18.  -16.  -13.  -10.   -9.   -4.
   -2.   -1.    4.    7.    9.   10.   13.   16.   16.   17.   17.   17.
   18.   23.   24.   26.   27.   27.   29.   31.   31.   36.   37.   38.
   38.   43.   47.   48.   49.   50.   51.   57.   57.   57.   63.   64.
   69.   70.   70.   76.   80.   83.   83.   84.   87.   87.   88.   89.
   94.   96.   97.   98.][-100.  -99.  -92.  -92.  -88.  -85.  -84.  -83.  -81.  -70.  -70.  -67.
  -64.  -62.  -61.  -60.  -60.  -60.  -56.  -55.  -49.  -49.  -47.  -45.
  -43.  -43.  -40.  -36.  -27.  -27.  -25.  -24.  -24.  -23.  -20.  -17.
  -17.  -16.  -16.  -14.  -11.  -10.   -5.    0.    0.    3.    4.    5.
    6.    6.    6.    8.    9.   14.   16.   17.   20.   21.   24.   25.
   25.   26.   29.   29.   30.   32.   34.   39.   40.   40.   41.   44.
   48.   57.   59.   59.   60.   62.   62.   63.   65.   65.   69.   74.
   76.   76.   77.   77.   79.   81.   82.   85.   85.   86.   95.   96.
   97.   97.   99.   99.][-98. -96. -93. -92. -91. -91. -87. -84. -83. -81. -78. -77. -76. -68.
 -66. -66. -65. -63. -62. -62. -61. -59. -55. -53. -51. -48. -47. -45.
 -45. -43. -43. -42. -40. -39. -37. -36. -34. -34. -32. -31. -29. -28.
 -27. -26. -24. -23. -21. -20. -16. -15.  -9.  -8.  -7.  -5.  -4.  -3.
  -1.   1.   2.   3.   7.   9.   9.  15.  15.  18.  23.  31.  35.  36.
  36.  41.  42.  49.  52.  56.  57.  61.  61.  64.  66.  66.  72.  72.
  74.  75.  75.  77.  78.  78.  82.  84.  85.  87.  88.  93.  95.  96.
  96.  97.][-97. -96. -94. -94. -92. -89. -88. -77. -72. -71. -70. -64. -61. -58.
 -56. -55. -54. -52. -52. -48. -45. -41. -40. -39. -37. -36. -33. -32.
 -31. -28. -22. -22. -19. -19. -17. -15. -15. -14. -14. -13.  -9.  -8.
  -7.  -6.  -4.   4.   6.   8.  10.  10.  11.  11.  18.  19.  19.  24.
  27.  27.  28.  30.  32.  35.  36.  39.  39.  40.  40.  40.  41.  41.
  42.  42.  44.  44.  45.  46.  50.  52.  53.  54.  56.  57.  60.  61.
  62.  63.  64.  66.  68.  69.  70.  72.  75.  78.  80.  82.  83.  87.
  94.  95.][-96. -95. -94. -94. -86. -83. -77. -74. -73. -71. -71. -70. -70. -62.
 -61. -58. -56. -54. -52. -48. -45. -43. -43. -41. -39. -37. -35. -32.
 -31. -29. -29. -28. -28. -28. -27. -21. -20. -19. -19. -17. -10. -10.
  -8.  -8.  -6.  -6.  -3.   0.   4.   6.   7.   9.   9.  10.  13.  13.
  18.  18.  23.  24.  34.  34.  35.  38.  42.  43.  43.  47.  52.  53.
  58.  58.  59.  61.  61.  62.  63.  64.  69.  70.  74.  75.  77.  77.
  79.  81.  81.  82.  84.  86.  87.  87.  88.  90.  91.  92.  94.  96.
  99.  99.][-99. -97. -96. -96. -94. -93. -89. -87. -87. -84. -84. -83. -82. -78.
 -76. -75. -74. -69. -65. -64. -64. -62. -62. -61. -59. -58. -58. -55.
 -53. -51. -46. -43. -40. -38. -37. -37. -37. -35. -32. -29. -24. -21.
 -20. -15. -15. -14. -12.  -5.  -5.  -1.   1.   4.   5.   8.  10.  10.
  11.  12.  13.  13.  15.  16.  18.  19.  23.  24.  25.  29.  30.  46.
  47.  48.  49.  53.  53.  54.  55.  57.  59.  59.  60.  62.  64.  68.
  70.  72.  75.  75.  79.  79.  83.  83.  84.  90.  91.  97.  97.  98.
  98. 100.][-100.  -98.  -97.  -97.  -96.  -91.  -90.  -90.  -88.  -86.  -86.  -85.
  -80.  -76.  -76.  -75.  -74.  -74.  -73.  -72.  -68.  -67.  -61.  -60.
  -57.  -49.  -46.  -44.  -44.  -40.  -40.  -39.  -34.  -33.  -33.  -31.
  -29.  -24.  -24.  -24.  -22.  -22.  -20.  -20.  -19.  -12.   -9.   -7.
   -6.   -4.   -3.    1.   10.   13.   14.   16.   18.   22.   24.   24.
   25.   26.   26.   27.   27.   32.   35.   37.   38.   39.   42.   42.
   47.   48.   50.   51.   52.   52.   54.   61.   62.   65.   66.   73.
   73.   75.   79.   81.   86.   87.   87.   88.   90.   96.   97.   98.
   99.  100.  100.  100.][-98. -95. -94. -91. -91. -89. -89. -85. -83. -80. -76. -75. -74. -71.
 -65. -64. -63. -63. -59. -58. -57. -57. -56. -54. -52. -49. -48. -45.
 -44. -41. -39. -36. -36. -29. -26. -25. -23. -22. -21. -17. -15. -13.
 -12. -11. -11.  -8.  -8.  -7.  -3.   7.   9.  11.  12.  13.  14.  14.
  15.  19.  22.  22.  23.  24.  24.  25.  29.  32.  35.  35.  37.  37.
  39.  40.  41.  45.  48.  50.  51.  52.  52.  52.  57.  65.  66.  68.
  69.  74.  80.  80.  81.  83.  84.  91.  94.  95.  95.  96.  96. 100.
 100. 100.][-98. -96. -96. -92. -90. -88. -86. -86. -85. -84. -82. -78. -76. -76.
 -76. -74. -71. -69. -69. -67. -67. -65. -65. -60. -59. -55. -54. -53.
 -53. -50. -46. -44. -41. -41. -36. -35. -28. -27. -26. -23. -21. -21.
 -19. -19. -18. -16. -14. -12.  -8.  -6.  -5.  -4.   2.   3.   4.   4.
   4.   6.   7.  12.  14.  19.  20.  20.  20.  21.  22.  22.  23.  23.
  26.  26.  28.  29.  29.  32.  33.  35.  36.  43.  46.  49.  50.  50.
  55.  56.  59.  61.  63.  64.  72.  79.  79.  80.  86.  86.  88.  90.
  91.  98.][-99. -99. -91. -88. -84. -81. -80. -79. -78. -77. -74. -68. -66. -65.
 -65. -65. -65. -64. -61. -60. -60. -58. -58. -57. -55. -54. -53. -50.
 -50. -46. -43. -43. -41. -41. -40. -39. -39. -39. -37. -34. -34. -25.
 -20. -16. -12. -10. -10.  -6.  -6.  -3.  -2.   1.   5.   7.  13.  15.
  15.  16.  17.  18.  21.  26.  28.  30.  31.  33.  34.  35.  36.  37.
  38.  39.  41.  44.  46.  49.  51.  54.  58.  59.  60.  61.  61.  61.
  65.  66.  70.  72.  78.  78.  79.  80.  89.  95.  96.  96.  97.  98.
  99. 100.][-99. -99. -98. -97. -94. -93. -93. -92. -88. -87. -85. -83. -83. -81.
 -77. -74. -70. -68. -68. -68. -68. -68. -66. -65. -65. -61. -57. -53.
 -52. -51. -50. -49. -48. -47. -44. -41. -40. -38. -35. -32. -31. -30.
 -29. -29. -27. -26. -23. -22. -20. -16. -12. -10.  -9.  -6.  -4.  -2.
  -2.   6.  12.  14.  16.  18.  20.  20.  25.  26.  29.  30.  33.  41.
  43.  43.  44.  50.  53.  53.  60.  63.  68.  68.  69.  70.  71.  72.
  73.  73.  74.  85.  86.  87.  89.  92.  92.  93.  94.  94.  95.  95.
  97.  98.][-99. -90. -88. -85. -84. -82. -81. -80. -80. -79. -78. -77. -76. -74.
 -74. -74. -73. -67. -65. -64. -64. -61. -56. -55. -53. -51. -51. -50.
 -45. -44. -40. -39. -36. -35. -33. -27. -26. -22. -22. -21. -19. -19.
 -17. -16. -14. -13. -12. -11. -10.  -9.  -8.  -5.  -5.  -3.  -2.   0.
   0.   5.   7.   8.   9.  10.  10.  13.  17.  19.  22.  29.  31.  32.
  33.  33.  35.  38.  39.  44.  46.  50.  54.  54.  57.  58.  59.  62.
  64.  67.  67.  71.  75.  75.  75.  78.  80.  80.  85.  92.  98.  98.
 100. 100.][-100.  -98.  -98.  -96.  -91.  -90.  -86.  -85.  -83.  -81.  -80.  -74.
  -71.  -69.  -66.  -64.  -64.  -60.  -58.  -58.  -51.  -47.  -46.  -46.
  -45.  -41.  -38.  -34.  -34.  -33.  -30.  -26.  -26.  -24.  -23.  -21.
  -20.  -20.  -19.  -18.  -17.  -16.  -12.  -12.  -10.   -9.   -3.   -3.
   -2.   -2.   -1.    3.    7.    9.   11.   12.   19.   27.   28.   30.
   30.   34.   37.   40.   43.   45.   45.   47.   47.   48.   50.   51.
   53.   55.   56.   56.   58.   58.   61.   62.   63.   66.   77.   79.
   80.   80.   81.   81.   82.   85.   86.   88.   89.   90.   92.   92.
   94.   96.   97.   97.][-100.  -96.  -95.  -89.  -88.  -88.  -88.  -87.  -87.  -86.  -85.  -83.
  -83.  -83.  -81.  -80.  -79.  -77.  -76.  -75.  -74.  -74.  -65.  -63.
  -63.  -62.  -62.  -61.  -61.  -56.  -49.  -47.  -45.  -40.  -39.  -37.
  -31.  -30.  -25.  -25.  -23.  -22.  -22.  -22.  -19.  -18.  -15.  -14.
  -13.  -13.   -9.   -9.    7.    8.    8.   14.   15.   15.   16.   17.
   17.   19.   19.   22.   30.   30.   30.   31.   35.   35.   39.   42.
   46.   47.   53.   56.   56.   58.   58.   59.   60.   61.   61.   67.
   69.   70.   73.   74.   75.   78.   80.   81.   81.   82.   87.   89.
   95.   95.   97.  100.][-100.  -98.  -95.  -95.  -94.  -86.  -86.  -81.  -80.  -79.  -78.  -77.
  -73.  -73.  -72.  -70.  -69.  -68.  -67.  -64.  -63.  -57.  -55.  -52.
  -50.  -50.  -46.  -44.  -41.  -40.  -39.  -39.  -37.  -37.  -32.  -30.
  -27.  -26.  -22.  -22.  -21.  -19.  -17.  -12.  -10.   -9.   -7.   -6.
   -5.   -5.    3.    3.    5.    7.    9.    9.   11.   15.   17.   21.
   21.   23.   25.   26.   28.   30.   34.   36.   40.   40.   41.   41.
   43.   43.   44.   44.   49.   49.   53.   55.   56.   59.   59.   60.
   61.   62.   67.   68.   68.   75.   78.   79.   82.   83.   83.   83.
   85.   94.   96.   97.][-100.  -99.  -97.  -93.  -86.  -81.  -80.  -78.  -77.  -75.  -73.  -72.
  -72.  -70.  -70.  -69.  -66.  -64.  -63.  -62.  -60.  -60.  -60.  -59.
  -59.  -58.  -58.  -57.  -56.  -55.  -55.  -54.  -52.  -50.  -49.  -45.
  -45.  -45.  -43.  -42.  -41.  -36.  -35.  -34.  -31.  -24.  -24.  -24.
  -17.  -13.  -11.  -11.   -7.   -7.   -6.   -6.    7.   12.   12.   17.
   24.   26.   26.   30.   33.   34.   36.   40.   40.   42.   43.   46.
   48.   49.   51.   53.   55.   57.   57.   59.   60.   63.   64.   66.
   69.   71.   74.   76.   76.   78.   78.   84.   85.   87.   90.   92.
   94.   94.   96.   96.][-99. -99. -97. -89. -89. -87. -87. -86. -84. -84. -83. -80. -77. -74.
 -73. -72. -69. -67. -66. -66. -64. -64. -61. -60. -56. -52. -46. -45.
 -45. -44. -42. -39. -38. -38. -36. -36. -33. -27. -24. -24. -23. -23.
 -22. -21. -21. -21. -19. -15. -14. -14. -13. -12. -12. -11.  -8.  -6.
  -2.   0.   2.   6.   7.  13.  13.  15.  16.  18.  18.  19.  21.  22.
  26.  26.  28.  31.  32.  36.  36.  37.  37.  40.  41.  43.  45.  47.
  50.  50.  56.  57.  58.  59.  64.  69.  72.  76.  78.  84.  87.  90.
  98. 100.][-100.  -99.  -99.  -99.  -89.  -87.  -84.  -82.  -78.  -76.  -76.  -74.
  -73.  -68.  -68.  -66.  -65.  -62.  -59.  -54.  -46.  -44.  -44.  -41.
  -40.  -38.  -38.  -35.  -33.  -33.  -30.  -29.  -29.  -27.  -24.  -23.
  -21.  -20.  -19.  -19.  -17.  -11.  -10.   -9.   -8.   -7.   -6.   -5.
   -4.   -2.    5.   10.   11.   17.   18.   20.   23.   27.   28.   30.
   30.   33.   40.   41.   47.   48.   49.   50.   51.   52.   53.   54.
   55.   61.   64.   68.   69.   70.   71.   73.   74.   75.   76.   78.
   78.   79.   80.   81.   82.   83.   88.   88.   89.   90.   91.   92.
   96.   98.  100.  100.][-98. -90. -89. -88. -86. -83. -83. -78. -77. -73. -73. -72. -69. -68.
 -59. -54. -52. -47. -47. -46. -46. -45. -45. -43. -40. -37. -36. -33.
 -33. -32. -28. -27. -26. -25. -24. -23. -22. -21. -21. -21. -19. -17.
 -16. -15. -12.  -9.  -5.  -2.   0.   0.   3.   3.   3.   5.   5.   6.
   8.   9.  15.  17.  19.  21.  22.  31.  35.  37.  40.  40.  41.  42.
  42.  44.  46.  47.  47.  48.  50.  51.  55.  55.  57.  66.  66.  69.
  70.  74.  75.  75.  77.  79.  81.  86.  91.  92.  94.  96.  97.  98.
  99. 100.][-99. -99. -96. -94. -93. -92. -88. -86. -84. -83. -82. -81. -79. -77.
 -73. -73. -67. -67. -66. -66. -63. -63. -59. -58. -55. -52. -51. -47.
 -44. -42. -40. -38. -38. -37. -31. -26. -24. -22. -21. -18. -16. -15.
 -15. -14. -14. -13. -10.  -1.   2.   3.   4.   5.   6.   8.  11.  13.
  17.  19.  19.  20.  23.  29.  29.  30.  34.  34.  34.  40.  41.  42.
  44.  45.  46.  49.  51.  52.  52.  52.  53.  53.  55.  56.  58.  59.
  61.  72.  77.  77.  77.  79.  79.  80.  81.  83.  84.  89.  90.  90.
  91.  94.][-100. -100.  -99.  -99.  -98.  -96.  -96.  -95.  -86.  -85.  -82.  -78.
  -77.  -75.  -75.  -70.  -65.  -63.  -62.  -58.  -44.  -43.  -40.  -38.
  -36.  -35.  -34.  -33.  -25.  -25.  -25.  -24.  -22.  -17.  -11.   -9.
   -7.   -6.   -5.   -4.   -4.   -4.   -3.   -3.   -3.   -2.    2.    3.
    5.    5.    6.    6.    8.    9.   13.   16.   16.   16.   21.   22.
   22.   25.   25.   30.   30.   31.   33.   34.   34.   35.   37.   41.
   42.   43.   43.   45.   45.   46.   47.   58.   59.   61.   61.   63.
   66.   73.   74.   78.   78.   80.   82.   83.   85.   85.   86.   88.
   95.   98.   99.  100.]